x
0.999896357117965
1
1
0.989566798379153
1
1
1
1
1
1
0.95918722481861
1
1
0.999904858698973
1
1
0.993659066815895
1
0.976398475526637
1
1
1
1
1
1
1
0.998341789472989
1
1
1
0.988934028279881
0.943448984368588
1
1
0.961832345929281
0.974927374165539
1
0.989361833463978
1
0.977922978869614
0.930797681875105
0.99766127092847
1
1
1
1
1
1
1
1
1
0.90030815681997
1
0.990514769255493
1
1
0.993941978725539
1
1
1
1
0.992473332579166
1
1
1
1
1
0.961832345929281
1
1
1
0.993774660370606
0.977558943027788
0.989545074460016
1
1
1
1
1
0.947679653600559
1
1
1
0.963122184321261
1
1
1
1
1
1
1
1
1
0.99755499025748
0.999990339195217
1
0.997481374492684
1
1
1
1
0.993659066815895
1
1
1
1
0.906570271155868
1
1
1
1
0.999534934493109
1
1
1
1
1
1
0.969885396314109
1
0.99688093581491
0.989085101583496
0.894077868765524
0.989615857449125
1
1
0.849361867688949
0.918259861461853
1
1
1
1
1
1
1
1
0.875933085208593
1
1
1
1
1
1
1
0.906577765095059
1
1
0.979869005609772
1
0.989249053673911
1
1
1
1
1
0.999934724545393
1
1
1
1
1
1
1
1
1
1
0.994374344923694
1
0.99784710301753
1
1
0.980785868860505
1
1
1
0.979869005609772
1
1
0.993031143872974
1
1
1
0.993925740956212
1
1
1
1
1
1
1
1
1
1
1
0.99416432372358
1
1
1
0.971243202502922
1
0.901781439418164
1
0.993031143872974
0.97560983606358
1
1
0.996129435325281
1
1
1
1
1
1
1
1
1
0.991180525635135
0.948063969568608
1
1
0.955238731653474
1
1
1
1
1
1
1
1
1
1
0.998170579149918
1
0.960230008783341
0.99688093581491
1
0.981411283690779
1
0.99889661782593
1
1
1
1
1
1
1
0.978667609657017
1
1
1
1
1
1
0.966374339930041
1
1
1
1
1
1
0.790732555836062
1
1
1
0.99784710301753
1
1
1
1
1
1
1
1
0.989085101583496
0.872545946765616
1
1
1
0.996169401171623
0.990067179720659
1
1
1
1
1
1
0.975193015810136
1
0.969184834865049
1
0.986133811838664
1
1
0.993793984271784
1
0.993391532012706
1
1
1
1
1
1
0.873383912221341
1
1
0.996606413883881
1
1
1
1
1
1
1
1
1
1
1
0.996129435325281
1
0.998170579149918
1
0.983466517830915
1
1
0.995192104729469
1
1
1
0.979237933900071
1
1
1
1
1
1
1
1
1
1
1
1
1
1
1
1
1
0.978550864478042
1
1
1
0.990514769255493
1
1
1
1
1
1
1
1
1
0.984295386556395
1
1
1
0.983865753823905
0.957325185143505
0.952963894251674
1
0.94018753804757
1
0.976400928182038
0.999681489501875
0.906570271155868
0.993941978725539
1
1
1
1
1
1
1
1
1
1
1
1
1
1
1
1
1
0.992519771634015
1
0.986180853258377
0.999801337444575
1
1
1
1
0.991560477700156
1
1
0.980207709288087
1
1
0.995242475986654
0.715523334262042
1
1
0.946220051256772
1
1
1
1
1
1
0.876679817507148
1
1
1
1
1
1
1
1
1
1
1
1
1
1
1
1
1
1
0.941890147508465
0.987751581476188
1
0.981600870059941
1
0.986777323823117
1
0.989545074460016
1
1
1
1
1
1
1
0.957325185143505
1
1
0.992473332579166
1
1
1
1
0.999854374277089
1
1
1
1
1
0.906577765095059
1
0.963323579979178
1
1
1
1
1
1
1
1
1
1
0.998266468576455
1
1
0.99622392230412
1
1
0.999469923605065
1
1
1
1
1
1
0.952638832242454
1
1
1
0.988217880530564
0.987762168477413
1
1
1
1
1
0.928965698190047
0.986180853258377
1
1
1
1
1
1
0.952086588103675
1
0.897757875541574
0.993391532012706
1
0.946996578752815
1
1
1
1
1
0.999469923605065
1
1
1
1
0.996532293660556
0.999534934493109
1
1
1
1
1
1
1
1
0.999441510763152
0.998574966407949
1
1
1
1
1
1
1
1
1
1
0.99306830701679
1
1
1
1
1
1
1
1
0.969433236977252
1
0.995773040551245
1
1
1
1
1
1
0.998437036905628
1
0.97940761477042
0.999896357117965
0.999681489501875
0.999538629902003
1
1
1
1
1
1
0.954518536744242
1
0.988217880530564
1
1
1
0.993031143872974
1
1
0.950755778467256
0.999904858698973
1
1
1
0.98530379655368
0.9837654380397
0.999441510763152
1
1
1
1
1
0.81936504049476
0.866517903101911
1
1
1
1
1
0.991948367459536
1
1
1
1
1
1
1
1
1
0.999934724545393
1
1
1
1
1
1
1
0.875933085208593
1
1
1
0.983623295488341
1
1
0.954297673991798
1
1
1
1
1
1
1
1
1
1
1
1
1
1
1
1
1
1
1
1
1
1
0.864849090980363
1
1
1
0.923036797737516
0.994977989422345
1
1
1
1
0.992478380351185
0.998437036905628
1
1
1
1
1
0.99720401984673
1
1
0.88481804845816
1
1
1
1
1
0.999772263796971
1
1
1
1
1
0.997481374492684
1
1
1
1
1
1
1
1
0.933526149987355
1
0.996129435325281
1
0.999934724545393
0.951856583220468
1
0.977002230641851
1
1
1
1
1
1
1
1
1
1
1
1
1
1
1
1
1
1
1
0.985654765558674
1
1
0.936290100434286
1
0.990387633379128
1
0.994744141314046
1
1
1
0.988844926643013
0.983623295488341
1
1
0.993941978725539
1
0.915015118320365
1
1
1
1
0.9837654380397
1
0.969885396314109
0.948063969568608
1
0.989361833463978
1
0.975980429586421
1
1
0.991587002894349
1
0.989872614930307
1
1
0.999814662014105
1
1
1
0.970744089439165
1
1
1
1
1
1
1
0.993925740956212
0.992257261027501
1
1
1
1
1
1
1
1
1
1
1
1
0.990387633379128
1
1
0.922765827578199
1
1
1
1
0.987371659303674
0.999299633051104
1
1
1
1
1
1
0.991560477700156
0.980052778316808
1
1
1
1
1
1
1
1
1
0.993659066815895
0.989566798379153
1
0.988833238139118
1
1
1
1
1
0.999580122406598
1
1
1
0.973826637998803
1
0.998266468576455
1
1
1
1
1
0.958296095371936
1
1
1
1
0.995192104729469
0.987452847083395
1
1
1
0.98189632322141
1
1
0.989361833463978
1
1
0.986778699431034
1
1
0.921125753586028
1
0.936290100434286
1
1
1
1
1
1
1
1
1
1
0.989294536333247
1
1
1
1
1
1
1
1
1
1
0.981691493859526
0.996633941592235
1
1
1
0.999580122406598
1
1
1
1
0.991948367459536
1
1
1
1
1
0.987798306885468
1
1
1
1
0.997481374492684
1
1
1
1
0.990845461260602
1
1
1
1
1
1
1
1
1
1
1
1
1
1
1
1
1
1
1
1
1
0.955238731653474
1
1
0.998266468576455
1
1
0.96257359059773
1
1
1
0.97352787886376
1
1
1
1
1
1
1
1
1
1
1
1
0.908749320189108
1
1
0.995557230591572
1
1
1
0.980899514963432
1
1
1
1
1
1
1
1
1
1
1
1
1
1
1
1
0.949392736961544
0.897757875541574
1
1
1
1
1
1
1
1
0.961198931799712
0.996129435325281
1
1
1
1
1
0.978349083713502
1
1
0.968566378801996
1
1
1
1
1
0.999681489501875
0.995192104729469
1
1
1
0.968442373788738
1
1
0.957242626481344
1
1
1
0.998637156666471
0.978902318424976
0.985366091993288
1
1
1
1
1
1
0.994744141314046
1
1
1
0.997862936213911
1
1
0.986233006067265
0.990067179720659
0.991587002894349
0.991560477700156
1
0.995503243759139
1
1
1
1
0.99688093581491
0.986233006067265
1
1
1
1
0.989872614930307
1
1
1
1
1
1
1
1
0.964414208725249
1
1
1
0.999743513247206
1
1
0.980785868860505
1
1
0.98189632322141
0.993925740956212
1
0.992478380351185
1
1
1
1
1
1
1
0.982098168862005
0.999934724545393
1
1
1
1
1
1
0.789166062436392
1
1
1
1
1
1
0.93287441398721
1
1
1
1
1
1
1
0.993031143872974
1
1
1
0.987762168477413
1
1
1
1
1
1
1
1
1
1
1
1
1
1
0.994995623046969
0.999330153706464
1
1
1
1
1
1
1
1
1
1
1
1
0.992478380351185
1
1
1
0.987762168477413
1
1
1
1
1
1
1
0.997161586424858
1
0.991587002894349
1
1
1
1
1
1
1
1
1
1
1
1
1
1
1
0.994374344923694
1
1
1
1
1
1
1
1
1
1
1
1
1
1
0.980207709288087
0.99006997806312
1
1
1
1
1
1
1
1
0.992478380351185
1
1
1
1
1
1
1
1
1
0.988844926643013
1
1
1
1
1
1
0.91988319070251
1
1
1
1
1
1
1
1
1
0.999118747508209
1
1
1
1
1
1
1
1
1
1
1
1
1
1
1
0.984126841996261
1
1
0.968260223406743
1
1
1
1
1
1
1
1
1
1
1
1
1
1
1
1
1
1
1
1
1
1
1
0.965577893422012
1
1
1
1
1
1
1
1
1
1
1
0.997161586424858
1
1
1
1
1
1
1
1
1
1
1
1
1
0.999934724545393
1
0.891703787692216
1
0.880569274052593
1
0.99416432372358
1
1
1
1
1
1
1
0.999469923605065
1
1
1
1
1
1
0.98659379569474
0.99720401984673
1
1
1
1
1
1
1
0.977002230641851
1
1
1
1
1
1
0.983022428160977
0.967376226754804
1
0.991191530313271
1
1
1
0.96608252547572
0.997161586424858
1
1
1
1
1
0.991180525635135
0.995065425695654
1
0.973511887214178
0.964739297378014
1
1
1
0.985736475098778
1
1
1
1
1
1
1
0.987762168477413
1
1
0.934238681008028
1
0.984830728674601
1
1
1
0.985736475098778
1
1
1
1
1
1
1
0.983623295488341
0.996850602290519
1
1
1
1
1
0.915015118320365
1
1
1
1
1
0.968252193778879
1
1
0.998170579149918
1
1
1
1
0.999299633051104
1
1
1
1
1
1
1
1
0.926180324940659
1
0.999990339195217
1
1
1
1
0.822639498665133
1
1
1
1
0.999681489501875
1
1
1
1
1
1
1
0.978349083713502
1
1
1
1
1
1
1
1
1
0.99755499025748
0.984432473063918
1
1
0.999457108525438
1
1
1
1
1
1
1
1
1
1
1
1
1
1
1
1
1
0.97560983606358
1
0.999814662014105
1
1
1
1
1
0.963774441787234
1
0.978349083713502
1
1
0.983623295488341
1
0.981600870059941
1
1
1
1
1
0.999469923605065
1
0.864849090980363
0.986201582201352
1
1
0.974927374165539
1
0.995065425695654
1
1
1
1
1
0.999457108525438
1
0.99962740624819
1
1
1
1
1
1
0.969885396314109
1
1
1
1
1
1
1
1
1
1
0.999990339195217
1
0.99688093581491
1
1
0.989452310471029
1
1
1
0.999684018166463
1
0.984830728674601
1
1
1
0.907531042495213
0.975992367404817
1
0.977558943027788
1
1
1
1
1
0.996129435325281
1
1
1
1
1
1
0.998437036905628
1
1
1
1
1
1
1
1
1
1
1
1
1
1
1
1
1
0.969885396314109
0.988844926643013
1
1
0.991990864626091
1
1
1
1
1
1
1
0.970675633817798
1
0.984786086847874
1
1
1
1
1
1
0.989232845303492
1
1
1
1
1
0.998747453986122
1
1
0.993008489406732
1
1
1
1
1
1
1
1
0.999502116752324
1
1
1
1
1
1
1
1
1
1
1
0.99006997806312
1
1
0.999581466476622
0.950275637409328
1
1
0.993774660370606
1
0.995065425695654
0.979869005609772
0.998747453986122
1
0.993988595903803
1
1
1
0.999319195014658
1
1
0.999896357117965
0.995773040551245
1
1
1
1
1
1
1
1
0.96958713665595
1
1
1
1
0.86064254855812
0.977922978869614
1
1
1
0.999801337444575
1
1
1
0.935532785042467
0.875933085208593
1
1
1
0.996169401171623
1
0.969885396314109
1
1
1
1
1
1
1
1
0.990514769255493
1
1
0.983218612783356
0.986777323823117
1
1
1
0.995904644640884
1
1
1
1
1
1
1
0.99688093581491
0.964414208725249
0.88074709567651
1
0.992478380351185
1
1
1
0.999772263796971
1
1
1
1
1
1
1
1
1
0.917930397556459
1
0.995842792588065
1
1
0.992257261027501
1
1
1
1
0.974684379804637
0.982933440602928
1
0.976400928182038
1
1
1
1
0.99784710301753
1
1
1
1
1
1
1
1
1
1
1
1
0.990550671216778
0.990550671216778
1
1
1
1
1
1
1
1
1
1
0.963430894009419
1
1
0.974487782530076
0.938687523231253
0.998637156666471
1
1
0.998747453986122
1
1
0.997481374492684
1
1
1
1
0.99688093581491
1
0.999934724545393
1
1
1
0.995192104729469
0.984786086847874
1
1
0.988113672358177
1
1
1
1
1
1
1
1
1
1
1
1
1
1
1
1
1
1
0.943448984368588
0.951165382655525
1
1
1
1
1
0.985143362568983
1
0.986133811838664
1
1
1
1
1
0.95918722481861
0.987762168477413
0.992478380351185
1
1
1
1
1
1
1
0.99962740624819
1
1
1
1
1
1
1
1
1
1
1
1
1
1
1
1
0.92784147790596
1
1
1
0.995169266153186
1
1
1
1
1
1
1
1
1
1
1
0.989566798379153
1
1
1
1
0.999772263796971
1
1
1
0.99622392230412
0.988331197865079
0.999684018166463
1
0.959141853215244
1
1
1
0.982557870148102
1
1
1
0.993774660370606
1
0.954297673991798
0.840552901300473
1
1
1
1
1
0.998747453986122
1
1
1
0.981985191504615
1
1
0.924473933340773
1
0.980207709288087
1
1
0.99542949573054
1
1
1
1
1
1
1
1
1
1
1
1
0.984126841996261
1
0.957242626481344
0.996606413883881
1
1
1
1
1
1
1
0.941776912682836
1
1
0.99416432372358
1
1
1
1
1
1
1
1
1
1
1
0.874509740886368
1
0.983865753823905
0.989085101583496
0.928343762481444
1
1
1
1
0.923036797737516
1
1
1
1
0.933009261867141
1
1
0.961198931799712
1
1
1
1
1
1
1
1
0.989872614930307
0.981691493859526
1
0.957242626481344
1
1
1
1
1
1
1
1
1
1
1
1
1
1
0.994209716624862
1
0.993031143872974
1
1
1
1
0.988331197865079
1
1
1
1
1
0.994460358889164
1
1
1
1
1
0.993391532012706
1
1
1
0.995065425695654
0.999681489501875
1
0.99939432370396
0.999681489501875
1
1
0.991191530313271
1
1
1
1
1
0.993391532012706
0.986180853258377
1
1
1
1
1
1
1
1
1
1
1
1
0.976556832481535
1
1
1
1
1
1
1
1
1
0.984126841996261
1
1
0.992519771634015
1
1
1
0.972302164980148
1
1
1
1
1
1
1
1
1
1
1
1
1
1
0.985654765558674
1
1
0.99542949573054
0.999469923605065
1
1
1
1
1
1
1
0.988844926643013
1
0.993925740956212
1
0.996416151967495
1
1
1
1
1
1
1
1
1
1
1
1
1
1
0.99720401984673
1
0.99939432370396
1
1
0.955238731653474
1
0.991990864626091
0.906171327108843
1
1
1
1
0.992257261027501
1
1
1
1
0.984830728674601
0.954528492793091
1
1
0.987371659303674
1
1
1
1
0.990514769255493
0.99688093581491
1
1
1
1
1
1
1
1
1
1
1
1
1
1
1
1
1
1
1
1
1
1
1
1
1
1
1
1
1
1
1
0.983623295488341
0.970385170517801
1
1
1
0.993793984271784
1
1
0.911941574577805
0.9837654380397
1
1
1
1
1
1
0.976201281213172
1
1
0.959906806952092
1
1
1
1
0.950080600881697
1
1
1
1
1
1
1
0.980785868860505
1
1
1
1
0.957242626481344
1
0.978902318424976
1
1
0.938043280797108
0.933078101601689
0.983623295488341
0.999502116752324
1
1
0.999285660364359
1
0.97291060266415
0.966809099864852
1
1
1
1
1
1
1
1
1
1
1
1
1
1
1
1
1
1
1
1
1
1
1
1
1
1
1
1
1
0.957242626481344
0.895198525167215
1
0.967810743670285
1
1
1
0.943448984368588
1
1
1
0.98433179525954
1
1
0.983623295488341
1
1
1
1
1
1
1
1
1
0.988331197865079
1
0.989615857449125
0.66369752746417
0.989085101583496
1
1
0.951856583220468
1
1
1
1
1
1
1
1
1
1
1
1
1
0.97291060266415
1
1
0.999416433554483
1
1
0.963430894009419
1
1
1
1
0.916585224671278
1
1
1
1
1
1
1
1
1
1
1
1
0.99006997806312
1
0.987327823659524
1
1
1
1
1
1
1
1
0.999990339195217
1
1
1
1
1
1
1
0.992478380351185
1
1
1
1
0.997161586424858
0.99720401984673
1
1
1
1
1
1
0.981616892333107
1
1
1
1
1
1
1
1
1
1
0.9718997321537
1
1
1
1
1
1
1
1
1
1
1
0.994374344923694
1
1
1
1
0.871385189748798
1
0.926180324940659
1
1
0.984830728674601
1
0.97291060266415
1
0.936422533077041
1
1
0.999441510763152
1
1
1
1
1
1
1
1
1
0.938043280797108
1
1
1
1
1
1
1
0.995192104729469
0.999357832771716
1
1
1
1
1
1
1
0.968768735095022
0.999854374277089
1
1
1
1
1
1
1
1
1
1
1
0.815100466946706
1
1
1
1
1
1
0.957242626481344
1
0.987798306885468
1
1
1
1
1
1
1
1
1
1
0.998747453986122
1
1
1
1
1
1
1
1
0.984432473063918
1
0.995557230591572
1
1
1
1
1
1
0.995470398054963
1
1
1
1
1
0.967998542066378
1
0.937958114425755
1
1
1
1
1
0.989706419614315
0.996911798802233
0.999299633051104
0.994977989422345
1
0.99720401984673
0.988217880530564
1
1
1
1
1
0.987762168477413
1
0.999342984425769
0.987452847083395
1
1
1
1
1
1
1
1
1
1
1
1
1
1
1
0.9831004502428
0.998747453986122
1
1
0.989545074460016
1
1
0.926620410600158
1
0.974927374165539
1
0.981616892333107
1
1
1
1
1
1
1
1
1
1
1
1
1
0.990845461260602
1
1
1
1
0.99720401984673
0.99720401984673
0.995557230591572
1
1
1
0.965628062671251
0.990845461260602
1
1
1
1
1
1
1
1
1
1
1
1
0.992478380351185
0.987438040337754
1
1
1
1
1
1
0.993925740956212
1
1
1
0.998170579149918
1
1
1
1
1
1
1
1
1
1
1
1
1
1
0.995842792588065
0.997465938804407
0.979869005609772
1
1
0.975593823272274
1
0.999743513247206
0.994687962275376
0.989545074460016
1
1
1
1
1
1
0.996169401171623
0.971733532287842
1
1
1
1
1
1
1
1
1
1
0.994460358889164
0.993391532012706
1
1
1
1
1
0.978783705089596
1
1
1
1
1
0.948521155086399
1
1
1
1
1
1
1
1
1
1
1
1
1
1
0.982557870148102
0.97940761477042
1
1
0.99962740624819
1
1
1
0.993031143872974
1
1
1
1
1
0.983218612783356
1
0.989452310471029
1
0.996416151967495
1
0.99889661782593
1
0.998788784318059
1
1
1
1
1
1
1
1
1
1
1
1
0.964739297378014
1
1
1
1
0.99416432372358
1
1
1
1
0.984830728674601
1
1
1
1
1
1
1
1
1
1
1
0.999374875092659
0.991587002894349
1
1
1
1
1
0.939411852986698
0.969885396314109
1
1
0.9837654380397
1
1
1
1
0.982989691471601
1
1
1
0.93287441398721
1
0.999457108525438
1
0.96958713665595
1
1
1
1
1
1
1
1
1
0.998437036905628
0.980207709288087
0.999534934493109
1
1
1
1
1
0.996633941592235
1
1
1
1
1
1
1
0.973826637998803
1
1
1
1
1
1
1
1
1
1
1
1
1
0.97019069107919
0.986549987629387
1
1
0.973511887214178
1
0.994744141314046
1
1
1
1
1
1
1
1
1
0.999801337444575
1
1
1
1
0.762852475520874
1
1
1
0.97360141858166
1
1
1
1
0.99962740624819
1
0.999854374277089
1
1
1
1
1
0.999904858698973
1
1
1
1
1
1
1
1
1
1
0.993941978725539
1
1
1
1
1
1
0.993474656904387
0.993203664333386
1
0.993988595903803
1
0.976201281213172
0.999854374277089
1
1
1
1
1
1
1
0.986777323823117
0.996633941592235
1
1
1
1
1
1
1
1
0.999299633051104
0.988934028279881
0.997481374492684
1
1
1
0.985527642394676
0.911664522686587
1
1
1
1
1
1
0.991587002894349
1
1
0.968988332025928
1
1
1
1
1
0.997862936213911
0.999534934493109
1
0.971733532287842
1
1
1
1
1
1
1
1
0.999534934493109
1
1
0.882137513960466
1
1
1
1
1
1
1
1
1
1
1
1
1
1
1
1
1
1
1
0.99006997806312
1
1
1
1
1
0.980052778316808
1
1
1
0.996129435325281
0.906570271155868
0.986133811838664
1
1
0.988934028279881
1
1
1
1
1
1
0.995904644640884
1
1
0.688873903624625
0.900419199647684
1
0.995557230591572
1
1
1
1
0.999934724545393
0.973511887214178
1
0.979869005609772
0.931626911735296
1
1
1
1
1
1
1
0.991355381573696
0.971733532287842
1
1
1
1
1
1
1
1
1
1
1
1
1
1
1
1
1
1
1
1
1
0.970744089439165
1
1
1
0.941776912682836
1
0.991180525635135
0.999814662014105
1
1
1
1
0.975193015810136
0.898907446574293
0.933568169485053
1
1
1
1
1
0.995192104729469
1
1
0.988844926643013
1
1
1
1
0.982989691471601
1
1
1
0.57437265797847
1
1
1
1
0.980017433324518
1
1
0.9909679963081
0.995282845131926
1
1
1
1
1
0.986133811838664
1
1
1
1
1
1
1
1
1
1
1
1
0.954297673991798
1
1
1
1
1
1
1
0.836608457811702
1
1
1
1
1
1
1
0.993925740956212
0.860428502858453
1
0.999469923605065
1
1
1
1
1
1
1
1
0.678938561103793
1
1
0.985724575838203
1
1
0.969885396314109
1
1
0.966886367669617
1
1
1
0.979869005609772
0.952963894251674
0.98530379655368
1
1
1
1
1
1
1
1
1
0.917320860280489
0.989545074460016
1
1
1
1
1
1
1
1
1
0.955681342497515
1
1
1
1
1
1
0.995065425695654
0.996054249143284
1
1
1
1
1
1
1
1
0.98659379569474
1
1
1
1
1
1
1
1
1
1
1
1
0.97352787886376
1
1
1
1
1
0.971614833204026
1
0.999581466476622
1
0.996313229189332
1
0.986777323823117
1
1
1
1
1
0.911664522686587
0.956756226422738
1
1
1
1
1
1
1
1
1
1
1
1
1
1
1
0.999990339195217
1
1
0.997862936213911
1
1
1
1
1
1
0.993031143872974
1
1
1
1
1
1
1
1
1
1
0.999854374277089
1
1
0.987452847083395
1
0.966473728006889
1
1
1
1
1
0.999441510763152
1
1
1
1
0.993925740956212
1
1
1
1
1
1
0.987798306885468
1
1
1
1
0.999904858698973
1
1
0.998146087848084
1
0.99939432370396
0.948521155086399
1
1
1
0.987438040337754
1
0.998788784318059
1
1
1
1
1
0.984786086847874
1
1
1
1
1
0.976876983483545
1
1
1
0.999538629902003
1
0.961832345929281
1
1
1
1
1
0.893501389441408
1
1
1
1
1
0.947679653600559
1
1
1
1
1
0.880883952987248
1
1
1
1
0.995192104729469
1
1
0.97919602009163
0.986133811838664
1
1
1
1
1
1
1
1
0.991948367459536
1
1
1
1
1
1
1
0.995904644640884
1
1
1
1
1
1
1
1
1
1
1
1
0.996416151967495
1
1
1
1
1
1
1
1
1
1
0.979237933900071
1
1
0.963430894009419
1
1
1
1
1
1
0.996633941592235
0.978842034979437
1
1
1
1
1
1
1
1
1
1
1
1
1
1
1
1
1
1
1
1
1
1
0.986180853258377
1
1
1
1
1
1
1
0.996129435325281
1
1
1
1
1
1
0.931460942548504
1
1
1
1
0.971614833204026
1
1
1
1
1
1
1
1
1
1
1
1
0.994374344923694
0.998978057594512
1
1
1
1
1
0.982557870148102
0.984879309667594
1
1
1
1
1
1
1
1
1
0.972051856647951
1
1
1
1
1
1
1
0.951525702051974
1
1
0.999814662014105
1
0.999441510763152
0.977072316510956
1
1
1
0.999538629902003
1
1
0.987798306885468
1
1
1
1
1
1
1
1
1
0.994209716624862
1
1
0.995333929780995
0.758331117605123
1
1
1
0.999416433554483
1
1
1
1
1
1
1
1
1
1
1
1
1
1
0.999469923605065
0.996416151967495
1
1
0.99688093581491
1
1
1
1
1
1
1
0.95918722481861
0.990550671216778
0.994744141314046
1
0.989219338114961
1
1
1
1
1
1
0.999118747508209
1
1
1
1
1
0.960042641341721
1
1
1
1
1
1
1
0.956873377176319
1
0.978536572737101
1
1
1
1
1
0.968252193778879
0.99416432372358
0.808966242356752
0.993346105077047
1
1
1
1
1
1
1
0.830455546561618
1
1
1
1
1
1
1
1
0.999580122406598
1
0.958200316039803
1
0.998437036905628
1
1
1
1
1
1
1
1
0.993925740956212
1
1
1
0.946376421523798
0.993031143872974
1
1
0.945348019440517
0.977072316510956
1
1
0.97919602009163
1
0.903921164806743
1
1
0.993941978725539
1
1
1
1
1
1
1
1
1
1
1
1
0.995212450303808
0.98659379569474
1
1
1
1
1
0.980052778316808
1
1
1
0.999299633051104
1
1
0.915015118320365
1
1
1
1
1
1
0.99542949573054
1
0.99542949573054
0.99562492051104
1
1
1
1
0.961293837660444
0.98433179525954
1
1
1
1
1
1
0.990845461260602
1
1
1
1
1
1
1
1
1
1
1
1
0.963013735120136
1
1
1
1
1
1
0.994744141314046
1
1
1
0.976845919711189
1
1
0.980052778316808
1
1
0.999309989422669
1
1
1
1
0.99755499025748
1
0.953592702766365
1
1
0.986133811838664
0.999299633051104
1
1
1
0.999743513247206
1
1
0.959628141361189
1
1
0.992473332579166
1
1
1
1
0.985512086707207
1
1
1
1
1
1
1
1
1
1
1
1
0.999581466476622
1
1
1
1
1
1
1
0.975593823272274
1
1
1
0.99006997806312
0.983646397727275
1
1
1
1
1
0.999678209315372
0.97919602009163
1
0.99416432372358
1
1
1
1
1
1
0.999118747508209
1
1
1
0.998747453986122
1
1
0.886613183434777
1
1
1
1
0.998747453986122
1
0.954528492793091
0.999191430159641
1
1
1
1
1
1
1
1
1
1
1
0.982933440602928
1
1
1
1
1
1
1
0.985724575838203
0.991355381573696
1
1
1
1
1
1
1
1
1
1
1
0.993031143872974
0.996535272427124
1
1
1
1
1
0.999457108525438
1
1
1
1
1
1
1
0.985527642394676
1
1
1
1
0.943581508316545
1
1
1
1
1
0.999416433554483
1
1
1
1
1
0.999302441509576
1
1
1
0.981691493859526
0.985512086707207
1
1
0.998747453986122
0.993941978725539
1
1
1
1
1
1
1
1
1
0.993925740956212
1
1
1
1
1
1
1
1
0.98659379569474
1
1
1
1
1
1
1
1
1
1
0.999896357117965
1
0.999538629902003
1
1
1
0.999309989422669
1
1
0.999684018166463
1
1
0.99622392230412
1
1
0.990292311524876
1
1
1
1
1
1
1
1
0.993031143872974
0.839301036856864
1
1
1
1
0.953464440377495
1
1
1
1
1
1
1
1
1
0.993774660370606
1
0.871339854223214
1
0.999299633051104
1
1
1
1
1
1
1
0.952638832242454
0.911685257633784
1
1
0.993659066815895
0.999801337444575
1
1
1
1
1
1
1
1
1
1
1
0.992478380351185
1
0.879930390818378
1
1
1
1
1
0.999457108525438
1
1
1
1
1
1
0.99962740624819
1
1
1
1
1
0.971243202502922
1
0.998170579149918
1
1
1
1
1
0.906171327108843
1
1
1
1
1
1
1
1
1
1
0.99416432372358
0.99362336946921
1
1
1
1
1
1
0.984396180212792
1
1
1
0.99939432370396
1
0.997862936213911
1
1
1
1
1
1
1
1
1
0.991366048057726
1
1
1
1
0.972302164980148
1
1
1
1
1
1
1
0.986201582201352
1
1
1
1
1
1
1
0.99784710301753
0.989107595449611
1
0.98433179525954
1
1
1
1
1
1
1
1
1
1
1
0.970630309418482
1
1
1
1
1
1
1
1
1
1
1
1
0.955700276327866
1
1
1
0.988844926643013
1
1
1
1
1
1
1
1
1
1
1
1
1
1
1
1
0.977421415325781
1
0.982989691471601
0.939411852986698
1
1
1
1
0.988934028279881
0.988217880530564
1
1
1
1
1
1
0.993941978725539
1
1
1
1
0.96868266219554
1
1
1
1
0.987762168477413
0.990387633379128
1
0.989294536333247
1
1
1
1
0.989545074460016
1
1
1
1
1
0.99720401984673
0.95918722481861
1
0.978349083713502
1
1
0.984432473063918
1
1
1
1
1
0.969783195614981
0.999934724545393
1
0.999357832771716
1
1
0.988217880530564
1
0.886309780749836
1
1
1
1
1
1
1
1
1
1
1
0.950755778467256
0.988217880530564
0.970630309418482
1
1
1
1
1
1
1
1
1
1
1
1
0.991560477700156
1
1
1
1
1
1
1
0.782905096303607
1
1
1
1
0.992473332579166
1
1
0.948063969568608
0.986777323823117
1
1
1
1
1
1
1
1
0.946548146941869
1
1
1
1
1
1
1
1
1
1
1
1
1
1
1
1
1
0.842229922611631
1
1
0.987371659303674
1
1
1
1
1
1
1
0.985736475098778
1
1
1
1
1
1
1
1
1
1
1
1
1
1
1
1
1
1
0.990550671216778
0.994460358889164
1
1
1
1
0.909505965983871
1
0.966374339930041
1
0.993659066815895
1
1
0.991990864626091
1
0.996633941592235
1
0.971243202502922
1
1
1
1
1
1
1
1
0.996850602290519
1
1
1
1
1
1
1
1
1
1
0.999457108525438
1
1
1
1
1
0.995065425695654
1
0.990067179720659
1
1
1
1
0.990067179720659
1
0.993774660370606
1
1
1
1
1
1
1
1
0.98659379569474
1
1
0.999304527399003
1
1
1
0.971614833204026
1
1
1
0.958200316039803
1
1
1
0.940104797701678
0.999772263796971
1
1
0.998747453986122
1
1
1
0.99688093581491
1
1
0.987371659303674
1
1
1
1
1
0.980052778316808
1
1
1
0.971733532287842
0.894246041568027
0.999580122406598
1
1
1
0.99562492051104
0.999581466476622
1
1
1
1
1
1
1
1
1
0.999581466476622
1
1
1
0.999681489501875
1
1
0.965033286046722
1
1
1
0.999743513247206
1
1
1
1
1
1
1
0.985512086707207
1
1
1
1
1
1
1
1
0.843652701829766
1
1
1
1
1
1
0.985512086707207
1
1
1
1
1
1
1
1
1
1
1
1
1
1
1
1
1
1
1
1
1
1
1
1
1
0.895847009480245
1
0.999299633051104
1
1
1
1
1
1
1
1
1
0.97291060266415
0.968855514654356
1
1
1
1
0.980207709288087
1
0.996633941592235
1
1
1
1
1
1
1
1
0.991948367459536
1
0.986201582201352
0.956873377176319
0.995773040551245
1
1
1
1
1
1
1
1
1
1
1
0.994977989422345
1
1
1
1
1
1
0.898251104652476
1
1
0.999469923605065
1
1
1
1
0.993031143872974
1
0.988217880530564
1
1
1
1
1
1
1
1
1
1
0.894246041568027
0.980207709288087
1
1
1
0.9837654380397
1
1
1
1
0.986133811838664
1
0.86063579426931
1
1
0.999684018166463
1
1
1
1
1
1
1
0.996911798802233
1
1
0.999502116752324
1
1
1
1
1
1
1
0.960042641341721
1
1
1
0.923036797737516
0.975980429586421
1
1
1
1
0.85669748592118
0.996416151967495
1
0.933526149987355
0.995773040551245
1
0.983066516712439
1
1
0.989361833463978
1
1
1
0.973826637998803
1
1
1
1
1
0.981985191504615
1
1
1
1
0.986180853258377
1
1
1
1
1
1
1
1
1
1
1
1
1
1
1
1
1
0.993925740956212
1
1
0.96868266219554
1
1
1
1
1
1
1
1
1
0.987762168477413
1
1
1
1
1
1
0.999502116752324
1
1
1
1
1
1
1
1
1
1
1
1
1
1
0.993203664333386
1
0.991180525635135
0.890181670300732
1
0.971243202502922
0.980052778316808
1
1
1
1
1
1
1
1
0.992473332579166
0.869158163846026
1
1
1
1
1
0.98659379569474
1
0.988217880530564
1
1
1
1
1
1
1
1
1
1
1
1
1
1
0.976876983483545
0.958296095371936
1
1
1
0.985366091993288
0.999854374277089
1
1
1
1
1
1
1
0.998266468576455
1
1
1
0.918781853502975
0.999896357117965
0.991948367459536
1
1
1
1
0.987452847083395
1
1
1
1
1
0.999904858698973
0.998170579149918
1
1
1
1
0.963676756638797
0.956873377176319
0.999743513247206
0.995842792588065
0.999934724545393
0.981600870059941
1
1
1
0.99006997806312
1
1
1
1
1
0.986133811838664
1
1
1
0.985512086707207
1
0.650062609963451
1
1
1
0.991587002894349
1
1
1
1
1
1
1
1
1
1
1
1
1
1
1
1
1
1
0.999416433554483
1
1
1
1
1
1
1
1
1
1
1
1
0.996633941592235
1
1
1
0.989546586767609
1
1
0.999854374277089
0.996054249143284
1
1
1
1
1
1
1
1
1
1
0.948063969568608
0.99755499025748
1
1
1
1
1
1
1
1
1
1
0.901973712949382
1
1
1
1
1
1
1
1
1
1
0.989615857449125
1
1
1
1
1
1
1
1
1
1
1
1
1
0.981985191504615
1
1
0.988217880530564
1
1
1
1
1
1
1
1
1
1
1
1
1
1
1
1
1
1
0.99962740624819
1
0.995192104729469
1
1
1
1
1
1
1
1
1
1
1
1
1
1
1
1
1
1
0.990292311524876
1
1
1
1
1
1
1
1
1
1
1
1
1
1
0.995657714137833
0.95918722481861
0.987327823659524
1
1
1
0.995657714137833
1
1
1
1
1
1
1
1
1
0.985366091993288
0.984830728674601
0.997161586424858
1
1
1
1
1
1
1
1
1
1
1
1
1
1
1
1
1
0.998170579149918
1
1
1
0.993774660370606
1
1
1
1
0.678901025761243
1
1
1
1
1
1
0.996633941592235
1
0.996129435325281
0.995192104729469
1
1
1
0.956873377176319
0.988844926643013
1
1
1
1
1
0.972051856647951
0.867373043768241
1
0.993774660370606
0.995773040551245
1
1
1
1
1
1
1
1
1
1
0.999502116752324
1
1
1
1
1
0.980017433324518
1
1
1
1
1
1
1
0.925903043148483
1
1
0.988217880530564
1
1
0.945683667594286
0.848477880923923
0.986201582201352
1
1
1
1
1
1
1
1
1
1
1
1
1
1
1
1
1
1
1
1
1
1
0.87708843320012
1
0.998747453986122
1
1
0.906577765095059
0.988217880530564
1
1
0.998574966407949
0.966809099864852
1
1
1
0.973826637998803
1
1
1
1
0.978679050426206
1
1
1
1
0.996129435325281
0.891734861274882
0.989546586767609
1
1
1
0.999457108525438
0.995192104729469
1
1
1
1
0.996606413883881
1
0.999743513247206
1
0.972652887944076
1
1
1
0.990387633379128
1
1
1
1
0.988217880530564
1
1
1
1
1
1
1
1
1
1
1
0.935250837694655
1
1
1
1
1
1
1
1
1
1
0.980017433324518
1
1
1
1
1
0.996416151967495
0.991191530313271
0.918259861461853
1
1
0.993031143872974
1
0.953580833180649
1
1
0.999772263796971
0.900100564761487
1
1
1
1
0.948521155086399
1
0.978902318424976
0.996633941592235
1
1
1
1
1
1
1
0.836026290827308
0.958311238647902
1
1
1
1
1
1
0.999934724545393
1
1
1
1
0.728721603855636
1
1
1
1
1
1
0.661525023622196
1
0.589554887377449
1
1
0.994505857026506
1
0.846037799576914
1
0.996054249143284
1
1
1
1
1
0.996416151967495
1
0.996850602290519
1
1
1
1
1
1
0.988217880530564
1
0.982557870148102
1
1
1
0.992519771634015
1
1
0.983646397727275
0.978263242727174
1
0.946820601458926
1
1
1
1
1
0.931626911735296
1
0.994374344923694
1
1
1
0.988331197865079
1
1
1
1
1
1
0.995333929780995
1
1
1
1
1
1
1
1
1
1
1
0.988113672358177
0.99720401984673
1
0.999681489501875
1
1
1
0.973826637998803
1
1
1
1
1
1
1
1
1
1
1
1
1
1
0.815405722896504
1
1
1
1
1
1
0.998170579149918
1
1
1
1
1
1
0.990387633379128
1
1
1
1
1
1
1
1
1
1
0.986777323823117
1
1
1
1
1
0.936422533077041
1
1
1
1
1
1
1
1
1
1
1
1
1
1
1
1
0.989085101583496
1
1
1
1
1
1
1
1
1
1
1
1
1
0.99006997806312
1
1
1
0.911664522686587
1
0.982557870148102
0.999854374277089
1
1
1
1
1
1
1
1
1
1
1
1
1
0.99688093581491
1
0.934638879069569
1
1
0.993391532012706
1
0.987751581476188
1
1
1
1
1
1
1
1
1
1
1
1
0.9979405513587
0.998747453986122
1
1
1
1
1
0.984830728674601
0.965535497882048
1
1
1
1
1
1
1
1
1
1
1
1
1
0.852149445173345
1
1
0.980785868860505
1
1
1
1
1
1
0.99755499025748
1
1
1
1
1
1
1
1
1
0.999678209315372
0.992553158759279
1
1
1
1
1
1
0.966809099864852
1
1
1
1
1
1
1
1
1
0.984432473063918
1
1
1
1
1
1
1
1
1
1
1
1
1
1
1
1
1
1
0.99688093581491
0.993925740956212
1
1
1
1
1
1
0.993659066815895
1
1
1
1
1
1
1
1
1
1
1
1
1
1
0.96868266219554
0.956756226422738
1
1
1
1
1
1
1
1
0.996129435325281
0.99962740624819
1
1
1
0.999289042548757
1
1
1
1
0.993941978725539
1
1
1
1
1
1
0.992478380351185
1
0.967085114162932
1
1
1
1
1
1
1
1
0.85669748592118
0.958296095371936
1
1
1
1
1
1
0.999357832771716
1
1
1
1
1
1
1
1
1
1
1
1
1
0.992473332579166
1
1
1
1
1
1
1
1
1
1
0.843652701829766
1
1
1
1
1
1
1
0.969885396314109
1
1
0.996129435325281
1
1
1
1
0.996054249143284
1
1
1
1
0.980785868860505
1
1
1
1
1
1
1
1
0.983324356585918
0.99622392230412
1
0.99720401984673
1
0.938687523231253
1
1
1
1
1
1
1
1
1
1
1
1
1
1
1
0.989566798379153
1
1
1
0.973826637998803
1
1
0.991990864626091
1
1
0.99755499025748
1
1
1
1
1
1
1
1
1
1
1
1
1
1
1
1
1
1
0.99939432370396
1
1
1
1
0.821074351594819
1
1
1
1
0.991990864626091
1
1
1
0.999342984425769
1
1
1
1
1
1
1
1
1
1
1
1
1
1
1
1
0.991180525635135
1
1
1
1
1
1
1
1
1
0.99562492051104
1
1
0.991180525635135
1
1
1
1
0.968768735095022
1
1
1
1
0.918348360033741
1
1
1
1
1
1
1
1
1
1
0.989085101583496
0.884920314001335
1
1
1
0.995904644640884
1
1
1
1
1
0.996633941592235
1
1
1
1
1
1
0.951856583220468
1
1
1
1
1
1
1
1
1
1
1
1
1
1
1
1
1
1
1
1
1
1
1
1
1
1
1
1
0.990292311524876
1
1
1
1
1
1
1
1
1
1
1
1
1
1
1
1
1
1
1
1
0.995842792588065
1
1
1
1
1
1
1
1
1
0.993774660370606
1
1
0.998266468576455
0.989219338114961
0.980017433324518
1
0.954297673991798
0.815405722896504
1
1
1
1
0.995065425695654
0.977922978869614
1
0.999681489501875
1
0.968252193778879
1
0.836344087677318
0.9837654380397
1
0.883318383276425
1
1
1
0.987452847083395
1
1
1
1
1
1
1
1
1
0.999538629902003
1
0.997862936213911
1
1
1
0.991191530313271
1
1
1
1
0.985654765558674
0.968855514654356
0.920599753171921
1
1
1
1
1
1
0.997161586424858
1
1
1
1
1
1
1
1
0.779300490752414
1
1
1
1
1
1
1
0.926554594184558
1
0.966323598661938
0.999538629902003
1
1
0.994374344923694
1
1
1
1
0.97360141858166
1
1
0.995842792588065
1
0.944179693415924
1
1
1
0.999457108525438
1
1
1
1
1
0.993941978725539
1
1
1
0.996129435325281
1
1
1
0.97919602009163
1
1
1
1
1
1
1
1
1
1
0.989085101583496
1
1
1
1
1
0.996169401171623
0.995333929780995
1
1
1
1
1
0.961198931799712
1
1
1
1
1
1
0.948050557213458
1
1
1
1
1
1
1
1
1
1
1
1
1
1
0.935532785042467
1
1
1
1
1
1
1
1
0.995065425695654
1
1
0.989294536333247
0.967376226754804
1
1
1
0.976876983483545
0.999457108525438
1
1
1
1
0.990845461260602
1
1
0.908944296322452
0.995842792588065
1
1
0.989545074460016
1
1
1
1
0.999118747508209
1
1
1
1
0.984830728674601
0.926620410600158
1
1
1
1
1
1
1
1
1
1
1
1
1
1
1
1
1
1
1
1
0.99542949573054
1
1
0.963013735120136
1
0.986201582201352
1
1
0.977253071641977
0.988217880530564
1
1
1
1
1
1
1
1
1
1
1
1
1
1
1
1
1
1
1
1
1
1
1
1
1
0.957677393379899
1
1
1
1
1
1
1
1
1
1
0.989872614930307
1
1
1
1
1
1
1
0.998170579149918
1
1
1
1
1
1
0.886115504976047
1
1
1
1
1
1
1
0.944179693415924
1
0.994374344923694
1
1
1
1
1
0.999441510763152
0.976656506320913
1
0.992473332579166
0.981691493859526
1
1
1
0.950755778467256
1
0.995503243759139
1
1
1
1
1
1
1
1
1
1
1
1
0.999580122406598
1
1
0.984830728674601
1
1
1
1
1
0.811953901029028
1
1
1
0.999814662014105
1
0.99755499025748
1
1
1
0.949670168121854
0.979869005609772
0.990845461260602
1
0.993659066815895
1
0.911741482758651
1
0.987371659303674
1
0.982990150499101
1
1
0.993941978725539
1
1
1
1
1
1
1
1
0.999319195014658
1
1
0.995904644640884
1
1
1
1
0.998978057594512
1
1
1
1
1
1
0.996532293660556
1
1
1
1
1
1
1
0.941776912682836
1
1
1
1
1
1
1
1
0.992257261027501
1
1
1
1
1
1
1
1
1
1
1
1
1
1
1
1
1
0.976201281213172
1
0.976876983483545
1
1
0.963122184321261
1
0.99006997806312
0.952638832242454
0.978263242727174
1
1
1
1
1
1
1
1
1
1
1
1
0.793183497213364
1
1
1
1
1
1
1
1
0.971586486346353
1
1
1
1
1
1
1
1
1
1
1
1
1
0.989085101583496
1
0.995773040551245
1
0.876679817507148
1
1
1
1
1
0.987762168477413
1
1
1
1
1
1
1
1
1
0.980899514963432
1
1
1
1
0.966374339930041
0.961293837660444
0.984786086847874
1
1
1
1
1
1
1
1
1
1
1
1
1
0.999854374277089
1
0.994687962275376
1
1
1
1
1
1
0.986133811838664
1
1
1
0.961144880769373
1
1
1
1
1
0.995065425695654
1
1
1
1
1
1
1
0.999581466476622
1
1
1
1
1
1
1
1
0.963676756638797
0.991191530313271
1
1
1
1
1
1
1
1
1
1
1
0.99006997806312
1
1
1
1
1
1
0.999457108525438
1
1
1
0.983022428160977
1
1
1
0.991560477700156
1
1
0.928965698190047
1
1
1
1
1
1
1
1
0.99362336946921
1
1
0.999457108525438
1
1
1
1
1
1
1
1
1
1
1
1
0.999681489501875
0.98189632322141
1
1
1
1
1
1
1
1
1
1
1
0.99755499025748
0.997465938804407
1
0.986133811838664
1
1
0.99362336946921
1
1
1
0.978902318424976
1
1
1
1
1
1
1
1
0.989546586767609
1
0.79484052440852
1
1
1
1
1
1
1
1
1
1
1
1
0.948521155086399
1
1
1
1
1
0.999581466476622
1
1
1
1
1
0.961363322499025
1
0.986777323823117
1
1
1
0.976876983483545
0.995282845131926
1
1
1
1
1
1
1
1
1
1
1
1
0.953580833180649
1
1
1
1
1
1
1
0.999678209315372
1
1
1
0.991180525635135
1
1
1
0.947117522358495
1
1
1
1
0.991191530313271
1
1
1
1
1
1
1
1
1
1
1
1
1
1
1
0.976400928182038
1
1
1
1
1
1
1
1
0.996633941592235
1
1
1
1
1
1
1
1
0.976556832481535
1
1
0.99622392230412
0.995192157994007
1
1
1
0.964414208725249
1
1
1
1
1
1
1
1
0.99720401984673
0.899963969674231
1
0.998978057594512
1
1
1
1
1
1
1
1
1
1
1
1
1
0.995065425695654
1
0.9837654380397
0.987762168477413
1
1
1
1
1
1
1
1
1
0.976337873137856
1
1
0.987762168477413
1
0.972302164980148
1
1
1
0.969885396314109
1
1
1
1
1
1
1
1
1
0.991180525635135
1
1
0.994374344923694
1
0.999801337444575
1
1
0.989452310471029
1
0.995065425695654
1
1
1
1
1
1
1
1
1
1
1
1
1
1
1
0.981411283690779
0.992473332579166
0.93287441398721
0.971733532287842
1
1
1
1
0.987751581476188
1
1
1
0.836608457811702
1
1
0.966208246152916
1
0.999374875092659
1
1
1
0.991948367459536
1
1
0.968252193778879
1
1
1
1
0.998359106420118
1
1
0.992478380351185
1
1
1
1
1
1
1
1
1
1
0.99889661782593
0.993391532012706
1
1
1
0.959884887923342
1
1
1
0.990292311524876
1
1
1
0.985736475098778
1
1
1
1
0.993774660370606
1
1
0.996532293660556
0.978536572737101
0.99289998791338
0.985654765558674
0.998266468576455
0.960230008783341
0.961363322499025
1
1
1
1
1
1
1
0.973826637998803
1
0.990387633379128
1
1
0.999814662014105
1
1
1
1
1
1
1
1
1
0.976845919711189
1
1
0.954233702147822
0.99962740624819
1
0.955622135655676
1
1
1
0.940104797701678
1
1
1
1
1
1
1
1
1
1
1
1
0.971243202502922
0.995773040551245
1
1
0.9909679963081
0.890339503451688
1
0.981985191504615
1
1
0.983623295488341
1
1
1
1
1
0.999534934493109
1
1
1
0.932063894270106
1
1
1
1
1
1
1
1
1
0.991225275172406
0.999743513247206
1
0.999502116752324
1
1
1
1
0.99006997806312
1
1
1
1
1
1
1
1
1
0.996054249143284
1
1
1
1
1
1
1
1
0.986913466381996
1
0.967085114162932
0.984786086847874
1
0.999580122406598
1
1
1
1
0.967376226754804
1
0.999374875092659
1
1
1
1
1
0.991355381573696
1
1
0.99542949573054
1
1
1
1
1
1
1
0.994374344923694
1
1
1
0.996850602290519
1
1
1
1
1
1
1
0.996633941592235
0.941729644049332
1
1
1
1
1
1
1
1
0.991990864626091
1
1
1
1
1
1
1
1
1
1
1
1
1
1
1
1
1
1
1
0.990292311524876
0.995282845131926
1
1
1
1
1
1
0.99720401984673
1
1
1
0.93746162497577
1
1
1
1
1
1
1
0.981985191504615
1
1
0.999502116752324
1
1
1
1
1
1
1
1
1
1
0.992473332579166
1
1
1
1
1
1
1
0.954528492793091
0.600293563109353
1
0.894246041568027
1
0.981411283690779
0.99720401984673
0.984786086847874
1
1
1
1
1
1
1
1
0.941890147508465
1
1
1
0.985736475098778
1
1
0.990514769255493
1
1
1
1
1
1
1
1
1
1
1
1
1
1
1
1
1
0.993031143872974
0.996850602290519
1
0.993474656904387
0.997481374492684
1
1
0.996129435325281
0.986777323823117
1
1
0.973511887214178
1
1
1
1
1
1
1
0.995773040551245
1
1
1
1
1
1
1
1
1
1
1
1
0.999743513247206
1
1
0.960666620157278
1
1
1
1
1
0.993941978725539
1
1
1
1
1
0.984432473063918
1
0.963122184321261
1
1
1
0.997161586424858
1
1
1
1
0.983623295488341
1
1
1
1
0.978349083713502
0.990845461260602
1
0.977947727459891
1
1
1
0.986133811838664
0.976845919711189
1
1
1
0.995557230591572
1
0.996532293660556
1
0.961198931799712
1
1
1
1
1
1
1
1
0.999743513247206
1
1
1
1
1
1
1
1
1
1
1
1
1
1
1
1
1
1
1
0.98433179525954
1
1
1
0.992914268164309
1
1
1
1
1
1
0.998437036905628
0.998146087848084
1
1
1
1
1
1
1
1
1
1
0.985191847528803
0.991948367459536
1
0.981616892333107
1
1
1
1
0.986133811838664
1
0.995773040551245
1
1
0.999580122406598
1
0.999934724545393
1
1
1
1
0.976400928182038
0.985958874438161
1
1
0.976201281213172
1
1
1
0.995212450303808
0.99688093581491
1
1
0.990067179720659
1
1
1
1
1
1
1
1
1
1
1
1
1
1
1
1
1
1
1
1
0.988217880530564
1
1
1
1
1
1
0.995904644640884
1
1
1
1
1
1
1
1
0.981616892333107
1
1
0.993659066815895
1
1
0.99622392230412
1
1
1
1
1
1
1
1
1
1
1
1
1
1
1
0.994744141314046
1
0.993659066815895
1
1
0.999191430159641
1
1
0.984786086847874
0.920040372441458
0.999801337444575
1
1
1
1
1
1
0.97360141858166
0.965267122086168
0.999292040685357
1
1
1
1
1
1
1
0.996633941592235
1
1
1
0.96958713665595
1
1
1
1
1
1
1
0.828524514896514
1
0.999743513247206
1
0.999330153706464
1
1
1
1
0.99784710301753
1
1
1
1
1
0.998266468576455
0.996054249143284
1
1
1
0.99562492051104
1
1
1
0.999372097397225
1
1
1
1
1
1
1
1
1
1
0.99720401984673
1
1
1
1
1
1
1
1
1
1
1
1
1
1
1
1
1
1
1
0.973826637998803
1
1
1
1
1
1
1
0.989545074460016
1
1
1
1
1
1
1
1
1
1
1
1
1
1
1
0.988217880530564
1
1
1
1
0.986133811838664
1
1
1
1
1
0.990845461260602
1
1
0.995773040551245
0.987452847083395
1
1
1
1
0.99688093581491
1
0.996606413883881
1
1
1
0.981616892333107
1
1
0.986180853258377
1
1
0.985191847528803
0.981616892333107
0.924561908745661
1
1
1
1
0.983022428160977
1
1
1
1
1
1
0.991191530313271
1
0.988934028279881
0.98189632322141
1
1
1
1
1
1
1
1
1
1
1
1
0.995773040551245
0.997465938804407
1
1
1
1
1
1
1
0.930797681875105
1
0.976201281213172
1
1
1
0.977072316510956
0.995904644640884
0.949915553222207
1
1
1
1
1
1
1
1
1
1
1
1
0.982557870148102
0.941729644049332
0.91988319070251
1
1
1
0.960666620157278
1
1
1
1
1
1
1
1
0.97291060266415
1
1
1
0.961293837660444
1
0.985512086707207
0.99542949573054
0.998341789472989
1
1
0.97940761477042
1
1
1
1
0.97291060266415
0.999801337444575
0.925903043148483
1
1
1
1
0.959258798398414
1
0.782905096303607
1
0.995065425695654
1
0.963676756638797
1
1
1
1
1
1
0.999441510763152
1
1
1
1
1
1
1
0.985238379847134
1
0.952963894251674
0.986201582201352
0.995470398054963
1
1
1
1
0.978667609657017
0.985527642394676
0.996633941592235
1
0.914778094602926
0.97291060266415
1
1
1
1
1
0.996633941592235
0.997465938804407
1
0.961293837660444
1
1
1
1
1
1
0.999416433554483
1
1
1
1
1
0.971614833204026
1
1
1
0.999904858698973
0.985191847528803
1
1
0.961363322499025
1
1
1
1
1
1
1
1
1
1
0.999374875092659
0.943090360834983
1
1
1
1
0.954518536744242
1
1
1
1
0.995773040551245
1
1
1
1
0.964414208725249
1
1
1
0.970675633817798
0.98659379569474
0.864849090980363
1
0.954528492793091
1
1
0.999416433554483
0.998266468576455
1
1
1
0.939418475644936
1
1
1
0.99416432372358
1
1
1
1
0.988844926643013
1
1
1
0.99562492051104
0.93287441398721
1
0.890181670300732
1
1
1
1
0.996313229189332
0.999416433554483
1
1
0.981691493859526
1
1
1
1
1
1
0.996606413883881
1
1
1
1
1
0.908749320189108
1
1
1
1
1
1
0.989566798379153
1
1
1
0.986201582201352
1
1
1
1
1
1
1
1
1
0.99542949573054
1
0.999304527399003
1
1
0.969885396314109
1
1
1
1
0.967810743670285
1
1
1
1
0.995657714137833
1
1
1
1
1
0.990387633379128
1
1
1
1
0.982686092232094
1
1
1
1
1
1
0.995842792588065
1
1
1
1
0.963676756638797
0.995065425695654
0.93746162497577
1
1
1
1
1
1
1
1
1
0.993988595903803
1
1
1
1
1
1
1
1
1
1
1
1
1
1
1
0.961198931799712
1
1
1
1
1
1
1
1
0.999416433554483
1
1
1
1
0.973826637998803
1
1
1
1
1
1
0.995192157994007
1
1
1
1
1
1
1
1
1
0.99542949573054
1
1
1
0.999854374277089
1
1
1
1
0.987327823659524
1
1
1
0.993031143872974
1
1
1
1
0.99622392230412
1
1
1
0.999743513247206
1
1
1
0.999416433554483
1
0.999934724545393
1
1
0.999904858698973
1
1
1
0.997465938804407
1
0.984786086847874
1
0.993925740956212
0.975992367404817
1
0.993391532012706
1
0.97019069107919
1
1
1
1
1
1
1
1
1
1
1
1
1
1
1
1
1
1
1
1
1
1
1
1
1
1
1
1
0.907531042495213
1
0.967810743670285
1
1
1
1
1
1
0.963430894009419
1
0.964739297378014
1
0.992473332579166
1
1
1
1
0.999580122406598
1
1
1
1
0.99784710301753
0.972302164980148
1
0.975024012176016
1
1
1
1
1
1
0.989546586767609
1
1
0.981616892333107
0.922640187753782
1
1
1
1
1
1
0.972652887944076
1
1
1
1
1
1
1
1
1
0.985191847528803
1
1
0.835083878981907
0.999118747508209
1
1
1
1
0.995657714137833
0.979237933900071
1
1
1
1
1
0.954518536744242
1
0.988934028279881
1
1
1
1
1
0.99784710301753
0.918259861461853
1
1
0.990845461260602
0.99784710301753
1
1
1
1
0.992257261027501
1
1
1
1
0.988113672358177
1
1
0.965535497882048
1
1
1
1
1
1
1
1
1
1
1
1
1
1
1
1
0.999681489501875
1
1
1
1
1
1
1
1
0.999772263796971
1
1
1
1
1
1
1
1
1
1
0.986549987629387
1
1
0.86064254855812
1
0.989872614930307
0.598915148051747
1
0.944179693415924
0.978263242727174
1
1
1
1
1
1
1
1
0.993941978725539
1
0.967669549567131
1
1
0.972302164980148
1
0.99720401984673
1
1
1
1
1
0.999502116752324
1
1
1
1
1
1
1
1
1
1
1
1
0.993474656904387
1
0.99562492051104
1
1
1
1
1
1
1
1
1
1
1
1
1
0.991355381573696
1
1
1
1
1
1
1
1
1
0.998637156666471
0.984149499659373
1
1
0.986777323823117
1
1
1
1
0.999302441509576
1
1
1
0.99784710301753
1
1
1
1
1
0.933078101601689
1
1
1
1
1
1
1
1
0.990550671216778
1
1
0.999678209315372
1
1
1
1
1
0.97291060266415
1
1
1
0.99562492051104
1
1
1
1
1
1
1
1
1
1
1
1
0.99562492051104
1
1
1
1
1
1
1
1
1
1
1
0.989546586767609
1
1
1
0.991990864626091
1
1
1
1
0.982557870148102
1
1
1
1
1
1
1
1
1
1
1
0.989294536333247
1
0.968252193778879
0.716771657025877
1
1
1
1
1
1
1
0.983646397727275
1
1
1
1
1
1
1
1
1
1
0.999684018166463
1
1
1
1
0.999801337444575
1
1
1
1
1
1
1
0.998747453986122
1
1
1
1
0.985736475098778
1
1
1
1
0.99362336946921
1
1
1
1
0.955681342497515
1
1
1
1
1
1
1
0.976201281213172
1
1
1
0.996606413883881
1
1
0.99362336946921
1
1
1
1
0.99362336946921
1
1
1
1
1
1
1
1
1
0.997161586424858
1
1
0.999990339195217
1
1
1
1
1
1
0.986133811838664
1
0.824002094553782
1
1
0.998978057594512
0.971733532287842
1
1
0.995470398054963
1
0.995212450303808
1
1
1
1
1
1
1
1
1
1
1
1
0.963013735120136
1
1
1
0.99889661782593
1
1
1
1
1
1
1
1
0.979237933900071
0.949966704710272
1
1
1
0.985736475098778
0.858494769290099
0.830455546561618
1
1
1
1
1
1
1
1
0.973826637998803
1
1
1
1
1
1
0.953464440377495
1
1
0.985191847528803
0.996313229189332
1
1
0.961725141590115
1
1
1
1
1
1
0.999502116752324
1
1
0.993236274947854
0.949392736961544
1
1
1
1
1
1
1
1
0.911094035259758
1
1
1
1
0.985654765558674
1
1
1
1
1
0.999743513247206
0.612522853457809
0.981927652251994
1
1
1
1
1
1
1
1
1
1
0.982557870148102
1
1
0.961144880769373
1
0.99562492051104
0.996169401171623
1
1
1
1
1
1
1
1
1
1
1
1
0.999934724545393
1
1
1
1
1
1
0.988217880530564
1
1
1
1
1
1
1
1
1
1
1
1
1
1
1
0.937958114425755
1
1
1
1
1
0.97019069107919
1
1
1
1
0.988844926643013
1
1
0.996313229189332
1
1
0.934638879069569
1
1
1
1
0.981985191504615
1
0.987452847083395
0.976491709467487
1
0.991560477700156
1
1
1
1
1
1
1
0.979237933900071
1
1
1
1
0.996054249143284
1
0.996532293660556
1
1
1
1
1
0.934638879069569
1
1
1
1
1
1
1
1
0.99362336946921
0.989085101583496
1
1
1
1
1
1
1
0.999814662014105
1
1
1
1
1
1
1
0.982989691471601
1
1
0.987452847083395
1
1
1
1
1
1
1
1
1
1
0.995557230591572
1
1
0.994687962275376
1
1
1
1
1
0.995842792588065
0.99006997806312
1
1
1
1
1
1
1
1
1
0.943581508316545
1
1
0.998437036905628
1
1
1
1
1
1
1
1
1
0.978349083713502
1
1
1
1
1
1
0.993031143872974
1
1
1
1
1
0.955681342497515
0.978263242727174
1
1
1
1
1
1
1
1
0.989085101583496
1
0.99562492051104
1
1
1
1
1
1
1
1
1
1
1
1
1
1
1
1
1
0.980785868860505
1
1
1
0.988331197865079
1
1
1
1
1
1
1
1
0.994687962275376
1
1
1
1
0.973826637998803
1
1
1
1
0.996129435325281
1
1
1
1
1
1
1
1
1
1
1
1
1
1
1
1
1
1
1
1
0.981411283690779
1
1
1
1
1
1
1
1
1
0.996169401171623
1
0.99622392230412
0.987452847083395
1
1
1
1
1
1
1
0.998747453986122
1
0.966886367669617
1
1
1
1
1
1
0.992257261027501
0.898982604339641
1
1
1
1
0.989219338114961
1
1
1
1
1
0.997161586424858
1
1
1
1
1
0.999684018166463
1
1
1
1
1
1
0.990550671216778
1
0.934638879069569
1
1
0.985191847528803
1
1
0.762352633468031
1
1
1
1
1
1
0.981616892333107
1
1
1
1
1
1
1
1
1
1
1
0.993988595903803
1
1
0.687327770444918
0.95918722481861
1
1
1
1
1
1
1
0.981691493859526
1
0.984786086847874
1
0.965535497882048
1
1
1
1
1
1
1
1
1
1
0.973826637998803
0.99962740624819
1
1
1
1
1
0.993774660370606
0.984830728674601
1
1
0.924611534115779
1
1
1
0.963676756638797
1
1
1
1
1
1
1
1
1
0.997862936213911
1
0.993925740956212
1
1
1
1
1
1
1
1
1
0.992257261027501
1
0.991225275172406
1
0.996169401171623
1
1
1
1
1
1
1
1
1
1
1
1
1
1
1
0.99562492051104
1
1
0.999580122406598
1
1
1
1
1
0.900100564761487
1
1
1
1
1
0.995333929780995
1
1
1
0.9837654380397
0.998266468576455
1
1
0.999854374277089
1
1
1
1
1
0.998266468576455
1
1
1
1
1
1
0.994209716624862
1
1
1
1
0.970675633817798
0.99720401984673
0.999299633051104
1
1
1
0.99755499025748
1
0.771350461603001
1
1
1
1
0.995192104729469
1
1
1
0.961293837660444
1
1
1
0.933568169485053
0.993031143872974
1
1
1
1
0.998747453986122
1
1
1
0.93289466863757
1
1
1
1
1
1
1
1
1
1
1
1
1
1
1
1
1
0.933078101601689
1
1
1
1
0.993941978725539
0.993925740956212
1
1
0.991948367459536
1
1
1
1
1
0.996129435325281
0.994744141314046
1
1
1
0.995503243759139
1
1
1
1
0.999854374277089
1
1
1
1
1
0.946996578752815
1
0.999469923605065
1
1
1
1
1
1
1
1
0.996313229189332
1
1
0.987438040337754
0.999502116752324
1
0.984432473063918
1
1
0.988844926643013
0.901611420498645
1
1
1
1
1
1
1
1
1
0.999896357117965
1
1
1
1
1
1
1
1
1
0.994744141314046
0.884392369947394
1
1
0.996054249143284
0.894246041568027
1
1
0.975593823272274
1
1
0.981411283690779
1
0.998788784318059
1
0.995503243759139
1
1
1
0.999469923605065
0.975193015810136
0.999814662014105
1
1
1
1
1
0.996313229189332
0.926620410600158
1
1
1
1
1
0.999814662014105
1
0.986180853258377
1
1
1
0.660954736460171
1
0.988844926643013
1
1
1
1
1
0.989872614930307
1
1
0.934638879069569
0.991560477700156
1
1
1
1
0.998978057594512
0.980899514963432
1
0.984295386556395
0.999416433554483
0.884920314001335
1
1
0.941776912682836
1
1
1
1
1
0.999854374277089
1
1
1
1
1
1
0.970385170517801
1
0.982924856303056
1
1
1
1
0.999292040685357
0.89775596770098
0.989085101583496
0.995904644640884
1
0.999502116752324
1
1
0.969433236977252
0.980785868860505
1
1
1
1
1
1
1
1
1
1
1
0.986549987629387
1
1
1
0.856357443286748
0.97940761477042
1
0.997481374492684
1
0.976201281213172
1
0.999814662014105
0.978667609657017
1
1
1
0.995470398054963
0.985736475098778
1
1
1
1
0.996532293660556
1
1
1
1
1
0.875210964283012
1
0.930449986231662
1
1
1
0.964739297378014
1
1
1
1
0.995470398054963
1
0.999801337444575
1
1
1
1
1
1
1
1
1
1
1
1
1
0.978263242727174
1
1
1
1
1
0.987798306885468
1
1
1
0.998978057594512
1
0.999934724545393
1
1
1
1
1
1
1
1
0.965535497882048
0.993925740956212
1
1
1
1
0.951081871910258
1
1
1
1
1
0.895415806775267
1
1
0.999681489501875
1
0.895847009480245
1
0.999534934493109
1
1
1
1
1
0.984830728674601
1
0.988217880530564
1
0.989546586767609
1
1
1
0.985238379847134
1
1
0.996850602290519
1
1
1
0.984786086847874
1
0.999302441509576
0.973511887214178
1
1
0.959141853215244
1
0.991560477700156
0.964414208725249
0.978263242727174
1
0.989706419614315
1
1
0.997862936213911
1
1
1
1
1
0.990845461260602
1
1
1
1
1
0.982557870148102
1
1
1
1
1
1
1
1
1
0.99416432372358
1
1
0.997465938804407
1
1
0.988217880530564
1
1
1
1
1
1
0.987438040337754
1
1
0.998747453986122
1
1
0.999416433554483
1
1
1
1
0.593295440698938
1
1
1
1
1
0.871339854223214
1
1
1
1
1
1
0.980052778316808
1
1
1
1
1
1
1
0.963774441787234
1
1
1
1
1
1
1
1
1
1
0.99939432370396
1
0.978550864478042
1
1
1
1
1
1
1
1
1
0.968988332025928
0.999990339195217
1
1
1
1
1
0.990845461260602
0.987762168477413
1
1
1
1
0.977922978869614
1
1
0.889289327428474
0.968252193778879
1
1
0.986201582201352
1
1
1
1
1
1
1
1
1
1
1
1
1
1
0.999299633051104
0.999934724545393
1
1
0.896848756964131
1
1
1
1
0.994374344923694
1
1
1
1
1
1
1
1
0.996532293660556
1
1
1
1
1
1
1
0.985654765558674
1
1
1
1
1
0.993031143872974
1
1
1
1
1
1
0.980899514963432
0.998747453986122
1
1
1
0.993925740956212
1
1
0.978263242727174
1
1
1
0.9837654380397
1
0.974487782530076
0.850608661186291
1
1
1
1
1
1
1
1
1
1
1
0.991262666824477
1
0.997481374492684
1
1
0.988113672358177
0.993941978725539
1
1
0.978842034979437
1
1
1
1
0.978263242727174
1
1
1
1
1
1
1
1
1
0.985191847528803
1
1
1
1
0.954233702147822
1
1
1
1
0.891734861274882
1
1
1
1
1
1
1
0.999118747508209
0.978902318424976
1
1
1
0.993925740956212
1
1
1
1
1
1
1
1
1
0.995169266153186
1
1
1
1
1
1
1
1
1
1
1
1
1
1
0.999801337444575
1
1
1
1
1
1
1
1
1
1
1
0.953580833180649
1
1
1
0.975913772434739
1
1
1
0.995192104729469
1
1
1
1
1
1
1
1
1
0.957325185143505
1
1
1
1
0.994374344923694
1
0.98659379569474
1
1
1
1
1
1
1
1
1
0.991262666824477
0.86063579426931
0.998266468576455
1
1
1
1
0.993941978725539
1
1
1
1
1
1
1
1
1
1
1
1
1
1
1
1
0.986777323823117
1
1
1
1
0.986180853258377
1
1
1
1
1
1
1
1
1
1
1
0.995333929780995
0.999118747508209
1
1
0.99306830701679
0.998266468576455
1
1
1
0.968252193778879
1
0.95918722481861
1
1
1
0.991587002894349
0.978679050426206
1
1
1
1
1
1
1
1
1
1
1
1
1
1
1
1
1
1
1
1
0.966374339930041
1
1
1
1
1
1
1
1
0.996054249143284
1
1
1
1
1
1
1
1
1
1
1
1
1
1
1
1
1
1
0.679317543831796
1
1
1
1
0.996606413883881
1
1
1
1
1
0.98189632322141
1
1
1
0.992519771634015
1
1
0.981616892333107
1
1
1
1
1
1
1
0.997862936213911
0.994209716624862
0.987438040337754
1
1
1
1
1
0.820713572656585
1
1
1
1
1
1
1
0.996054249143284
1
1
1
0.9718997321537
0.99622392230412
1
1
1
1
1
1
1
1
1
1
1
1
1
1
0.950755778467256
1
1
1
1
0.999990339195217
1
1
1
1
1
1
1
1
1
1
1
1
1
1
0.987452847083395
1
1
1
1
1
1
1
1
1
1
0.989546586767609
1
1
1
1
1
1
1
1
1
1
1
1
0.981985191504615
1
1
1
0.991560477700156
0.986233006067265
1
1
0.993203664333386
1
0.999678209315372
1
0.997161586424858
1
1
1
1
1
1
1
1
1
1
1
1
0.999502116752324
0.99784710301753
1
1
1
1
1
1
1
1
0.991191530313271
1
0.990845461260602
1
1
1
1
1
1
0.999678209315372
1
1
0.990292311524876
1
0.989545074460016
1
1
1
1
1
1
1
1
1
1
1
1
1
1
1
0.984396180212792
1
1
1
1
1
1
1
1
1
1
1
0.944179693415924
1
1
1
1
1
0.995773040551245
1
0.972051856647951
1
0.997161586424858
1
1
1
1
1
1
1
1
1
1
1
1
1
1
1
0.995842792588065
0.991191530313271
0.999581466476622
1
1
1
1
1
1
1
1
1
1
1
1
1
1
1
1
1
1
1
1
0.980052778316808
1
0.999299633051104
1
0.975193015810136
1
1
0.95437353134888
1
1
1
0.966809099864852
1
1
1
1
1
1
1
1
1
1
1
1
0.999854374277089
1
1
1
1
1
1
1
1
1
1
1
1
1
1
1
1
1
1
1
1
0.999342984425769
1
0.973826637998803
0.984830728674601
1
1
1
0.999299633051104
1
1
1
1
1
1
1
1
1
1
1
1
1
0.971733532287842
1
1
0.982933440602928
1
1
1
1
1
1
1
1
0.999934724545393
1
0.989545074460016
1
1
1
1
1
1
1
1
1
0.999357832771716
1
0.997862936213911
1
0.996633941592235
0.995192104729469
1
1
1
1
1
1
1
0.985512086707207
1
0.9718997321537
0.9004958073042
1
1
1
1
1
1
1
1
1
0.999299633051104
1
0.993659066815895
1
0.99720401984673
1
1
1
0.941729644049332
1
1
1
1
0.987452847083395
1
1
1
1
1
0.894077868765524
1
1
1
1
1
1
1
1
1
0.998266468576455
1
1
0.947128343073416
1
1
1
1
1
1
1
1
1
1
1
1
1
1
1
1
1
1
1
1
1
0.994374344923694
1
1
1
1
1
1
1
1
0.991191530313271
1
1
1
1
1
0.976876983483545
1
1
1
1
1
1
1
1
1
1
1
1
1
1
1
1
0.999684018166463
1
1
1
0.997481374492684
1
1
1
1
1
1
1
1
1
0.999801337444575
1
0.994374344923694
0.995129048298659
1
1
0.978902318424976
0.997290540914907
1
1
1
1
0.986133811838664
1
1
1
1
1
0.981600870059941
1
1
0.996633941592235
1
1
1
1
1
1
0.999299633051104
1
0.972303373834543
0.999896357117965
1
1
1
1
1
1
1
1
1
1
1
1
1
1
1
1
1
1
0.998574966407949
1
1
0.903774535749902
1
0.982989691471601
1
0.999772263796971
0.893701384835382
1
1
1
0.959141853215244
1
1
0.96958713665595
0.976400928182038
1
1
1
1
1
0.986133811838664
1
1
0.970630309418482
0.999854374277089
1
1
1
1
1
0.999581466476622
1
1
1
1
1
0.991587002894349
0.996633941592235
1
0.978679050426206
1
1
1
1
1
1
1
1
1
1
1
1
1
1
1
1
1
1
0.918348360033741
1
1
1
1
1
0.947117522358495
1
1
1
0.996416151967495
1
1
0.771402131737566
0.921229455765975
1
1
1
1
0.966886367669617
1
1
1
1
1
0.943090360834983
0.999502116752324
1
1
1
1
1
1
1
0.985238379847134
1
1
1
1
0.999581466476622
1
1
1
1
1
1
1
1
0.925903043148483
1
1
0.960666620157278
1
1
0.970630309418482
1
1
1
1
1
1
1
1
0.958200316039803
1
1
1
1
0.996313229189332
1
1
0.99939432370396
1
1
1
1
1
1
1
1
1
1
1
1
1
1
1
1
1
1
1
0.999934724545393
1
0.99688093581491
1
1
1
0.986778699431034
1
1
1
1
1
1
1
1
1
1
1
1
1
1
0.978842034979437
1
1
1
1
1
1
1
1
1
1
1
1
1
1
1
1
1
0.998747453986122
1
1
1
1
1
0.955700276327866
1
0.99622392230412
1
1
0.99688093581491
1
1
0.970675633817798
1
1
1
1
1
1
1
1
1
1
1
1
1
1
1
0.99962740624819
1
1
0.720751988624833
0.920570504332891
1
0.972652887944076
1
1
1
1
1
0.938687523231253
1
1
0.976556832481535
1
1
1
1
0.97019069107919
1
1
1
1
1
1
0.940313968819025
0.978679050426206
1
0.77228442859581
1
1
1
1
1
1
0.929794967444552
1
1
0.981616892333107
1
0.973511887214178
1
1
1
1
1
1
0.996416151967495
0.995557230591572
1
1
1
0.999302441509576
1
0.984126841996261
1
1
1
1
1
1
1
1
1
1
1
1
0.971243202502922
0.973511887214178
1
0.985736475098778
1
0.97940761477042
0.843265883814195
1
1
0.986549987629387
1
1
1
1
0.987452847083395
1
1
0.840171649237905
1
0.993391532012706
1
0.998995746600391
1
1
1
0.904491603863333
1
1
1
1
1
1
0.991355381573696
1
1
1
1
1
0.984786086847874
1
0.996633941592235
1
0.99688093581491
1
1
0.953464440377495
1
1
1
1
1
0.952963894251674
1
1
1
1
1
0.974487782530076
1
1
1
1
1
1
1
1
1
1
1
1
0.991191530313271
1
1
1
1
1
1
1
0.984830728674601
1
1
1
1
1
1
1
1
0.99622392230412
1
0.999357832771716
0.996416151967495
1
1
1
1
1
1
1
0.876679817507148
1
1
1
1
1
0.989545074460016
1
1
1
1
1
1
1
1
1
1
1
1
0.999934724545393
1
1
1
0.948063969568608
1
1
1
1
1
1
1
1
1
0.978550864478042
1
1
1
1
1
1
1
1
1
1
1
1
1
1
1
1
1
0.999374875092659
1
1
1
1
1
0.976249133658015
1
1
1
1
1
1
0.90030815681997
0.996633941592235
1
1
1
1
1
1
0.993346105077047
1
1
0.999896357117965
1
1
1
1
0.987798306885468
1
1
0.981616892333107
1
0.972303373834543
0.979869005609772
1
1
1
1
1
1
1
1
1
1
1
1
1
0.975433083022561
1
1
1
1
1
1
1
1
0.992473332579166
1
0.996633941592235
0.976556832481535
1
1
0.830559623774635
0.999814662014105
1
1
1
1
1
1
1
0.934238681008028
1
1
0.922765827578199
0.983623295488341
1
1
1
0.968566378801996
0.987371659303674
1
1
1
1
1
1
0.981600870059941
1
0.99720401984673
0.999801337444575
1
1
0.978679050426206
1
1
1
0.989294536333247
1
1
1
1
1
0.993203664333386
1
0.993659066815895
1
0.978349083713502
0.995192104729469
1
1
0.988934028279881
0.998266468576455
0.996129435325281
1
1
1
1
1
1
1
1
1
1
1
0.989546586767609
1
1
1
0.999580122406598
1
1
1
1
0.997481374492684
1
1
1
0.961832345929281
1
0.996532293660556
1
1
0.946376421523798
0.911941574577805
0.993031143872974
1
1
0.993031143872974
1
1
1
1
1
1
1
1
1
1
1
1
1
0.983623295488341
1
1
0.966886367669617
1
1
0.999581466476622
0.99688093581491
1
0.966374339930041
1
1
0.978349083713502
1
1
0.997481374492684
1
1
1
1
1
1
1
1
1
0.984830728674601
1
0.978536572737101
0.997481374492684
1
1
1
1
0.946378440924187
0.980207709288087
1
0.986201582201352
1
1
1
1
1
1
1
0.990292311524876
1
1
1
1
1
1
0.986777323823117
1
1
0.960666620157278
1
1
0.9909679963081
0.982557870148102
1
1
1
1
1
1
1
1
1
1
0.994744141314046
1
1
1
1
0.99755499025748
0.99755499025748
1
0.99720401984673
1
1
1
1
1
1
1
1
1
1
1
1
0.983022428160977
0.97291060266415
0.956873377176319
1
1
1
1
1
0.992478380351185
0.844604543718721
1
1
1
1
1
1
1
1
0.999581466476622
1
1
1
0.976556832481535
0.977072316510956
0.966374339930041
1
1
1
1
1
1
1
1
1
1
1
0.999304527399003
0.998788784318059
1
1
1
1
1
1
1
1
0.995470398054963
1
1
1
1
1
1
1
0.997481374492684
1
1
1
1
1
1
1
1
1
1
1
0.966208246152916
0.790732555836062
1
0.999990339195217
1
1
1
1
1
1
1
1
1
1
1
1
1
1
1
0.982933440602928
1
1
0.998266468576455
1
1
1
1
0.988217880530564
1
0.978902318424976
1
1
1
1
1
1
1
1
1
0.932035866447707
1
0.907531042495213
0.939411852986698
1
1
1
1
1
1
1
1
1
1
0.980785868860505
1
0.996054249143284
1
1
1
0.960666620157278
1
1
1
0.975193015810136
1
1
1
1
0.999681489501875
0.949670168121854
1
0.996606413883881
1
1
1
1
1
1
1
1
0.994687962275376
1
1
1
1
1
1
1
1
1
1
0.999896357117965
1
1
1
1
1
1
1
1
1
1
1
1
1
1
1
1
0.992257261027501
1
1
1
1
1
1
1
1
0.993925740956212
1
0.642752237681112
1
1
1
1
0.79385102605236
1
1
0.965577893422012
1
1
1
0.999772263796971
0.99688093581491
1
1
1
0.939411852986698
1
0.913733498627775
1
1
1
1
1
1
1
1
1
1
1
0.99755499025748
1
1
1
1
1
1
1
1
0.880883952987248
1
1
0.989232845303492
1
1
1
1
0.985512086707207
1
1
1
1
1
1
1
1
1
1
0.989085101583496
1
1
0.8650249560468
1
1
0.96868266219554
1
1
1
1
1
1
1
1
1
1
1
0.973826637998803
1
1
1
1
1
1
1
1
1
1
1
1
1
1
1
1
1
0.970385170517801
1
1
0.999990339195217
1
1
1
0.987762168477413
1
1
0.917930397556459
1
1
1
1
0.918259861461853
1
1
1
1
1
1
1
1
1
0.952638832242454
1
1
1
1
1
1
1
0.97291060266415
1
1
1
1
1
1
1
1
1
1
1
1
0.998170579149918
0.951165382655525
0.999934724545393
1
1
1
1
1
0.998978057594512
1
1
1
1
1
0.988217880530564
1
1
1
1
1
1
0.971243202502922
1
1
1
0.99720401984673
1
1
1
1
1
1
1
1
1
1
1
1
1
1
1
1
0.993031143872974
1
0.993941978725539
1
1
1
1
1
1
1
1
1
1
1
1
1
1
1
1
1
1
1
1
1
1
1
1
0.99562492051104
1
1
0.995842792588065
1
0.98189632322141
1
1
0.999374875092659
1
0.994460358889164
1
1
1
1
1
1
1
0.976400928182038
1
0.988844926643013
1
1
1
1
1
1
1
0.957242626481344
0.990514769255493
1
1
0.933568169485053
0.999457108525438
0.99720401984673
0.999681489501875
1
1
0.992933918038886
1
1
1
1
1
1
0.957242626481344
1
0.995282845131926
1
1
1
1
1
0.999854374277089
1
1
0.961293837660444
0.980785868860505
1
1
1
1
1
1
1
1
1
1
0.908749320189108
1
1
1
1
1
1
1
1
0.987798306885468
0.989294536333247
1
1
1
1
1
1
1
1
1
1
0.996169401171623
1
1
1
1
1
1
1
0.977253071641977
0.985736475098778
1
0.984786086847874
0.99720401984673
1
1
1
1
1
1
1
1
1
1
1
0.946376421523798
1
1
1
1
1
1
1
1
0.948063969568608
0.9680277393254
1
1
1
1
1
1
1
0.96257359059773
0.996313229189332
1
0.961144880769373
1
1
1
1
1
0.834636626791415
1
0.85000007022822
1
1
1
1
0.999990339195217
1
1
1
1
1
1
0.991355381573696
1
1
1
1
1
1
1
1
0.900802368989157
1
1
0.993941978725539
1
1
0.976400928182038
0.995065425695654
1
1
1
1
1
0.987452847083395
0.993346105077047
0.999299633051104
1
1
1
1
1
1
1
1
1
1
0.961363322499025
1
1
1
1
1
1
1
1
0.872545946765616
1
1
0.973674835795924
1
1
1
1
0.803281432066807
1
1
0.99720401984673
1
1
1
0.983022428160977
1
1
1
1
1
0.996850602290519
1
1
1
0.999678209315372
0.966809099864852
1
1
1
1
1
0.984879309667594
1
1
1
0.957242626481344
1
1
1
1
0.980052778316808
1
1
0.994977989422345
1
1
1
1
1
0.998747453986122
1
1
1
1
1
1
1
1
1
1
1
0.989107595449611
1
1
1
0.999441510763152
1
1
1
1
0.985512086707207
0.979869005609772
0.99755499025748
1
1
1
1
1
1
1
0.984830728674601
0.961198931799712
1
1
1
1
1
1
0.986133811838664
1
1
1
1
0.879266152333759
1
1
1
1
0.980785868860505
1
0.984149499659373
1
1
0.995065425695654
1
1
1
0.961725141590115
1
1
1
1
1
1
1
1
1
0.986180853258377
0.99688093581491
1
1
1
1
1
1
1
1
1
1
0.969184834865049
1
1
1
1
1
1
1
1
0.95918722481861
0.960042641341721
1
1
0.92784147790596
0.996633941592235
1
1
1
1
0.999287083795586
1
1
1
1
1
1
0.977421415325781
1
1
1
0.994687962275376
1
0.983865753823905
1
0.917930397556459
1
1
1
1
1
0.887387046284299
1
1
1
1
1
1
1
1
0.999684018166463
0.963922672571546
1
1
1
1
0.989219338114961
1
1
1
1
1
1
1
1
0.992478380351185
1
1
1
1
1
0.960666620157278
1
0.955238731653474
1
1
1
0.978263242727174
0.970385170517801
1
1
1
1
1
1
1
1
1
0.999581466476622
1
1
1
1
1
0.95437353134888
1
0.976803978131849
1
1
1
1
1
1
1
1
1
1
1
0.991560477700156
1
1
1
0.989546586767609
1
1
1
1
1
1
1
1
1
1
1
0.998747453986122
1
1
1
0.934238681008028
1
0.947469788489808
1
1
0.877995811485695
0.940313968819025
1
1
0.978842034979437
1
0.984830728674601
1
1
1
1
0.994374344923694
1
1
0.93326995088989
1
1
1
0.995773040551245
1
1
1
1
1
1
0.986777323823117
0.989219338114961
1
0.993391532012706
1
1
1
1
1
1
0.78761938878083
0.985191847528803
1
0.956756226422738
1
1
0.922171050203631
1
1
1
0.998437036905628
1
1
1
1
1
1
1
1
1
1
1
1
1
1
1
1
1
1
1
1
0.897503359572762
0.999469923605065
0.99622392230412
1
1
1
1
1
1
1
0.874274621772496
0.991990864626091
1
1
1
1
1
1
1
1
1
1
0.990387633379128
1
1
1
1
1
1
1
1
1
1
1
1
0.999743513247206
0.99006997806312
1
1
1
1
1
0.995904644640884
1
1
1
1
0.936949487780338
1
1
1
1
1
1
0.982933440602928
1
1
1
1
1
1
1
1
1
1
1
1
1
0.999743513247206
1
1
1
0.951856583220468
1
1
1
1
1
1
0.987452847083395
1
1
0.996054249143284
1
0.998437036905628
1
1
1
1
1
1
1
1
1
1
1
1
1
1
1
0.99784710301753
1
1
1
1
1
1
0.963676756638797
1
1
1
0.979869005609772
0.891734861274882
1
1
1
0.998978057594512
0.996633941592235
0.998266468576455
1
1
0.992473332579166
1
1
1
1
1
1
1
1
1
1
1
1
1
1
1
1
1
1
1
1
1
0.999330153706464
1
1
1
1
1
0.99784710301753
1
1
1
1
1
0.976845919711189
0.997161586424858
1
1
1
0.991262666824477
1
1
1
1
1
0.986180853258377
0.985191847528803
1
0.995065425695654
1
1
1
1
0.991560477700156
1
1
0.996633941592235
1
0.998747453986122
0.993236274947854
0.999330153706464
1
1
1
0.996606413883881
1
1
1
1
1
1
1
1
1
1
1
0.983623295488341
1
0.916879945022381
1
0.995192104729469
1
1
1
1
1
1
1
1
0.951165382655525
1
0.99542949573054
1
0.991560477700156
0.996416151967495
1
1
1
1
0.996129435325281
1
1
1
1
1
1
1
1
1
0.996633941592235
1
1
0.976400928182038
1
1
1
1
0.99755499025748
0.89617218411731
1
1
1
1
1
0.978679050426206
1
1
0.981691493859526
1
1
1
1
1
1
1
1
1
0.993659066815895
0.983324356585918
1
1
1
1
0.997481374492684
1
1
1
1
1
0.995192104729469
0.998266468576455
0.954297673991798
0.97019069107919
1
1
1
0.918348360033741
0.999990339195217
0.988217880530564
1
1
0.920570504332891
1
1
1
1
0.976845919711189
1
0.985512086707207
1
1
0.930797681875105
1
1
0.988217880530564
1
0.880569274052593
1
0.99542949573054
0.852149445173345
1
0.996633941592235
1
1
0.978263242727174
1
1
1
1
0.922640187753782
0.986180853258377
1
1
1
0.989545074460016
0.915419335126303
1
1
1
1
1
1
1
1
0.946220051256772
1
1
1
1
0.993793984271784
1
0.964414208725249
1
1
1
1
1
1
1
1
0.906171327108843
1
1
1
0.982557870148102
1
1
1
1
1
1
1
0.940104797701678
1
1
1
1
1
1
1
1
0.976400928182038
1
0.9718997321537
1
1
1
1
1
1
0.990292311524876
1
1
0.996416151967495
0.996606413883881
1
1
0.914778094602926
1
1
0.99688093581491
1
1
0.936949487780338
0.985654765558674
1
1
1
1
1
1
1
0.97919602009163
1
1
1
1
0.981411283690779
0.813654487901884
1
0.990845461260602
1
1
1
1
1
1
0.999772263796971
1
0.994374344923694
0.993391532012706
1
1
0.993941978725539
1
1
0.971733532287842
0.977253071641977
0.964414208725249
1
0.94623979928953
1
1
1
1
1
0.986201582201352
1
1
1
1
0.918348360033741
1
1
1
1
1
1
1
1
1
1
1
1
1
1
0.999743513247206
1
0.993941978725539
1
1
1
1
1
1
1
1
1
1
0.998437036905628
1
1
1
1
1
1
1
1
1
0.986233006067265
1
1
1
1
1
1
1
1
1
1
1
1
1
1
1
1
1
1
1
1
1
1
1
1
1
1
1
1
1
1
1
1
1
1
1
1
0.959141853215244
1
1
1
0.987452847083395
1
1
1
1
1
1
1
1
1
1
1
0.987762168477413
1
1
0.979869005609772
1
1
1
0.997481374492684
1
1
1
1
1
1
1
1
1
1
1
1
1
1
1
1
1
1
1
0.997481374492684
1
1
1
1
1
1
1
1
0.884392369947394
1
1
1
1
0.924864175494891
1
0.986201582201352
1
1
0.99688093581491
0.997161586424858
1
0.988113672358177
1
1
1
1
1
1
1
1
0.998437036905628
0.998747453986122
1
1
0.998266468576455
1
1
1
1
1
1
1
0.99362336946921
1
1
0.980017433324518
1
1
1
1
1
0.947679653600559
1
1
1
1
1
1
1
1
1
1
1
1
1
1
0.983218612783356
0.985654765558674
1
1
1
1
0.987438040337754
1
1
1
1
1
1
1
1
1
1
1
1
1
1
1
0.965535497882048
1
1
0.997481374492684
1
1
0.786395937045005
1
1
0.975593823272274
1
1
1
0.999534934493109
1
1
1
1
1
1
1
1
1
1
1
1
1
1
0.976400928182038
0.992473332579166
1
1
1
1
1
1
1
1
1
1
1
1
1
1
0.9909679963081
0.997465938804407
1
0.762603548910043
1
1
1
1
1
1
0.98659379569474
1
1
1
1
1
1
1
0.972303373834543
1
1
1
0.999469923605065
0.991262666824477
1
1
1
0.99962740624819
1
1
1
1
1
1
1
1
1
1
1
0.980899514963432
0.969783195614981
1
0.976201281213172
1
1
0.999990339195217
0.992473332579166
0.972302164980148
1
1
0.99962740624819
0.999502116752324
1
1
1
1
1
1
1
1
0.849381188877336
0.993925740956212
1
1
1
1
0.564909192373573
1
1
1
1
1
1
1
1
1
1
1
1
1
1
1
1
0.996313229189332
1
1
1
1
1
0.9837654380397
1
1
1
0.775078596075912
0.99939432370396
1
1
0.969783195614981
1
1
1
1
0.752181539207602
1
1
1
0.992473332579166
0.860428502858453
1
0.999118747508209
1
1
1
1
1
1
0.968252193778879
1
0.970675633817798
1
1
1
1
1
1
0.999772263796971
1
1
1
1
1
0.996606413883881
1
0.983623295488341
1
1
1
1
1
1
1
1
1
1
0.894077868765524
1
1
1
1
1
0.999772263796971
1
1
1
1
0.990067179720659
1
1
1
1
0.947679653600559
1
1
1
1
1
1
0.988844926643013
1
0.98433179525954
1
1
0.998170579149918
1
1
1
1
0.998266468576455
1
1
1
1
1
1
1
1
1
0.991191530313271
1
1
1
1
1
0.998574966407949
1
1
0.989545074460016
1
1
1
1
1
0.984830728674601
1
1
1
1
0.975170288051086
1
1
1
1
0.995333929780995
1
1
1
1
1
1
1
1
0.995657714137833
1
1
0.990067179720659
1
0.988844926643013
1
1
0.993474656904387
1
1
1
1
1
1
1
1
0.966809099864852
1
1
1
1
1
0.981691493859526
1
0.989085101583496
1
0.989085101583496
1
0.999581466476622
0.97360141858166
1
1
1
1
1
1
1
1
1
1
1
1
0.959454598150144
0.999309989422669
1
1
1
1
0.969433236977252
0.993391532012706
1
1
1
1
1
1
0.996169401171623
0.999457108525438
1
0.999854374277089
0.987371659303674
1
1
1
1
1
0.999441510763152
1
1
1
0.96257359059773
1
1
0.904491603863333
1
1
0.997465938804407
1
1
1
0.991180525635135
1
1
1
1
1
1
1
1
0.99784710301753
0.981411283690779
1
1
1
1
1
1
1
1
1
0.999330153706464
0.991990864626091
1
1
1
0.81936504049476
1
1
1
1
0.97919602009163
0.995396232414333
1
1
1
1
1
1
0.989085101583496
1
1
1
1
1
1
1
0.983466517830915
1
1
1
1
1
0.981691493859526
1
0.997161586424858
1
1
1
1
0.994744141314046
0.996633941592235
0.970630309418482
0.98530379655368
1
1
1
1
1
1
1
1
1
1
1
1
1
0.999469923605065
1
1
1
0.996054249143284
1
1
1
1
1
1
1
1
0.975502938635305
1
1
0.989566798379153
1
0.989872614930307
0.995842792588065
1
0.999296476942878
1
0.967669549567131
1
1
1
1
1
1
0.888107210993647
1
0.999534934493109
1
1
1
1
1
1
1
0.982098168862005
1
1
1
1
0.938687523231253
1
1
1
1
1
1
1
0.969885396314109
1
1
1
1
1
1
1
1
0.981691493859526
1
0.995773040551245
1
1
1
1
1
1
1
1
1
1
1
1
0.970744089439165
1
0.978667609657017
1
1
0.959884887923342
1
0.972303373834543
0.994374344923694
1
1
1
1
0.950899004532352
0.981616892333107
0.99755499025748
1
1
1
1
1
1
0.976400928182038
1
1
1
1
1
0.993941978725539
1
1
1
1
0.999904858698973
1
1
1
1
0.994374344923694
1
1
1
1
0.989232845303492
1
1
0.988844926643013
1
0.999538629902003
1
1
1
0.94623979928953
1
0.963013735120136
1
1
1
1
1
1
1
0.963430894009419
1
0.98907075247744
1
1
1
1
1
1
0.991262666824477
0.982933440602928
1
1
1
0.943448984368588
1
0.99416432372358
1
0.99688093581491
1
1
1
1
1
0.967810743670285
1
1
1
1
1
0.966886367669617
0.876072149594035
1
0.963122184321261
1
0.990067179720659
1
1
0.964026928146485
1
1
0.993659066815895
1
1
0.999854374277089
1
1
1
1
1
1
0.981691493859526
1
1
1
0.989149146043719
1
1
1
0.965535497882048
1
1
1
1
1
1
1
0.99416432372358
1
1
0.999904858698973
1
1
1
0.981691493859526
0.993793984271784
1
1
1
1
0.955681342497515
1
0.989706419614315
1
1
0.995333929780995
0.950381835979719
1
1
1
0.999896357117965
0.998170579149918
0.980052778316808
1
1
1
0.997465938804407
0.992519771634015
1
1
0.928343762481444
1
0.811953901029028
0.995065425695654
1
1
1
1
1
0.896612642303977
1
1
1
1
0.995503243759139
1
1
1
1
1
1
0.969885396314109
1
1
1
1
0.991560477700156
1
1
1
1
1
1
1
1
0.982557870148102
1
1
0.989249053673911
1
1
0.951165382655525
1
1
1
0.995212450303808
1
1
0.999118747508209
1
0.963323579979178
1
1
1
1
0.999934724545393
0.99720401984673
0.928343762481444
1
1
1
1
1
0.978349083713502
1
1
1
1
0.922765827578199
1
1
1
1
1
1
1
1
1
0.986549987629387
0.99622392230412
1
0.989219338114961
1
0.97352787886376
1
1
1
1
0.993774660370606
1
1
1
1
1
0.9909679963081
1
1
1
1
1
1
0.973826637998803
1
1
1
0.997862936213911
1
1
1
1
0.995503243759139
1
1
1
1
1
0.969783195614981
1
0.990067179720659
0.999580122406598
1
1
1
1
1
1
1
0.984295386556395
1
1
0.998747453986122
1
1
1
0.752181539207602
1
0.978667609657017
1
1
1
1
1
1
1
1
1
1
0.972302164980148
1
1
1
1
1
1
1
1
1
1
1
0.999416433554483
1
1
1
1
1
0.975980429586421
0.985191847528803
1
1
1
1
1
0.988844926643013
1
1
1
1
1
1
0.995904644640884
1
1
1
1
1
1
1
0.997862936213911
0.988844926643013
0.989219338114961
1
1
1
1
1
1
1
1
0.995773040551245
1
1
1
0.969184834865049
0.983022428160977
0.99416432372358
1
1
0.988934028279881
1
0.992257261027501
1
1
1
1
1
1
0.999681489501875
1
0.720751988624833
1
1
1
0.9004958073042
1
1
1
1
1
1
1
1
0.836063627951311
1
1
1
0.980052778316808
1
1
0.982989691471601
1
0.874274621772496
0.93326995088989
1
1
1
1
1
1
0.99939432370396
1
0.971733532287842
1
1
1
1
1
1
1
1
1
1
1
1
0.9837654380397
1
0.972652887944076
0.975593823272274
1
1
1
0.993391532012706
0.983623295488341
0.982989691471601
1
1
1
1
1
1
1
1
1
1
0.995503243759139
0.999299633051104
1
1
1
1
1
1
1
1
1
1
0.994374344923694
1
1
1
1
1
0.989615857449125
1
1
0.95901761229337
0.959454598150144
1
1
1
1
1
1
1
1
1
1
1
0.79484052440852
1
1
0.999534934493109
1
0.999304527399003
0.994687962275376
0.939411852986698
1
1
1
1
1
1
1
1
1
1
1
0.986133811838664
1
0.996129435325281
0.996606413883881
1
1
1
1
1
1
1
1
1
0.981691493859526
1
1
0.97576795140339
0.9837654380397
0.882137513960466
1
0.896612642303977
1
0.994374344923694
1
1
1
1
1
1
1
1
1
1
0.986777323823117
1
1
1
1
1
0.955238731653474
1
1
0.977072316510956
1
0.961363322499025
1
1
1
1
1
0.991990864626091
1
1
1
1
1
1
1
1
1
1
1
1
1
1
0.983623295488341
1
1
1
1
1
1
0.521776795196155
0.99755499025748
0.998574966407949
1
0.972051856647951
1
1
1
1
1
1
1
0.950080600881697
0.988844926643013
0.976201281213172
0.981975775696775
1
1
1
1
1
1
1
1
1
1
1
1
1
1
1
0.97940761477042
1
0.991990864626091
1
1
1
1
1
1
1
0.893701384835382
0.908749320189108
1
1
1
1
1
1
1
1
1
1
0.861254030702417
1
1
1
1
1
1
1
0.999580122406598
1
1
1
1
1
1
1
1
1
1
1
0.987798306885468
1
1
1
1
1
1
1
1
1
1
0.991191530313271
1
1
0.999990339195217
0.974927374165539
1
1
1
1
0.981985191504615
1
1
1
1
1
1
1
1
1
1
1
1
1
1
0.999372097397225
1
0.998437036905628
1
1
0.995396232414333
0.99688093581491
1
1
1
0.994744141314046
1
1
0.977947727459891
1
1
1
1
1
1
1
1
1
1
0.970675633817798
1
0.995557230591572
1
0.951856583220468
1
1
1
0.995503243759139
1
0.986778699431034
1
1
1
1
1
1
1
1
1
0.999299633051104
1
1
1
1
1
0.917849390645186
1
1
1
1
0.762603548910043
1
1
1
1
1
0.997161586424858
1
1
1
1
1
1
0.991560477700156
1
1
1
1
0.989706419614315
0.990845461260602
1
1
0.956873377176319
0.994846029703976
1
1
1
1
1
1
0.963122184321261
1
1
1
0.934238681008028
0.972652887944076
1
1
1
1
1
1
1
1
0.97360141858166
1
0.936413701038681
0.959141853215244
0.908962044492115
1
1
1
1
1
1
1
1
0.981691493859526
1
1
1
0.976249133658015
1
1
1
1
1
1
1
1
1
1
1
1
1
1
0.965577893422012
1
1
1
1
1
1
1
1
0.896612642303977
1
1
1
1
0.995396232414333
1
0.978349083713502
0.99720401984673
1
1
1
1
1
0.999904858698973
1
0.999681489501875
1
1
1
1
1
1
0.991587002894349
1
0.924561908745661
1
0.986777323823117
0.982557870148102
1
1
0.970630309418482
1
1
1
1
1
1
0.991990864626091
1
1
1
1
1
1
1
1
1
1
0.993391532012706
1
1
1
1
1
0.999896357117965
1
1
1
0.981616892333107
1
0.999684018166463
1
1
1
1
1
0.951081871910258
1
1
1
1
1
1
1
1
1
0.987798306885468
1
0.970630309418482
1
1
1
1
1
1
1
0.965577893422012
1
1
1
1
1
1
1
1
1
1
1
1
1
1
1
1
1
1
1
1
1
1
1
1
1
1
1
1
1
1
0.970675633817798
1
1
0.973826637998803
1
0.994374344923694
1
1
1
0.999684018166463
0.999118747508209
0.991990864626091
1
0.999678209315372
1
1
1
1
1
1
1
1
0.995396232414333
0.91876605499902
1
1
1
1
0.955238731653474
1
1
1
1
1
1
1
1
1
1
0.988113672358177
1
0.77228442859581
1
1
1
1
1
1
1
1
1
1
1
1
1
1
1
0.946996578752815
1
1
1
1
1
1
1
1
1
1
0.797669305338219
1
0.906171327108843
0.991262666824477
1
1
1
1
1
1
1
1
0.97560983606358
0.875771601437181
0.980207709288087
0.993774660370606
1
1
0.999457108525438
0.9837654380397
1
0.843265883814195
1
0.822210797101409
1
0.842313183998129
1
1
1
1
1
1
1
1
0.995842792588065
0.999772263796971
0.961144880769373
1
