x
1
1
1
1
1
1
1
1
1
1
0.983846840183897
1
1
0.997874638509499
1
1
1
0.998513471165954
1
1
1
1
1
1
1
1
0.943559567707811
1
1
1
0.983056800220907
1
0.998513616207439
0.971826990095337
1
0.993035122977216
1
1
1
0.973410278819109
1
1
0.991359400373162
1
1
1
1
0.841540824432906
1
1
1
0.93600639483825
1
1
1
1
0.995023154388858
0.988571375725229
1
1
1
0.995505304858156
1
1
1
0.911600566472203
1
0.950070571008607
1
1
1
0.994680852319616
0.972582766182955
0.994647586692697
1
1
1
1
1
0.990483217862342
1
1
1
0.955571085854485
1
1
1
1
1
1
1
0.999516430669742
1
0.996486194063665
1
1
1
1
0.898690290059806
1
1
1
1
1
1
1
1
1
1
1
1
1
1
1
1
1
1
1
0.973665882513027
1
1
1
1
0.997167994214744
1
1
0.955259580609495
0.887219412502888
1
0.98337621512741
1
1
1
1
1
1
0.943034674988736
1
1
1
1
0.99872352331801
0.991703348629085
1
0.972054886806457
1
1
0.963433197809027
1
1
1
1
1
1
1
1
1
1
1
1
1
1
1
1
1
0.999576486542449
1
0.987672972020706
1
1
1
1
1
1
1
0.96441725480841
1
1
1
1
1
1
0.997289596114167
1
1
1
1
1
1
1
1
0.96441725480841
1
0.997157848668123
1
1
1
1
1
1
0.885397195802624
1
1
1
0.983056800220907
1
1
1
1
1
1
1
1
1
1
1
1
0.974217330456581
1
1
1
1
1
1
0.998527401999925
1
1
1
1
1
1
0.989854939560905
1
0.971548681434957
1
1
0.97893921442154
1
1
1
1
1
1
1
1
1
0.965724018513376
1
1
1
1
1
0.999581858327999
0.96873248415766
1
1
1
1
1
1
0.953566494924879
1
1
1
1
0.995273876315242
0.995390438088351
1
1
1
1
1
1
0.997199044173805
0.943559567707811
1
1
1
0.984442880830587
1
1
1
1
1
1
1
0.993072402842466
1
1
1
1
1
1
1
1
0.997030619295036
1
1
1
1
1
1
0.958771593298981
1
1
0.99542502199826
1
1
1
1
1
1
1
1
1
1
1
1
1
0.99051520601259
1
0.991278030926946
1
1
1
1
1
1
1
1
1
1
1
1
1
1
1
1
1
1
1
1
1
1
1
1
1
1
1
1
1
1
1
1
1
1
1
1
1
1
0.978861973591564
1
1
1
0.993768709648777
1
1
1
1
1
0.993637680313934
1
0.963648016187232
0.991278030926946
1
1
1
1
1
1
1
0.889776914630898
0.984000373193415
1
1
1
1
1
1
1
1
0.993288854231386
1
1
1
1
1
1
1
1
1
1
0.931760392280559
1
1
1
0.783522235102077
1
1
0.989801238441975
1
1
0.991644494786614
1
1
1
1
0.999645255565739
1
1
1
1
1
1
1
1
1
1
0.963648016187232
1
1
1
0.992484880212447
1
1
0.989460290184542
1
1
0.993332739216858
1
1
1
0.976387687265386
1
1
1
1
1
1
1
0.958738452085774
1
1
1
1
1
1
1
1
1
1
1
1
1
0.901395504832861
1
0.991018399166389
0.885397195802624
1
1
1
1
1
1
0.993266945798898
1
1
1
1
0.998472479725569
1
1
0.993266945798898
1
1
1
1
1
0.991372199540323
1
0.950745916733991
1
1
1
0.993091514266626
1
1
1
1
1
0.95938481298169
1
0.998771363132887
1
1
0.999415289578594
1
1
0.972000181841128
1
1
0.997327987163996
0.980108195957647
1
0.984366244772187
1
1
1
1
1
1
1
1
1
1
1
1
1
1
1
1
1
1
1
0.998472479725569
1
0.972054886806457
1
1
1
1
1
1
1
0.988207074751961
1
1
1
1
1
0.991450379639612
1
1
1
1
1
0.983846840183897
1
1
1
1
1
1
1
1
1
1
0.99475197623887
1
1
1
1
1
1
1
1
1
0.874664415733647
1
1
1
1
1
1
1
1
0.973504853147204
1
1
1
1
1
0.953809800037979
1
1
1
1
1
1
1
0.855858587053795
1
1
1
1
1
1
1
1
1
1
1
0.967912182809417
1
1
1
1
1
1
0.998659106049712
1
1
1
1
0.940478643111768
1
1
1
0.994647586692697
1
1
0.941054371114736
1
1
1
1
1
0.995023154388858
1
1
1
1
1
0.996486194063665
1
1
1
1
0.997030619295036
1
1
1
1
1
0.986034786807734
1
1
0.999138478508963
0.950647283071246
0.978101700780159
1
1
1
1
1
1
1
1
1
1
1
1
1
1
0.903885865622449
0.998513471165954
1
1
1
1
0.999138478508963
0.978687269384559
1
1
1
1
1
1
1
1
1
1
1
1
1
0.993729124435251
1
1
0.948691771184031
1
0.963008490780348
1
0.980420219223097
1
1
0.995561509200384
0.93600639483825
1
1
1
1
1
1
1
1
1
1
1
1
1
1
1
1
1
1
0.951549540659207
0.937717505165454
0.983056800220907
1
0.995561509200384
1
1
1
0.991372199540323
0.995316014336937
1
1
0.9963577577711
1
0.934237244367292
1
1
1
1
1
0.993519489252455
0.957010070626263
0.993761916584277
1
1
0.999576486542449
0.996100319069734
1
1
0.997289596114167
1
1
1
1
1
0.950070571008607
0.973790510187806
1
0.979328537366734
1
1
1
1
1
1
0.993637297248196
0.994647586692697
0.984571052854313
0.999645255565739
1
1
1
1
1
1
0.998383470116229
1
1
1
1
0.984442880830587
1
0.992845685254708
0.989044586263781
1
1
1
1
1
1
1
1
0.998639241455735
1
1
1
1
0.985722507524243
1
0.991302499265176
1
1
0.984365148884243
1
1
0.982900193171784
1
1
1
1
1
1
1
0.999581858327999
1
1
1
1
1
1
0.96084967359971
1
1
1
1
1
1
1
1
1
0.956744163458291
1
1
1
1
1
1
0.996461593760484
0.981041135183068
1
1
1
1
1
0.91633950105475
1
1
0.988081459897466
1
0.939732052721576
1
1
1
1
1
1
1
1
1
1
1
1
1
1
1
1
1
1
1
1
1
0.991199858591169
1
0.999895958669374
1
1
1
1
1
1
1
0.99248267813048
1
1
1
1
1
1
1
1
1
1
1
1
0.955050587197523
1
1
1
1
1
1
0.999576486542449
0.99248267813048
1
1
1
1
1
1
1
1
1
1
1
0.998383470116229
1
1
1
0.996142609933684
0.942628406898669
1
0.998513471165954
1
1
1
0.979188392027922
1
1
1
0.983270596677949
0.911706968455059
1
1
1
1
1
1
1
1
1
1
1
0.990817715019531
1
1
1
1
0.985795561295169
1
0.983698912364371
1
1
0.995023154388858
0.991809924781856
1
1
1
1
1
1
1
1
1
1
1
1
0.994251995458264
1
1
1
1
1
1
1
1
1
0.988141471535484
1
1
1
1
1
1
0.996080126841795
1
1
1
1
1
1
1
1
1
1
1
1
1
0.981589892556401
1
1
0.974459445482418
1
1
1
0.984755235529932
0.99144446546961
0.998801359107799
0.991037960111638
1
1
1
1
1
0.997916007432763
0.96441725480841
1
1
1
1
1
1
1
1
1
1
0.991372199540323
1
1
1
1
1
0.990976895103313
1
1
1
1
1
1
1
1
1
1
1
1
1
0.97227178915274
0.999742460322636
1
1
1
1
0.99833541266817
0.99475197623887
1
1
0.98227450796975
1
1
1
1
1
1
1
1
1
1
1
1
1
1
1
0.998999813666
0.973665882513027
1
0.867109667259897
1
1
1
1
1
1
0.989801238441975
0.984132837466723
1
1
1
1
1
1
1
1
1
1
0.984365148884243
1
1
1
1
1
1
1
1
1
1
1
1
1
1
0.868887660885914
1
1
1
1
1
1
1
1
1
1
1
1
1
1
1
0.963341071708426
1
0.978645602475154
1
1
1
1
1
1
1
1
1
0.972582766182955
1
1
1
1
0.994718404746927
1
1
1
1
1
0.98183338308265
1
0.995186289081708
1
1
1
1
1
1
1
1
1
1
1
1
1
1
1
1
1
0.934623051531777
1
1
1
1
1
1
1
1
1
1
1
0.94922325233429
1
1
1
1
1
1
1
1
1
1
1
1
1
1
1
1
0.967912182809417
1
0.936826957373734
1
1
1
1
1
0.969999813697112
1
1
1
1
1
1
1
1
0.992131928448073
1
1
0.998472479725569
1
0.961059512275744
0.97726447549612
0.992486947056451
1
1
0.993683318040076
1
0.999581858327999
1
1
1
1
1
0.999415289578594
1
1
1
1
1
1
1
0.981476538929919
1
1
1
1
1
1
1
1
1
1
1
1
1
1
1
1
1
1
1
1
0.999415289578594
1
1
1
1
1
1
1
1
1
1
1
1
1
1
0.858525758397992
1
1
1
0.979506804256031
1
1
1
1
1
1
1
1
1
1
1
1
1
1
0.992298584699457
1
1
1
1
0.998383470116229
1
1
1
1
1
1
1
1
1
1
1
0.946449915193884
1
1
1
1
1
0.995181956028161
1
1
0.927006972330573
1
1
1
1
0.997916007432763
1
0.993683318040076
0.99881650561946
1
1
1
1
1
1
1
0.999895958669374
1
1
1
0.978289919535234
1
1
1
1
0.988963989277759
1
1
1
1
1
1
1
1
1
0.947780608999069
1
0.984365148884243
0.997158347806847
1
1
1
1
1
1
1
1
0.995336313877314
1
1
1
1
1
1
1
1
1
1
1
1
1
1
1
1
1
0.999397087507762
1
0.914354764806915
1
1
1
1
1
1
0.871558347563279
1
1
1
0.961295868472612
1
1
1
1
1
1
0.999742460322636
1
0.996080126841795
1
1
1
1
1
1
1
1
1
0.995023154388858
0.999635298424751
1
0.976747970407804
1
1
1
1
1
1
1
1
1
1
1
1
1
1
1
1
1
1
0.978861973591564
1
1
1
1
1
1
1
0.96233467578567
1
0.99475197623887
0.999392527800438
1
0.997289596114167
1
1
1
1
1
1
1
1
1
0.944719514528398
0.978289919535234
1
1
0.979059180860695
1
0.997158347806847
1
1
0.99275844160379
1
1
0.961484219419988
1
1
0.998472479725569
1
1
1
1
1
0.979506804256031
1
1
1
1
1
0.922135241244267
1
1
1
1
1
1
1
0.967912182809417
0.97227178915274
1
1
1
0.793415293830753
0.972582766182955
1
1
1
1
1
0.916773552916607
0.975432242855526
1
0.995316014336937
0.987714331428766
1
1
1
1
1
0.998513471165954
1
1
1
0.989854939560905
1
1
1
1
1
1
1
1
1
1
1
1
1
1
1
0.971332736284333
1
0.965423601845682
1
0.948691771184031
0.990011338430657
1
1
1
1
1
1
1
1
1
1
0.96581892654096
1
0.998755299789578
1
1
1
1
1
1
1
0.997213487631783
1
1
1
1
1
1
0.99475197623887
0.998557327311305
1
1
1
1
1
0.999645255565739
1
0.998270890066387
1
1
1
1
1
1
1
1
1
0.963856358190318
1
1
1
1
1
0.989335626930888
0.970947890089736
0.937943153140503
1
0.988252278380635
1
0.991277690118634
0.981589892556401
1
1
0.992484880212447
1
1
1
1
1
1
1
1
1
1
1
1
1
1
0.960438106653195
1
0.996993194510151
1
1
1
1
0.960947808341822
0.996142609933684
1
1
1
0.98317615187183
1
1
1
1
0.96952236366155
1
1
1
0.98317615187183
1
0.992985798008868
1
0.993247182209668
1
1
1
1
1
1
0.98673288322515
1
1
0.99833541266817
0.9963577577711
1
1
0.990483217862342
1
0.998551197085921
1
1
1
1
0.926804186569334
1
1
0.95158009183719
0.947877481628558
1
1
1
1
1
1
1
1
0.99051520601259
1
1
1
1
1
1
1
1
0.992098703494725
1
1
1
0.991620225656616
1
1
1
1
0.973418628079612
1
0.969999813697112
1
1
1
0.998928927855287
1
1
1
1
1
1
1
1
1
1
1
1
1
1
1
1
1
1
1
1
1
1
1
1
1
0.973665882513027
1
1
0.956409040847711
0.994433087084933
0.973343009072903
1
1
1
1
1
1
1
1
1
0.995273876315242
1
1
1
1
0.955050587197523
1
1
0.996486194063665
1
1
0.963856358190318
1
1
1
1
1
1
1
1
1
1
1
1
0.797942738865817
1
1
1
1
1
1
0.995604555273236
1
1
1
1
1
0.984571052854313
1
1
1
0.991963343691606
0.998658136302902
1
1
0.994251995458264
0.978289919535234
1
1
1
1
1
1
1
0.995342055229319
1
1
1
0.985178449566701
1
0.998527401999925
1
1
1
1
1
1
1
1
1
1
0.999645255565739
1
1
0.99872352331801
1
1
0.997213487631783
1
1
1
1
1
1
1
1
1
1
1
1
1
1
1
1
1
1
1
1
1
0.988853725326173
1
0.952676341994991
1
1
1
0.998854126862067
1
1
1
0.988970700666266
1
0.989271576537185
0.841540824432906
1
1
1
1
1
1
1
1
1
1
1
0.998123556577727
0.965704409154549
1
0.929989682901911
1
1
0.991359400373162
1
1
1
1
1
1
1
1
1
1
1
1
0.998548075715608
0.963433197809027
0.994562779329577
0.996142609933684
1
0.978101700780159
1
1
1
1
1
0.955560725936273
1
0.998999813666
0.973665882513027
1
0.902779181804314
0.993247182209668
1
0.984442880830587
1
1
1
1
1
0.965322782726003
0.960876045611271
1
0.991037960111638
0.992900891383134
0.911706968455059
1
1
1
1
0.993663494873486
0.973790510187806
1
1
1
0.973995194595787
1
1
0.984000373193415
1
1
0.978687269384559
1
1
1
0.983587621045367
1
1
1
1
0.99275844160379
1
1
1
0.994562779329577
1
0.995907847137823
0.992144925401512
1
1
1
1
1
1
1
1
1
1
1
1
1
1
0.978414963964766
1
1
1
1
1
0.99051520601259
1
1
0.988990904712753
1
1
1
1
0.995273876315242
1
1
1
1
1
1
1
1
0.995023154388858
1
1
1
1
1
1
1
1
1
1
1
1
1
1
1
1
0.991037261197659
0.901395504832861
1
0.980420219223097
1
1
1
1
1
1
1
0.96761507083731
1
0.993156295494777
1
1
0.963008490780348
1
0.983698912364371
1
0.96625465118853
1
1
1
1
0.922135241244267
1
1
1
1
0.99021693388657
1
0.998557327311305
1
1
0.995505304858156
1
1
0.99051520601259
1
1
1
1
1
1
1
1
0.995336313877314
1
0.993519489252455
1
1
1
1
1
1
1
1
1
0.999895958669374
1
0.99149896995951
1
1
0.894859521876691
1
1
1
1
1
1
0.989487760116221
0.978493726941594
1
1
1
1
1
1
0.988424378774421
1
1
1
1
0.991203916702572
1
1
0.998180070247956
0.985178449566701
1
1
1
1
0.993637680313934
1
1
1
1
1
1
0.943321041588858
0.988914939850219
1
1
1
1
1
1
1
1
1
1
1
1
1
1
1
1
1
0.998180070247956
1
1
1
1
1
1
0.996080126841795
1
1
1
1
0.988688265718869
1
1
0.959889540007771
0.995336313877314
1
1
1
1
1
1
0.99021693388657
1
1
1
1
1
1
1
1
1
1
1
1
1
1
1
0.988963989277759
1
1
1
1
0.973504853147204
0.993059866285474
0.990395185381759
1
1
0.954344717165306
1
1
1
1
1
1
1
0.969020025698912
0.97227178915274
1
0.976359539369508
0.999586289486912
1
1
1
1
1
1
1
1
1
1
1
1
1
1
1
1
1
1
1
1
1
1
1
1
1
1
0.974639866595929
0.984755235529932
1
0.936993097133841
1
1
1
0.951992946229759
1
1
1
1
1
0.999742460322636
0.993519489252455
1
1
1
1
0.986569425713088
1
1
1
0.998071948636325
1
1
1
1
1
1
1
1
0.996429202789534
1
1
1
1
1
1
0.996481912578703
1
1
1
1
1
0.990483217862342
1
1
1
1
1
0.971548681434957
1
1
1
1
0.964828996525202
1
1
1
1
1
1
1
1
1
0.999742460322636
0.998551197085921
1
1
1
1
1
1
1
1
1
0.997866479651753
1
1
1
1
1
1
1
1
1
1
1
1
1
1
1
1
1
0.999392527800438
1
0.954336386658549
0.991644494786614
1
1
1
1
1
1
1
1
1
1
1
0.995907847137823
0.997030619295036
0.981589892556401
1
1
1
1
1
1
1
1
1
1
1
1
1
1
1
1
1
1
0.951650078861978
1
1
0.978493726941594
0.998527401999925
0.987126405155451
1
0.9400027145186
0.99275844160379
1
1
0.993265197223639
1
1
1
1
1
1
1
1
1
1
1
1
1
1
1
1
1
1
0.988424378774421
1
1
1
1
1
1
0.990011338430657
1
1
1
1
1
1
1
1
1
0.999516430669742
0.945754502032705
1
0.946254229816308
1
1
1
1
1
1
0.992294725111549
1
0.978414963964766
1
1
0.998801359107799
1
1
1
1
0.996461593760484
1
1
1
1
1
1
1
1
1
1
1
0.995505304858156
1
1
1
1
1
1
1
1
1
1
1
1
0.99872352331801
1
0.967912182809417
1
0.942731084046184
1
1
1
1
1
1
0.893124316349966
1
1
1
1
0.991963343691606
1
1
1
0.99872352331801
1
0.984978107284941
1
1
1
1
0.999397087507762
0.998527401999925
1
1
1
1
1
1
1
1
1
1
1
1
0.991963343691606
1
1
1
0.978841832351126
1
1
0.965405803287044
1
1
1
1
1
1
1
1
1
1
1
1
1
1
1
1
1
1
1
1
1
1
1
1
1
1
1
1
0.984765756682565
1
1
1
1
1
1
1
1
1
1
1
1
1
1
1
1
1
1
1
0.99975436024461
1
0.973410278819109
1
1
1
0.991359400373162
1
1
1
1
1
1
1
1
1
1
1
1
1
1
0.993714762773274
0.999389155750913
1
1
1
0.955050587197523
1
1
1
1
1
1
1
1
1
1
0.983330365758949
1
1
1
1
1
1
1
1
1
0.958738452085774
1
0.991277690118634
1
1
1
1
1
1
0.9963577577711
1
1
1
1
1
1
1
1
0.997916007432763
1
1
1
1
1
0.994418133103245
1
1
1
1
1
0.980420219223097
0.978645602475154
1
1
1
1
1
1
1
1
1
0.99909670122305
0.97168418015696
1
1
1
1
1
1
1
1
1
0.910543296124357
1
1
1
1
1
0.998472479725569
0.982896644502542
1
1
0.967332413956494
1
1
0.994488815044541
1
1
1
1
0.954005200618191
1
1
1
1
1
0.961126524176999
0.968211280928149
1
1
1
1
1
0.980359161866426
1
1
1
1
0.985722507524243
1
1
1
1
1
0.963551480875501
0.960478149175908
1
1
1
1
1
1
1
0.998639241455735
1
1
1
1
0.951206382209793
1
1
1
1
1
1
1
1
1
1
1
1
1
0.980257420604237
0.978101700780159
1
1
1
1
1
1
1
1
1
1
1
1
1
1
1
1
1
1
0.998527401999925
1
1
1
1
1
1
1
1
0.965322782726003
0.993247182209668
1
1
0.993562425941989
1
0.99051520601259
1
1
1
1
1
1
1
1
0.655451273950385
0.985205897703694
1
1
0.96873248415766
1
0.993767426408793
1
1
1
1
0.985178449566701
0.998270890066387
1
1
1
1
1
1
1
1
1
1
0.991037261197659
1
1
1
1
0.99975436024461
1
1
1
1
1
1
1
0.985294838094441
1
1
1
1
1
0.994824667877565
1
0.991037261197659
1
0.984000373193415
1
1
1
1
1
1
1
1
0.9963577577711
1
1
1
1
1
1
0.979506804256031
1
1
1
1
1
1
1
1
0.991294848971016
0.947780608999069
0.891975984770903
1
1
1
1
1
0.993519489252455
1
1
0.96441725480841
1
1
1
1
1
0.993059866285474
0.988571375725229
1
0.97227178915274
1
1
1
1
0.993332739216858
0.940478643111768
1
1
0.981636858995812
1
1
0.9923948593867
1
1
1
1
1
1
1
1
1
1
1
1
1
1
1
0.999895958669374
1
1
1
0.993266945798898
1
1
1
1
1
0.988853725326173
0.998071948636325
1
1
1
0.963648016187232
0.99248267813048
1
1
0.993247182209668
1
1
1
1
1
0.985205897703694
1
1
1
0.810695323219641
0.991146184128908
1
1
1
1
0.999586289486912
1
1
1
1
1
1
1
1
1
1
1
1
1
1
0.971548681434957
1
1
1
1
1
1
1
1
1
1
1
1
1
0.957010070626263
1
1
0.989322320744275
0.991445816750919
0.998537783436199
0.985294838094441
1
1
1
1
1
0.955560725936273
1
1
1
1
0.99872352331801
1
1
0.983775388694989
0.949357035327396
0.949506945725381
1
1
1
1
1
1
0.971826990095337
0.998658136302902
0.975112275943106
1
1
1
1
0.995342055229319
1
1
1
0.903039147939082
1
1
1
0.961126524176999
0.983851561840667
1
1
0.995959628482317
1
1
1
1
1
1
0.956409040847711
1
1
1
0.956409040847711
1
1
1
1
1
1
1
1
1
1
1
1
1
1
0.995834904459327
1
0.965551429292808
1
0.999216056840765
1
1
1
0.991620225656616
1
0.978841832351126
0.92187824061082
1
1
1
1
1
1
1
1
1
1
0.95644863659162
1
1
1
1
1
0.988141471535484
1
1
0.988571375725229
1
1
1
0.965322782726003
0.977111847809759
1
1
1
1
1
1
1
1
1
1
0.949506945725381
0.978289919535234
0.993519489252455
1
1
1
0.95907088633593
1
1
1
1
0.994355477838277
1
1
1
1
1
1
0.992484880212447
1
0.999397087507762
1
1
1
1
1
1
1
0.977831662723334
1
1
1
1
1
0.956409040847711
1
1
1
1
1
1
1
1
1
1
1
1
1
1
0.991372199540323
1
1
1
1
1
1
1
1
1
0.996944481782303
0.989044586263781
0.998658136302902
1
1
1
1
1
0.998551197085921
1
1
1
1
1
1
1
1
1
1
1
1
1
1
1
1
1
1
1
1
1
1
1
1
1
1
1
0.982715504963057
1
1
1
1
0.993156295494777
1
0.953566494924879
1
1
1
1
1
1
1
1
0.984000373193415
1
0.973410278819109
1
1
1
1
1
1
0.995831085066075
1
1
1
1
0.992098703494725
1
0.993091514266626
0.855858587053795
1
1
0.931130771254545
1
1
1
1
1
1
1
1
1
1
1
0.993266945798898
1
1
1
1
1
0.983255813020716
0.988252278380635
1
1
1
1
0.99144446546961
0.976387687265386
1
1
1
1
0.962082048147975
1
0.984442880830587
1
1
1
0.97893921442154
0.977831662723334
1
1
1
1
0.855858587053795
1
1
1
1
1
1
1
0.98264715727679
0.956409040847711
1
1
1
1
1
1
1
1
0.998122240789992
1
0.994418133103245
1
1
1
1
1
1
0.988496302252865
1
1
0.974728886402779
1
1
1
1
1
1
1
1
1
1
1
1
1
0.844668917051326
1
1
1
0.969999813697112
1
0.985178449566701
1
1
0.99021693388657
1
0.999243692427916
0.999576486542449
1
1
1
1
0.984978107284941
1
1
1
1
1
1
1
1
1
1
1
1
1
1
1
1
1
1
1
1
1
1
0.991037960111638
1
0.999138478508963
1
0.954481197571435
1
0.993072402842466
1
1
1
1
1
1
1
1
0.91633950105475
1
1
0.994526584685416
1
0.963341071708426
1
1
1
1
1
1
1
1
1
1
1
1
1
0.991620225656616
1
1
1
1
1
0.993519489252455
0.993059866285474
1
1
1
0.976359539369508
1
1
1
1
1
1
1
1
1
1
1
1
1
0.971422382325155
1
1
1
1
1
0.993332739216858
1
1
1
1
1
1
0.981402203700807
1
1
1
1
1
1
1
1
1
0.999389155750913
1
1
1
0.968101224350811
0.994433087084933
1
1
1
0.99973549621603
1
1
1
0.95859151986723
1
0.926804186569334
1
1
1
0.971545843279705
1
1
1
1
1
1
1
1
1
1
1
1
1
1
1
0.963008490780348
1
0.998487395275714
1
1
1
0.997090278954392
1
1
1
1
1
1
1
1
1
1
0.911320842523167
1
0.999581858327999
1
1
1
1
1
0.991873104102308
1
1
0.96233467578567
1
1
1
0.961059512275744
0.973665882513027
1
1
0.989854939560905
1
1
1
0.996623540268326
1
1
1
0.975601736194196
1
0.90514057801139
1
1
1
1
1
1
1
0.993519489252455
0.880143724108418
1
1
1
1
1
1
1
1
1
1
0.971826990095337
1
1
1
0.990817715019531
1
1
1
1
1
1
1
0.993332739216858
1
0.941054371114736
1
1
0.996481912578703
1
1
1
1
1
1
1
1
1
1
1
1
1
0.992271042661832
1
1
1
1
1
0.978493726941594
1
1
1
1
1
1
0.987679617803183
1
1
1
1
1
1
0.998557327311305
1
0.988990904712753
1
1
1
1
1
0.992144925401512
0.984640810822335
1
1
1
1
0.998571869626251
1
1
1
1
1
1
1
1
1
1
1
1
1
1
0.991411565010517
1
1
1
1
1
1
1
1
1
1
0.956409040847711
1
1
0.976387687265386
1
1
1
1
1
1
1
0.998302449994901
1
0.946368020118763
1
1
0.953809800037979
1
1
1
1
1
1
1
0.997914469580455
1
1
1
1
1
1
1
0.957010070626263
1
1
1
1
1
1
1
0.962035444337928
1
1
1
1
0.99248267813048
1
1
1
1
1
0.974788011304269
1
0.990011338430657
1
1
1
0.998771363132887
0.99833541266817
1
1
0.993761916584277
0.985795561295169
0.999645255565739
0.9832497542361
1
1
0.99021693388657
1
1
1
1
1
1
0.98673288322515
1
1
1
1
1
0.999415289578594
0.9205128968189
1
1
0.985905146082076
0.99975436024461
1
1
0.979059180860695
0.980400996462528
1
1
1
1
1
1
1
1
0.984640810822335
1
0.991975050403669
0.970947890089736
1
1
1
1
1
1
1
0.98317615187183
0.988970700666266
1
1
1
1
1
0.999586289486912
1
1
1
1
1
1
0.935874611254757
1
1
1
1
1
1
1
1
0.992486947056451
1
1
1
1
0.996954741245337
1
1
1
1
0.973504853147204
1
1
1
1
1
1
1
1
1
1
1
1
1
1
1
0.96581892654096
0.948691771184031
1
1
1
0.991278030926946
1
1
1
1
1
1
1
1
1
0.984978107284941
1
1
1
1
0.998755299789578
1
1
0.999742460322636
0.968211280928149
1
1
1
1
0.98673288322515
1
1
1
1
1
1
1
1
0.99872352331801
1
1
1
1
1
1
1
0.998180070247956
1
1
1
1
1
1
1
1
1
1
1
1
1
0.962821351233407
1
1
1
1
1
1
1
1
1
1
1
1
1
1
1
1
0.976573332271766
1
1
0.980046259808744
1
1
1
1
1
1
1
0.949833508173545
1
1
1
0.982425400606133
1
1
1
0.974739894543299
1
1
1
1
1
1
1
1
1
0.942239417748647
1
1
1
1
1
0.992845685254708
1
1
1
1
1
1
1
1
1
0.951002680764381
1
1
0.974382216915989
1
1
1
1
1
1
1
1
1
1
1
1
0.999525803462554
1
0.998472479725569
1
1
1
1
1
1
1
1
1
1
1
0.967906884789437
1
1
1
1
1
0.977821922219321
1
0.977821922219321
1
1
0.993266945798898
1
1
1
1
1
1
1
1
1
0.974910779636382
1
1
1
1
1
1
1
0.980420219223097
0.996623540268326
1
1
1
1
1
1
1
1
1
0.995959628482317
1
1
1
1
1
1
1
1
1
1
1
1
0.995226213407966
1
1
1
1
1
1
0.994818322477936
1
1
1
1
1
1
1
1
0.964751649050121
1
1
1
1
1
1
1
1
1
1
1
1
1
1
1
1
0.98227450796975
1
0.973504853147204
0.987679617803183
1
1
1
0.998928927855287
0.985205897703694
0.99909670122305
1
1
1
1
1
1
1
1
1
1
1
0.970147926972128
0.999415289578594
1
1
1
0.971826990095337
0.983056800220907
0.96873248415766
1
1
1
1
1
0.995316014336937
0.995174718512546
1
1
1
1
1
0.995834904459327
0.998513471165954
1
1
1
0.992900891383134
1
0.995505304858156
1
1
0.999216056840765
1
1
1
1
1
1
0.997199044173805
1
1
1
1
1
1
1
1
1
1
1
1
1
0.969999813697112
0.993363074096491
0.974459445482418
1
1
0.999392527800438
0.981402203700807
1
0.998513471165954
1
1
1
1
1
0.998548075715608
1
0.985178449566701
1
0.921429729080163
1
1
1
1
0.878483409514189
1
1
0.991037960111638
1
1
1
1
1
0.991037960111638
1
1
1
1
1
1
1
1
1
1
0.99248267813048
1
1
1
1
1
1
0.969463146596572
0.934623051531777
1
1
1
1
1
1
1
0.89926290401893
1
1
1
1
1
1
0.995273876315242
1
1
1
0.985178449566701
1
0.993265197223639
1
1
1
1
0.970599248047452
1
1
1
0.99751161236716
1
1
1
0.983330365758949
1
1
1
1
0.991277690118634
1
1
1
1
1
0.993035122977216
0.991074504288369
0.96841108497804
1
1
1
1
0.998122240789992
1
0.955050587197523
0.998122240789992
1
1
1
1
1
1
1
0.993247182209668
0.991037261197659
1
0.992900891383134
1
1
1
1
1
0.983255813020716
1
1
0.995059175520512
1
1
1
1
1
0.997569266409638
1
1
1
1
0.996481912578703
1
1
0.999397087507762
0.98227450796975
1
1
1
1
1
1
1
1
0.977831662723334
1
1
1
1
1
1
1
1
1
1
1
1
1
1
0.98673288322515
0.991037960111638
1
1
1
1
1
1
1
1
0.980046259808744
0.978861973591564
0.95859151986723
1
0.999586289486912
1
1
0.977690177899612
1
1
1
0.990395185381759
0.971150330674645
1
1
1
1
0.993363074096491
0.989335626930888
1
1
0.998071948636325
1
1
1
0.991218452537315
1
1
0.965322782726003
1
1
1
1
1
0.982993574155914
0.739953027381981
1
1
1
1
0.979923211552558
1
1
0.94932453201908
1
1
1
0.979506804256031
0.99528663959777
1
1
1
1
1
0.998383470116229
0.993562425941989
0.978188538665614
1
1
1
1
1
1
0.991644494786614
0.878483409514189
1
1
1
1
1
1
1
1
1
0.99411534205526
1
1
1
1
1
1
0.958738452085774
1
0.998270890066387
1
1
1
0.981807102460562
1
0.98741877245308
1
1
1
1
1
1
1
1
1
1
1
0.993128520161834
0.975112275943106
1
1
1
1
1
1
1
1
1
1
1
1
0.998180070247956
0.944908921302526
1
0.961295868472612
1
1
0.988496302252865
1
0.9923948593867
1
1
1
1
1
1
1
1
1
1
0.997203808419026
0.96873248415766
1
1
0.943527837978497
1
1
0.971730361566174
1
1
1
1
1
1
1
1
1
1
0.992098703494725
1
0.92187824061082
1
1
1
1
1
1
1
0.989993728358512
0.987757881212356
1
1
1
0.975112275943106
1
1
1
1
0.953809800037979
1
0.864389137375835
1
1
1
1
1
1
0.993265197223639
1
1
1
0.981410986300673
0.956409040847711
1
1
1
1
1
1
1
1
1
1
0.998123556577727
1
1
0.984755235529932
0.99602675953462
1
1
1
1
0.802598327011602
1
1
0.995342055229319
1
1
0.997946601391544
1
1
1
1
0.998472479725569
1
0.96084967359971
1
1
1
1
1
0.988141471535484
1
1
1
1
1
1
0.998513471165954
1
1
1
1
1
0.995907847137823
1
1
1
1
1
1
1
1
1
0.996080126841795
1
1
0.994948007849363
1
1
1
1
1
1
1
1
1
1
1
1
1
1
1
1
1
1
1
1
1
1
1
1
1
1
1
1
1
1
1
0.974728886402779
1
1
0.946368020118763
1
1
0.974739894543299
1
1
1
0.998270890066387
1
1
1
0.979328537366734
0.992900891383134
1
1
1
1
1
1
0.968509933590529
1
0.997946601391544
1
1
1
1
1
1
1
1
1
1
1
1
1
1
1
1
1
1
1
1
1
0.998571869626251
1
1
1
1
1
1
1
1
1
1
0.973343009072903
1
0.993562425941989
1
1
0.998999813666
1
0.993363074096491
1
1
1
1
1
0.99051520601259
1
0.99872352331801
1
1
1
1
0.973418628079612
1
0.996429202789534
1
0.993332739216858
1
1
1
0.997946601391544
1
1
1
1
0.982896644502542
0.967912182809417
1
1
0.987672972020706
0.973665882513027
1
0.9614096312529
1
1
0.969020025698912
0.99475197623887
1
1
1
0.998928927855287
1
1
1
1
1
1
0.997916007432763
1
1
1
1
1
1
1
1
1
1
0.998658136302902
1
1
1
1
0.988141471535484
1
1
0.978289919535234
1
1
0.977690177899612
1
1
1
1
1
1
1
1
1
1
1
1
1
1
1
1
1
1
0.999635298424751
1
1
1
1
1
1
1
1
1
1
0.950647283071246
1
1
1
1
1
1
1
1
1
1
0.995831085066075
1
1
1
1
1
1
0.974459445482418
0.980420219223097
1
1
1
0.999516430669742
1
0.961484219419988
1
1
0.992486947056451
1
1
0.989854939560905
1
1
1
1
1
1
1
1
1
1
1
1
1
1
1
1
1
1
1
1
1
1
1
0.993265197223639
1
1
1
1
1
1
1
1
1
1
1
1
1
1
1
0.99872352331801
1
1
1
1
1
1
1
1
1
1
1
1
0.971332736284333
0.998801359107799
1
0.963433197809027
1
1
1
1
1
1
1
1
0.998527401999925
1
1
1
1
1
1
1
1
1
1
1
1
1
1
1
1
1
1
1
1
1
1
0.989854939560905
1
1
1
0.980046259808744
1
1
1
1
1
0.990011338430657
1
1
1
1
1
1
1
1
1
1
1
1
0.964443245853941
0.955050587197523
1
1
1
0.999397087507762
1
1
0.966396481279554
1
0.983698912364371
1
1
1
1
1
1
1
1
1
1
1
1
1
0.998513471165954
1
1
1
0.985905146082076
1
1
1
1
1
1
1
1
1
1
0.998755299789578
1
1
0.973504853147204
0.960438106653195
1
1
1
0.998123556577727
1
1
1
1
1
1
1
1
1
1
0.979630767505672
1
1
0.890145103039883
1
1
1
1
1
1
1
1
1
1
0.911320842523167
0.993768709648777
1
1
1
0.95158009183719
1
1
1
0.950070571008607
1
1
1
1
0.966214732184541
0.994680852319616
0.991540910632621
1
1
1
0.940478643111768
1
1
1
1
1
1
1
1
1
1
0.978645602475154
1
1
1
0.963433197809027
1
1
1
0.988424378774421
1
1
1
1
1
1
1
1
1
1
1
1
0.980257420604237
1
1
1
0.952676341994991
1
1
1
1
1
1
1
1
1
0.97835155081937
0.997097682978065
1
1
1
1
1
1
1
0.887219412502888
0.998999813666
1
1
1
0.964443245853941
1
1
1
0.805912189242522
0.992392559059418
1
1
1
0.983100382023187
0.951178941079913
1
1
1
1
0.95139217048039
1
1
1
1
0.860597024236895
1
1
1
1
1
1
1
1
1
1
0.946368020118763
1
0.868647347333542
1
1
1
0.988360194909963
1
0.775056460657856
1
1
1
1
1
0.78751784232054
0.988914939850219
1
1
1
1
1
1
1
1
1
1
0.998447535142492
1
1
1
1
1
1
0.998755299789578
1
0.978493726941594
1
1
1
0.983587621045367
1
1
0.998057582907932
0.96441725480841
1
0.983255813020716
1
1
1
1
1
0.954344717165306
1
1
1
1
1
0.984571052854313
1
1
1
1
1
1
1
1
1
1
1
1
1
1
1
1
1
0.924779160751289
0.991472809238841
1
1
1
1
1
1
0.984000373193415
1
1
1
0.995247067635278
1
1
1
1
1
1
1
1
1
1
0.94557226663809
1
1
1
1
1
1
0.997545874442318
1
1
1
1
0.994355477838277
0.984442880830587
0.990976895103313
1
1
1
1
1
0.885397195802624
0.86984492585926
1
1
1
0.998317858617087
0.991277690118634
0.973418628079612
1
1
1
0.98453490575561
1
1
0.977831662723334
1
1
1
1
1
1
1
1
0.994948007849363
1
1
1
1
0.995273876315242
1
1
1
1
1
1
1
1
1
1
0.998122240789992
1
1
1
1
1
0.928855152777591
0.983761930974863
1
0.99542502199826
1
1
1
1
1
1
1
1
1
1
1
1
1
1
1
1
0.989460290184542
1
1
1
1
0.963341071708426
0.875701521031627
1
1
1
1
1
1
1
1
1
1
1
0.970543834569165
1
1
1
1
1
0.991278030926946
0.994647586692697
0.979188392027922
1
1
1
1
1
1
1
1
1
1
1
1
1
0.877807406167581
1
1
0.971826990095337
1
1
1
1
1
1
0.993091514266626
1
0.992570221236804
1
1
1
1
1
0.998383470116229
1
0.979427233564163
0.99051520601259
1
1
1
0.998383470116229
1
1
1
1
1
0.968211280928149
1
1
1
1
1
1
1
1
0.989322320744275
1
1
1
1
1
1
1
1
1
1
0.992900891383134
1
1
1
1
0.872296203564549
1
1
1
1
1
1
1
1
1
1
1
1
1
1
1
1
1
1
1
1
1
1
1
1
0.961743835588574
1
1
1
1
0.989733108905387
1
1
0.993768709648777
1
1
1
1
1
1
0.998447535142492
1
0.976387687265386
1
0.998513616207439
1
1
1
1
0.98673288322515
1
1
1
0.926391689799946
0.931122487078391
1
1
1
1
1
1
1
0.792338798563338
1
1
1
1
1
1
1
1
1
1
1
0.996954741245337
1
1
1
1
1
1
1
1
1
1
1
1
1
1
1
1
1
1
1
1
0.898500089281212
1
1
1
1
1
1
1
0.979188392027922
0.97893921442154
1
1
1
1
1
1
1
1
1
1
1
0.998854126862067
1
1
1
1
1
1
0.998658136302902
1
1
1
1
1
0.985130775276046
0.969999813697112
1
1
1
0.997213487631783
0.999581858327999
1
1
1
1
1
1
1
1
1
1
1
1
1
1
1
1
1
1
1
1
0.997946601391544
1
1
1
1
1
1
0.993204570815495
1
1
1
1
1
0.997545874442318
0.998537783436199
1
1
1
1
1
1
1
1
1
0.842839272312462
1
1
1
1
1
1
1
1
1
1
1
1
1
1
1
1
1
1
1
1
1
1
1
1
0.971163951632663
1
1
1
1
0.969463146596572
0.991037960111638
1
1
1
1
0.999635298424751
1
1
1
1
1
1
0.982425400606133
0.961295868472612
1
0.994562779329577
1
1
0.9923948593867
1
1
1
0.990408749143363
0.950070571008607
1
1
1
1
1
0.998548075715608
0.932581824418717
1
1
1
1
1
1
1
1
1
1
1
1
1
1
1
1
0.963008490780348
0.99248267813048
1
1
1
1
0.973410278819109
1
1
0.998071948636325
1
1
1
1
0.99528663959777
0.998513471165954
1
1
1
1
1
1
1
1
1
1
1
0.97523222079758
1
1
1
0.991450379639612
0.992098703494725
1
1
1
1
1
1
1
1
1
1
1
1
1
1
0.979923211552558
1
1
0.988990904712753
1
1
0.962035444337928
1
1
1
1
1
1
1
0.999525803462554
1
1
1
0.984112305529348
1
0.965975474042895
0.93177220366455
1
1
1
1
1
0.99542502199826
1
1
1
0.988141471535484
1
0.981337451741541
1
1
0.930303104355613
1
1
0.998658136302902
0.996481912578703
1
1
1
1
1
1
1
1
1
1
1
0.993059866285474
1
1
1
1
1
1
1
1
1
0.981921543158275
0.924132253360257
1
1
1
1
1
1
1
1
1
1
1
1
1
0.975119103070563
1
0.867585762267659
1
1
1
1
1
0.991963343691606
1
0.898797398774908
1
0.978922797794311
1
1
1
1
1
1
1
1
1
0.934623051531777
0.977690177899612
0.992098703494725
1
1
0.999742460322636
1
1
1
1
1
1
1
1
1
1
0.997545874442318
1
1
1
1
1
0.981636858995812
1
1
1
1
1
1
1
1
1
1
0.991037960111638
1
1
1
0.972000181841128
1
0.994526584685416
1
1
1
1
0.995273876315242
1
0.984000373193415
1
1
1
1
1
0.963008490780348
0.97893921442154
1
1
1
1
1
1
1
1
0.988046031815388
1
1
0.973790510187806
1
1
1
1
0.992900891383134
0.989335626930888
1
1
1
1
1
0.997874638509499
1
1
1
0.991411565010517
1
1
1
0.968509933590529
0.961484219419988
1
1
1
1
1
1
0.95158009183719
0.855858587053795
0.993714762773274
1
1
0.99542502199826
1
1
1
1
0.993761916584277
1
1
1
1
0.978289919535234
0.964828996525202
1
1
1
1
1
1
1
1
1
1
1
0.985178449566701
1
1
1
1
1
1
0.993768709648777
1
0.998487395275714
1
1
1
1
0.997157848668123
1
1
0.984365148884243
0.998302449994901
1
1
0.998123556577727
1
1
1
1
1
1
1
1
0.993562425941989
1
1
1
0.998557327311305
1
1
1
1
1
0.934237244367292
0.95938481298169
1
1
0.993861735883706
1
1
1
1
1
1
1
1
1
0.998571869626251
1
1
1
1
1
0.964361039168616
1
0.99149896995951
0.99411534205526
1
1
1
1
0.998999813666
1
1
1
1
1
0.956744163458291
1
1
1
1
1
1
1
1
1
1
1
1
1
1
0.999138478508963
0.975112275943106
1
1
0.995505304858156
0.97523222079758
1
0.995336313877314
1
1
0.997545874442318
1
1
1
1
1
1
1
1
0.997327987163996
1
1
1
0.993900927060992
1
1
1
1
1
1
1
1
1
1
1
0.998771363132887
1
1
1
1
0.96441725480841
1
1
1
1
0.982387537805601
1
0.991703348629085
1
0.991037960111638
1
1
0.991963343691606
1
1
0.957891774018935
1
1
1
1
1
1
1
1
1
1
1
1
1
0.99411534205526
1
1
1
1
1
1
0.988970700666266
1
1
0.99872352331801
1
1
1
1
0.954481197571435
1
1
1
1
1
1
1
1
0.998801359107799
0.998513471165954
1
1
1
1
1
1
1
1
1
0.995273876315242
1
1
0.970582385465841
1
1
0.987829537532968
0.990408749143363
1
0.990483217862342
1
1
0.954344717165306
1
1
0.964487332276159
0.990011338430657
1
1
0.983540713149136
1
1
1
1
1
1
1
0.99975436024461
1
0.953210418511623
1
1
1
0.973410278819109
1
1
1
1
1
0.993363074096491
1
1
1
1
0.97227178915274
1
1
1
1
1
1
1
1
1
1
1
0.982042417374465
1
1
0.998548075715608
1
1
0.993519489252455
1
1
1
1
1
1
1
1
1
0.99541222096756
1
1
1
1
1
1
0.993156295494777
1
1
1
1
1
0.998548075715608
1
1
1
1
1
1
1
1
1
0.993059866285474
1
1
1
1
0.95859151986723
1
1
1
0.971826990095337
1
1
1
1
0.998302449994901
1
1
0.989854939560905
0.995561509200384
1
0.929989682901911
1
1
1
1
0.99248267813048
1
1
1
1
1
1
0.946449915193884
1
1
0.997866479651753
1
1
1
1
1
1
1
0.99975436024461
1
1
1
1
1
1
1
1
1
1
1
1
1
1
1
1
1
1
1
1
1
1
1
1
1
1
1
1
0.988141471535484
0.998548075715608
0.993714762773274
1
1
1
1
0.998551197085921
1
1
1
0.977111847809759
1
0.971383716112919
1
1
1
1
1
0.980046259808744
1
1
1
0.994418133103245
1
1
1
1
1
1
0.984640810822335
0.9963577577711
0.991620225656616
1
0.96441725480841
1
1
0.996461593760484
1
0.977690177899612
1
0.99021693388657
0.991445816750919
1
1
1
1
1
1
0.970391868414396
0.988907991943887
1
1
1
1
1
1
1
1
1
1
1
1
1
1
1
1
1
1
1
0.999586289486912
1
1
0.999645255565739
1
1
1
0.982380004692558
1
0.991540910632621
1
1
1
0.993288854231386
1
1
0.997946601391544
1
1
1
1
1
1
0.985592435119995
1
1
1
1
1
1
1
1
0.998659106049712
1
1
1
1
1
1
1
1
1
1
1
1
1
1
1
0.99909670122305
1
0.996486194063665
1
1
1
1
1
1
1
1
1
1
1
1
1
0.994433087084933
1
1
1
1
1
1
1
1
1
1
0.993761916584277
1
1
1
1
1
1
0.993900927060992
1
1
1
1
0.999645255565739
1
1
0.97227178915274
0.877871049258158
1
1
1
1
0.99872352331801
1
1
1
0.890221592406407
1
0.992131928448073
1
1
1
0.95158009183719
0.964828996525202
1
1
1
1
1
1
1
1
0.993714762773274
1
0.967912182809417
0.980420219223097
1
1
1
1
1
1
1
1
0.998513471165954
0.974739894543299
1
1
0.995316014336937
1
0.955560725936273
1
1
1
0.992985798008868
1
1
1
1
0.997158347806847
1
1
1
1
1
0.988046031815388
1
1
1
0.979064416453832
1
1
1
1
1
1
1
1
1
1
1
1
1
1
1
1
1
1
1
0.931130771254545
0.998322378842444
0.998755299789578
1
0.99144446546961
1
1
1
1
0.991873104102308
1
1
1
0.900976405705995
1
1
0.991090797881402
1
1
1
0.99872352331801
1
0.965322782726003
1
1
0.979188392027922
1
1
1
1
0.955899703990177
1
1
1
1
1
1
1
1
0.991037960111638
1
1
1
1
0.992570221236804
1
0.99142029227092
1
1
0.987672972020706
1
1
1
1
1
1
1
0.997170210351374
1
1
1
1
0.983851561840667
1
1
1
0.934577381793571
0.99751161236716
0.993204570815495
1
0.990408749143363
0.99703479707125
1
1
0.985394052081453
1
1
1
1
1
1
0.990976895103313
1
1
1
0.999645255565739
1
1
1
1
1
0.992135713388583
1
0.998383470116229
0.990011338430657
1
1
0.969020025698912
1
1
0.991873104102308
1
1
1
0.974459445482418
1
1
1
1
1
1
1
1
1
1
1
1
0.964751649050121
1
1
1
1
1
1
1
1
1
1
1
0.979793036890787
0.960478149175908
1
1
0.983775388694989
1
1
1
0.905250765380528
1
1
1
1
1
0.998537783436199
1
1
1
1
1
1
1
0.974788011304269
1
0.994433087084933
1
0.993204570815495
1
1
1
0.989460290184542
1
1
1
1
1
1
1
1
1
1
1
1
0.996080126841795
1
0.995831085066075
1
0.957585470886024
0.997946601391544
0.999392527800438
1
1
1
1
1
0.985839990524169
1
1
1
1
1
1
0.980046259808744
0.998857661586323
1
1
0.993714762773274
1
1
1
1
1
1
1
1
1
1
0.917991496203384
1
1
1
1
1
1
1
1
1
1
1
1
1
1
1
1
1
1
1
1
1
1
1
1
1
1
1
1
1
1
1
1
0.937582317926287
1
1
0.998317858617087
1
1
1
1
0.998071948636325
1
1
0.998122240789992
1
1
1
1
1
1
0.97195748583145
1
1
1
1
1
1
1
0.979506804256031
1
0.998999813666
1
1
1
1
1
1
1
1
1
1
1
0.999138478508963
1
1
1
1
1
1
1
0.991819748750764
0.976474588604194
1
0.988025772884555
1
0.990108344885747
1
1
1
0.998537783436199
1
1
1
0.968509933590529
0.998122240789992
0.992985798008868
1
1
0.989044586263781
0.993767426408793
1
1
1
1
1
1
1
1
1
1
1
1
0.999243692427916
1
1
1
1
1
1
1
1
1
0.988990904712753
1
1
1
1
1
1
1
1
1
0.975112275943106
1
1
1
1
1
1
1
1
1
1
0.999243692427916
1
0.998659106049712
1
0.987714331428766
1
1
1
1
1
1
1
0.991278030926946
0.950070571008607
1
0.995174718512546
1
1
1
0.998548075715608
1
1
1
1
1
0.998548075715608
1
0.964828996525202
1
1
1
1
1
1
1
1
0.985722507524243
1
1
1
1
0.978645602475154
1
1
1
1
1
1
0.961295868472612
0.991350498530155
1
1
1
1
1
0.988252278380635
1
1
1
1
1
1
1
1
1
1
1
1
1
1
1
1
0.983112460130948
1
1
1
1
1
1
1
0.99275844160379
1
1
1
1
0.996481912578703
0.995883724048566
1
0.840247244578222
1
1
1
1
1
1
1
1
1
1
1
1
1
1
1
1
1
0.983816837678314
1
1
0.998771363132887
0.975112275943106
1
0.984365148884243
1
1
1
1
0.989335626930888
1
1
1
1
1
1
1
1
1
1
1
0.974639866595929
0.980108195957647
1
1
0.954005200618191
0.997866479651753
1
1
1
1
0.998527401999925
0.978841832351126
1
1
1
1
1
1
1
1
1
1
0.992845685254708
1
1
1
1
1
1
1
1
1
1
1
1
1
1
1
1
1
1
1
1
1
1
1
1
0.991074504288369
1
0.985722507524243
1
1
1
1
1
1
0.99973549621603
1
0.964361039168616
1
1
0.963008490780348
1
1
1
1
1
1
1
1
1
1
1
1
1
1
1
1
1
1
0.980265121462026
1
1
1
1
1
1
1
0.964156862521701
0.928066058439192
1
1
1
1
1
1
1
1
1
1
1
0.934237244367292
1
1
1
1
1
1
1
1
0.973081097334278
1
1
1
1
1
1
1
1
1
1
1
1
1
1
1
1
1
0.999742460322636
1
0.992486947056451
1
1
1
1
1
1
0.999415289578594
1
1
1
1
1
0.943527837978497
1
1
1
1
1
1
1
1
1
1
1
0.998057582907932
1
1
0.96084967359971
1
1
1
1
1
1
0.95158009183719
1
1
1
1
1
1
1
0.993519489252455
1
1
1
1
1
1
1
0.995834904459327
1
1
1
1
1
1
1
0.991540910632621
1
1
1
1
1
0.991278030926946
1
1
1
0.992985798008868
1
1
1
1
0.996481912578703
1
1
1
1
1
1
0.993900927060992
1
1
1
1
1
1
0.9963577577711
1
1
0.992486947056451
1
0.95907088633593
1
1
1
1
1
1
1
1
1
1
1
0.997866479651753
1
0.993247182209668
0.997170210351374
1
0.993247182209668
0.998123556577727
1
1
1
1
1
0.994488815044541
1
1
1
1
1
1
1
1
1
1
0.953809800037979
1
0.937902210995308
1
0.991644494786614
1
1
1
1
1
1
1
1
1
0.994818322477936
1
1
1
1
1
1
1
1
1
0.973504853147204
0.993756247642213
1
1
1
1
1
0.998513471165954
1
1
1
1
0.99973549621603
1
0.968211280928149
1
1
1
0.990483217862342
1
0.954005200618191
0.99751161236716
0.943034674988736
1
1
0.988853725326173
1
0.956744163458291
1
0.992098703494725
1
0.990976895103313
1
1
1
0.998513471165954
1
0.954005200618191
1
0.883725553183133
1
0.996563183439517
1
1
1
1
1
1
0.993288854231386
1
1
1
1
1
1
1
1
1
0.977821922219321
1
0.992144925401512
0.988963989277759
1
1
1
0.998180070247956
1
1
0.985205897703694
1
1
0.971163951632663
0.992144925401512
1
1
0.998383470116229
0.998658136302902
1
1
0.99051520601259
1
0.992298584699457
1
1
1
1
1
0.934152365155245
1
1
1
1
0.999586289486912
0.999586289486912
0.96233467578567
1
1
1
0.99149896995951
0.991540910632621
1
1
0.960045509700132
1
1
1
0.999392527800438
1
1
1
1
1
1
1
0.887219412502888
1
1
1
1
0.877875545551724
0.994526584685416
1
1
1
1
0.998071948636325
1
1
1
0.964361039168616
1
1
1
1
0.961059512275744
1
1
1
1
1
1
1
1
1
1
1
1
1
1
1
1
1
1
1
0.990011338430657
1
1
1
0.993266945798898
1
1
0.896570162147633
0.994647586692697
1
1
1
0.999389155750913
1
1
1
0.991372199540323
1
0.974639866595929
1
1
1
0.978720219922145
0.993265197223639
1
1
0.98317615187183
1
1
0.93600639483825
1
1
1
1
1
1
1
1
1
0.992749358039369
0.991203916702572
1
1
1
1
1
1
1
1
1
0.996563183439517
1
0.991074504288369
1
1
0.97227178915274
0.979691026665768
1
1
1
0.926804186569334
1
1
1
0.999525803462554
1
1
1
1
1
1
0.98317615187183
1
1
0.999397087507762
1
0.993156295494777
1
1
0.917991496203384
1
1
1
1
1
1
1
1
0.992298584699457
0.992098703494725
0.966538887624515
1
0.999397087507762
1
1
1
1
0.793208376282527
1
1
0.992131928448073
1
1
1
1
1
1
1
1
1
1
1
1
0.994948007849363
1
1
1
1
1
1
0.993900927060992
1
1
1
1
1
1
1
1
0.95907088633593
0.984000373193415
1
1
1
1
1
1
1
1
1
1
1
1
1
1
1
1
0.989322320744275
1
1
1
1
1
1
1
1
1
1
1
1
1
0.966214732184541
1
1
1
1
1
0.981636858995812
1
1
1
1
1
1
1
1
1
1
1
1
1
1
0.998487395275714
1
1
1
1
0.910543296124357
1
1
1
0.965000832399759
1
1
0.987126405155451
1
0.999516430669742
1
1
1
1
1
1
1
1
1
1
1
1
1
1
1
1
1
0.98545001026371
1
1
1
1
1
0.916773552916607
0.99149896995951
1
1
1
1
1
1
1
0.961126524176999
1
0.987829537532968
1
0.995023154388858
1
1
1
1
1
1
1
1
1
1
0.985839990524169
1
0.990539340640976
1
1
0.998270890066387
1
1
1
0.957010070626263
1
1
0.976387687265386
0.980265121462026
1
1
1
0.986121162001214
0.998571869626251
1
1
1
1
1
1
1
0.999895958669374
0.9832497542361
1
1
0.992900891383134
1
0.993663494873486
0.889994881161495
0.976747970407804
1
1
1
1
1
1
1
1
1
1
0.981589892556401
0.846216809189826
0.998999813666
0.983056800220907
0.970147926972128
1
1
0.998551197085921
0.988306870055423
1
0.905355316502477
1
0.967332413956494
1
1
1
1
0.998513471165954
1
0.987673966252702
1
1
1
1
0.981476538929919
1
1
0.961484219419988
1
1
1
1
1
1
1
1
1
1
0.995342801909077
1
0.978645602475154
1
1
1
1
1
1
0.815691489875112
1
1
1
1
1
1
1
1
0.998659106049712
1
1
1
1
1
1
1
0.993059866285474
1
1
0.867585762267659
1
1
0.838633393497783
1
0.976573332271766
0.981589892556401
1
0.999243692427916
0.996080126841795
1
1
1
1
0.998527401999925
0.998302449994901
1
1
1
1
1
1
1
0.992845685254708
1
1
1
1
1
1
0.983330365758949
1
1
1
1
0.998180070247956
1
1
1
1
1
0.997569266409638
1
1
1
1
1
1
1
1
1
1
1
1
1
1
1
0.993565184710984
0.995316014336937
1
0.993683318040076
1
1
1
1
0.951549540659207
1
1
0.96625465118853
1
1
1
1
1
1
0.99872352331801
1
1
1
1
1
0.951354184670136
1
1
1
1
0.863886435594922
0.956252145546899
0.963433197809027
1
1
1
1
0.991873104102308
1
1
1
1
1
1
1
1
1
1
1
1
1
1
0.99833541266817
1
1
1
1
0.99872352331801
1
1
0.993519489252455
1
1
1
1
1
1
1
1
1
1
1
1
0.998527401999925
1
0.995226213407966
1
0.960478149175908
1
1
1
1
1
1
1
1
0.976387687265386
1
1
0.998122240789992
0.988046031815388
1
1
1
1
1
1
0.968211280928149
1
1
0.979506804256031
0.810166676224097
1
1
1
0.999586289486912
1
1
1
0.998548075715608
1
1
1
0.963672438244554
1
1
1
1
1
1
0.980420219223097
1
1
1
0.947780608999069
0.982425400606133
1
1
1
1
0.98317615187183
1
1
1
1
1
1
0.981402203700807
1
0.984365148884243
1
1
1
1
1
1
1
1
1
1
1
1
1
1
0.99411534205526
1
0.979923211552558
1
1
1
0.978645602475154
1
0.998123556577727
0.992131928448073
1
1
1
1
0.997874638509499
1
1
1
1
1
1
0.996481912578703
0.997213487631783
1
1
1
0.940478643111768
1
1
1
1
1
1
1
1
1
0.98337621512741
1
1
0.988688265718869
1
1
1
1
1
1
1
1
1
1
1
1
1
0.991350498530155
1
1
1
1
1
1
1
1
0.989460290184542
1
1
1
1
0.997961897306087
0.977831662723334
1
1
0.997301118856115
1
1
1
1
1
0.981410986300673
0.915063667827179
0.995273876315242
1
1
1
1
0.984640810822335
1
1
0.979188392027922
1
0.965423601845682
1
1
1
1
0.931760392280559
1
1
0.992486947056451
0.995561509200384
0.981526810268583
1
1
1
1
1
1
1
1
1
0.998659106049712
1
0.99051520601259
0.965423601845682
1
1
1
1
1
1
0.998180070247956
1
0.902088890467479
1
0.934623051531777
0.993059866285474
1
0.991278030926946
1
0.991359400373162
0.961059512275744
1
1
1
0.817009314227995
0.996481912578703
1
1
1
1
1
0.984132837466723
1
1
1
1
0.977690177899612
1
1
0.974639866595929
1
1
0.993247182209668
1
0.955050587197523
1
1
1
1
1
1
1
1
0.999525803462554
1
1
1
1
1
1
1
1
0.99833541266817
1
0.995342801909077
1
1
1
1
1
1
1
1
1
1
1
1
1
0.936162848246392
1
1
1
1
1
0.96581892654096
1
1
1
1
1
1
1
1
1
0.967262673878448
0.991450379639612
1
1
1
1
0.979923211552558
1
0.999635298424751
0.978289919535234
1
1
1
1
1
1
1
1
1
0.98227450796975
1
1
1
1
1
1
0.996100319069734
0.977821922219321
1
1
1
1
0.95907088633593
1
1
1
1
1
1
0.999576486542449
1
0.991620225656616
0.993091514266626
1
0.991991903961792
1
1
1
1
0.95333315622122
1
1
1
1
1
1
1
1
0.96842008589711
1
0.93600639483825
0.993266945798898
1
1
1
1
1
1
1
1
1
1
1
1
1
0.99511285409682
1
1
1
1
1
1
0.992900891383134
1
1
1
1
1
0.998322378842444
1
1
1
0.995342055229319
1
1
1
1
1
1
1
1
1
1
1
0.996481912578703
1
1
1
1
1
1
1
1
1
1
1
0.988496302252865
1
0.983255813020716
0.993562425941989
1
1
1
1
1
1
1
1
0.996486194063665
1
0.993156295494777
1
1
1
1
0.936531735442829
0.992131928448073
1
1
1
1
1
1
0.995186289081708
1
1
0.99881650561946
1
0.988853725326173
1
1
1
0.984571052854313
1
1
1
1
1
1
1
1
1
1
1
1
1
0.979188392027922
1
1
1
1
1
1
1
1
1
1
1
1
1
1
1
1
1
1
1
1
1
1
1
1
1
0.968211280928149
1
1
1
0.977821922219321
1
0.974217330456581
1
1
0.956409040847711
0.982896644502542
1
1
1
1
0.994948007849363
1
0.99909670122305
1
1
1
1
0.995023154388858
1
1
1
1
1
1
1
0.982896644502542
0.98545001026371
1
1
1
1
1
1
1
1
1
1
1
1
1
0.905250765380528
1
0.997167994214744
0.971826990095337
1
1
1
1
1
1
1
1
0.975408173561836
1
1
1
1
1
1
1
0.9963577577711
1
1
1
1
0.978289919535234
1
1
1
1
1
0.999637879224576
0.998123556577727
1
1
1
0.99475197623887
1
1
1
0.975119103070563
0.968211280928149
1
1
1
1
1
0.999645255565739
1
0.989335626930888
1
0.992900891383134
1
0.987672972020706
1
1
1
1
1
1
0.998658136302902
1
1
1
0.979188392027922
1
0.991472809238841
1
0.888682062312803
1
0.998472479725569
1
0.97914424122521
1
1
0.967262673878448
1
1
1
0.958738452085774
0.999525803462554
1
1
1
1
1
1
1
1
0.984442880830587
1
0.984365148884243
1
0.981589892556401
1
1
1
1
1
1
1
0.979064416453832
0.963433197809027
0.949391120240521
0.979793036890787
0.995186289081708
1
1
1
1
0.972582766182955
1
1
1
1
1
1
1
1
1
1
1
0.935928300652724
1
1
1
1
1
1
1
0.737495588105019
1
1
1
1
1
1
1
1
0.993714762773274
0.965322782726003
1
1
1
1
1
0.978645602475154
1
1
1
1
1
1
1
1
1
1
0.999389155750913
1
1
1
1
1
1
1
1
1
1
0.995505304858156
1
0.925734960183642
1
1
1
1
1
0.999576486542449
1
1
1
1
1
1
0.988326661466038
1
1
1
1
1
1
1
1
1
0.97195748583145
1
1
1
1
1
1
1
1
1
1
1
1
1
1
1
0.993266945798898
0.993204570815495
0.863886435594922
1
1
1
1
0.991540910632621
0.99542502199826
1
1
0.961295868472612
1
1
1
1
1
1
0.998487395275714
1
1
1
0.965322782726003
1
0.992983493818319
1
1
1
1
1
1
1
1
1
0.905355316502477
1
1
1
0.998659106049712
0.999586289486912
1
0.997030619295036
1
1
1
1
1
0.983388443575658
1
1
0.998513616207439
1
0.999397087507762
0.993683318040076
0.983053801496916
1
1
0.998123556577727
1
1
1
1
1
1
1
1
1
1
1
1
1
1
1
1
1
1
1
1
1
0.98453490575561
1
0.87526608084281
1
1
1
0.965423601845682
1
0.98545001026371
1
0.955050587197523
1
0.989322320744275
1
1
0.979328537366734
1
1
1
0.995181956028161
1
0.998180070247956
1
1
0.998548075715608
1
0.905355316502477
1
1
1
1
0.997866479651753
1
1
1
1
1
0.953809800037979
1
1
1
1
1
1
1
1
0.956913756816352
1
1
1
1
1
0.997545874442318
0.993313953818827
0.986034786807734
0.984112305529348
1
0.943559567707811
1
0.999525803462554
0.942731084046184
1
1
1
1
1
1
0.988853725326173
0.941139059674156
1
1
1
0.97726447549612
1
1
1
1
1
1
0.968283384379994
1
0.975432242855526
0.993768709648777
1
1
1
0.944908921302526
1
0.983846840183897
0.995316014336937
1
1
1
1
1
1
1
1
1
1
1
0.983330365758949
1
1
1
1
1
0.967436880328192
1
1
0.973665882513027
1
1
0.955571085854485
0.978687269384559
1
1
1
1
1
1
1
1
1
1
1
1
1
1
0.939797726025916
1
0.957585470886024
1
1
0.998537783436199
0.994488815044541
1
1
1
1
1
1
0.980108195957647
1
1
1
0.998537783436199
1
1
1
1
1
1
0.991679802235632
1
1
0.993683318040076
1
1
1
1
1
0.978414963964766
1
1
1
1
1
1
1
1
1
1
1
1
1
1
1
0.993265197223639
1
1
1
1
0.972087664722952
1
1
1
1
1
0.951354184670136
1
1
1
1
1
1
1
0.998472479725569
1
1
1
1
0.978841832351126
1
0.995505304858156
1
0.95158009183719
1
0.979188392027922
1
0.995186289081708
1
1
0.991620225656616
1
1
1
0.993363074096491
1
1
0.981259969371071
1
1
0.980400996462528
0.979059180860695
1
1
1
1
1
1
1
0.997167994214744
1
1
1
1
1
1
1
1
1
1
1
1
1
1
1
1
1
1
0.988990904712753
1
1
0.962035444337928
1
0.974678424881358
0.99051520601259
1
1
0.995505304858156
1
1
1
1
1
1
1
1
1
1
1
1
1
1
1
1
0.771446949824797
0.81344209056144
1
1
1
1
1
1
1
1
1
1
1
1
0.988560358762507
1
1
1
1
0.999525803462554
1
1
0.971219769581625
1
1
1
1
1
1
1
0.99872352331801
1
1
1
1
1
1
1
1
1
1
1
0.965724018513376
1
1
0.953809800037979
1
1
1
1
1
0.996080126841795
1
1
1
1
1
1
0.997157848668123
1
1
0.889719479014032
1
1
1
0.980420219223097
1
1
1
1
0.999415289578594
1
1
1
1
1
1
1
0.998123556577727
1
1
1
0.999525803462554
1
0.93600639483825
1
1
1
1
1
1
1
1
1
1
1
1
1
0.985905146082076
1
1
1
1
1
0.999742460322636
0.993565184710984
0.998317858617087
0.99411534205526
1
1
1
1
1
1
1
1
1
1
1
0.984338837856215
1
1
1
1
1
1
1
0.995336313877314
1
1
1
0.965322782726003
1
0.99248267813048
0.932413370310335
1
1
1
1
1
0.999392527800438
1
1
1
1
1
1
1
1
1
1
1
0.997866479651753
1
1
0.971826990095337
1
1
1
1
1
1
1
1
1
1
1
1
1
1
0.996486194063665
1
1
1
1
0.97893921442154
1
1
1
1
0.943559567707811
1
1
1
1
0.999645255565739
1
1
0.993729124435251
0.992845685254708
1
0.993565184710984
1
0.99475197623887
1
1
1
0.967912182809417
1
1
1
1
1
1
1
1
0.988970700666266
1
1
1
1
0.993091514266626
1
1
1
1
1
1
1
0.986309966198853
1
1
1
1
1
1
0.973575871187969
1
1
1
0.988046031815388
1
1
1
0.985722507524243
1
1
0.998383470116229
1
1
1
1
1
1
1
1
1
1
1
1
1
1
1
1
1
0.97893921442154
1
1
1
1
0.988252278380635
0.998639241455735
1
1
0.993385568326827
1
1
1
1
1
0.999645255565739
1
0.998513616207439
1
0.995336313877314
1
1
0.99872352331801
0.998659106049712
1
1
1
1
1
1
1
1
1
1
0.993204570815495
1
1
1
0.993266945798898
1
1
1
1
1
1
1
1
1
1
1
0.96899619168677
1
0.996780153311462
1
0.990817715019531
0.993714762773274
1
1
1
1
0.948691771184031
1
1
1
1
0.985178449566701
1
0.98024822813308
1
1
0.974382216915989
1
1
1
1
1
1
1
1
1
1
1
1
1
1
1
1
1
1
1
1
1
1
1
1
1
1
1
1
1
1
1
1
0.998658136302902
0.959554192268939
0.990976895103313
1
0.825409513535966
1
1
0.805911514114589
1
1
0.998383470116229
0.964751649050121
1
0.793428465810674
1
1
1
1
1
1
0.995316014336937
1
1
1
0.981041135183068
1
1
1
1
1
1
1
1
1
1
0.991679802235632
1
1
1
0.984571052854313
0.997569266409638
0.99881650561946
1
1
1
1
1
1
1
1
1
1
1
1
1
1
1
1
1
0.953809800037979
1
1
1
1
1
1
1
1
1
1
1
1
1
1
1
0.97523222079758
1
1
1
1
1
1
1
1
1
1
1
1
1
1
1
0.992985798008868
1
1
1
0.998057582907932
1
1
1
1
1
1
1
1
1
1
0.994818322477936
1
1
1
1
1
1
0.979059180860695
1
1
1
1
1
1
0.943559567707811
1
1
1
0.993059866285474
1
1
0.97168418015696
1
1
1
1
1
1
1
1
1
1
1
1
1
1
1
1
1
1
1
1
1
1
1
0.99542502199826
1
0.948691771184031
0.996481912578703
1
1
1
1
1
1
1
1
0.994784186647573
1
1
1
1
0.988853725326173
1
0.983587621045367
1
1
1
1
1
1
1
1
1
1
0.993761916584277
1
1
1
1
1
1
1
1
1
1
1
1
1
1
0.960876045611271
0.998551197085921
1
1
1
1
1
1
1
1
1
1
1
1
1
1
1
1
1
1
1
0.983568037911313
1
1
1
1
1
0.998317858617087
0.96441725480841
1
1
1
1
1
1
1
1
1
1
1
1
1
1
1
1
1
1
1
1
0.978289919535234
1
1
0.998513471165954
0.993332739216858
1
0.999397087507762
0.92837541262926
1
0.998472479725569
0.974728886402779
0.960478149175908
1
1
1
1
1
1
0.993247182209668
0.993332739216858
1
1
1
1
1
1
1
1
1
1
1
1
1
1
1
1
1
0.99973549621603
1
1
1
1
1
1
1
1
1
0.990408749143363
0.980420219223097
1
1
1
1
0.966538887624515
1
1
1
1
1
0.998071948636325
0.949833508173545
1
1
0.993147483955097
0.967245551747701
1
0.96084967359971
1
1
0.963341071708426
1
1
1
1
1
1
1
0.983587621045367
1
1
0.978289919535234
1
1
0.999415289578594
0.965159510958383
1
1
1
1
1
1
1
0.978414963964766
1
1
1
0.91633950105475
1
1
1
1
1
1
1
1
1
0.926804186569334
1
1
1
1
0.911706968455059
1
1
1
1
1
1
1
0.993714762773274
1
1
1
0.999516430669742
1
1
1
1
1
0.995273876315242
1
1
1
1
1
0.913659250989411
1
1
1
1
0.967912182809417
1
1
0.991963343691606
1
1
1
1
0.990108344885747
1
1
1
1
1
1
1
1
1
1
1
1
1
1
1
1
0.992294725111549
1
0.996429202789534
1
1
1
1
1
1
1
1
1
1
1
0.991963343691606
1
1
1
1
1
0.977111847809759
1
1
1
1
1
1
1
1
1
1
1
1
1
1
1
1
1
1
0.986121162001214
1
1
0.999392527800438
1
1
1
1
0.999895958669374
1
1
1
0.995831085066075
1
1
1
1
0.99909670122305
1
1
1
1
1
1
1
1
1
1
1
1
1
1
1
1
1
1
1
0.998383470116229
1
1
1
0.991963343691606
1
1
1
1
1
1
1
1
1
1
1
1
1
1
0.999635298424751
1
1
1
1
0.99909670122305
0.967906884789437
0.99872352331801
1
0.896570162147633
1
0.993761916584277
1
1
0.905250765380528
1
1
1
0.974910779636382
1
1
0.997203808419026
1
0.978841832351126
1
1
1
1
0.974382216915989
1
1
0.966538887624515
1
1
1
1
1
1
0.963433197809027
1
1
1
1
1
1
1
1
0.974728886402779
1
1
1
1
1
1
1
1
1
1
1
1
1
1
1
1
1
1
0.960876045611271
1
1
1
1
1
0.899532744358171
1
1
0.999243692427916
1
1
1
0.978875918587721
0.928066058439192
0.988424378774421
1
1
1
0.996993194510151
1
1
1
1
1
1
1
1
0.984000373193415
1
1
1
1
1
0.982425400606133
1
1
1
1
0.953809800037979
1
1
1
1
1
1
1
1
0.982528522947265
1
1
0.96084967359971
1
1
1
1
1
1
1
1
1
1
1
0.882068930388461
1
1
1
1
0.997545874442318
0.998557327311305
1
1
1
1
1
1
1
1
1
1
1
1
1
1
1
1
1
1
0.991703348629085
1
1
1
1
1
1
1
1
0.971163951632663
1
1
1
1
1
1
1
1
1
0.96952236366155
0.974382216915989
1
1
0.988853725326173
0.978493726941594
1
1
0.998270890066387
1
1
1
1
1
0.964751649050121
1
1
1
1
1
1
0.997199044173805
0.998537783436199
1
1
1
1
1
1
0.951992946229759
1
1
1
0.995505304858156
1
1
1
0.974382216915989
0.983056800220907
1
1
1
1
1
1
1
1
1
1
1
1
1
1
1
1
1
0.876733993921298
0.962821351233407
1
0.955050587197523
1
1
1
1
1
0.989555816009069
1
1
1
1
1
1
1
1
1
1
0.99542502199826
1
1
1
0.951206382209793
0.98024822813308
1
1
1
1
1
1
1
1
0.952676341994991
1
1
0.973410278819109
1
1
1
1
1
0.989487760116221
1
0.999216056840765
1
1
1
1
0.998551197085921
1
1
0.997946601391544
1
1
1
1
1
1
0.998537783436199
1
0.973410278819109
1
1
1
0.965000832399759
0.995552958851807
1
0.98227450796975
1
0.996142609933684
0.980334057340385
1
1
0.979064416453832
1
1
0.992486947056451
1
0.998548075715608
1
1
0.893453249470513
1
0.998801359107799
1
0.936826957373734
1
1
1
0.912933418917039
1
1
1
1
1
1
0.998857661586323
1
1
1
1
1
0.991540910632621
1
1
1
1
1
1
0.929989682901911
1
1
0.991644494786614
1
1
1
1
1
1
1
1
0.976359539369508
1
1
1
1
1
1
0.998270890066387
1
1
1
1
1
0.993091514266626
1
1
1
1
1
1
1
0.993900927060992
1
1
1
1
1
1
1
1
1
1
1
1
1
1
1
1
1
1
1
0.93845753594638
1
1
1
0.934577381793571
0.992915329501878
0.996142609933684
1
1
0.941054371114736
1
1
0.963008490780348
0.96842008589711
1
0.999397087507762
0.963433197809027
1
1
1
1
0.99975436024461
1
0.96842008589711
1
0.998527401999925
1
1
0.99602675953462
0.999389155750913
1
1
1
0.9832497542361
1
1
1
1
1
1
1
1
1
1
1
0.95958064413424
1
1
1
1
1
1
1
1
1
1
1
0.997170210351374
1
1
1
1
1
1
0.973575871187969
1
1
1
1
1
1
1
0.996563183439517
0.965032704652147
1
1
1
1
1
1
1
1
1
1
1
0.980257420604237
0.956409040847711
1
0.858525758397992
1
1
1
1
0.939732052721576
1
1
1
1
1
1
1
1
1
1
1
1
1
1
1
0.997946601391544
1
1
0.978289919535234
1
1
1
1
1
1
1
1
1
1
1
0.969999813697112
1
1
0.965724018513376
0.998854126862067
1
1
0.99975436024461
0.980359161866426
1
1
1
1
1
1
1
0.984640810822335
1
1
0.977821922219321
1
1
0.988046031815388
1
1
1
1
1
1
1
1
1
0.993035122977216
0.999516430669742
1
1
0.988963989277759
1
1
1
0.997030619295036
1
1
1
1
1
1
1
1
1
1
1
1
1
0.979506804256031
1
1
1
1
1
1
1
1
1
1
1
1
1
1
1
1
1
0.949833508173545
0.975889497519362
1
1
1
1
1
1
0.995561509200384
1
0.999586289486912
1
1
1
1
1
1
1
1
0.993265197223639
1
1
0.984640810822335
1
1
0.991350498530155
1
0.996486194063665
0.990483217862342
1
1
0.984978107284941
1
1
1
1
0.998123556577727
1
1
0.987432388217492
1
0.95158009183719
1
1
0.993519489252455
1
0.970582385465841
1
0.98317615187183
1
1
1
0.994355477838277
1
1
0.972582766182955
1
1
1
1
1
1
1
1
1
1
1
1
1
1
0.993363074096491
1
0.973410278819109
0.948691771184031
0.998383470116229
1
0.991404739831453
0.97914424122521
1
1
1
1
1
1
1
0.937405224245682
0.997874638509499
0.997545874442318
0.998487395275714
1
1
1
1
0.993768709648777
0.993363074096491
1
1
1
0.991963343691606
1
1
1
1
1
0.999742460322636
1
1
1
1
0.994784186647573
0.992298584699457
1
1
1
1
1
1
1
1
1
1
0.999895958669374
1
1
1
1
1
0.976359539369508
0.964156862521701
1
1
0.972582766182955
1
0.959846433108932
1
1
1
1
1
1
1
1
1
1
1
0.958738452085774
1
1
0.992144925401512
1
1
1
1
1
1
1
1
1
1
1
1
0.999138478508963
1
1
1
1
1
1
1
1
1
1
1
1
1
1
1
1
1
1
0.994718404746927
0.998180070247956
1
1
1
0.999586289486912
0.93204770858002
1
1
1
1
1
1
1
1
1
1
1
1
1
1
1
0.998513616207439
0.999243692427916
0.95158009183719
1
1
1
1
1
1
1
1
1
0.791757661081381
1
0.984366244772187
0.941054371114736
1
1
1
1
1
1
1
1
1
1
1
1
1
1
1
1
0.97227178915274
0.962035444337928
1
1
0.995883724048566
1
1
1
1
1
1
1
0.974739894543299
1
1
1
1
0.998659106049712
1
1
1
0.992983493818319
1
1
1
1
1
1
1
1
1
1
1
1
1
1
0.964319326987982
1
1
1
1
1
1
1
0.999397087507762
1
1
1
1
0.994526584685416
1
1
1
1
0.979064416453832
1
1
1
1
1
0.838633393497783
1
0.999895958669374
1
1
0.936981385772011
1
1
1
1
1
1
0.997946601391544
1
0.998527401999925
1
1
1
1
0.932730814875999
1
1
1
1
1
1
0.994562779329577
1
1
1
0.983851561840667
1
1
1
1
0.991963343691606
1
1
1
1
0.954700446729196
0.95859151986723
1
1
1
1
1
1
1
1
1
1
1
1
1
1
1
1
1
0.991963343691606
1
0.997167994214744
0.932413370310335
1
1
0.966214732184541
1
1
1
1
0.984442880830587
1
1
0.999516430669742
1
1
1
1
1
1
1
1
1
1
1
1
1
1
1
1
1
1
1
0.998571869626251
1
1
0.990011338430657
0.998071948636325
1
1
0.968509933590529
1
0.991203916702572
1
1
1
1
1
1
1
0.964595362185117
1
1
1
1
1
0.998659106049712
1
1
1
0.979630767505672
1
1
1
0.99872352331801
1
1
0.996993194510151
0.995834904459327
1
1
1
1
1
1
1
1
0.989322320744275
1
1
1
0.997213487631783
1
1
1
1
0.977690177899612
1
1
1
1
1
1
1
1
0.998302449994901
1
1
1
1
1
1
1
1
0.961126524176999
1
1
1
1
1
1
1
1
1
1
1
1
1
1
1
1
1
1
1
1
1
1
1
1
1
1
1
1
1
1
1
1
1
1
1
1
0.989555816009069
1
1
1
1
1
1
1
1
0.990475159248215
1
1
0.989854939560905
1
0.983965319594731
1
1
1
1
0.998447535142492
1
1
1
1
1
1
1
0.974459445482418
1
1
1
1
1
1
1
1
1
0.97523222079758
0.996623540268326
1
1
0.931130771254545
0.948691771184031
1
1
1
1
0.992131928448073
1
1
1
1
1
1
0.998639241455735
1
1
1
1
1
1
1
1
1
1
0.996028275524154
0.978645602475154
1
1
0.998383470116229
1
1
1
1
1
1
1
0.937943153140503
0.999635298424751
1
1
1
0.97893921442154
1
1
0.981259969371071
0.994418133103245
1
0.971399628918624
1
1
1
1
1
1
1
1
0.998999813666
0.997030619295036
1
1
1
1
1
0.993313953818827
1
0.978645602475154
1
1
0.993156295494777
1
1
1
1
1
1
0.993768709648777
1
1
1
1
1
0.93600639483825
1
1
1
1
1
0.992098703494725
0.998383470116229
1
1
1
0.981259969371071
1
1
1
1
1
1
0.973665882513027
1
1
0.994562779329577
1
1
1
1
1
1
1
0.988081459897466
1
1
0.98901397960168
1
1
1
1
1
1
1
1
0.9832497542361
1
1
1
1
0.991277690118634
1
1
0.997545874442318
1
1
1
0.991963343691606
1
1
0.986416420775851
1
1
0.987979486417774
1
1
1
1
0.99051520601259
1
0.971383716112919
1
1
1
1
1
1
1
1
1
1
1
1
1
1
1
1
1
1
0.987714331428766
1
1
1
1
1
1
1
0.97083575585483
1
1
1
1
1
1
1
1
1
1
1
1
0.991277690118634
1
1
1
0.984338837856215
1
1
1
1
0.970147926972128
1
0.982425400606133
0.998571869626251
1
1
0.97523222079758
1
1
1
1
1
1
0.997199044173805
0.98264715727679
1
1
1
1
0.975112275943106
1
0.996100319069734
1
1
0.999525803462554
1
1
1
1
1
1
1
1
1
1
1
1
1
1
1
1
1
1
1
1
1
1
1
1
1
1
1
0.992845685254708
1
1
1
0.999392527800438
0.998755299789578
1
1
1
1
1
0.999392527800438
0.94441377467256
1
1
1
1
0.988963989277759
1
0.951549540659207
1
1
1
1
1
1
0.96841108497804
0.999392527800438
1
1
0.971826990095337
1
1
1
1
1
0.992900891383134
1
1
1
1
1
1
1
0.998447535142492
1
1
1
0.985592435119995
1
1
1
1
1
0.99973549621603
1
0.995336313877314
0.961059512275744
0.972164761719769
1
1
0.93600639483825
1
1
1
1
1
1
1
1
1
1
1
1
0.991703348629085
1
0.9625247285441
1
0.984442880830587
0.998513471165954
1
1
0.993041449285072
1
1
1
0.998548075715608
0.973410278819109
0.885397195802624
0.96581892654096
0.984112305529348
1
1
0.997874638509499
1
1
1
1
0.985394052081453
1
1
0.974217330456581
1
1
1
1
1
1
1
0.930643506029509
1
1
1
1
0.998527401999925
1
1
1
0.957010070626263
1
1
1
1
1
1
0.989460290184542
1
1
1
1
1
1
1
1
1
0.998122240789992
1
0.957010070626263
1
1
1
1
1
1
1
1
1
1
1
1
1
1
1
0.994562779329577
1
1
1
1
1
1
1
1
1
1
1
1
1
1
1
1
1
1
1
0.996028275524154
1
0.974639866595929
1
0.992144925401512
1
1
0.949710266552837
0.951992946229759
1
1
0.974739894543299
1
1
1
1
1
1
1
1
1
1
1
1
1
1
1
1
1
1
1
1
1
1
1
0.997030619295036
1
0.994488815044541
1
0.927006972330573
1
0.988970700666266
0.851914250005268
0.995505304858156
1
1
1
1
0.975432242855526
1
1
0.998383470116229
1
1
0.985592435119995
0.998513471165954
1
1
1
1
1
1
1
0.998928927855287
1
1
1
1
1
1
1
0.985205897703694
1
0.898690290059806
1
1
1
0.973504853147204
1
1
1
1
1
1
1
1
1
1
1
1
1
1
1
1
1
0.993059866285474
1
1
1
1
1
1
1
1
1
1
1
1
1
0.999635298424751
1
0.994784186647573
1
1
1
1
1
1
1
1
0.890221592406407
1
1
1
1
1
1
0.988207074751961
1
1
1
1
0.96581892654096
1
1
1
0.998472479725569
1
1
1
0.998658136302902
1
0.999389155750913
1
1
0.987126405155451
1
1
1
1
1
1
0.996481912578703
1
0.993637297248196
1
1
1
1
1
1
1
1
1
1
1
1
1
1
1
1
1
1
1
1
1
1
1
1
1
0.990483217862342
1
1
1
0.953809800037979
1
1
1
1
0.996461593760484
1
1
1
1
0.999138478508963
1
1
1
1
1
0.954005200618191
1
1
1
1
1
1
1
0.998180070247956
1
1
1
1
1
1
1
1
1
1
1
0.999392527800438
1
1
1
1
1
1
1
0.995552958851807
1
1
1
1
0.983568037911313
1
1
1
1
1
0.995273876315242
0.993204570815495
1
1
1
1
1
1
1
1
1
1
1
1
0.992484880212447
1
1
1
1
0.996142609933684
1
1
1
1
1
1
0.970947890089736
1
1
1
1
0.996080126841795
1
0.909289630578687
1
1
1
1
1
0.985722507524243
1
1
1
1
1
1
1
1
1
1
1
1
1
1
1
1
1
1
1
1
1
1
0.968420801617441
1
1
1
1
0.981433845271703
1
1
0.999742460322636
1
1
0.993663494873486
1
1
1
1
1
0.971219769581625
1
1
0.990011338430657
1
1
1
1
1
1
1
1
0.965322782726003
1
0.99833541266817
1
1
1
1
1
1
1
1
1
1
1
1
1
0.963433197809027
1
1
1
0.943034674988736
1
0.998302449994901
1
1
0.986299548136308
1
0.862274301940692
1
1
0.96581892654096
1
1
1
1
0.980257420604237
1
1
0.998548075715608
1
1
1
0.99051520601259
1
1
1
1
1
0.981259969371071
1
1
1
1
1
0.991963343691606
1
1
1
0.997289596114167
1
1
1
1
1
1
1
1
1
0.931122487078391
1
0.983965319594731
1
1
0.99149896995951
1
0.95938481298169
1
1
1
1
1
1
1
1
0.973343009072903
1
1
1
0.973410278819109
1
1
1
1
1
0.993204570815495
1
0.973504853147204
1
1
0.98183338308265
0.996486194063665
1
0.998057582907932
0.998755299789578
1
1
1
0.976359539369508
1
1
1
1
1
1
1
0.998771363132887
1
1
1
0.996486194063665
1
1
1
1
1
1
1
0.905355316502477
0.997866479651753
1
1
1
1
1
1
1
0.983775388694989
1
1
1
1
0.990483217862342
0.973984671827616
1
1
1
1
1
1
1
0.999645255565739
0.9963577577711
1
1
0.997030619295036
1
1
0.992486947056451
1
1
1
1
0.948691771184031
1
0.965159510958383
1
1
1
1
0.956409040847711
0.978645602475154
1
1
1
1
1
1
1
1
1
1
1
0.998270890066387
1
1
1
1
1
1
1
1
1
1
1
0.998071948636325
1
0.994433087084933
1
1
1
1
1
1
1
1
1
1
1
0.965322782726003
1
0.999389155750913
0.972411792404566
1
0.994526584685416
0.993313953818827
1
1
1
1
1
1
1
1
1
1
1
1
1
1
1
1
1
1
1
1
1
1
1
1
1
1
1
1
0.95158009183719
1
1
1
1
0.988907991943887
0.999392527800438
1
1
1
1
0.997866479651753
1
1
1
1
1
1
1
1
1
1
1
0.984978107284941
1
1
0.976359539369508
0.958771593298981
1
1
1
1
1
1
1
1
1
1
1
1
1
1
1
1
1
1
1
1
1
1
1
1
1
1
1
1
1
1
0.979188392027922
1
1
1
1
1
1
1
0.991203916702572
1
1
1
1
1
0.993756247642213
1
1
1
1
1
1
1
1
1
1
1
1
1
1
1
1
1
1
1
1
0.991620225656616
1
1
0.9832497542361
1
0.97195748583145
1
1
1
0.959846433108932
1
1
0.950647283071246
1
1
1
1
1
1
1
0.993714762773274
1
1
1
0.991963343691606
0.993156295494777
1
1
1
1
1
1
1
1
1
1
1
0.947954808337651
1
1
1
1
0.981807102460562
1
1
0.99973549621603
0.961126524176999
1
1
1
1
1
0.930294365863342
1
1
0.953809800037979
0.95158009183719
1
1
0.984640810822335
0.998527401999925
0.942628406898669
1
1
1
0.951206382209793
1
1
1
1
1
1
0.998658136302902
1
0.97523222079758
0.998057582907932
1
0.998658136302902
1
1
1
1
1
1
1
1
1
1
1
1
0.978101700780159
1
1
0.834732397681737
1
0.999895958669374
1
1
1
1
0.961059512275744
1
1
1
1
1
1
1
0.980257420604237
1
1
1
1
0.983568037911313
1
1
0.998659106049712
1
0.993204570815495
1
1
1
1
1
1
1
1
1
1
0.983698912364371
0.99248267813048
1
0.997914469580455
1
1
1
0.99833541266817
1
1
0.998513471165954
1
1
1
1
1
1
1
1
1
1
0.934894580669897
1
1
1
1
1
1
1
1
1
1
1
0.998755299789578
1
1
1
1
1
1
1
1
0.989044586263781
1
0.992098703494725
1
1
1
1
1
1
1
1
1
0.926831770911727
1
1
1
0.96581892654096
1
0.991404739831453
1
1
1
1
1
1
0.995023154388858
1
1
1
1
0.787223508058085
1
1
0.998123556577727
0.951992946229759
1
1
1
0.997569266409638
1
1
1
1
1
0.998755299789578
1
1
1
1
1
0.997289596114167
1
0.978645602475154
1
1
1
1
1
1
1
1
1
1
1
1
1
1
1
1
1
1
1
1
1
1
1
1
1
1
0.971332736284333
1
1
1
1
0.964595362185117
1
0.995552958851807
1
0.98264715727679
1
1
0.995561509200384
1
1
1
1
1
1
1
0.9963577577711
1
1
1
1
1
0.99909670122305
0.991540910632621
1
1
1
1
1
0.971383716112919
1
1
0.994647586692697
1
0.992484880212447
1
1
1
0.971826990095337
1
1
1
1
0.993313953818827
1
1
1
1
1
1
1
1
1
1
1
1
1
1
1
1
1
1
0.99248267813048
1
1
0.997213487631783
0.996028275524154
1
1
1
1
1
1
1
0.948691771184031
1
1
1
1
1
1
1
1
1
0.993204570815495
1
0.995552958851807
0.987679617803183
1
1
1
1
0.96581892654096
1
1
1
1
1
1
0.950070571008607
0.990395185381759
1
1
1
1
1
0.990483217862342
0.981402203700807
1
1
0.959846433108932
1
1
1
1
1
1
1
0.979427233564163
1
1
1
1
1
1
1
1
1
0.948691771184031
1
1
0.98545001026371
1
0.981041135183068
1
1
1
1
1
1
0.975408173561836
1
1
1
1
1
1
1
0.977831662723334
1
1
1
0.984978107284941
0.998071948636325
1
1
1
1
1
1
1
1
1
0.932413370310335
1
1
1
1
0.995174718512546
1
1
1
1
1
1
1
0.99909670122305
0.941054371114736
1
1
1
1
1
1
0.991963343691606
1
1
1
0.929989682901911
1
0.995552958851807
1
1
1
1
1
1
0.99411534205526
1
0.966538887624515
0.950188558655913
1
1
1
1
1
0.991819748750764
1
0.828440789486172
1
1
1
1
1
1
1
1
1
1
1
1
0.991037261197659
0.999576486542449
0.9923948593867
1
1
1
0.980046259808744
1
1
1
1
1
0.991620225656616
1
1
1
0.981636858995812
1
1
1
1
1
1
0.98183338308265
1
0.98264715727679
1
1
1
1
1
1
1
0.929020970669228
1
1
1
1
0.96842008589711
1
1
1
1
1
1
1
0.988141471535484
1
1
1
1
1
1
1
1
0.961295868472612
0.998659106049712
1
1
0.998383470116229
0.998548075715608
1
1
1
1
0.996623540268326
1
1
1
1
0.99528663959777
1
1
0.950272971850971
0.883741803464664
0.990408749143363
0.998383470116229
1
1
1
1
1
0.999516430669742
1
0.978289919535234
0.997946601391544
1
1
1
1
0.969463146596572
1
0.989555816009069
1
1
1
1
1
0.99909670122305
1
1
1
1
0.989854939560905
1
1
1
1
1
1
0.97893921442154
1
1
0.985905146082076
1
1
0.988914939850219
1
1
1
0.998999813666
1
0.995390438088351
1
1
0.998071948636325
1
0.978645602475154
1
1
1
1
0.995059175520512
1
0.963017955902886
1
1
1
1
1
1
1
1
1
1
1
0.983816837678314
1
1
1
1
1
1
1
1
1
0.926804186569334
1
1
1
1
1
0.991090797881402
1
1
0.975408173561836
1
1
0.969656388793753
1
1
1
1
1
0.998123556577727
1
1
1
1
1
1
1
1
0.989335626930888
1
0.985178449566701
1
1
1
1
1
0.957010070626263
1
1
1
1
1
1
0.980108195957647
0.987672972020706
1
1
0.988688265718869
1
1
1
1
1
1
1
1
1
1
1
1
1
1
1
0.992915329501878
1
1
1
1
1
1
1
1
1
0.988990904712753
1
1
1
1
0.99975436024461
0.956517364601167
1
1
1
1
1
1
0.871430830097881
0.999525803462554
1
1
1
1
1
1
1
1
1
1
1
1
1
1
1
1
1
1
0.965405803287044
1
1
1
1
1
0.978289919535234
1
1
1
1
1
0.989044586263781
0.989854939560905
1
1
1
1
1
0.982993574155914
1
0.941054371114736
1
1
1
1
1
1
0.970895212789955
0.998551197085921
1
1
1
1
0.985722507524243
1
1
1
1
0.981476538929919
1
1
1
1
1
1
1
1
1
0.983568037911313
1
1
1
0.998123556577727
0.985394052081453
0.985205897703694
1
1
0.99142029227092
1
1
1
1
1
1
0.997203808419026
0.998551197085921
1
1
1
1
1
0.964361039168616
1
0.990408749143363
0.842076990110858
1
1
1
1
1
0.953809800037979
1
1
1
0.96625465118853
1
0.955050587197523
1
1
1
1
1
1
1
1
1
1
1
1
1
1
1
1
1
1
1
0.956913756816352
1
0.825409513535966
1
1
1
1
1
1
1
1
0.96625465118853
0.994647586692697
1
1
1
0.999392527800438
1
1
1
1
1
1
1
1
1
1
1
1
1
0.993091514266626
0.998071948636325
1
1
1
1
0.95859151986723
1
1
1
1
1
1
1
1
0.991294848971016
1
1
1
1
1
0.978414963964766
0.981589892556401
1
1
1
1
1
1
1
1
1
1
1
1
1
0.993562425941989
1
0.979923211552558
1
1
1
1
0.990976895103313
1
1
1
1
1
1
1
1
1
1
1
1
0.942628406898669
1
1
1
1
1
1
1
1
0.956681691545793
1
1
0.970057384845819
1
1
1
0.993761916584277
0.967912182809417
0.982380004692558
0.993354052621549
1
1
1
1
1
1
1
1
0.987672972020706
1
1
1
1
1
1
1
1
0.85968957580352
1
0.998057582907932
1
0.975112275943106
0.998658136302902
0.992302902953332
0.981259969371071
1
1
1
0.995907847137823
0.977690177899612
1
1
1
1
0.973995194595787
0.991203916702572
1
1
1
1
1
1
1
1
0.963433197809027
1
1
1
1
1
1
1
1
1
1
1
1
1
1
0.994526584685416
1
1
0.914354764806915
1
1
1
1
1
1
1
1
1
1
0.995505304858156
1
0.984396697754562
1
1
0.995247067635278
1
0.965423601845682
0.994526584685416
0.963551480875501
1
1
1
1
1
1
1
1
1
0.981589892556401
1
0.96441725480841
0.998571869626251
1
0.991203916702572
1
1
1
1
1
1
0.999516430669742
1
1
0.988914939850219
1
1
0.991703348629085
0.964751649050121
1
1
0.90514057801139
0.989335626930888
1
0.999645255565739
1
1
1
1
0.998659106049712
1
1
1
1
1
0.993714762773274
1
1
0.95907088633593
1
0.943559567707811
1
1
0.988571375725229
0.957821695197163
0.927006972330573
1
1
1
1
1
1
0.99021693388657
1
1
1
1
1
1
0.998472479725569
1
1
1
1
0.988688265718869
1
0.974739894543299
1
1
1
1
1
0.999742460322636
1
0.995505304858156
0.931143416461005
1
0.995959628482317
1
1
1
0.971163951632663
1
1
1
0.959846433108932
0.991372199540323
0.99144446546961
0.905110987117214
1
0.998057582907932
1
0.996623540268326
1
1
1
1
1
1
1
1
1
1
0.999895958669374
0.972582766182955
1
1
1
1
1
1
1
1
1
0.885397195802624
1
1
1
1
1
1
1
1
1
1
1
0.891975984770903
1
1
1
1
1
1
1
1
0.961126524176999
1
1
1
1
1
1
1
1
1
0.991277690118634
1
1
1
1
1
1
1
0.999243692427916
1
1
1
0.991278030926946
1
1
1
1
1
1
1
1
0.997914469580455
1
1
1
1
1
1
1
0.998143959599857
1
1
1
1
1
1
0.970147926972128
1
1
1
1
1
1
1
1
1
0.991620225656616
1
1
0.978861973591564
1
1
1
1
1
1
1
1
1
1
0.981259969371071
1
1
1
0.977111847809759
1
1
1
0.976359539369508
1
0.922135241244267
1
1
1
1
1
1
1
1
1
1
1
1
1
1
1
0.965724018513376
1
1
1
1
1
1
1
1
1
1
1
1
1
1
1
1
1
1
1
1
1
0.985722507524243
1
1
1
1
0.993035122977216
1
1
1
1
1
1
1
0.965724018513376
1
1
0.999397087507762
0.97523222079758
0.99248267813048
1
1
1
1
0.973410278819109
1
1
1
0.987679617803183
1
0.995420187871871
0.952676341994991
0.914351286857943
0.998928927855287
1
1
1
1
0.999516430669742
1
1
0.990011338430657
1
1
1
0.983965319594731
1
1
1
1
0.999415289578594
1
1
1
1
1
0.959846433108932
1
1
1
0.982103812590343
1
1
1
1
1
1
1
1
1
1
1
1
1
1
1
0.993519489252455
1
1
1
1
1
0.998659106049712
0.997545874442318
0.999525803462554
1
1
1
1
1
1
1
0.99475197623887
1
0.992392559059418
1
0.998771363132887
0.995316014336937
1
1
1
1
1
1
1
1
1
1
1
1
1
1
1
1
1
1
1
1
0.984442880830587
1
1
0.971150330674645
1
0.936993097133841
1
1
1
0.998551197085921
0.978645602475154
1
0.973410278819109
1
1
1
1
1
0.973790510187806
1
1
1
1
1
1
1
1
1
0.994418133103245
1
0.991991903961792
1
1
1
1
1
0.997167994214744
1
0.993729124435251
1
1
1
1
0.96084967359971
1
1
1
1
1
0.992759673940685
1
1
1
1
1
1
0.995059175520512
1
1
1
0.971545843279705
1
1
1
1
1
1
0.997866479651753
1
1
1
1
1
1
1
1
1
1
0.985722507524243
1
1
1
0.978861973591564
1
1
0.985394052081453
1
0.999516430669742
1
1
1
1
0.954344717165306
1
1
1
1
1
1
1
0.902315033187838
1
1
1
1
0.998487395275714
1
1
1
1
0.974641536396548
1
1
1
1
1
0.999645255565739
1
1
1
1
1
1
1
1
0.89926290401893
0.935928300652724
1
1
1
1
1
1
1
1
1
1
1
1
0.964156862521701
0.985205897703694
1
1
1
0.951354184670136
0.998317858617087
1
1
0.95938481298169
0.988970700666266
0.780138762134575
0.979793036890787
1
1
1
0.994818322477936
0.992302902953332
1
1
1
1
1
0.95416584216036
1
1
1
1
0.993128520161834
1
1
1
0.992131928448073
1
0.991991903961792
1
