x
1
1
1
1
1
1
1
1
1
1
1
1
1
1
1
1
1
1
0.981049517135702
1
1
1
1
1
1
1
0.894090955826389
1
1
1
1
0.999995897517455
0.987218962415894
0.944408864952643
0.918301950988896
0.999999761202006
1
1
1
0.98874392439172
0.840074700938229
1
0.994790814195639
1
1
1
1
1
1
1
0.998166813303337
0.927441282562975
1
0.946461685365475
0.997604891116859
1
0.989887399773359
0.967634468750837
1
1
1
1
1
0.917610300835341
1
0.737144006947717
1
0.92215517396912
1
1
1
0.971842620458225
0.976476103938353
0.940542391305769
1
1
1
1
1
0.90001217748768
1
1
1
0.94956757632993
1
1
1
1
1
1
1
1
1
1
1
1
1
1
1
1
1
1
1
1
1
1
1
1
1
1
1
1
1
1
1
1
1
1
1
1
1
0.985951368541879
1
0.9766390589812
1
1
1
0.999992401313061
1
1
1
1
1
1
1
1
0.91422580695921
1
1
1
1
0.999999902536602
0.982080858924918
1
1
1
1
0.942453089869865
1
1
1
1
1
1
1
1
1
1
0.972960108804702
1
1
1
1
1
1
0.999999882931674
1
0.933474519740116
1
1
1
0.957019631280951
1
1
1
0.917610300835341
1
1
1
1
1
0.96127435453896
1
1
1
1
1
1
1
1
1
0.899895224073974
1
0.951273198729135
0.958777712166017
1
0.980906199174327
1
0.96878225381639
1
0.999992827688611
1
1
0.968937719546388
1
1
1
1
1
1
1
1
1
1
1
1
1
0.972960108804702
1
1
1
1
1
1
0.996431074933444
1
0.996436154358685
1
1
1
1
1
1
1
1
1
0.953202828940689
1
1
1
1
1
1
1
1
1
0.929095432272453
1
1
1
1
1
1
1
1
1
0.995921205537315
1
1
1
1
1
1
1
1
0.999491465793478
0.963000994510181
1
1
1
1
0.999999882931674
1
0.989887399773359
0.936516800382435
1
1
1
0.967417352040651
1
1
1
1
1
1
1
1
1
1
1
0.934600576860499
1
1
0.984904647401316
1
0.961075388690808
1
0.974836542537231
1
1
1
1
0.921564952701811
1
1
1
1
1
1
1
1
1
1
1
1
1
1
1
1
1
1
1
0.927425868338244
1
1
1
1
1
0.977500473359305
1
1
1
1
1
1
1
1
1
1
1
1
1
1
1
1
1
0.999998155734967
1
1
1
0.941472827228252
1
1
1
1
1
1
1
1
1
0.981201795975644
1
1
1
0.992798849482049
0.975917291246689
1
1
0.866421325599127
1
1
1
0.830932107149818
0.983896816881929
1
1
1
1
1
1
1
0.906724380439961
0.909165161432212
1
1
1
1
1
1
1
1
0.949087081759995
1
0.999256289535028
0.966789837641941
1
1
1
1
1
1
1
0.864017595639815
1
1
1
0.70825507836924
1
1
1
1
1
0.927425868338244
1
1
1
0.871960945967032
0.997806323541007
1
1
1
1
1
1
1
1
1
1
0.999993748201926
1
1
1
0.979135104855024
1
1
1
0.957314131684772
1
0.999998087729338
1
1
1
0.984702705345139
1
1
1
1
1
1
1
1
1
1
0.988309740662081
1
1
1
1
1
1
1
1
1
1
0.999992827688611
1
0.872307419216242
0.89176966058223
1
1
1
1
1
1
0.990078977203517
1
1
1
1
0.996490622646162
1
1
0.986264581462018
1
1
1
1
1
0.963397441443441
1
1
1
1
1
0.992549240718041
0.940542391305769
1
1
1
1
0.912433742076543
1
0.98803407843801
1
1
0.997806323541007
1
1
1
1
1
0.900566306819383
0.974822812450862
1
0.904975774739632
1
1
1
1
1
1
1
1
1
1
0.983919460500295
0.975139658244574
1
1
1
1
1
1
1
0.997043466392428
1
0.809284128483816
1
1
1
1
1
1
1
0.942437706506437
1
1
0.999999928991808
1
1
0.889669603082943
1
1
1
1
1
1
1
1
1
1
1
0.971947515142423
1
1
1
1
1
1
1
1
1
1
1
1
1
1
0.787421686330101
1
0.989887399773359
1
1
1
1
1
1
0.952506531947192
0.987949773508631
1
1
1
0.918259531025035
0.914900295931169
1
1
1
1
1
1
0.941601480299104
1
1
1
1
1
1
0.963397441443441
1
1
1
1
1
0.888414329771242
1
1
1
1
1
1
0.99694119516744
1
1
1
1
0.839397848142921
1
1
1
1
1
1
0.886208000658489
1
1
1
1
1
0.991074399406236
1
1
1
1
1
0.985951368541879
1
1
1
1
1
1
1
1
1
1
0.858702012551011
1
1
0.984494704110131
0.867458887197954
1
1
1
1
1
1
1
1
1
1
1
1
1
1
1
0.999991266945787
0.999999882931674
1
1
0.96179315167957
1
0.990078977203517
0.967634468750837
1
1
1
1
1
1
1
1
1
1
1
1
1
0.962096637645269
1
1
0.899758860082512
1
1
1
1
1
1
0.999999283163186
0.883502592212651
1
1
1
1
1
1
1
1
1
1
1
1
1
1
1
0.987218962415894
1
0.98803407843801
0.999995897517455
0.74075445256538
0.964823548317266
1
0.999999283163186
1
1
1
0.948978280535578
1
1
1
1
1
0.898383788845841
0.988074653707352
1
1
1
1
0.959109348352084
1
0.977461117616451
1
1
1
1
1
1
0.939558113283217
1
1
1
1
1
0.946458480787177
1
1
1
1
0.966396520464591
1
1
1
1
1
1
1
0.998284778822393
1
1
1
1
1
1
0.995921205537315
1
1
1
1
0.962560006669525
1
1
0.902909915977659
1
1
1
1
0.982080858924918
1
1
1
1
1
1
1
1
0.951559438111639
1
0.929095432272453
1
1
0.942226965755197
1
1
0.877540842603201
1
1
1
1
1
1
1
0.997043466392428
1
1
1
1
1
1
0.909165161432212
1
1
1
0.907542826163893
1
1
1
1
1
1
1
1
1
0.982168261131348
1
0.997806323541007
0.982593934125002
1
1
1
1
1
1
0.799601953611391
1
1
0.8439767504749
1
0.907125950513118
1
1
1
1
1
1
1
1
1
1
1
1
1
1
1
1
1
1
1
0.999999860210356
1
1
1
0.997965841354903
1
1
1
1
1
1
1
0.940066973474917
1
1
1
1
1
0.999998860557961
1
1
1
1
1
1
0.934600576860499
1
1
1
1
1
1
1
0.919552123847673
1
1
1
1
1
1
1
1
1
1
1
1
1
1
1
1
0.91422580695921
1
0.999999882931674
1
1
1
0.912433742076543
1
1
1
0.972877939078777
0.837522020064532
1
1
1
1
1
1
1
1
1
1
1
1
1
1
1
1
0.994417471990065
1
1
1
1
1
1
1
1
1
1
1
1
1
1
1
1
1
1
1
0.880349455868262
1
1
0.942226965755197
1
1
1
1
1
0.912433742076543
1
1
1
1
1
1
0.950634639647806
1
1
1
1
1
1
0.98803407843801
1
1
1
1
1
1
0.962562823503007
1
1
1
1
1
1
0.843055581958341
0.99566978912081
0.999998860557961
0.993390779545373
1
1
1
1
1
0.98993861798936
0.96127435453896
1
1
0.973115661504868
1
1
0.992478582484095
1
0.948016066110289
1
1
0.909560253625294
1
1
1
1
1
1
1
1
1
1
1
1
1
1
1
1
1
0.84237115420798
1
0.911925142436658
1
1
1
1
1
0.983343094349445
0.931163047717336
1
1
0.955686983966485
0.970578957841024
1
1
1
1
1
1
1
1
1
0.995618636425335
1
1
1
1
0.998365478112863
0.920429787043558
1
0.758908655174277
1
1
1
1
1
1
0.910258394900667
0.92948783487952
1
1
1
1
1
1
1
0.999999835417872
1
1
0.939558113283217
1
1
1
1
1
1
1
1
1
1
1
1
1
1
0.980200662495257
1
1
1
1
1
1
1
1
1
1
1
1
1
1
1
0.943812988768359
1
1
1
1
1
1
1
1
1
1
1
0.956052067006938
1
1
1
1
0.950634639647806
1
1
1
1
1
1
1
0.971130641757593
1
1
1
1
1
1
1
1
1
1
1
1
1
1
1
1
1
0.999991396954525
0.999256289535028
1
1
1
0.996724071530465
1
1
1
1
1
1
0.651062333481942
1
1
1
1
1
1
1
1
1
1
1
1
1
1
1
1
0.943037625754259
1
1
1
1
1
1
1
1
1
1
1
1
1
1
1
1
0.97948102653381
1
1
0.999999835417872
0.967417352040651
0.975917291246689
0.934645719010661
0.981456418839832
1
1
1
1
0.996490622646162
1
1
1
1
1
0.997944460271373
1
0.942770644680019
1
1
1
1
1
0.948183540951406
1
1
0.999256289535028
1
1
1
1
1
1
1
1
1
1
1
1
1
1
1
1
1
0.997944460271373
1
1
1
1
1
1
1
1
1
0.884044835119772
1
1
1
1
0.712792708108242
1
0.712190860621949
1
1
0.786794085263229
1
1
1
1
1
1
1
1
1
1
1
1
1
0.966595933802008
1
1
1
1
0.999999882931674
1
1
1
0.97726140776993
1
1
1
1
1
1
1
1
1
0.985564558656044
1
1
1
0.943812988768359
1
1
0.873999804378305
1
1
1
1
0.983338853203802
1
0.929834911417084
0.999998598642871
1
1
1
0.976000756629631
1
1
1
0.9971538490797
1
1
0.921940298364383
0.951273198729135
1
1
1
1
0.968113479457259
1
1
1
0.967746197567056
1
1
1
1
1
0.917051515461198
1
0.949718881980069
0.980837885596123
1
1
1
1
1
1
1
1
1
1
1
0.911925142436658
1
1
1
1
1
1
1
1
1
1
1
1
1
1
0.996724071530465
1
1
1
1
1
1
1
0.888791357773822
0.999987604826827
1
1
1
0.915345381836995
1
1
1
1
1
1
0.997422582044701
1
0.968113479457259
1
1
1
1
0.981049517135702
1
1
1
1
1
0.983801739705469
1
0.947872931767908
0.931943405235263
1
1
1
1
1
1
1
1
1
1
1
1
1
1
1
1
1
1
1
1
1
1
1
1
1
1
1
1
0.999999878862283
0.997806323541007
1
1
0.965450612263957
1
1
1
1
1
1
1
0.897183648551582
0.931163047717336
1
1
0.936726587654961
1
0.980837885596123
1
1
1
1
1
0.958364911610072
1
1
1
1
1
1
1
1
1
1
1
1
1
1
0.773351282869707
1
1
1
1
1
1
1
1
0.92588561827615
1
1
1
0.612959719527364
0.984702705345139
1
1
1
1
1
0.828972986439858
0.808024248583751
1
1
0.884044835119772
1
0.998284778822393
1
1
1
0.997965841354903
1
1
1
1
1
1
1
1
1
1
1
1
1
1
1
1
1
1
1
0.937274961047923
1
0.956928637418437
1
0.912433742076543
0.899895224073974
1
1
1
1
1
1
1
1
1
1
0.915345381836995
1
0.983896816881929
1
1
1
1
1
1
1
0.988074653707352
1
1
1
1
1
1
1
0.983238947080712
1
1
1
1
1
0.99694119516744
1
0.997944460271373
1
1
1
1
1
1
1
0.981436392776456
1
0.969148143666114
1
1
1
1
1
0.903371944966684
1
0.884157196733755
1
0.96037856785555
0.919552123847673
0.999999928991808
0.996109728041349
1
1
0.984488869619554
1
1
1
1
1
1
1
1
1
1
1
1
1
1
1
1
1
1
1
1
1
0.711283633375894
0.949426377419213
1
1
1
0.999998580370039
1
1
0.982168261131348
0.938053989671858
1
1
1
1
0.962560006669525
1
1
1
1
1
1
1
1
1
1
0.942564981078472
1
1
0.983801739705469
0.992821657277128
1
1
0.929353064269856
1
1
1
1
1
1
0.839397848142921
1
1
0.941715461373045
1
1
1
1
1
1
1
1
1
0.982100888060126
1
1
1
1
0.98803407843801
1
0.83674302465149
1
0.983338853203802
1
1
0.962560006669525
0.99999930737554
1
1
1
0.905293081879547
0.999997637770934
1
1
1
1
1
0.997965841354903
1
1
1
1
1
1
1
1
1
1
1
1
1
1
1
1
1
1
1
1
1
1
1
1
1
0.931943405235263
1
1
0.933208136190787
0.927000031482396
0.895693458999026
1
1
1
1
1
1
1
1
1
0.994002045135917
1
1
1
1
1
1
1
1
1
1
0.907131434852625
1
1
1
1
1
1
1
1
1
1
1
1
0.814127155273431
1
1
1
1
1
0.927861562806995
0.921940298364383
1
1
1
1
1
1
1
0.918080273267954
1
0.989887399773359
0.997043466392428
1
1
0.966595933802008
0.979183636320977
1
1
1
1
1
1
0.986270568342113
0.947872931767908
1
1
1
0.999998914904107
1
1
1
1
1
1
1
0.996724071530465
1
1
1
1
0.999999878862283
0.858909573525312
1
0.997422582044701
1
1
0.979135104855024
1
1
1
1
1
1
1
1
1
1
1
1
1
0.997351248758304
1
0.988784560700662
1
1
1
1
0.999998062673446
1
1
0.927861562806995
1
1
1
0.940542391305769
1
1
1
0.96037856785555
1
0.872307419216242
0.979179554346734
1
1
1
1
1
1
1
1
1
0.958777712166017
1
1
0.816714082141756
1
0.864017595639815
1
1
0.999999423893588
1
1
1
1
1
1
1
0.997025908757685
1
1
1
1
0.991992601733385
0.947571987766434
0.973151170482539
1
1
0.999998598642871
1
1
1
1
1
0.903649539400403
1
0.997025908757685
0.892931634710679
1
1
0.970462851758176
1
1
1
1
1
1
1
0.942453089869865
0.84237115420798
1
0.977832634461598
0.981456418839832
0.999994018877256
1
1
1
1
0.898383788845841
0.943812988768359
1
1
1
1
1
1
1
1
1
0.970034984686175
1
1
1
0.956928637418437
1
1
0.938683517960199
1
1
1
1
1
0.962096637645269
1
0.953529415401519
1
1
1
1
1
1
1
1
1
1
1
1
1
1
1
1
1
1
1
1
1
0.980072585160024
1
1
0.984904647401316
1
1
1
1
0.98440176460456
1
1
1
1
1
1
1
1
0.981456418839832
1
1
1
1
1
1
0.983801739705469
1
1
1
1
1
1
1
1
1
1
1
1
0.949718881980069
1
1
1
1
1
1
1
0.7657469570063
1
1
1
1
0.953202828940689
1
0.999998694171709
1
0.913365528135563
1
1
1
1
0.882053917480141
1
0.977832634461598
1
0.931956599969776
0.956933382644468
1
0.986267114860064
1
1
1
1
1
1
1
1
1
1
1
1
1
1
0.973018423239784
1
1
1
1
1
1
1
1
1
1
1
1
1
0.983338853203802
1
1
1
0.996592425117216
1
1
1
1
1
1
0.983592414587101
1
0.918259531025035
1
1
1
1
0.975400377368173
1
1
1
1
0.962496267422216
0.999998040358757
1
1
0.967556761966653
1
1
1
1
0.958248319894039
1
1
1
1
1
1
1
1
1
1
1
1
1
1
1
1
1
1
1
1
1
1
1
1
1
1
1
1
1
1
1
1
0.944408864952643
0.943693857043829
1
1
1
0.99999930737554
1
1
0.847437147875179
0.933208136190787
1
1
1
1
1
1
1
1
1
0.949979244168951
1
1
1
1
1
1
1
1
1
1
1
1
0.951559438111639
1
1
1
1
0.929564814898935
0.999999860210356
0.941715461373045
1
1
1
1
1
1
1
1
1
1
0.93724818224732
0.918301950988896
1
0.962562823503007
1
1
1
1
1
1
1
1
1
1
1
1
1
1
1
1
1
1
1
0.711283633375894
1
1
1
1
1
1
1
0.942564981078472
1
1
0.872597374468878
1
1
1
0.96824121491377
1
1
1
1
1
0.997480328490248
0.968113479457259
1
1
1
1
1
1
1
1
0.997806323541007
0.965011904920519
1
0.992478582484095
0.526054837881825
0.992549240718041
1
1
1
0.980837885596123
1
1
1
1
1
1
0.98419437328246
1
0.997857071655773
1
1
1
0.923838829880696
1
1
1
1
1
1
1
1
1
1
0.919013881538242
1
1
1
1
1
1
1
1
1
0.998284778822393
1
1
0.992798849482049
1
0.975400377368173
1
0.95549334073311
1
1
1
0.980906199174327
1
1
1
1
1
1
1
1
1
1
1
1
1
1
1
1
1
0.99999998793927
1
0.879730129792847
0.931943405235263
1
1
1
1
1
1
1
1
0.995921205537315
1
1
0.958445831302854
0.962560006669525
1
1
1
1
1
1
1
1
1
1
1
1
1
1
1
1
1
0.600202260737325
1
1
1
1
1
0.999999835417872
0.948563233261136
1
0.87854973737529
0.951487247035148
1
1
0.942226965755197
1
1
1
1
1
1
1
1
0.902909915977659
1
1
1
1
1
1
1
1
1
0.979110004690975
1
1
1
1
1
1
0.96878225381639
1
1
1
1
1
1
1
1
0.997480328490248
0.997480328490248
0.851994313997309
1
0.941601480299104
1
1
1
1
1
0.971842620458225
0.934124644346222
1
1
1
1
0.959928372456824
1
1
1
1
1
1
1
1
1
1
1
1
1
1
1
1
0.986264581462018
1
1
1
1
1
1
1
1
1
1
1
1
1
1
0.903371944966684
1
1
0.984494704110131
1
1
1
1
1
0.861360837241539
1
1
1
1
0.98803407843801
1
1
1
0.999999835417872
1
0.963351040015481
1
1
1
1
0.997098407550265
0.997422582044701
1
1
1
1
1
1
1
1
1
1
1
1
1
1
1
1
0.965185113960764
1
1
0.996155604632707
1
1
1
0.984702705345139
1
1
1
1
1
1
1
1
1
1
1
1
1
1
0.9971538490797
0.997098407550265
1
1
1
1
1
1
0.997480328490248
1
0.999998646271523
1
1
1
1
1
1
1
1
1
1
1
1
1
1
0.966592645300384
1
1
1
1
0.999113295792768
1
1
1
1
1
0.98993861798936
1
1
1
1
1
1
1
1
1
1
1
1
1
0.979135104855024
0.988074653707352
0.985247745860464
1
1
1
0.915345381836995
1
1
0.961075388690808
0.950634639647806
1
1
1
1
1
1
0.967223148732885
1
1
1
1
1
1
1
1
1
1
1
0.99999930737554
1
1
1
1
1
1
0.983343094349445
1
1
1
0.954548839331675
1
0.868851451303784
1
1
0.985241310789142
1
1
1
1
1
0.959257864693804
1
1
1
1
1
1
0.951559438111639
1
1
1
1
1
1
1
1
1
0.98419437328246
1
0.997806323541007
1
1
1
1
1
1
0.948183540951406
1
0.802703754046013
1
1
1
1
1
0.997136693582381
0.974822812450862
1
1
1
1
1
0.97345377656716
1
1
1
1
1
1
1
1
1
0.947738793871963
1
0.913475167849257
1
1
1
1
1
1
1
1
1
1
0.948016066110289
1
1
1
1
1
0.955322815965816
1
1
1
0.933208136190787
1
1
1
1
1
1
0.997098407550265
1
1
0.932980090916061
0.899758860082512
1
0.963029028483399
1
1
1
1
1
1
1
1
1
1
0.834435717750103
0.97345377656716
1
1
1
1
1
1
1
1
1
1
1
1
1
1
1
1
1
1
1
1
1
1
1
1
1
1
1
1
0.965969669889072
1
1
0.915345381836995
1
0.97948102653381
1
1
1
1
1
1
1
1
0.729233675637705
0.9766390589812
1
1
1
1
0.712190860621949
1
1
1
0.944618728473505
0.990252038915509
1
1
0.99289964820956
1
1
1
1
1
1
1
1
1
1
1
1
1
1
1
0.983801739705469
1
1
1
0.98803407843801
1
1
1
1
1
1
1
1
1
0.98714319361077
1
1
1
0.855394979113828
1
0.959109348352084
1
1
1
1
0.999491465793478
1
1
1
1
1
1
1
1
1
1
0.986066756177635
1
1
1
1
1
1
0.778183919241837
1
1
1
1
1
1
1
1
0.928274374765705
1
1
1
1
1
0.980277238341634
0.999999861988343
1
0.909165161432212
1
1
1
1
0.967206528030822
0.86291926415798
1
1
1
1
1
0.844830960274856
1
1
1
1
1
1
1
1
1
0.997806323541007
1
1
1
1
1
0.998790673965135
1
1
1
0.985951368541879
1
1
1
1
1
0.959971269912453
0.9971538490797
1
1
1
1
0.942453089869865
1
1
0.969653822510933
1
1
1
1
0.847653743953345
0.959928372456824
1
0.939601524040294
1
1
0.7228711125238
1
1
1
1
1
1
1
1
1
0.909560253625294
1
1
1
1
1
1
1
1
0.980088870420493
0.946458480787177
1
1
1
1
1
1
1
1
1
1
1
1
1
1
1
1
0.988074653707352
0.85320721296933
0.9971538490797
0.976000756629631
1
0.959767624241347
1
1
1
0.999999591224181
1
1
1
1
0.997806323541007
1
1
0.999998875186297
0.912965271783032
0.919431095800582
1
1
1
1
1
1
0.950634639647806
1
0.974836542537231
1
1
1
1
1
1
1
1
0.803078239996265
1
1
1
0.909165161432212
0.981201795975644
1
1
1
1
1
1
1
1
1
0.929864756877906
1
1
0.983016008340249
0.934600576860499
1
1
1
1
1
1
1
1
0.867458887197954
1
1
1
1
1
0.91205999372024
1
0.628268300624332
1
1
0.99999998793927
1
1
1
1
0.949426377419213
1
1
1
1
1
1
1
1
1
1
1
0.700809578449351
1
1
0.999998860557961
1
1
0.895903904330432
1
1
0.967206528030822
1
1
1
0.96878225381639
0.945184343350483
0.843055581958341
1
1
1
1
1
1
1
1
1
1
0.965185113960764
0.976476103938353
1
1
1
0.930668162320327
1
1
1
1
1
1
1
1
1
1
1
0.980837885596123
1
1
1
1
1
1
1
1
1
0.93724818224732
1
1
1
1
1
0.921039253265627
1
1
1
1
1
1
0.954109603475229
0.931205239900562
1
1
1
1
1
1
0.96127435453896
1
1
1
0.987218962415894
1
1
1
1
1
1
1
0.99999998793927
1
0.98440176460456
1
1
1
0.997043466392428
1
0.915345381836995
1
1
1
1
1
1
1
1
1
0.961075388690808
1
1
1
1
1
1
1
1
1
1
1
1
1
1
1
1
1
1
1
1
0.983896816881929
1
0.803678005063388
1
1
1
1
1
1
1
1
0.92215517396912
1
0.965185113960764
1
1
1
1
1
1
1
1
1
1
1
0.982593934125002
1
1
0.746748153040599
1
1
0.868099003494318
1
1
1
0.948857435503948
1
1
1
1
1
1
1
0.989887399773359
1
1
1
1
0.999992827688611
0.965445178001753
0.966463415917378
1
1
1
1
1
1
1
1
1
1
1
1
0.962560006669525
1
1
1
1
1
1
1
1
1
0.7657469570063
1
1
1
1
1
1
1
1
1
1
1
1
1
1
1
1
1
0.915345381836995
1
0.980277238341634
1
1
1
1
1
1
0.999997637770934
1
1
0.999996650045091
1
1
1
1
1
1
0.977832634461598
1
1
1
1
1
1
0.614970882271564
1
1
1
1
1
1
1
1
0.946458480787177
1
0.997043466392428
1
1
1
1
1
0.965185113960764
1
1
1
0.923062370379634
0.889669603082943
1
1
0.967417352040651
1
1
0.997806323541007
1
1
1
1
1
1
1
0.926273441261096
1
1
1
1
1
0.983896816881929
1
0.903097410072481
1
0.959767624241347
1
1
0.977461117616451
1
1
1
1
1
1
1
1
0.970462851758176
1
0.936726587654961
1
1
1
1
1
1
1
1
0.962887539833635
1
1
1
1
0.994790814195639
1
1
1
1
1
0.962496267422216
1
1
1
1
0.899895224073974
1
1
1
1
1
0.966592645300384
1
1
1
1
1
1
1
0.981325576656261
1
1
1
1
1
0.958965593084774
1
1
1
1
1
1
0.999999860210356
1
1
1
1
1
1
1
1
1
0.979135104855024
1
1
1
1
0.981813729731559
1
1
1
0.9971538490797
0.996814053901861
1
1
1
1
0.900593035301726
1
1
1
0.923115379251525
1
1
1
1
1
1
1
1
1
1
1
1
0.895903904330432
1
1
0.996531685566799
1
0.999999423893588
1
1
1
1
1
1
1
1
1
1
1
1
1
1
0.999992827688611
1
1
1
1
0.985951368541879
1
1
1
1
0.887416189016695
1
1
1
1
0.929353064269856
0.933474519740116
1
1
1
1
1
1
1
1
1
1
0.737374426006644
0.953202828940689
0.913673589176264
1
1
1
1
1
1
1
0.957019631280951
0.835145704958403
1
1
1
1
1
1
1
1
1
1
0.981049517135702
1
1
1
0.914907447835401
1
1
1
1
0.976692713424902
1
1
0.960429868364436
1
0.93454585118247
1
0.992798849482049
1
1
1
1
1
1
1
1
1
1
1
1
0.999999882931674
1
0.929353064269856
1
1
1
1
1
0.962496267422216
1
1
1
1
1
1
0.898383788845841
1
1
1
1
1
1
1
1
1
1
1
1
1
1
0.996531685566799
1
1
1
1
1
1
1
1
1
1
1
1
1
1
1
1
1
1
1
1
1
1
1
1
1
1
1
0.982100888060126
1
1
1
0.899895224073974
1
1
1
1
1
1
0.991074399406236
1
1
1
1
1
0.790712500860889
1
1
0.943037625754259
1
1
1
1
1
1
1
1
1
1
0.986940440706763
1
1
1
1
0.889097732176852
1
1
1
1
1
1
1
0.92588561827615
1
1
1
1
0.917610300835341
1
1
1
1
1
0.928628560690474
1
0.920578883423777
1
1
1
0.986940440706763
0.990635199653969
1
1
0.940046158046603
0.931406470710443
0.99999998793927
0.999998155734967
0.97345377656716
1
0.908646100685122
1
1
1
1
1
0.906066509632254
0.929564814898935
1
1
1
1
1
1
1
1
1
1
0.997604891116859
1
1
1
0.905378733957026
1
1
1
1
1
1
1
0.940046158046603
1
1
0.856820507817914
0.999997637770934
1
1
1
1
1
1
1
1
0.976000756629631
1
1
1
1
1
0.996924528585988
1
1
1
1
1
1
0.831214022510888
1
1
1
1
1
1
1
1
0.98419437328246
1
1
1
1
1
1
1
1
1
1
1
1
1
1
1
1
1
1
1
1
1
1
1
1
1
0.947571987766434
1
1
1
1
1
1
1
1
1
1
1
1
1
1
0.942226965755197
1
1
1
1
0.989887399773359
1
1
0.997806323541007
0.948563233261136
1
1
1
1
1
1
1
1
1
1
1
1
1
0.998534108141812
1
1
1
1
1
0.965185113960764
1
0.996490622646162
1
1
1
1
1
1
1
1
1
1
1
1
1
1
0.93724818224732
1
1
1
0.883303175266287
1
1
1
1
1
1
1
1
1
0.96179315167957
1
0.870249962859084
1
1
1
1
1
1
1
1
1
0.932292896185143
0.861544464768122
1
1
1
0.971130641757593
1
1
0.816936661109313
0.964824368691743
1
1
1
1
1
1
1
1
1
0.950315283709542
1
1
1
1
1
1
1
1
1
1
1
0.84237115420798
1
1
1
0.776948965091545
1
1
0.888414329771242
1
1
1
1
1
1
1
1
1
1
1
1
0.998534108141812
1
1
1
1
1
0.958777712166017
0.98714319361077
1
1
1
1
1
1
0.804242462020498
1
1
1
1
1
0.979110004690975
1
0.965011904920519
1
1
1
1
1
1
1
1
1
1
0.994790814195639
1
0.970380492385048
1
1
1
0.969148143666114
1
1
1
0.940542391305769
0.949038461182183
1
1
1
0.929834911417084
1
1
1
1
1
1
1
1
1
1
1
1
1
1
1
1
1
0.931551126815381
1
1
1
1
1
1
0.850131116747767
0.905653493600836
0.979135104855024
1
1
1
1
1
1
1
0.929864756877906
1
1
1
0.980906199174327
1
1
1
1
1
1
1
1
1
1
1
1
0.971842620458225
1
0.949016592688646
1
1
1
1
0.997944460271373
0.959257864693804
1
1
1
1
1
1
1
1
1
1
1
1
0.948620029483363
1
1
1
1
1
0.958445831302854
0.928017558389223
1
1
1
1
1
0.931163047717336
0.976692713424902
1
1
1
1
1
1
1
0.942226965755197
1
1
0.983252878084372
1
0.986270568342113
1
1
0.999999882931674
1
1
1
1
1
1
0.98419437328246
1
0.884450392254828
1
1
1
1
1
1
1
1
0.999999835417872
1
1
0.940391510606166
0.981456418839832
1
1
1
1
1
1
1
1
1
1
1
1
0.990635199653969
1
0.999998914904107
1
1
1
1
1
1
1
1
1
0.985564558656044
1
0.992798849482049
1
1
1
0.983801739705469
1
1
1
1
1
1
1
1
0.999987520122915
1
0.929864756877906
1
1
1
1
1
1
0.956928637418437
0.888791357773822
1
1
0.9971538490797
1
1
1
1
0.790450555148527
1
1
0.96179315167957
1
1
1
0.98803407843801
1
1
1
1
1
0.949718881980069
1
1
1
1
0.863619868963442
1
1
1
0.990410590502577
1
1
1
0.98902629981978
1
1
1
1
0.99999930737554
1
1
1
1
0.990283008724631
0.921649493609234
0.972149599365371
0.936726587654961
1
1
1
1
0.899895224073974
1
0.963397441443441
0.888414329771242
1
0.633630434953672
1
1
1
1
1
0.953529415401519
1
1
0.988784560700662
1
1
1
1
1
0.946424553124563
1
1
0.948924367046353
1
1
1
1
1
0.985967754375804
1
1
1
1
0.983252878084372
1
1
1
1
1
1
1
1
1
1
1
1
0.996531685566799
1
1
0.965445178001753
1
1
1
0.931205239900562
1
1
1
0.999990972291112
1
1
1
0.942564981078472
1
1
1
1
1
1
1
1
1
0.99999986681797
1
0.962903390291425
1
0.997422582044701
1
1
1
1
1
1
0.99566978912081
1
1
1
1
1
0.985951368541879
0.915345381836995
1
1
0.997604891116859
1
1
1
0.999996606049217
1
1
0.903371944966684
1
1
1
1
1
0.963011367379115
0.660163117950982
1
1
1
1
0.931943405235263
1
1
1
1
1
1
0.908646100685122
1
1
1
1
1
1
0.999348613070301
0.921039253265627
0.882021377098528
1
1
1
1
1
1
0.948924367046353
1
1
1
1
1
1
1
1
1
1
0.983338853203802
1
1
1
1
1
1
0.91589849697522
1
1
1
1
1
0.901027047670599
1
0.902799452968858
1
1
1
1
1
0.921425784731571
1
1
1
1
1
0.926273441261096
1
1
1
1
1
1
1
1
1
1
1
1
1
0.996724071530465
1
1
0.915345381836995
1
0.968113479457259
0.999997553845383
1
1
1
1
0.988784560700662
1
1
1
1
1
1
1
0.976692713424902
0.90001217748768
1
1
1
1
1
0.882053917480141
1
1
1
1
0.997965841354903
1
1
1
1
0.980906199174327
0.999999024099887
1
1
1
1
1
1
1
1
1
0.951264515637184
1
1
1
1
1
1
1
1
1
0.909560253625294
1
0.721407741098526
1
1
1
1
1
1
0.962496267422216
1
1
1
1
0.996109728041349
1
1
1
1
1
1
1
1
1
0.886648642127515
1
1
1
0.886208000658489
1
1
1
1
1
0.669538346064307
1
1
0.972960108804702
1
1
0.982168261131348
1
1
1
1
1
1
1
1
1
1
1
1
0.906144940193475
1
1
1
1
1
1
0.997806323541007
1
1
1
1
1
0.970462851758176
1
1
1
1
1
1
1
1
1
0.981049517135702
1
1
0.999998040358757
1
1
1
1
1
1
1
1
1
0.965185113960764
1
1
1
1
0.927000031482396
1
1
1
1
1
1
1
1
1
1
1
1
1
1
1
1
0.957314131684772
1
1
0.826116671803126
1
1
0.968847330872937
1
1
1
0.998284778822393
1
1
1
0.954109603475229
0.988900757962628
0.675913269119068
1
1
1
1
1
0.924238727640668
1
1
1
1
1
1
1
1
1
1
1
1
1
1
1
1
0.956928637418437
1
1
1
1
0.98119923136148
1
0.99999998793927
1
1
1
1
1
1
1
1
1
1
0.955322815965816
1
0.943037625754259
1
1
0.996358921412459
1
1
1
1
1
1
1
0.982593934125002
1
0.99694119516744
0.899758860082512
0.996924528585988
1
0.926273441261096
1
1
1
1
1
1
1
1
0.988900757962628
1
1
1
1
0.999998062673446
0.954016586377085
1
1
0.92215517396912
0.911925142436658
1
0.638073719704257
1
1
0.935847889700322
0.962496267422216
1
1
1
1
1
1
1
1
1
1
0.97948102653381
1
1
1
1
1
1
1
1
1
1
1
1
1
1
1
0.99566978912081
1
1
0.949718881980069
1
1
1
1
1
0.965276218223709
1
1
1
1
1
1
0.944408864952643
1
1
1
1
1
1
1
1
1
1
1
1
1
1
1
1
1
1
1
0.884157196733755
1
1
1
1
1
1
1
1
1
1
0.966168254197487
1
1
1
1
1
1
0.997196115333529
0.976476103938353
1
1
1
0.995921205537315
1
0.946458480787177
1
1
1
1
1
0.99289964820956
1
1
1
1
1
1
1
1
1
1
1
1
1
1
0.949016592688646
1
1
1
1
1
1
1
1
0.950634639647806
1
1
1
1
1
1
1
1
1
1
1
1
1
1
1
0.997481432153073
1
1
1
1
1
1
1
1
1
1
1
1
0.926273441261096
0.964823548317266
1
1
1
1
1
1
0.923838829880696
1
1
1
0.998182541140539
1
1
0.999999860210356
0.951273198729135
1
1
1
1
1
1
1
1
1
1
1
1
0.998166813303337
1
1
1
1
1
1
1
1
1
0.977500473359305
1
1
1
1
0.748597059775396
0.965809954071652
1
1
1
1
1
1
0.992798849482049
1
1
1
1
1
1
0.919552123847673
1
1
1
1
1
1
0.699258207176848
1
1
1
1
1
1
1
1
1
1
1
1
1
1
1
0.99999998793927
1
1
1
1
1
1
1
1
1
1
1
0.906608867218071
1
1
0.986264581462018
1
1
0.938381268419088
0.761746193730408
0.998389320425739
1
1
0.997806323541007
1
1
1
1
1
1
1
1
1
1
0.943272575520856
1
1
0.710663449241155
1
1
1
1
1
1
1
1
1
1
0.93593229163207
0.992798849482049
1
1
0.79141174206114
1
1
1
1
1
1
1
1
1
0.940516841256973
1
0.996436154358685
1
0.983801739705469
1
1
0.927425868338244
1
1
0.904969417558852
1
1
1
1
1
1
1
1
1
1
0.954016586377085
1
0.965445178001753
1
0.953529415401519
1
1
1
1
0.980906199174327
1
1
1
1
1
1
1
1
1
1
1
0.923062370379634
1
1
1
0.963000994510181
1
1
1
1
1
1
0.999998648249722
1
1
1
1
1
1
0.990078977203517
0.834803837728004
0.997656205827081
1
1
1
1
1
1
1
1
0.963000994510181
1
0.882290773656294
1
0.883254216965982
0.808677310538665
0.933474519740116
1
1
1
0.595738640497619
0.936163000007666
1
1
1
0.723720355426353
0.841576599121183
1
1
1
1
1
1
1
1
1
0.931616055727974
1
0.922821351004547
1
1
1
0.896767891664369
1
0.63718091257278
0.655686679334685
0.61409930025922
0.827215759629252
1
1
0.657326685177164
0.920578883423777
0.716950269361488
1
1
1
1
1
1
1
1
1
1
1
1
1
1
1
1
0.990635199653969
1
0.951273198729135
1
1
1
0.91034752012771
1
1
1
0.915345381836995
1
1
1
1
1
1
1
1
1
1
1
0.906066509632254
1
0.999998860557961
1
1
0.996358921412459
1
1
0.996490622646162
1
1
1
1
1
1
1
1
1
1
0.983801739705469
0.854526642490806
0.948183540951406
1
1
1
1
1
1
0.920429787043558
1
1
1
1
1
1
1
1
1
1
1
1
1
1
1
1
1
1
1
1
1
0.985241310789142
1
1
1
1
0.941523232191892
1
0.969653822510933
1
1
1
1
1
1
0.64199722328009
1
1
1
1
0.999999283163186
1
1
1
1
1
1
1
0.941523232191892
1
1
1
1
1
1
1
1
0.944865621872659
0.918259531025035
1
1
1
1
1
1
1
1
1
1
1
1
1
1
0.940066973474917
1
1
0.983801739705469
1
1
1
1
1
0.981049517135702
1
1
1
0.927425868338244
1
1
1
1
1
1
1
1
1
1
1
1
0.93535126952796
1
1
0.973115661504868
1
1
0.737210094211809
1
1
1
1
1
1
1
1
1
1
1
1
1
1
1
1
1
0.98803407843801
1
0.906144940193475
1
1
1
0.928274374765705
1
1
1
1
1
1
1
1
1
0.822391831032477
0.988900757962628
1
1
1
1
1
1
1
1
1
1
0.943115888411158
1
1
1
1
1
0.998284778822393
1
0.967746197567056
1
1
1
1
0.9971538490797
1
1
0.922188174728759
1
1
1
1
1
1
1
1
1
1
1
0.994410865052483
1
1
1
1
1
1
1
1
1
1
0.989887399773359
1
1
1
1
1
1
0.970578957841024
1
1
1
1
1
1
1
1
1
1
1
1
1
1
1
1
1
1
1
1
1
1
0.929095432272453
0.834803837728004
1
1
1
1
1
1
0.988900757962628
1
1
1
1
1
1
0.976176244396348
1
0.949718881980069
0.929834911417084
0.994002045135917
1
1
1
1
0.977461117616451
1
1
1
1
1
1
1
1
1
1
1
1
0.689720401747715
0.942437706506437
1
1
1
1
1
1
1
1
1
1
0.989770892810203
1
1
1
1
1
0.917610300835341
1
1
1
0.991992601733385
1
1
1
1
1
1
1
1
1
1
0.827023919119133
1
1
1
1
1
1
1
0.891196588614066
0.919039658980777
1
1
1
0.884157196733755
1
1
1
1
0.966168254197487
0.997481432153073
1
0.944408864952643
1
1
1
1
1
1
0.995921205537315
0.74075445256538
0.983343094349445
1
1
1
1
1
1
1
1
0.983338853203802
1
1
1
1
1
1
1
1
1
1
0.847437147875179
1
1
1
1
0.910790897134405
1
1
1
1
1
0.988309740662081
1
1
1
1
1
1
0.980584457910531
1
1
1
1
1
0.983016008340249
0.997098407550265
1
1
1
1
1
0.975400377368173
1
1
1
0.697352329128875
1
1
1
1
1
1
1
1
1
1
1
1
1
1
1
1
1
1
1
1
1
1
1
1
1
1
1
1
1
0.928017558389223
0.977832634461598
1
1
1
1
0.977832634461598
1
1
1
1
1
1
0.974822812450862
0.919552123847673
1
0.947872931767908
1
1
0.900593035301726
1
1
1
0.92588561827615
0.918301950988896
1
1
1
1
1
0.991992601733385
1
1
1
1
1
1
1
1
1
1
1
1
0.999999283163186
1
1
1
1
0.934120409472211
0.943037625754259
1
1
1
1
0.951559438111639
1
1
0.996490622646162
1
1
1
1
0.989900337353164
1
1
1
1
1
1
1
1
1
1
1
1
0.975263385575105
1
1
1
0.948183540951406
0.990410590502577
1
1
1
1
1
1
1
1
1
1
1
0.97007927171561
1
1
0.910790897134405
1
1
1
1
1
1
1
1
1
1
1
1
1
1
1
1
1
0.972467592358003
1
0.861544464768122
1
1
1
1
1
0.987949773508631
0.962496267422216
1
1
1
0.908646100685122
0.892931634710679
1
0.928274374765705
1
0.911927123867791
1
1
0.999999835417872
0.985951368541879
1
1
1
1
1
1
1
1
1
1
1
0.965011904920519
1
1
1
0.988900757962628
1
1
1
1
0.985951368541879
0.906066509632254
0.850688397451438
1
1
1
1
1
1
1
1
1
1
1
1
1
1
1
0.794586743933067
1
1
1
1
1
0.98019470611232
1
1
1
1
1
1
1
1
1
1
1
1
0.872307419216242
0.837522020064532
0.968847330872937
1
1
0.872597374468878
0.996724071530465
1
0.999999878862283
0.891196588614066
1
1
1
1
1
1
1
0.999999024099887
0.944408864952643
1
1
1
1
0.999998087729338
1
1
1
1
1
1
1
1
1
1
1
1
0.998182541140539
1
1
1
0.965011904920519
1
1
1
1
1
1
0.876446408303407
1
1
1
1
1
0.949087081759995
1
1
1
1
1
1
1
1
1
0.931205239900562
1
1
0.93424305517674
1
1
0.958675303583097
1
0.986264581462018
0.919552123847673
1
1
1
1
1
0.99289964820956
1
1
1
0.900436656686556
1
1
1
0.965445178001753
0.936762922573076
1
1
1
1
1
1
0.892931634710679
0.828187035694705
0.982696141173187
1
1
1
1
1
1
1
0.941472827228252
1
1
1
1
0.970578957841024
0.963000994510181
1
1
1
1
1
1
1
1
1
1
1
0.985774535943675
1
1
1
1
1
1
0.991074399406236
1
0.994410865052483
1
1
1
1
0.947738793871963
1
1
0.959971269912453
1
0.861270652854394
1
0.997857071655773
1
1
1
1
1
1
1
1
0.90179868608371
1
1
1
0.980072585160024
1
1
1
1
1
0.900566306819383
0.936115788764705
1
1
0.894131083160372
1
1
1
1
1
1
1
1
1
0.9971538490797
1
1
1
1
1
0.927425868338244
1
0.979135104855024
0.97948102653381
1
1
1
1
0.998284778822393
1
1
1
0.931943405235263
1
0.923062370379634
1
1
1
0.948768459260132
1
1
1
1
1
1
1
1
0.981049517135702
1
1
0.943037625754259
1
1
1
0.997196115333529
1
1
1
1
0.990410590502577
1
1
1
1
1
1
1
1
0.973481022536897
1
1
1
1
1
1
1
1
1
1
1
1
1
1
1
0.987218962415894
1
1
1
1
0.929834911417084
1
0.882053917480141
1
1
0.770023819921904
1
0.968339136321642
1
0.988309740662081
0.998365478112863
1
1
1
1
1
1
1
1
1
1
1
1
1
1
1
1
1
1
0.987949773508631
1
1
1
1
1
1
0.962887539833635
1
1
1
1
1
1
1
1
1
1
1
1
1
0.884525929261556
1
1
0.984870075329066
0.9971538490797
1
1
1
1
1
1
1
1
1
0.985951368541879
1
1
0.950315283709542
1
1
0.976692713424902
0.912433742076543
1
1
1
1
0.975130404932306
1
1
0.923062370379634
0.888414329771242
1
1
0.976933246365683
1
1
1
1
1
1
1
0.998284778822393
1
0.518906143624554
1
1
1
0.948016066110289
1
1
1
1
1
0.980906199174327
1
1
1
1
0.956933382644468
1
1
1
1
1
1
1
1
1
1
1
1
1
1
0.982168261131348
1
1
0.942226965755197
1
1
1
1
1
1
1
1
1
0.976000756629631
1
1
1
1
0.965445178001753
1
0.981456418839832
1
1
1
1
1
0.98019470611232
1
1
1
0.926349518917707
1
1
1
1
1
0.970462851758176
1
1
1
1
0.903371944966684
1
1
1
0.939558113283217
1
1
1
1
0.983801739705469
1
1
1
0.999999283163186
1
1
1
1
1
1
1
1
1
1
1
1
1
0.956341403806342
1
0.919039658980777
0.986264581462018
1
1
1
1
1
1
1
0.996358921412459
1
1
1
0.98440176460456
1
1
1
1
1
1
0.892931634710679
1
1
1
1
1
1
1
1
1
1
0.915868802521086
1
1
1
1
1
1
0.906144940193475
0.994002045135917
0.986267114860064
1
1
0.906144940193475
1
0.99694119516744
1
1
1
0.937274961047923
1
0.999987300889081
1
1
1
1
1
1
1
1
1
0.999998628627728
1
1
1
1
1
1
1
1
1
1
0.943037625754259
1
1
1
0.650780101658821
1
1
0.912433742076543
0.761746193730408
1
1
1
1
1
1
0.999990972291112
0.931943405235263
1
1
1
1
1
0.961562738501951
1
1
1
1
1
1
1
1
1
1
1
1
1
1
1
1
1
1
1
1
1
1
0.985564558656044
1
1
1
0.965445178001753
1
1
0.992918476664464
1
1
1
1
1
1
1
1
1
1
1
1
1
1
1
0.997098407550265
1
1
1
1
1
1
1
1
1
1
0.877843269217852
1
1
1
1
0.982168261131348
1
1
1
1
1
1
1
1
1
1
1
1
1
1
1
0.931551126815381
1
1
1
1
1
1
1
1
1
1
0.966683988142597
1
1
1
1
1
1
0.983592414587101
1
1
1
1
0.997422582044701
1
1
1
0.816714082141756
1
1
1
1
0.9971538490797
1
1
1
1
1
1
1
1
1
0.905653493600836
0.910587138094021
1
1
1
0.999999878862283
1
1
1
1
1
1
0.926349518917707
0.954857910999991
1
1
1
1
1
1
1
1
0.997025908757685
1
1
1
1
1
0.907125950513118
1
1
1
0.927425868338244
1
1
1
1
0.989340875969434
1
1
1
1
1
1
1
1
1
0.971118115338173
1
1
1
1
0.99999930737554
1
1
1
1
1
1
1
1
1
1
1
1
1
1
0.891079239702057
0.937274961047923
0.980906199174327
1
0.941715461373045
1
1
1
1
0.999998040358757
1
1
1
0.705697260098702
1
1
1
1
1
1
0.999999835417872
1
0.915345381836995
1
1
1
1
1
1
1
1
1
1
1
1
1
1
1
1
1
1
1
1
1
0.94956757632993
1
0.97948102653381
1
1
0.927425868338244
1
1
1
1
1
1
1
1
1
1
1
1
0.967556761966653
0.633756364796306
1
0.961153388075476
1
0.98743946471691
0.985564558656044
1
0.958364911610072
0.950315283709542
1
1
0.967826264571711
1
1
1
1
0.918301950988896
1
0.9766390589812
1
1
1
0.997098407550265
1
1
1
0.893641234869472
0.84679453460195
1
0.803678005063388
0.998182541140539
1
1
1
1
1
1
0.942770644680019
1
1
1
0.946461685365475
1
1
1
1
1
1
1
0.974372706503245
1
1
1
1
0.917610300835341
1
1
1
0.999999861988343
0.886648642127515
1
0.972021968366786
1
1
0.940542391305769
1
0.837522020064532
0.910790897134405
1
1
1
1
1
1
0.999991266945787
1
0.997422582044701
1
0.996155604632707
1
0.997656205827081
1
1
1
0.903097410072481
1
1
1
0.808024248583751
1
0.934124644346222
1
0.985951368541879
1
1
1
1
1
1
1
1
1
1
1
1
1
1
1
1
0.970578957841024
1
0.964823548317266
1
0.763750062102394
0.991992601733385
0.997656205827081
1
1
1
1
1
0.889537884610659
1
1
1
1
1
1
0.977732739957477
0.972467592358003
1
1
1
1
1
1
1
1
1
1
1
1
0.925306297652559
0.999993748201926
0.98714319361077
1
1
1
1
1
1
1
1
0.947872931767908
1
1
1
1
1
1
1
1
1
1
0.892931634710679
1
1
1
1
1
0.996490622646162
1
1
1
1
1
0.999998717933482
1
0.948924367046353
1
1
1
1
1
1
1
1
0.906066509632254
1
1
1
1
1
1
0.977461117616451
1
1
1
1
1
1
0.957038131074762
0.931943405235263
1
0.996592425117216
1
1
1
1
1
1
1
1
1
1
0.999999902536602
0.983896816881929
1
1
1
1
1
1
1
0.958287041425571
0.794114620797744
1
0.891853307025421
1
0.967315449715828
1
0.988900757962628
1
1
1
1
1
0.97754196021398
0.929864756877906
1
0.963334414471896
1
0.948183540951406
0.68981341653199
0.985580497182803
1
1
0.958675303583097
1
1
1
1
1
1
1
1
1
1
1
1
1
1
1
1
1
1
1
1
0.980072585160024
1
1
1
1
0.980584457910531
1
1
1
1
1
1
1
1
1
1
1
1
1
1
1
1
1
0.863619868963442
1
0.996358921412459
1
1
1
1
1
0.977832634461598
0.941715461373045
1
1
1
1
1
0.98803407843801
1
1
1
1
1
1
1
0.948183540951406
1
1
1
1
1
1
1
1
1
1
1
1
1
1
1
1
1
1
1
1
0.888414329771242
0.996109728041349
1
1
1
1
1
0.968339136321642
1
0.99566978912081
1
1
1
1
1
1
1
1
1
1
1
1
1
1
0.98526217904352
1
1
1
1
1
1
1
0.940391510606166
1
1
1
1
0.981456418839832
0.999998646271523
1
1
1
0.986267114860064
1
1
1
1
1
1
1
0.807416337449115
1
1
1
1
1
1
1
0.905378733957026
1
1
0.980584457910531
1
1
0.944408864952643
1
0.996490622646162
1
1
0.940066973474917
1
1
1
1
1
1
1
1
1
1
1
0.997196115333529
0.999998580370039
1
0.904005553535449
0.972021968366786
0.982168261131348
1
0.980525945170131
1
1
0.997944460271373
0.940542391305769
1
1
1
1
1
1
1
0.999113295792768
1
1
1
1
1
1
1
1
1
1
1
1
1
0.983801739705469
1
1
1
1
1
1
1
1
1
1
1
1
1
0.956928637418437
1
0.939558113283217
1
1
1
1
1
1
1
1
0.956933382644468
1
1
0.972149599365371
1
1
1
1
1
1
1
1
0.921649493609234
1
1
1
1
1
0.999994142511351
1
1
0.992549240718041
1
0.969653822510933
1
1
1
1
1
1
0.883502592212651
0.880695141634041
1
1
1
1
1
1
1
1
1
1
1
1
1
1
1
1
1
1
0.702076686237207
1
0.759039864702284
1
1
1
1
1
1
1
1
1
1
1
1
1
1
1
1
1
0.997043466392428
1
1
1
1
1
0.944539815859304
1
1
1
1
1
1
1
1
0.999998843898437
1
1
1
1
1
1
1
1
1
1
1
0.987218962415894
1
1
1
1
1
1
1
1
1
1
1
1
1
1
1
1
1
0.959971269912453
1
1
1
1
1
1
1
0.996531685566799
1
1
1
1
1
1
1
1
1
1
1
1
0.948978280535578
0.98419437328246
1
1
1
0.908646100685122
1
1
1
1
1
1
1
1
1
1
1
0.938366543910227
1
0.997965841354903
1
0.977705721381444
1
1
0.989887399773359
1
0.996724071530465
0.983801739705469
0.97726140776993
1
1
1
1
1
1
1
1
1
1
1
1
0.992549240718041
1
0.999998628627728
0.977732739957477
1
0.9766390589812
0.997965841354903
1
1
1
1
1
1
1
1
1
1
1
1
1
1
1
1
0.963397441443441
1
1
1
0.954093737777658
0.750585835033831
1
1
0.959767624241347
1
0.893641234869472
1
1
1
1
1
1
1
1
1
1
1
1
1
1
0.996155604632707
1
1
1
1
1
0.997098407550265
1
1
1
1
1
1
0.93724818224732
1
1
1
1
1
0.909165161432212
1
0.863619868963442
1
1
0.97726140776993
1
0.999999591224181
0.929353064269856
0.994790814195639
0.996531685566799
0.962560006669525
0.884044835119772
0.813615076708587
1
0.996592425117216
1
0.936762922573076
1
1
1
0.99999930737554
1
0.928017558389223
1
1
1
1
0.965445178001753
1
1
1
1
1
1
1
1
1
1
1
0.90001217748768
0.976476103938353
1
1
1
1
1
0.963000994510181
0.999999860210356
1
1
0.848398766060305
0.958920929908006
1
1
0.997965841354903
0.998534108141812
1
1
0.976176244396348
1
0.937274961047923
1
1
1
1
1
0.854274542943635
1
0.999999878862283
0.99694119516744
1
0.995921205537315
1
0.948620029483363
1
1
1
0.984488869619554
0.983801739705469
1
1
0.927355328304809
1
1
1
0.997098407550265
1
1
1
1
1
1
1
0.86498904772248
1
1
1
1
0.759134693421816
0.999998860557961
1
1
1
1
0.997043466392428
1
1
1
1
0.965809954071652
1
0.962560006669525
1
0.963094769934262
0.923882545494709
1
0.936726587654961
1
1
1
1
1
1
1
1
1
1
1
0.936115788764705
1
1
1
1
0.917610300835341
1
1
1
1
0.887416189016695
1
0.791759825265565
1
1
1
1
0.980072585160024
1
1
1
0.942453089869865
1
0.927000031482396
1
1
1
1
0.962496267422216
1
1
0.974822812450862
1
1
0.887639288907497
1
1
1
1
1
1
1
1
1
1
1
1
1
1
1
1
1
1
1
1
0.999999423893588
1
0.91034752012771
1
1
0.899758860082512
1
1
1
1
0.936516800382435
1
1
1
1
1
1
1
1
1
1
1
1
1
0.99694119516744
1
0.999256289535028
1
1
0.880868329663586
1
1
1
1
1
1
1
1
0.929353064269856
0.982100888060126
0.958248319894039
1
0.996490622646162
1
1
1
1
1
1
1
0.97948102653381
1
1
1
1
1
1
1
1
0.913365528135563
1
1
1
0.93424305517674
1
1
0.905653493600836
1
1
1
0.944408864952643
1
1
1
1
1
1
1
1
0.961727474394865
0.958777712166017
1
1
1
1
1
1
1
1
1
1
1
1
1
1
1
1
1
1
1
1
1
1
1
1
1
0.975400377368173
1
1
1
1
0.999996650045091
1
1
1
1
1
0.999998875186297
1
1
1
1
1
1
1
1
1
1
0.982100888060126
1
1
1
0.994410865052483
1
0.986270568342113
1
0.939558113283217
0.86498904772248
1
1
1
1
1
0.997965841354903
0.940274335438013
1
0.995921205537315
1
1
1
1
1
1
1
1
1
1
1
0.999998062673446
1
1
1
1
1
0.826422853363956
1
1
1
1
1
0.854274542943635
0.991397275406699
0.907542826163893
1
1
1
1
1
1
1
1
0.958965593084774
1
1
1
1
1
1
1
1
1
1
1
1
0.943272575520856
1
0.661512767183206
1
1
0.998284778822393
1
1
1
1
1
1
0.959971269912453
0.904005553535449
1
1
1
1
0.997480328490248
1
1
1
1
1
1
1
1
0.966643102284181
1
1
0.980906199174327
1
0.925123720416089
0.828579737164498
0.918515306369759
1
1
1
1
1
1
1
1
1
1
0.996109728041349
1
1
0.980277238341634
1
1
1
1
0.856030166479518
1
1
1
1
1
1
1
1
0.997351248758304
1
0.965011904920519
1
1
1
1
0.927191907319708
1
1
0.92215517396912
1
1
1
1
1
1
1
1
1
1
0.976000756629631
1
0.968113479457259
1
1
1
1
1
1
1
1
1
1
1
1
0.980906199174327
1
1
0.997098407550265
1
1
1
1
1
1
1
1
1
1
0.99998987819163
1
1
0.81520245324407
1
0.938617462948964
0.9586798253183
1
1
1
1
1
1
1
0.9971538490797
1
1
1
1
1
0.951373588226701
1
1
0.970003110246179
1
1
1
1
1
1
0.965969669889072
1
1
1
1
0.996358921412459
1
1
1
1
1
1
1
0.983343094349445
1
1
1
1
1
1
1
1
1
1
1
1
1
0.966463415917378
0.957019631280951
1
1
1
1
1
1
1
1
0.946454590688772
0.923062370379634
1
1
0.992798849482049
1
1
1
0.997098407550265
1
1
1
1
1
0.931406470710443
1
1
1
1
0.790450555148527
1
0.9586798253183
1
1
1
1
0.999999761202006
1
1
1
0.923062370379634
0.968339136321642
1
1
1
1
1
0.924238727640668
1
1
1
1
1
1
1
1
0.996592425117216
1
1
0.976476103938353
1
1
1
1
0.992798849482049
1
1
1
1
1
1
1
0.997480328490248
1
0.999998628627728
1
0.895903904330432
1
1
1
1
1
1
1
1
0.976476103938353
1
1
0.909560253625294
0.942770644680019
1
1
1
1
1
1
0.91034752012771
1
1
0.946458480787177
0.869999057983158
1
1
1
0.996924528585988
1
1
1
1
1
1
1
0.999991785274201
1
1
1
1
1
1
1
1
1
1
1
0.959257864693804
1
1
1
1
1
1
1
1
1
1
1
0.965011904920519
1
1
1
1
1
1
1
1
1
1
1
1
1
1
1
1
1
1
0.927425868338244
1
1
1
0.968847330872937
1
0.999999902536602
0.985241310789142
1
1
1
1
1
1
1
1
1
1
1
0.995150923291811
0.992288126310288
1
1
1
0.906608867218071
1
1
1
1
1
1
1
1
1
0.876305902794384
1
1
1
0.895903904330432
1
1
1
1
1
1
1
1
1
1
1
1
1
1
1
1
1
0.907125950513118
1
1
1
1
1
1
1
1
0.951101602126676
1
1
1
1
0.826422853363956
1
1
1
0.968937719546388
1
0.770505115290133
0.999491465793478
1
1
1
1
0.981436392776456
1
1
0.911925142436658
1
1
1
1
1
1
0.914778105216155
1
1
1
0.986267114860064
0.798205711100437
1
0.929848934704825
1
1
1
1
1
1
1
0.997098407550265
1
1
0.934120409472211
1
1
1
1
1
1
1
1
1
1
0.999995066508938
1
1
1
1
0.985247745860464
0.953202828940689
1
1
1
0.897787159570589
0.992549240718041
1
1
1
1
1
0.999994142511351
1
1
1
1
0.956052067006938
1
1
0.940391510606166
1
1
0.9766390589812
1
1
1
1
1
1
1
1
1
1
0.99999998793927
1
1
1
1
1
1
1
1
1
1
0.981201795975644
1
1
1
1
0.900436656686556
1
1
1
1
1
1
1
1
1
1
1
0.997480328490248
1
1
0.933208136190787
1
0.904466126494817
1
1
1
1
1
0.980072585160024
1
0.777760901485387
0.939388586145296
1
1
1
1
0.889097732176852
1
0.98803407843801
0.964824368691743
1
1
1
1
1
1
1
1
1
0.96179315167957
1
1
1
1
1
1
0.972467592358003
0.980277238341634
1
1
1
1
1
1
1
1
1
1
1
0.997480328490248
1
0.988074653707352
0.995150923291811
1
1
1
1
1
1
0.704938203946671
1
1
1
1
1
1
1
1
1
1
0.883502592212651
0.988309740662081
1
1
1
1
1
1
1
1
1
1
1
1
0.944865621872659
0.973115661504868
1
1
1
1
1
0.985247745860464
0.98803407843801
1
1
1
1
1
0.934120409472211
1
1
1
0.941472827228252
1
1
1
1
1
1
1
1
1
1
1
0.988309740662081
1
1
1
1
1
1
1
1
1
1
1
0.999997637770934
1
1
0.888414329771242
1
1
1
1
1
1
1
1
1
1
0.986940440706763
1
1
1
1
0.854274542943635
0.988074653707352
1
1
1
1
1
1
1
1
1
1
0.964824368691743
1
1
1
1
0.959257864693804
1
1
1
1
1
1
1
1
0.962560006669525
1
1
1
1
0.895903904330432
1
1
1
1
1
1
1
1
1
1
1
1
1
1
1
1
1
1
1
1
1
1
1
1
1
1
1
1
1
1
1
0.942564981078472
1
0.996592425117216
1
1
1
1
0.985951368541879
1
0.949979244168951
1
0.991074399406236
1
1
1
1
0.977832634461598
0.971481083073223
1
1
1
1
1
1
0.976395485572372
0.773351282869707
1
1
1
1
1
1
1
1
1
1
1
1
1
0.810331576601352
1
1
0.968113479457259
1
1
1
1
1
1
1
1
0.93535126952796
1
1
0.980906199174327
1
1
0.861360837241539
1
0.985564558656044
1
1
1
1
0.942226965755197
1
1
1
1
1
1
0.999999882931674
1
1
1
0.963351040015481
1
1
1
0.672946958836191
0.945184343350483
1
1
1
1
1
1
1
1
1
1
1
1
1
1
1
1
1
1
0.996724071530465
1
1
1
1
1
1
1
0.778914890907201
1
1
0.967746197567056
1
1
1
0.902535758311344
1
1
0.960429868364436
0.966595933802008
0.996358921412459
1
1
1
1
0.999999878862283
1
1
1
0.959928372456824
1
0.956052067006938
1
0.926349518917707
1
1
1
1
0.99694119516744
1
1
0.999998860557961
1
0.884525929261556
0.999999413115772
0.983127719967563
1
1
1
1
0.944408864952643
1
0.687727155759127
1
1
0.996109728041349
1
1
1
1
1
0.983801739705469
0.871960945967032
1
1
1
1
1
1
1
0.480291778199313
1
1
1
1
1
1
0.981436392776456
1
0.985247745860464
0.940066973474917
1
1
1
1
1
0.957019631280951
1
1
1
1
1
1
1
1
1
1
0.988074653707352
1
1
1
1
0.919552123847673
1
1
1
1
1
0.982168261131348
1
0.734884316408222
1
1
1
1
1
1
1
1
0.91589849697522
1
1
1
1
1
1
0.999999878862283
1
1
1
1
1
1
0.965062505699543
1
1
1
1
1
1
1
1
1
1
1
1
1
1
1
0.996436154358685
0.982168261131348
0.790450555148527
1
1
1
1
1
1
1
1
1
0.891196588614066
1
1
1
1
1
0.988074653707352
1
1
1
0.903371944966684
1
1
1
1
1
1
1
1
1
1
0.854274542943635
0.855394979113828
1
1
1
0.997025908757685
0.997481432153073
1
0.999998580370039
1
1
0.982696141173187
1
1
0.963029028483399
1
1
0.999256289535028
1
0.999999902536602
0.948978280535578
1
1
1
0.99694119516744
1
1
1
1
1
1
1
1
1
1
1
1
1
1
1
1
1
1
1
1
1
0.851994313997309
1
0.721319757367886
1
1
1
0.91589849697522
1
0.876033781615443
1
0.934600576860499
1
1
1
1
0.967826264571711
1
1
1
0.958287041425571
1
1
1
1
1
1
1
1
1
1
1
0.981456418839832
1
1
1
0.674378763939825
1
0.921039253265627
1
1
1
1
1
1
1
1
1
1
1
0.980584457910531
1
1
0.985967754375804
0.999998694171709
0.942038552967576
0.966643102284181
1
0.948768459260132
1
0.999999878862283
0.932980090916061
1
1
1
1
1
1
0.939558113283217
0.816241550268874
1
1
0.943812988768359
1
1
1
1
1
1
1
1
1
0.855394979113828
1
1
1
1
1
1
0.926695592424438
0.959971269912453
1
1
1
1
1
1
1
1
1
1
1
0.971130641757593
1
1
1
1
0.959971269912453
0.963011367379115
1
1
0.958364911610072
1
1
0.939388586145296
0.967634468750837
1
1
1
0.968937719546388
0.93535126952796
1
1
1
0.967556761966653
1
1
1
1
1
0.784389362630003
1
1
1
1
1
1
1
1
0.833162084931235
1
1
1
0.971118115338173
1
1
1
0.996724071530465
1
1
1
1
1
1
0.951080545305008
1
1
0.906066509632254
1
1
1
1
1
1
1
1
1
0.985241310789142
1
1
1
1
1
1
1
1
0.999999902536602
1
1
1
1
1
1
1
0.960374596293577
1
1
1
0.931943405235263
1
0.918259531025035
1
1
1
1
0.870249962859084
1
0.958965593084774
1
1
1
1
1
0.964824368691743
1
0.989887399773359
1
0.931943405235263
1
0.965276218223709
1
0.958445831302854
1
1
1
1
1
1
0.984494704110131
1
1
0.917610300835341
1
1
1
0.921649493609234
1
0.876446408303407
0.948978280535578
1
1
1
0.984904647401316
1
1
1
1
0.918301950988896
1
1
1
1
1
1
1
1
1
1
1
1
1
1
0.985241310789142
1
1
0.918301950988896
1
0.916309009921591
0.985241310789142
1
1
0.988784560700662
1
0.976395485572372
0.999256289535028
1
1
1
1
1
1
1
1
1
1
1
1
1
0.669344902915355
1
1
1
1
1
1
1
1
1
1
1
1
1
0.956052067006938
1
1
1
1
0.998284778822393
1
1
0.944539815859304
1
1
1
1
1
0.909165161432212
1
0.996490622646162
1
1
1
1
0.971842620458225
1
1
0.999998914904107
0.988784560700662
1
1
0.920469545467123
1
1
0.942453089869865
1
1
1
1
1
0.940542391305769
1
1
1
1
1
1
1
1
1
1
1
1
1
0.951559438111639
1
1
1
1
0.99694119516744
1
1
0.926695592424438
1
1
1
1
1
1
1
1
0.998704035039345
1
1
1
0.999999835417872
1
1
1
1
1
1
1
1
1
1
1
0.955686983966485
1
1
1
0.996924528585988
1
1
1
1
0.983016008340249
1
1
1
1
1
1
1
1
0.997857071655773
1
1
0.961153388075476
1
1
1
1
0.976476103938353
1
1
1
1
1
1
0.921039253265627
1
0.943037625754259
0.911927123867791
1
1
1
1
1
0.997098407550265
1
1
1
0.992549240718041
1
0.9766390589812
1
1
1
1
0.954548839331675
0.988784560700662
1
1
0.971947515142423
1
1
1
1
1
1
1
1
1
1
1
1
1
1
1
1
1
1
1
1
1
0.998182541140539
1
1
1
1
1
1
1
0.997098407550265
1
1
1
0.922188174728759
1
0.971070971312827
1
0.940542391305769
1
1
1
0.906066509632254
1
1
1
1
1
1
1
1
0.971842620458225
1
1
1
1
0.986264581462018
1
1
1
0.997944460271373
1
1
0.999998860557961
0.873999804378305
1
1
1
1
1
1
0.900608059883345
1
1
1
0.999997553845383
1
1
1
1
1
1
0.996490622646162
1
1
1
1
1
1
1
1
1
0.824782262329309
0.937274961047923
1
1
1
1
1
1
0.953202828940689
1
0.918301950988896
1
1
1
0.965062505699543
1
1
0.977500473359305
0.959928372456824
0.801967604152098
1
1
1
1
1
1
1
0.96878225381639
1
1
0.996490622646162
1
1
1
1
1
1
1
1
1
1
1
1
1
1
1
0.992798849482049
0.994002045135917
1
1
1
1
1
1
1
1
1
1
1
1
0.963011367379115
1
0.931406470710443
0.984904647401316
1
1
1
1
1
1
0.958920929908006
1
1
1
0.965185113960764
1
1
1
0.929864756877906
1
1
1
1
1
1
1
1
1
1
1
1
1
1
1
1
1
0.966595933802008
1
1
1
1
1
1
1
1
1
1
1
1
0.967556761966653
1
0.998686270937758
0.866868278536633
0.999998860557961
1
0.623889396561194
1
1
0.602216858782415
1
1
0.999999882931674
0.914900295931169
1
0.740770750761834
1
1
1
1
0.970578957841024
1
0.965185113960764
1
1
1
0.976000756629631
1
1
1
1
1
1
0.940542391305769
1
1
1
1
1
1
1
1
0.98714319361077
0.979373316490491
1
0.965445178001753
1
1
1
0.901905279084939
1
1
1
1
1
1
1
1
1
1
1
0.947571987766434
1
1
1
1
1
1
1
1
1
1
1
1
1
1
1
1
1
1
1
1
1
1
1
1
1
1
1
1
1
1
1
0.99566978912081
1
1
1
0.984494704110131
1
1
1
1
1
1
1
1
1
1
1
1
1
1
1
1
1
0.999999761202006
1
1
1
1
1
1
0.871870486248299
1
1
1
0.9766390589812
1
1
0.999997553845383
1
1
1
1
1
1
1
1
1
1
1
1
1
1
0.999998598642871
1
1
1
1
1
1
1
1
0.954857910999991
1
1
0.987218962415894
0.974372706503245
1
1
1
0.921485000539242
1
1
1
0.967746197567056
1
1
1
1
1
1
0.934120409472211
1
1
1
1
1
1
1
1
1
1
0.972027198954972
1
1
0.79141174206114
1
1
1
1
1
1
1
1
1
1
1
1
0.998182541140539
1
1
1
1
1
1
1
1
1
0.997481432153073
1
1
1
1
1
1
1
1
1
0.985073620536406
1
1
0.91205999372024
1
0.982003903809477
0.980906199174327
0.938683517960199
1
1
1
1
1
0.943693857043829
1
1
1
1
1
1
0.969653822510933
1
1
1
1
1
1
1
0.940542391305769
1
1
1
0.989165128635223
1
0.997025908757685
1
1
1
0.944539815859304
1
1
1
1
1
1
1
0.966789837641941
0.980525945170131
1
0.91589849697522
1
0.997480328490248
1
1
1
1
1
1
1
1
1
1
1
1
1
0.997806323541007
1
1
1
1
1
1
1
1
1
1
1
1
1
1
1
1
1
1
1
1
1
0.997136693582381
0.880349455868262
1
1
0.981436392776456
0.795622902912487
1
0.92215517396912
1
1
0.964542937594962
0.999992117713691
1
1
1
1
1
1
0.926273441261096
1
1
1
1
0.956933382644468
1
1
1
1
1
1
1
1
1
0.976395485572372
1
1
1
0.848398766060305
0.990635199653969
1
1
1
1
1
0.92215517396912
1
0.996109728041349
0.939461059939661
1
1
1
1
0.904005553535449
1
1
1
1
1
1
1
0.989340875969434
1
1
1
0.99999998793927
0.949038461182183
1
1
1
1
1
1
0.919552123847673
1
1
1
0.76699199301259
1
1
1
1
0.942453089869865
1
1
0.992798849482049
1
1
1
1
1
1
1
1
1
1
1
1
1
1
1
0.889488922667659
1
1
1
1
1
0.97007927171561
1
0.980837885596123
1
1
1
1
1
1
1
1
0.958445831302854
1
1
0.999256289535028
1
1
1
1
1
0.945184343350483
1
1
1
1
1
1
1
1
1
0.986721267888598
1
1
1
0.997656205827081
1
1
1
1
1
0.963011367379115
1
0.997136693582381
1
1
1
1
0.997857071655773
1
1
1
0.964823548317266
1
1
1
1
0.98419437328246
0.92215517396912
0.904975774739632
1
1
1
1
0.947571987766434
1
1
1
1
1
0.989900337353164
1
1
1
1
1
1
1
1
1
1
0.985951368541879
0.904005553535449
1
1
1
1
1
1
1
1
1
1
1
1
1
0.983801739705469
1
1
1
1
0.980906199174327
0.993612597510944
1
1
0.805200074977215
0.958364911610072
1
1
0.992549240718041
0.856694230089427
1
1
1
1
1
1
1
0.963011367379115
0.942226965755197
1
1
1
1
0.996109728041349
1
1
0.95549334073311
1
1
1
1
1
1
1
1
1
1
1
1
0.948016066110289
1
1
0.948620029483363
1
1
1
1
1
1
1
1
1
1
1
1
1
1
1
1
1
1
1
1
1
1
1
1
0.999989977464848
1
1
0.997965841354903
1
1
1
1
1
1
1
1
1
1
1
1
1
0.996724071530465
1
1
1
1
1
1
1
1
1
1
1
1
1
1
1
0.943037625754259
1
1
1
1
1
1
1
1
0.872597374468878
1
1
1
1
1
1
1
1
0.99990715333908
1
1
1
1
1
1
1
1
1
0.939558113283217
0.99999930737554
0.999999024099887
1
1
1
1
1
1
1
1
1
1
1
1
1
0.997481432153073
1
1
1
1
0.981201795975644
1
1
1
1
1
1
1
0.931163047717336
0.852260388940532
1
1
1
1
1
1
1
1
1
0.872597374468878
0.899895224073974
1
1
0.981049517135702
1
0.871870486248299
0.966168254197487
1
1
1
1
1
1
0.909560253625294
1
1
1
1
1
1
1
1
1
1
1
1
1
1
0.915627466502722
1
1
1
0.986264581462018
1
1
0.893641234869472
0.929834911417084
1
1
1
0.992798849482049
1
1
1
1
1
0.884157196733755
1
1
1
1
1
1
1
1
1
0.918373395365461
1
0.951791398649301
1
1
1
1
1
1
1
1
0.965185113960764
1
1
1
1
0.943037625754259
1
1
0.956052067006938
1
1
1
1
0.960374596293577
1
0.893036494146735
1
1
1
1
1
1
0.999996606049217
1
1
0.998389320425739
1
1
1
1
1
1
1
1
1
1
1
1
1
1
1
0.992798849482049
1
1
1
1
1
1
1
1
1
1
1
1
0.951791398649301
1
1
0.986721267888598
1
1
0.804506387461691
1
1
1
1
1
0.980584457910531
1
0.994002045135917
1
1
1
1
0.953529415401519
1
0.891079239702057
1
1
1
0.999999264051848
1
1
1
1
1
1
0.976551537928026
1
1
1
1
1
0.984494704110131
1
1
1
1
1
1
1
1
1
0.941715461373045
1
1
1
1
1
1
1
1
0.899895224073974
1
1
1
1
1
1
0.996431074933444
1
1
1
1
1
0.987218962415894
1
1
1
1
1
1
1
0.938366543910227
1
0.996431074933444
1
1
1
1
1
1
1
1
1
1
1
1
1
0.999995066508938
1
1
1
0.943194774815507
1
1
1
0.846871206670597
1
0.976476103938353
1
1
1
1
1
1
1
1
0.997944460271373
0.996109728041349
1
1
1
1
1
1
1
1
0.996592425117216
1
0.998534108141812
1
0.980072585160024
1
1
1
0.964303974046337
1
1
1
1
1
1
1
1
1
1
1
0.537088664030427
1
1
1
1
1
1
1
1
1
1
1
0.968339136321642
1
1
1
1
1
1
0.900608059883345
1
1
1
1
1
1
1
0.984904647401316
0.795853699678242
0.985564558656044
1
1
1
1
1
1
1
1
0.970578957841024
1
1
1
1
1
1
1
1
1
0.945889298861863
1
1
1
1
1
1
0.999998914904107
1
1
1
1
1
1
1
1
0.981456418839832
1
1
0.964824368691743
1
1
1
1
1
1
1
1
1
1
1
0.972960108804702
1
1
0.943693857043829
0.949426377419213
1
1
0.999999902536602
1
0.971842620458225
1
1
1
1
1
1
1
1
1
0.967417352040651
1
1
0.999996650045091
1
1
1
1
1
1
1
1
1
1
0.996724071530465
1
1
1
1
1
1
1
1
1
1
1
1
1
1
1
1
1
1
1
1
1
1
1
1
1
1
1
1
1
1
1
1
1
0.906144940193475
1
0.955686983966485
1
1
0.900608059883345
0.999992827688611
1
1
1
1
1
1
0.982696141173187
1
0.996490622646162
1
1
1
1
1
1
1
1
0.976476103938353
1
1
0.999998875186297
1
1
1
1
0.990635199653969
0.935847889700322
1
1
1
1
1
1
1
1
1
0.919552123847673
0.898383788845841
1
0.906144940193475
1
1
0.938366543910227
1
1
1
0.953529415401519
1
1
1
1
1
1
1
1
1
1
1
1
1
1
1
1
1
1
1
1
1
0.98419437328246
1
0.954857910999991
0.936762922573076
1
1
1
1
1
1
1
1
1
1
1
0.536387238731626
0.982593934125002
0.988074653707352
0.98993861798936
1
1
1
1
1
0.988309740662081
1
1
1
1
1
1
1
1
0.98743946471691
1
1
1
0.996490622646162
1
0.972467592358003
0.935847889700322
0.944865621872659
1
1
1
1
1
1
1
1
1
0.997098407550265
1
0.895903904330432
1
1
1
1
0.863723645223375
1
1
1
0.979373316490491
0.91034752012771
1
1
1
1
1
0.90001217748768
1
1
1
1
1
0.949087081759995
1
1
0.954409362346641
1
1
1
1
1
1
1
1
1
1
1
1
0.994002045135917
1
1
1
1
0.952348875854788
1
1
1
1
1
1
1
1
1
0.81042427518462
1
1
1
0.981049517135702
0.997351248758304
1
1
1
0.997351248758304
0.816783965477355
1
1
1
1
1
1
1
0.966513870013324
1
1
1
1
1
1
1
0.989887399773359
1
0.927425868338244
1
1
1
1
1
1
1
1
1
0.572202052127449
1
0.931956599969776
0.912965271783032
1
1
1
1
1
1
1
1
1
1
1
1
1
1
1
1
1
0.912433742076543
1
1
0.966396520464591
1
1
1
1
1
0.83674302465149
1
1
1
1
1
1
1
1
1
1
0.962560006669525
1
1
1
1
1
1
1
1
1
1
1
1
1
1
1
1
1
1
1
1
1
1
0.997481432153073
1
0.977732739957477
1
1
1
0.980088870420493
1
1
1
0.970462851758176
1
1
1
0.962496267422216
1
0.66666906796098
1
0.997806323541007
1
1
0.854274542943635
1
1
0.949016592688646
1
1
1
0.98803407843801
1
0.997656205827081
1
1
0.994417471990065
1
0.837522020064532
1
1
1
1
1
1
0.972960108804702
1
1
1
0.977732739957477
1
1
1
1
1
1
1
1
1
0.864851362501193
1
0.943037625754259
0.96179315167957
1
1
1
1
1
1
1
1
1
1
1
1
1
1
1
1
1
1
1
1
1
0.936726587654961
1
1
1
1
0.98902629981978
1
1
0.99999998793927
1
1
1
1
1
1
1
0.997422582044701
1
1
1
1
1
1
1
1
1
1
1
0.997806323541007
1
0.921940298364383
1
0.996592425117216
1
1
0.996531685566799
1
0.942226965755197
0.996724071530465
1
1
1
1
1
1
1
1
1
1
1
1
1
1
1
1
0.903097410072481
1
1
1
0.9971538490797
1
1
0.966592645300384
1
1
1
1
1
1
1
1
1
0.999999928991808
1
1
1
0.98743946471691
0.969148143666114
1
1
1
0.970578957841024
1
1
0.982100888060126
1
1
1
1
1
1
1
1
1
0.997043466392428
1
1
1
1
0.909165161432212
1
1
1
1
1
1
1
1
1
1
1
1
1
1
1
1
0.899913803863504
1
1
1
1
1
0.991074399406236
1
1
1
1
1
1
1
1
1
1
1
1
1
0.931551126815381
1
1
1
1
1
1
1
1
0.990635199653969
1
1
1
1
1
1
1
1
1
0.980072585160024
1
1
1
1
1
1
1
0.931551126815381
1
0.96878225381639
1
1
1
1
1
1
1
0.934124644346222
0.938053989671858
1
0.997025908757685
0.999999413115772
0.931943405235263
1
1
1
1
1
1
1
1
1
1
1
0.931551126815381
1
1
1
1
1
1
1
1
0.903371944966684
1
0.91589849697522
0.951559438111639
1
1
0.997480328490248
1
1
1
1
1
1
1
1
0.983343094349445
1
1
1
1
1
1
0.915345381836995
0.959928372456824
1
0.867859785965711
1
1
1
1
1
1
1
1
1
0.959928372456824
1
1
1
1
1
0.961153388075476
1
0.949426377419213
0.962887539833635
1
0.994002045135917
1
1
1
1
1
1
0.983801739705469
1
1
1
1
1
0.867458887197954
1
1
1
1
1
0.976176244396348
1
1
0.958675303583097
0.656596074690505
0.914900295931169
1
1
1
1
1
1
0.936115788764705
0.982593934125002
1
0.965062505699543
1
1
1
1
1
0.896970097593296
1
0.853370922143959
1
1
0.861544464768122
1
1
1
1
1
1
1
1
0.981201795975644
1
1
1
1
0.97948102653381
1
1
1
1
1
1
0.988784560700662
1
1
0.997196115333529
0.986267114860064
1
0.889537884610659
1
1
1
0.98019470611232
0.979135104855024
1
0.999987300889081
1
1
1
1
1
1
0.997481432153073
1
1
0.849265611311738
1
1
1
1
1
1
1
1
0.993590091615625
1
1
0.96037856785555
1
1
1
0.996724071530465
1
1
1
1
1
1
1
1
1
1
1
1
1
0.986267114860064
1
0.907698870723633
1
1
0.931943405235263
1
1
1
0.951101602126676
1
0.999998580370039
0.997043466392428
1
1
0.931551126815381
1
1
1
1
0.968113479457259
1
0.990078977203517
0.963029028483399
1
1
1
1
0.919552123847673
1
0.974372706503245
1
1
1
1
1
1
1
1
1
1
1
1
1
1
1
1
1
1
1
0.962002223480884
0.899895224073974
0.988900757962628
1
1
1
1
1
1
1
0.947738793871963
0.910790897134405
1
1
1
1
0.992549240718041
1
1
1
1
1
0.999113295792768
0.801682189329442
1
1
1
1
1
1
0.999994142511351
1
1
0.983016008340249
1
0.984494704110131
1
1
1
1
0.999999878862283
0.942226965755197
1
1
0.998534108141812
1
1
0.977832634461598
1
1
1
1
1
1
1
1
1
1
1
0.965809954071652
1
1
1
1
1
0.999999878862283
1
0.90179868608371
0.941523232191892
0.836675776100503
1
1
0.888281212050032
1
1
1
1
1
1
0.996431074933444
1
1
1
1
1
1
1
0.560559302842688
1
0.984870075329066
0.997965841354903
1
1
0.999990937608215
1
1
1
0.988784560700662
1
1
1
1
1
1
0.98743946471691
1
1
1
0.949426377419213
1
1
1
0.95549334073311
1
1
1
1
1
1
1
1
1
1
1
1
1
1
1
1
1
1
0.948768459260132
1
1
1
0.934600576860499
0.943115888411158
1
1
1
1
1
1
1
1
1
0.942453089869865
1
0.954093737777658
1
1
1
0.918373395365461
1
1
1
1
1
1
1
1
1
1
1
1
1
1
1
1
1
0.876446408303407
0.996724071530465
1
1
1
1
1
1
1
1
1
1
1
1
1
1
1
1
1
1
1
0.847437147875179
0.999999591224181
1
1
0.959971269912453
1
0.950634639647806
1
1
1
1
1
1
1
0.884157196733755
1
1
1
1
1
1
1
1
1
1
0.988784560700662
1
1
0.999998580370039
1
1
1
1
1
0.99999986681797
0.999984646627725
1
1
0.927191907319708
1
1
0.873234490205696
1
1
0.999999902536602
1
1
1
1
1
1
1
1
0.999999835417872
1
1
0.996724071530465
1
1
1
1
1
1
1
0.975400377368173
1
0.783695490260088
1
1
1
0.972027198954972
1
1
1
1
1
1
1
0.982003903809477
1
1
1
1
1
1
1
1
1
0.969653822510933
1
1
1
1
0.971842620458225
1
1
1
1
1
0.997944460271373
1
1
0.980906199174327
1
0.967746197567056
0.949426377419213
1
1
1
1
1
1
1
0.855394979113828
1
1
1
1
1
1
0.966513870013324
1
1
1
1
0.90179868608371
1
1
1
1
1
1
0.999999860210356
0.998365478112863
1
0.976176244396348
1
1
0.949087081759995
1
1
1
1
1
1
1
1
1
1
1
1
1
1
1
1
0.99999998793927
1
0.939964703200817
1
1
1
1
1
1
1
1
1
0.99694119516744
1
1
1
1
1
0.91205999372024
1
1
1
0.888414329771242
0.84237115420798
1
1
1
0.986267114860064
1
1
1
0.997098407550265
0.980584457910531
1
1
1
1
1
1
1
1
1
1
1
1
0.936115788764705
1
1
1
1
1
1
1
1
1
1
1
1
0.998284778822393
1
1
1
1
0.991074399406236
1
1
1
1
1
1
1
1
1
1
1
1
0.997944460271373
0.983896816881929
0.988784560700662
1
0.973424154506141
1
1
1
1
1
1
1
1
1
1
0.984488869619554
1
1
1
1
0.964824368691743
1
1
0.951080545305008
1
1
1
0.942437706506437
1
1
1
1
0.968113479457259
0.997481432153073
0.999991396954525
1
1
1
1
1
0.957019631280951
0.980072585160024
1
1
1
1
1
0.986267114860064
1
1
1
1
1
1
1
1
1
1
1
1
1
1
1
1
1
1
1
1
1
1
0.997806323541007
1
1
0.986264581462018
0.843055581958341
1
1
1
1
1
0.9544401496139
1
1
0.926349518917707
1
1
1
1
1
1
1
1
1
1
0.98803407843801
1
1
0.904466126494817
0.946458480787177
1
1
1
1
1
1
1
1
0.912965271783032
0.90179868608371
1
1
1
0.849048770959381
1
0.989887399773359
1
1
1
1
0.840068999676534
1
1
1
1
0.99566978912081
0.996724071530465
1
0.850131116747767
1
1
0.988309740662081
1
0.772257339430969
1
1
0.760094964305459
1
1
1
1
0.942453089869865
1
1
1
1
0.904969417558852
0.988784560700662
1
0.966789837641941
1
1
1
1
1
1
1
1
1
1
1
0.849265611311738
1
0.981201795975644
1
1
0.999999024099887
1
0.912433742076543
1
1
1
1
1
1
1
1
0.887639288907497
1
1
1
1
1
1
1
1
1
0.992549240718041
1
1
1
1
0.880994944721412
0.989887399773359
1
0.984494704110131
0.999256289535028
1
0.972027198954972
1
0.951791398649301
1
1
1
1
1
1
1
0.986940440706763
1
1
1
1
1
0.852260388940532
1
1
1
1
1
0.802703754046013
0.986940440706763
1
1
1
1
1
1
1
0.966396520464591
1
1
1
1
0.966595933802008
0.675554027743028
1
1
1
1
1
1
1
0.998182541140539
0.981456418839832
1
1
0.958445831302854
1
1
1
0.999999835417872
1
1
0.970578957841024
0.927425868338244
1
0.904466126494817
1
1
0.998790673965135
1
0.917610300835341
0.968847330872937
1
1
1
1
0.936516800382435
1
1
1
1
1
1
0.998182541140539
1
1
1
1
1
1
0.928274374765705
1
1
0.983801739705469
1
0.997944460271373
1
0.941472827228252
1
1
1
1
1
1
1
1
1
1
1
0.888414329771242
1
0.999999423893588
0.990195429552949
1
1
1
0.984904647401316
1
1
0.96179315167957
1
1
1
1
1
1
1
1
1
1
1
1
1
1
1
1
1
0.883502592212651
1
1
1
1
1
1
0.892931634710679
1
1
1
1
0.962002223480884
0.997656205827081
1
1
1
1
1
1
1
1
1
1
1
1
1
1
1
1
0.970578957841024
1
1
0.947571987766434
1
1
1
1
1
1
1
1
1
1
0.996592425117216
1
1
1
1
1
1
1
1
1
1
1
1
1
1
1
1
1
1
1
1
0.956933382644468
1
1
1
1
1
0.824782262329309
1
0.951559438111639
1
1
1
1
1
0.921485000539242
1
1
1
1
1
1
1
1
1
1
1
1
1
1
1
1
1
1
1
1
0.984904647401316
1
1
0.977500473359305
1
0.946461685365475
1
1
1
0.966595933802008
1
1
0.927441282562975
1
1
1
1
1
1
1
0.983338853203802
1
1
1
0.992798849482049
0.987218962415894
1
1
1
1
0.971481083073223
1
1
1
1
1
1
0.925123720416089
1
1
1
1
1
1
1
1
0.922188174728759
1
1
1
1
1
1
1
1
0.903371944966684
1
1
1
1
0.997422582044701
1
1
1
1
0.886373430305642
1
1
1
1
1
1
1
1
1
1
1
0.997025908757685
1
1
1
1
1
1
1
1
1
1
1
1
1
1
1
0.772875637409426
1
0.995921205537315
1
1
1
1
0.953202828940689
1
1
1
1
1
1
1
0.888791357773822
1
1
0.951487247035148
1
1
1
1
1
1
1
1
1
1
1
1
1
1
1
1
1
0.999998155734967
1
1
0.958777712166017
1
1
1
0.988900757962628
0.999996606049217
1
0.998790673965135
1
1
1
1
1
1
1
1
0.990078977203517
1
1
1
1
1
1
1
0.524149288086915
1
1
1
1
1
0.986270568342113
1
1
1
1
1
1
1
1
1
1
0.982100888060126
0.982168261131348
1
0.920578883423777
1
1
0.903371944966684
1
1
1
1
1
1
1
0.947571987766434
1
0.999999861988343
1
1
0.523218015347144
1
1
1
0.990635199653969
1
1
0.927000031482396
1
0.540827149946724
1
1
0.997351248758304
0.927861562806995
0.910790897134405
1
1
0.992288126310288
1
1
1
1
1
0.984494704110131
1
1
1
1
1
0.965185113960764
1
1
1
1
1
1
1
1
1
1
1
1
0.80260875923979
1
1
1
1
1
0.990635199653969
1
1
1
1
1
1
1
1
1
1
1
0.948016066110289
1
1
0.837772556806838
1
0.943037625754259
1
0.967206528030822
1
1
0.990410590502577
1
1
1
1
1
1
1
0.994797285224434
1
1
1
1
1
1
0.999256289535028
1
1
1
1
1
0.774302571654612
1
1
0.940542391305769
1
1
1
1
0.999999835417872
0.957038131074762
1
1
1
1
0.999998648249722
1
1
1
1
1
1
1
1
1
1
1
1
1
1
1
1
1
1
0.933208136190787
1
1
0.987949773508631
0.929353064269856
1
1
1
1
1
1
1
0.958777712166017
1
1
1
1
0.998284778822393
1
1
0.990635199653969
1
0.982168261131348
1
1
1
1
1
1
1
0.919552123847673
1
1
1
1
1
1
0.920429787043558
0.965276218223709
1
1
1
1
0.997422582044701
0.940274335438013
0.999999860210356
1
1
0.913475167849257
1
1
1
0.967223148732885
0.895903904330432
1
1
1
1
1
1
1
1
1
1
1
1
0.891196588614066
1
1
1
1
0.999998155734967
0.978716053972148
1
1
1
1
1
0.901027047670599
1
1
1
1
0.951101602126676
1
1
0.975917291246689
1
0.912433742076543
1
0.959109348352084
0.99999998793927
1
1
1
1
1
1
1
1
1
0.869967159967249
1
1
1
1
0.967634468750837
1
1
1
1
1
1
1
0.992549240718041
1
1
1
1
1
1
1
1
1
1
1
0.999991396954525
1
0.943037625754259
1
1
1
1
1
1
1
1
0.977461117616451
0.912965271783032
1
1
1
1
0.999999835417872
1
1
1
1
1
1
1
1
1
1
1
1
1
1
1
1
1
0.900593035301726
1
1
1
0.972479539562662
1
1
1
1
1
1
1
1
1
0.967206528030822
0.938366543910227
1
1
1
1
1
0.863619868963442
1
0.959767624241347
1
1
1
1
1
1
1
0.886567155209237
1
1
1
1
0.941472827228252
1
1
1
1
1
1
1
1
1
1
0.600875895111771
1
1
1
1
1
0.918080273267954
0.996490622646162
1
1
1
0.985951368541879
1
1
1
1
0.931551126815381
1
1
1
1
1
1
0.902909915977659
0.876305902794384
1
0.909165161432212
1
0.937862537616844
1
1
1
1
0.998534108141812
1
0.940542391305769
0.986264581462018
1
1
1
1
0.91589849697522
1
0.965062505699543
1
1
1
1
1
0.988900757962628
1
1
1
1
0.98714319361077
1
1
1
1
1
1
0.91205999372024
1
1
0.999998694171709
1
1
0.909560253625294
1
1
1
0.999999878862283
1
0.904466126494817
1
0.917461374480943
0.996490622646162
1
0.959971269912453
1
1
1
1
0.99566978912081
1
0.85955491947076
1
1
1
1
1
1
1
1
1
1
1
0.907125950513118
1
0.889097732176852
1
1
1
1
1
1
1
1
1
1
1
1
1
0.999999861988343
0.85983874098446
1
0.921485000539242
1
1
0.939461059939661
1
1
1
1
1
0.996592425117216
1
1
1
1
1
1
1
1
1
1
0.964303974046337
1
1
1
0.9586798253183
1
0.99566978912081
1
1
1
1
1
1
0.970462851758176
0.92215517396912
1
1
0.984488869619554
1
1
1
1
0.988074653707352
1
0.998686270937758
1
1
0.929353064269856
1
1
1
1
1
1
1
1
0.985564558656044
1
0.99999930737554
0.954857910999991
1
1
1
0.990410590502577
0.926273441261096
1
1
1
0.996924528585988
0.853462139486099
0.976176244396348
1
1
1
1
1
1
0.998790673965135
1
1
1
0.921039253265627
0.985951368541879
1
1
1
1
1
0.936115788764705
1
1
1
1
1
1
1
0.916309009921591
1
1
1
1
1
1
1
1
1
1
1
0.921940298364383
0.982696141173187
1
1
1
1
1
0.927000031482396
1
0.843055581958341
1
1
1
1
1
1
0.999995066508938
1
0.996358921412459
1
1
1
0.984702705345139
1
1
1
1
0.929095432272453
1
1
1
1
1
1
1
1
0.846871206670597
1
1
1
1
0.997806323541007
0.999998087729338
0.959257864693804
1
1
0.982003903809477
0.966643102284181
1
1
1
1
1
0.965264586434479
1
1
1
1
1
1
1
1
1
1
0.999998580370039
1
1
1
1
0.996109728041349
1
1
1
0.999994142511351
1
0.948978280535578
1
1
1
1
1
0.854274542943635
1
1
1
1
0.986721267888598
1
1
1
1
1
1
0.610154388658463
1
0.930638648353168
1
1
1
1
1
1
1
1
1
1
1
0.965185113960764
1
1
1
0.998284778822393
1
1
1
1
1
1
1
1
1
0.98874392439172
1
1
0.976000756629631
0.990635199653969
0.996592425117216
1
1
1
1
1
1
1
1
1
1
1
1
1
1
1
1
1
1
1
0.9766390589812
0.996109728041349
1
1
1
1
1
1
1
1
1
1
1
1
1
0.929834911417084
1
0.927425868338244
0.887416189016695
1
0.962560006669525
1
0.999999860210356
1
1
1
1
1
1
1
1
1
1
1
1
0.995618636425335
1
1
1
1
1
1
1
1
0.796186874493808
1
0.964303974046337
1
0.962496267422216
1
1
0.940046158046603
0.954016586377085
1
0.886208000658489
1
1
1
1
1
1
1
1
0.997039774474834
1
1
1
1
1
1
1
1
0.780016002440189
1
0.98803407843801
1
0.903371944966684
0.997025908757685
0.90179868608371
0.938683517960199
1
1
1
0.966789837641941
0.976476103938353
0.951487247035148
1
1
1
0.903097410072481
0.940542391305769
1
1
1
1
1
0.90179868608371
1
1
1
1
1
1
1
1
1
0.926349518917707
1
1
1
1
1
1
1
0.966789837641941
1
1
0.844450485481726
0.910790897134405
1
1
1
1
1
1
1
1
1
0.988309740662081
1
1
1
1
1
1
0.90001217748768
1
0.919081150298443
1
1
1
1
1
1
1
1
1
0.909560253625294
1
0.918080273267954
0.996592425117216
1
0.950634639647806
1
1
0.998284778822393
1
1
1
0.99694119516744
1
1
0.996109728041349
1
1
1
0.921039253265627
1
1
0.837528911095921
0.915345381836995
1
0.997025908757685
1
1
1
1
1
1
1
1
1
0.992918476664464
0.985241310789142
1
1
1
1
0.921564952701811
1
1
1
1
0.895031111216517
1
1
1
1
1
1
0.892931634710679
1
1
1
1
1
1
0.999999878862283
1
1
1
1
1
1
0.957038131074762
1
1
1
1
1
1
1
0.982168261131348
0.919087260961672
1
0.97345377656716
1
1
1
0.834803837728004
1
1
1
1
0.9586798253183
0.965276218223709
0.798205711100437
1
0.986264581462018
1
0.962096637645269
1
1
1
1
1
1
1
1
1
1
0.997604891116859
0.968113479457259
1
1
1
1
1
0.928404484394987
1
1
1
0.745078211630396
0.861544464768122
1
1
1
1
1
1
1
1
1
1
0.999992295540582
1
1
1
1
1
1
1
1
0.958364911610072
1
1
1
1
1
1
1
1
1
1
0.958445831302854
1
1
0.997025908757685
1
1
1
0.999999835417872
1
1
1
1
1
1
1
1
1
1
1
1
0.956933382644468
1
1
1
1
1
1
1
1
1
1
1
1
1
1
1
1
1
0.961562738501951
1
1
1
1
1
1
0.983016008340249
1
1
1
1
1
1
1
1
1
1
1
1
1
1
1
1
1
0.928017558389223
1
1
1
0.928274374765705
1
0.826422853363956
1
1
1
1
1
1
1
1
1
1
1
1
1
1
1
0.907131434852625
1
1
0.997965841354903
0.957019631280951
0.81520245324407
1
1
1
1
1
1
1
1
1
1
1
1
1
1
1
1
0.949426377419213
1
1
1
1
0.929848934704825
1
1
1
1
1
1
1
0.93535126952796
1
1
0.99694119516744
0.997196115333529
0.903371944966684
1
1
1
1
0.944408864952643
1
1
1
0.905288250244928
0.98119923136148
1
1
0.799601953611391
1
1
1
1
1
1
1
1
0.928274374765705
1
1
1
1
1
1
1
1
0.998284778822393
1
1
1
0.87628315020354
1
1
1
1
1
1
1
1
1
1
1
1
1
1
0.801682189329442
1
1
1
1
1
1
0.956052067006938
1
1
1
0.954109603475229
1
0.996490622646162
0.986267114860064
0.997136693582381
1
1
1
1
1
1
1
1
1
0.93535126952796
1
1
1
1
1
1
1
1
1
1
1
1
1
1
1
1
1
1
1
1
1
1
1
0.959928372456824
1
1
0.891853307025421
1
0.886519800817561
1
1
1
1
0.950634639647806
1
0.931163047717336
1
1
1
1
1
1
1
1
1
1
1
1
1
1
1
0.969653822510933
1
0.958248319894039
1
1
1
1
1
0.967223148732885
1
1
1
1
1
0.989770892810203
0.941715461373045
1
0.928274374765705
1
1
1
0.876305902794384
1
1
1
1
1
1
1
1
1
1
1
1
1
1
1
1
1
0.989887399773359
1
0.934600576860499
1
1
0.906144940193475
1
1
1
1
1
1
0.962096637645269
1
1
0.96179315167957
1
1
0.966592645300384
1
1
1
1
1
1
0.961727474394865
1
1
1
1
0.900593035301726
1
0.997351248758304
0.999990937608215
1
0.962562823503007
1
1
0.990410590502577
1
1
0.963000994510181
1
0.799230333024334
1
1
1
1
1
0.99694119516744
1
1
1
1
1
1
1
1
1
0.882999228410304
1
1
1
1
1
1
1
1
1
1
1
1
0.895693458999026
0.999998860557961
1
1
1
0.955322815965816
0.999256289535028
1
1
1
1
0.859652234692199
1
0.968339136321642
1
1
0.899758860082512
0.96878225381639
1
1
1
1
0.90179868608371
0.826281665165518
1
1
0.941472827228252
1
0.997628853587134
1
1
1
1
1
0.938381268419088
1
