x
1
1
1
1
1
1
1
1
1
1
0.994838283257395
1
1
1
1
1
1
0.997628537835551
0.991987285746405
1
1
1
1
1
1
1
0.994359039694449
1
1
1
1
0.87737375107669
1
1
0.980045422910828
1
1
1
1
1
0.919989811686585
0.979805303398568
0.986113920319818
1
1
1
1
0.985484740929003
1
1
0.999999923706532
0.907423145732479
1
0.95119280956114
1
1
1
1
1
1
1
0.998484308419439
1
0.98467358212943
1
1
1
0.976545576924378
1
1
1
0.973098809416926
1
1
1
1
1
1
1
1
1
1
1
1
1
1
1
1
1
1
1
1
1
0.996600330795753
1
1
1
1
1
1
1
1
1
1
1
1
0.960459118580178
1
1
1
1
0.999999980688209
1
1
1
1
1
1
1
1
1
0.997530493426346
1
0.977261338234391
1
1
1
0.782365591503213
1
0.977478711573587
1
1
1
1
1
1
0.987161375496221
1
1
1
1
0.999999998318418
1
1
0.855736043127519
1
1
0.985636307038167
1
1
1
1
1
1
1
1
1
1
0.985939093318486
1
1
1
1
1
1
0.997275989836274
1
0.986749007040294
1
1
1
1
1
1
1
0.985636307038167
1
1
1
1
1
1
0.996477668554611
1
1
1
1
1
1
1
1
1
1
0.99151788013685
0.979040576403068
1
0.995911185230292
1
0.98731054926593
1
0.961384051208702
1
1
1
0.960545500207125
1
1
1
1
1
1
1
1
1
1
1
1
0.990697168249308
1
1
0.975804474925836
1
1
1
1
1
0.997257348803217
1
1
1
1
0.999999992530387
1
1
1
1
0.989378130166139
1
1
1
1
1
1
1
1
1
0.972345017823991
1
1
1
1
1
0.99598558150691
0.992990560221427
1
1
0.998905660339808
1
1
1
1
1
1
1
1
1
1
1
1
1
1
0.998018687300852
1
1
1
1
1
1
1
1
1
1
1
1
1
1
0.983186581037073
1
0.986772590484371
1
0.972029839363256
1
1
1
1
0.999999955629318
1
0.994220459581326
1
1
1
1
1
1
1
0.987393192177408
1
1
1
1
1
1
1
1
1
1
1
1
1
0.988388107892704
1
0.998250236138834
1
1
1
1
1
1
0.999999981366587
1
1
1
1
1
1
1
1
1
1
1
1
1
1
1
1
1
0.98797854800387
1
1
1
0.990849157038064
1
1
1
1
1
1
1
1
1
0.971571291813406
1
1
1
0.996044559731695
1
1
1
0.88637405310894
1
0.984256330480094
1
0.862581276797495
0.997530493426346
1
1
1
1
1
1
1
1
1
1
1
1
1
1
1
1
1
1
1
0.997201277078342
1
1
1
1
1
1
1
1
1
1
1
1
1
1
1
1
1
1
1
1
1
1
0.980762690522802
0.997628537835551
1
1
1
1
1
1
1
1
1
1
0.913337122836511
1
1
1
0.986139360874947
1
1
0.988082036570624
0.945095963986438
1
0.973225858734957
1
0.997257348803217
1
1
1
1
0.999339649897174
1
1
1
1
1
1
1
0.997257348803217
1
1
1
1
1
1
1
1
1
1
0.755608386914058
1
0.979374870125133
0.847194991354692
1
1
1
1
1
1
0.997968337278235
1
1
1
1
1
1
1
1
1
1
1
1
1
1
1
0.93485547652905
1
1
1
0.998250236138834
1
1
1
1
1
0.969024283923645
1
0.997688430503692
1
1
0.998519914862657
0.982971725670669
1
1
1
1
0.995776701542295
0.999999955629318
1
0.970526877987773
1
1
1
1
1
1
1
1
1
1
0.973098809416926
1
1
1
1
1
1
1
1
0.996167068271969
1
0.955083967075288
1
1
1
1
1
1
1
1
1
1
0.996671836466019
1
1
1
1
1
1
1
1
0.981254976093342
1
1
1
1
0.990731560782829
0.99230980663966
1
1
1
1
1
1
1
1
1
1
1
1
1
1
1
1
1
1
1
1
1
1
1
0.979584368489139
0.978988175060842
1
1
1
0.971759613656959
1
1
1
1
1
1
1
0.98999673801969
0.783040135401635
1
1
1
1
1
0.972029839363256
1
1
1
1
1
0.987098213173567
1
1
1
1
1
1
1
1
1
1
1
1
1
1
1
0.991987285746405
1
1
0.978937006873958
1
1
1
1
1
1
1
1
1
1
1
1
1
1
1
1
0.977261338234391
1
1
1
1
1
1
1
1
1
0.907423145732479
0.972795307660353
1
1
1
1
1
1
1
1
1
1
1
1
1
1
0.99999991035834
0.997774670251449
1
1
0.978325134910626
1
0.987532438715145
0.956890001294591
1
1
1
1
1
1
1
1
1
1
1
1
1
1
1
1
0.991271731705867
1
0.990567210709318
1
0.991987285746405
1
1
1
1
1
1
1
1
1
1
1
0.997275989836274
1
1
1
1
1
1
1
0.997257348803217
1
0.994451092342413
1
0.912851483932482
0.987385706087264
1
0.999999977562704
1
1
1
0.98467358212943
1
1
1
1
1
1
1
1
1
1
0.997028834972136
1
0.97665056619091
0.992053457372382
1
1
1
0.957005358544228
1
1
1
1
1
1
1
1
0.976517527566591
0.948361971759877
1
0.977547479841491
1
1
1
1
1
1
0.994287526354574
0.99151788013685
1
0.997393735269793
1
1
1
1
1
1
0.998519914862657
1
1
1
1
1
1
0.985641667632293
0.987250129897041
1
1
1
1
1
1
1
1
0.994321804355176
1
1
1
1
0.99229536754586
1
0.973935198403609
1
1
0.994479015855669
1
1
0.895676539053338
1
1
1
1
1
1
1
0.996167068271969
1
1
1
1
1
1
0.99357861126673
1
1
1
0.955218349542825
1
1
1
0.933477390488689
1
1
1
1
1
1
1
1
0.986113920319818
0.999999957744995
1
1
1
1
1
0.881186643511859
1
1
1
1
1
1
1
1
1
1
1
1
1
1
1
1
1
1
1
1
1
1
1
1
0.972885349057796
1
1
1
0.999999998318418
1
1
1
1
1
1
1
0.987098213173567
1
1
1
1
1
0.992371885157545
1
1
1
1
1
1
1
1
1
1
1
1
1
0.997275989836274
1
1
1
1
1
1
1
1
1
1
1
1
0.996537114156456
1
1
1
0.997881238589139
0.982649835549486
1
1
1
1
1
0.984402974530024
1
1
1
0.99999998546125
0.864426362859715
1
1
1
1
1
1
1
1
1
1
1
0.978937006873958
1
1
1
1
0.979374870125133
1
1
1
1
0.995911185230292
0.99999986791497
1
1
1
1
1
1
1
1
1
1
1
1
1
1
1
1
0.998185068165495
1
1
1
1
1
0.926625944851351
1
1
1
1
1
1
1
1
1
0.999999956198788
1
1
1
0.995911185230292
1
1
1
1
1
1
1
1
1
1
1
1
1
0.907423145732479
0.986749007040294
0.972835893388233
1
1
1
1
1
1
0.991315721728341
0.989426856918882
1
1
0.972835893388233
1
1
0.959028239850592
1
0.998185068165495
1
1
1
1
1
1
1
1
0.999999955629318
1
1
1
1
1
1
1
1
1
1
1
0.987161375496221
1
1
1
1
1
1
1
0.987532438715145
0.961605972385197
1
0.99376651376627
1
1
1
1
1
1
1
1
0.988495698499737
1
1
1
1
1
1
1
0.997628537835551
0.98212660124911
1
0.675439636808988
1
1
1
1
1
1
1
0.921404036288009
1
1
1
1
1
1
1
0.999999998318418
1
1
0.997881238589139
1
1
1
1
1
1
1
1
1
1
1
1
1
0.993581328520161
1
1
1
1
1
1
1
1
1
1
1
1
1
1
1
1
1
1
0.995222657596965
1
1
1
1
1
1
1
1
1
0.990018429971442
1
1
1
1
1
1
1
1
1
1
0.955218349542825
1
1
1
1
1
1
1
1
0.926112917922211
1
1
1
1
1
1
1
1
1
1
1
0.99932522258105
1
1
1
1
1
1
1
1
1
1
0.649575862621282
1
1
1
1
1
1
1
0.992147942334536
1
1
1
1
1
1
0.979070698351658
1
1
1
0.930310088760014
1
1
1
1
1
0.95119280956114
1
1
1
1
1
1
1
1
1
1
1
0.999339649897174
0.965102823252178
1
0.976544743878601
0.996839205482965
1
1
0.985988790826156
1
0.999339649897174
1
1
1
1
1
1
1
0.988849858379972
1
1
1
1
1
0.98823042448831
1
1
1
1
1
1
1
0.989651750895636
1
1
1
1
1
1
1
1
1
1
1
1
0.997628537835551
1
1
1
1
1
1
1
1
1
1
1
1
1
1
0.787031033935316
1
1
1
0.931752759103222
1
1
1
1
1
1
1
1
1
1
1
1
1
1
0.990179485888619
1
1
1
1
0.997535399544862
1
1
1
0.991126983965843
1
1
0.999999995904593
1
1
1
0.999999954387212
0.96353457002074
1
0.997688430503692
1
1
1
1
1
1
1
1
1
1
1
1
1
0.98467358212943
0.983186581037073
1
1
1
0.99376651376627
1
1
1
0.999999995904593
1
1
0.987250129897041
1
1
1
1
1
0.991987285746405
1
1
1
0.975387778641305
1
1
1
1
1
0.89517932100972
1
0.988202670776191
1
1
1
1
1
1
0.981498258687748
1
1
0.996530030221308
1
1
0.996146737313131
1
1
0.986139360874947
1
1
1
1
1
1
1
1
1
1
1
0.998018687300852
1
0.82803733479427
1
1
1
1
1
0.822766530441234
0.86698326164855
1
1
1
0.996530030221308
1
1
1
1
1
1
0.998905660339808
1
1
1
1
1
1
0.986798152323188
1
1
1
1
0.996044559731695
1
1
1
0.984009285259359
1
1
1
1
1
1
1
1
1
1
1
1
1
1
1
1
1
0.981295201991047
1
1
1
1
1
1
1
1
1
0.99151788013685
1
0.996401565274588
0.992687704324286
1
1
1
1
1
1
1
1
1
0.977607922632413
0.992182471750431
1
1
0.961449992411848
1
0.999999990082928
1
1
0.997484349447518
1
1
0.991271731705867
1
1
0.996696162395749
1
1
1
1
1
0.99357861126673
1
1
1
0.996435166707932
1
1
1
1
1
1
1
1
1
1
0.931752759103222
1
1
1
0.999999238776707
1
1
0.982756536141709
1
1
1
0.976432787446805
0.999999921468126
1
1
1
1
0.997535399544862
1
1
1
0.999999996203672
1
1
0.999339649897174
0.999999990082928
1
1
1
1
1
1
1
1
1
1
1
1
1
1
1
0.992990560221427
1
1
1
0.97665056619091
1
1
1
1
1
1
1
1
1
1
1
1
1
0.997530493426346
1
1
1
1
1
1
0.978325134910626
1
1
1
1
1
1
1
1
1
1
1
1
1
1
1
1
1
1
1
1
1
1
1
1
1
1
0.99223944900335
1
1
0.997688430503692
1
1
0.994220459581326
0.954014404833409
1
1
0.98797854800387
1
0.984377527362826
0.978831144175581
1
1
0.979773432295112
1
1
1
1
1
1
1
1
1
1
1
1
1
1
0.806678652483971
1
0.964485889241338
1
1
1
1
1
0.996077957158877
1
1
1
1
1
1
1
1
1
1
1
1
1
1
0.984009285259359
1
0.962328362699202
1
1
1
1
1
1
0.95119280956114
1
1
0.997257348803217
1
1
1
1
1
0.997628537835551
1
1
1
1
0.89517932100972
1
1
0.983075159357215
0.999999880313811
1
1
1
1
1
1
1
1
0.984377527362826
1
1
1
1
1
1
0.762633888114183
1
0.996671836466019
1
1
0.980375819798734
1
1
1
1
1
1
1
0.984992001236511
0.99151788013685
1
1
0.997938982103271
1
1
1
1
1
0.996033421307713
1
1
1
1
1
1
1
1
1
1
1
1
1
1
1
1
1
1
1
1
1
1
0.990916585444695
1
1
1
1
1
1
1
1
1
1
1
1
1
1
1
1
0.979090163469311
1
1
0.997968337278235
1
1
0.987436117783473
1
1
1
1
1
1
1
1
1
1
1
1
0.518329179742634
1
1
1
1
1
0.926233089261375
0.987250129897041
1
1
1
1
1
0.972835893388233
1
0.98467358212943
1
1
0.997393735269793
1
1
0.989378130166139
1
1
1
1
1
1
1
1
0.979584368489139
1
1
1
0.973735507375744
1
0.997938982103271
1
1
1
1
1
1
1
1
1
1
0.997628537835551
1
1
0.997275989836274
1
1
0.996671836466019
1
1
1
1
1
1
1
1
1
1
1
1
1
1
1
0.997716647819883
1
1
1
1
1
0.988658464775142
1
0.93485547652905
1
1
1
1
1
1
1
0.992731192235782
1
1
0.944926617793557
1
1
1
1
1
1
1
1
1
1
1
1
0.911635037372422
0.991987285746405
1
1
1
1
1
1
1
1
1
1
1
0.997275989836274
1
1
1
1
0.997688430503692
1
0.985939093318486
0.95866154438064
1
0.980623129072555
1
1
1
1
1
0.888612245273541
1
0.997747332704752
1
1
1
1
1
0.992371885157545
1
1
1
1
1
0.990916585444695
1
1
0.997323085942537
0.997716647819883
1
1
1
1
1
0.913816334154229
0.999999923706532
1
1
1
1
1
1
0.988239569817527
1
1
0.96924194266952
1
1
1
0.988495698499737
1
1
1
1
0.95119280956114
0.986139360874947
1
1
0.991407740929335
1
0.965102823252178
1
1
1
1
1
1
1
1
0.984377527362826
1
1
1
1
1
1
0.999999985273389
1
1
1
1
1
0.999999975787635
1
1
1
1
1
0.97178193615501
1
0.99932522258105
1
1
1
1
1
1
1
1
1
1
1
1
1
1
1
1
1
1
1
1
1
1
1
1
1
1
1
0.998018687300852
0.998185068165495
1
1
1
1
1
1
1
0.734384989361568
1
1
1
1
1
1
0.95814747843734
1
1
1
1
1
1
0.885538825009066
1
0.997201277078342
1
0.973131952618013
1
0.996802594646916
0.985571613840345
1
1
1
1
1
0.977478334618493
1
1
1
1
1
1
1
1
1
1
0.989005218253319
1
1
1
1
1
1
1
1
1
0.999999998732882
1
0.98680594898774
1
1
1
0.998018687300852
1
1
1
1
1
1
1
1
0.960632885188073
1
1
1
1
0.999999980438422
1
1
1
1
1
1
1
0.998519914862657
1
1
1
1
1
1
1
1
1
1
1
1
1
1
1
1
1
1
1
1
1
1
1
1
1
1
1
1
1
1
1
0.996943179792828
1
1
1
1
1
1
0.989192111235607
0.934302571382328
1
1
1
0.98680594898774
1
1
0.855736043127519
0.989426856918882
1
1
1
1
1
1
1
1
1
0.961449992411848
1
1
1
1
0.98750953648596
1
1
1
1
1
1
1
1
1
1
1
1
0.954653814189665
0.987385706087264
1
1
1
0.979070698351658
1
1
1
1
1
1
1
0.989244533466806
0.931752759103222
1
1
0.996161503863769
1
1
1
1
1
1
1
1
1
1
1
1
1
1
1
1
1
1
1
1
1
1
1
1
1
1
1
0.981806211060866
1
0.976310582251288
1
1
1
1
1
1
1
0.993541171815959
1
0.997632906146125
1
1
1
1
1
0.966718977690757
1
1
1
0.998519914862657
1
1
1
0.562731870405065
0.997469538574212
1
1
0.997344781905518
0.98474720161462
1
1
1
1
1
1
0.997078195182654
1
1
1
1
1
1
1
1
1
1
1
0.981002519990211
1
1
1
1
1
1
1
1
1
1
1
1
1
1
0.998018687300852
0.997747332704752
1
0.997968337278235
1
0.972449393960502
1
1
1
1
1
1
1
1
1
1
1
1
1
1
1
1
1
1
1
1
1
1
1
0.997628537835551
1
1
0.986749007040294
1
1
0.982756536141709
1
1
1
1
1
0.999999998318418
1
1
1
0.974181581170768
0.978831144175581
1
1
1
1
1
1
1
1
1
1
1
1
1
1
1
1
0.899015434271234
1
1
1
1
0.990731560782829
0.999999998732882
0.990179485888619
1
0.970357713117665
0.995815543918856
1
1
0.991126983965843
1
1
1
1
1
1
1
1
0.978585988660758
1
1
1
1
1
1
1
1
1
0.970180702444919
1
1
1
0.999339649897174
1
1
0.985988790826156
1
1
1
1
1
1
1
1
0.998292366731805
1
0.981141841407842
1
1
1
1
1
1
1
0.98797854800387
0.979584368489139
1
0.956408142732741
1
1
0.972449393960502
1
1
1
1
0.977478334618493
1
1
1
0.997275989836274
1
1
1
1
1
1
1
0.998250236138834
1
1
1
1
1
1
1
1
1
1
1
1
0.99614070590624
1
0.997028834972136
1
0.980986009204287
0.987532438715145
1
1
1
1
1
0.962922632349793
1
0.961038106833548
1
1
0.99932522258105
1
1
1
0.997535399544862
1
0.991987285746405
1
1
0.997530493426346
1
1
1
1
1
1
1
1
1
1
1
1
0.999999974789656
0.997393735269793
1
1
1
1
1
1
1
1
0.98615414329613
1
1
1
0.991987285746405
1
1
1
1
1
1
1
1
1
1
1
1
1
1
1
0.997774670251449
1
1
1
1
1
1
0.999339649897174
1
1
1
1
1
1
1
1
1
1
1
1
1
1
1
1
1
1
1
1
1
0.999339649897174
1
0.982756536141709
1
1
1
1
1
1
1
1
1
1
1
1
1
1
1
1
1
1
0.999999977562704
0.993573387682543
0.978831144175581
1
1
0.98533532285414
1
1
0.999999980438422
1
1
1
1
1
1
1
1
0.985641667632293
0.921729940007027
1
1
1
1
1
1
1
0.992990560221427
1
0.976581331101672
0.976355866337204
1
1
1
1
1
1
1
1
1
0.987459901199164
0.997747332704752
0.919989811686585
1
1
1
1
1
1
1
1
1
1
1
1
1
1
0.986971019911351
0.995222657596965
1
1
1
1
1
1
1
1
1
1
0.999999923706532
0.999999998318418
1
1
1
1
1
1
0.979191767682186
1
1
1
1
1
1
1
0.999999998318418
0.999999955629318
1
1
1
1
0.986581424482762
0.976653276205093
0.999433956632103
1
1
1
1
1
1
1
1
1
0.987753739720118
1
1
1
1
1
1
0.969845952144101
1
1
1
1
0.991306977411668
1
1
1
1
1
1
0.983673064825092
1
1
0.982383659261114
1
1
1
1
0.992366025222918
1
0.997330181949072
1
0.982470895789157
0.999999857207538
1
1
0.999999956198788
1
1
1
1
1
1
1
1
1
1
1
1
1
1
1
1
1
1
1
1
1
0.991893571323144
1
1
1
0.991271731705867
1
1
1
1
1
1
1
1
1
1
1
1
1
0.98533532285414
1
1
1
0.990916585444695
1
1
1
1
1
1
1
1
1
1
1
0.96946308085613
1
1
0.991893571323144
1
0.936310279855651
1
1
1
0.970153143649437
1
0.997632906146125
1
0.999999975787635
1
1
1
1
1
1
1
1
0.984062389548112
1
1
1
1
0.997393735269793
1
1
1
1
1
0.997257348803217
1
1
1
1
1
1
0.982128738683489
1
1
0.985571613840345
1
0.975830082033454
1
1
1
0.992687704324286
1
1
1
1
1
1
1
1
1
1
1
0.979040576403068
1
1
1
1
1
1
1
1
0.987385706087264
1
1
1
1
1
1
1
0.995222657596965
1
1
0.996530030221308
1
1
1
1
1
1
0.974506009751967
1
0.99357861126673
1
1
1
1
1
1
1
1
0.992468555786437
1
1
1
1
1
1
1
1
1
1
1
1
0.997747332704752
1
1
1
1
1
0.997594392735692
1
1
1
0.995861345580468
1
1
1
1
1
0.990018429971442
0.996748213322194
1
1
1
0.859429893744347
0.985636307038167
1
1
0.976355866337204
1
1
1
1
0.948272057648299
1
1
1
1
1
1
1
1
1
1
1
1
1
0.972029839363256
1
0.98467358212943
0.979070698351658
1
1
1
1
1
1
1
0.978325134910626
0.996701021753677
1
1
1
1
1
1
1
1
1
1
1
1
1
1
1
1
1
0.835927256636409
0.996537114156456
0.981295201991047
1
0.946544707813847
1
1
1
0.99999986791497
1
1
1
1
0.997179809894276
1
1
1
0.98879039034434
1
1
1
1
1
1
1
0.993581328520161
0.998018687300852
0.994220459581326
1
1
1
1
0.986484780891562
1
1
1
0.937485078025436
0.999433956632103
1
1
1
1
1
1
1
1
1
1
1
1
1
0.933572059086554
1
1
0.979773432295112
1
1
1
1
1
1
1
1
1
1
1
1
1
1
1
0.992990560221427
1
1
1
1
0.997393735269793
1
1
0.987923175897853
1
1
0.889207735961469
1
1
1
1
1
1
1
1
1
1
0.969473510348251
1
1
0.972885349057796
1
1
0.985278169385379
1
1
1
1
1
1
0.978326228428845
0.944539214164833
0.982936339512167
1
1
1
1
1
1
1
1
1
1
1
0.991306977411668
1
1
1
0.989550764200812
1
1
1
1
0.990567210709318
1
1
1
1
1
1
0.985915080515739
1
1
1
1
1
0.999339649897174
1
1
1
0.981043223402245
1
1
1
1
1
1
1
1
1
1
1
1
0.999999952716932
1
1
1
1
1
0.999999966488672
1
0.988991188830845
1
0.993573387682543
1
0.996600330795753
1
1
1
1
1
0.972514292207657
0.99223944900335
0.997330181949072
1
0.997323085942537
1
1
1
0.998018687300852
1
0.994220459581326
1
1
1
1
1
1
1
1
1
0.972885349057796
1
1
1
1
1
1
1
1
1
1
1
1
1
1
1
0.975942219431311
1
1
1
1
0.998880472669945
1
0.946076701588441
1
1
1
1
1
1
1
1
1
1
1
1
1
1
1
1
1
1
1
1
1
1
1
1
1
1
1
1
1
1
1
1
0.980623129072555
1
0.872272621675888
1
1
1
1
1
0.996600330795753
1
1
1
1
1
0.989244533466806
0.963482238698168
1
1
1
1
1
1
1
1
1
1
0.975466362557578
1
0.982971725670669
1
1
1
0.981043223402245
0.988206202923249
1
1
1
1
0.949123445597553
1
1
1
1
1
1
1
0.992468555786437
0.98731054926593
1
1
1
1
1
1
1
1
1
1
0.999999955629318
1
1
1
1
1
1
0.99999991759768
1
1
1
1
1
1
1
1
1
0.996856570856223
1
1
1
1
1
1
0.837679980537221
1
1
1
0.989436733136066
1
0.970303214616027
1
1
1
1
0.997628537835551
0.997393735269793
1
1
1
1
0.992687704324286
1
1
1
1
1
1
1
0.982971725670669
1
1
1
1
1
1
1
1
1
1
1
1
1
1
0.997469538574212
1
0.997201277078342
1
1
1
1
1
1
0.997845351028749
1
1
1
1
1
0.851902079336812
1
1
0.972449393960502
1
0.978542725319975
1
1
1
1
1
1
1
1
1
1
1
1
1
1
1
1
1
1
1
1
0.992371885157545
1
1
1
0.987098213173567
1
1
1
1
1
0.96924194266952
1
1
1
1
1
1
1
0.948361971759877
1
1
1
1
1
0.993541171815959
1
1
1
1
1
1
0.972835893388233
1
1
1
1
1
1
1
1
1
1
1
1
1
0.671700561875978
1
1
1
1
1
0.998519914862657
1
1
0.93823307144992
1
0.955218349542825
1
1
1
0.847994101842679
1
1
1
1
1
1
1
1
1
1
1
1
1
0.999433956632103
1
1
1
0.986113920319818
1
1
1
0.981379960096
1
1
1
1
0.979584368489139
1
1
0.992777893550709
1
1
0.829196141457532
1
1
1
1
0.997688430503692
1
1
1
1
0.966989802950565
0.954014404833409
1
1
1
0.981254976093342
1
0.984402974530024
0.803871573675531
1
1
1
1
1
1
1
1
1
0.990179485888619
1
1
1
1
1
1
1
1
0.99230980663966
0.81090033907898
1
1
1
1
1
1
1
1
1
1
0.961605972385197
1
1
1
0.913816334154229
1
1
1
0.913113183721244
1
1
1
0.959539423822169
1
0.98879039034434
1
1
0.997530493426346
1
1
1
1
1
1
1
1
1
1
1
1
1
0.991893571323144
1
1
1
1
1
1
1
1
1
1
1
1
0.976920780734526
1
1
1
1
1
1
0.996118179595458
1
0.978988175060842
0.997257348803217
1
1
1
1
0.983251834484408
0.961038106833548
1
1
1
1
1
1
1
1
1
1
1
1
1
1
1
1
1
0.992777893550709
1
1
1
1
1
1
1
1
0.977598646442446
1
1
1
1
1
1
0.998185068165495
1
1
1
1
1
1
1
1
1
0.740650737456894
1
1
0.982090539367514
1
1
1
1
1
1
1
1
1
1
0.99932522258105
1
1
1
1
0.996146737313131
1
1
1
1
1
1
1
0.985878672446874
1
1
1
1
0.98731054926593
1
1
1
1
1
0.859429893744347
1
1
1
1
1
1
0.997968337278235
1
1
0.989903653517646
1
0.996161503863769
0.963482238698168
0.973177016221808
1
0.97665056619091
1
1
1
1
1
0.987286475169772
0.988964258368103
1
1
1
1
1
0.995569878008193
1
1
1
0.977461571577003
0.998519914862657
1
1
1
0.977850089614476
1
1
1
1
1
1
1
0.997484349447518
1
1
0.950673282743686
1
1
1
1
1
1
1
1
0.992371885157545
0.970886672200789
1
1
1
1
1
0.997632906146125
1
1
1
1
1
1
0.956068488866914
1
1
1
1
1
0.970545073309036
1
1
0.987532438715145
1
1
1
1
0.974181581170768
1
1
1
1
0.954653814189665
1
1
1
1
1
1
1
1
1
1
1
1
1
1
1
1
0.975830082033454
1
1
1
0.996044559731695
1
1
1
1
1
1
0.98533532285414
1
1
0.991306977411668
1
0.979309023785081
1
1
0.998250236138834
1
1
1
1
1
1
1
1
1
1
1
1
1
1
1
1
1
1
1
1
1
1
1
1
1
1
1
1
1
1
1
1
1
1
1
1
1
1
1
0.980142573276094
1
1
1
1
0.82803733479427
1
1
1
1
1
1
1
1
1
0.98797854800387
1
0.978763024028316
1
1
0.978325134910626
1
1
1
1
1
1
0.95096772335123
1
1
1
1
0.972835893388233
1
1
1
1
1
1
1
1
1
1
1
1
1
0.990855903476717
1
1
1
1
1
0.986749007040294
1
1
1
1
1
0.978763024028316
1
1
1
0.711892925057692
1
1
0.997028834972136
1
0.986113920319818
1
1
1
1
1
0.97815791698728
1
1
0.985278169385379
1
0.998519914862657
1
0.997027722182062
1
1
1
0.984009285259359
0.980997329569819
1
1
1
1
1
1
0.999999697807631
1
1
1
1
1
0.967510834317027
1
0.96946308085613
1
1
1
1
1
1
1
0.985571613840345
1
1
0.986965254451501
1
1
1
1
1
1
1
1
1
0.994479015855669
0.990464161664873
1
1
1
1
1
1
1
1
1
1
1
1
1
1
1
1
1
1
1
1
1
0.994321804355176
1
1
1
1
1
1
0.837991476827814
0.981002519990211
1
1
1
1
1
1
1
1
1
1
1
1
0.996050351987757
1
1
1
1
1
1
1
1
1
1
1
1
0.999999985971472
1
0.988111794133026
0.98879039034434
1
1
1
0.998905660339808
1
0.996294295619742
1
1
1
1
1
1
0.997688430503692
1
1
1
1
1
1
1
1
1
0.961605972385197
0.968851515828596
0.988663092431883
1
1
1
1
1
1
0.972795307660353
1
1
1
1
1
0.991893571323144
0.997393735269793
0.989366482320784
1
1
0.995814825353419
1
0.997201277078342
1
1
0.99614070590624
0.987286475169772
1
1
1
1
1
0.997530493426346
1
1
1
1
1
1
1
1
1
1
0.996401565274588
1
1
0.979584368489139
1
0.98456663963242
1
1
1
1
1
1
1
1
1
1
1
0.986559274675268
1
0.974151361267845
1
1
1
1
1
1
0.956068488866914
1
1
1
1
0.996944192741412
1
1
0.987332046096357
0.997078195182654
1
1
1
1
1
1
1
1
0.729328052976387
1
0.933572059086554
1
1
1
1
1
1
1
1
1
1
0.997774670251449
1
1
1
1
1
1
1
0.95814747843734
1
1
1
1
1
1
1
0.999999981366587
1
0.986960119825066
1
1
1
1
0.975804474925836
1
1
1
0.976857896299935
1
1
1
0.974491478512387
1
1
1
1
1
1
1
1
1
1
1
0.981254976093342
1
1
1
1
1
1
1
0.933572059086554
0.978831144175581
1
0.955697714082385
1
1
1
1
1
1
0.987923175897853
1
1
1
1
1
1
1
0.989244533466806
1
1
0.996701021753677
1
1
1
1
1
1
1
1
1
1
1
1
1
0.996696162395749
0.974151361267845
1
1
1
1
1
1
1
1
1
1
1
1
1
1
1
0.926112917922211
1
1
1
1
1
1
1
0.989903653517646
0.998250236138834
1
1
1
1
1
1
1
1
1
0.975683365212373
1
1
0.998519914862657
1
1
1
1
1
1
0.976517527566591
1
1
1
1
1
0.987532438715145
1
1
1
0.999999998318418
1
1
1
0.999999956687049
1
1
1
1
1
1
1
1
0.989903653517646
0.664235592123382
1
1
1
1
0.976545576924378
1
1
1
1
1
1
0.976545576924378
0.956890001294591
1
1
1
1
1
0.997632906146125
0.986772590484371
0.967559163183502
1
1
1
1
1
1
1
0.96378399834757
1
1
1
1
1
1
1
1
1
0.984062389548112
1
1
1
1
1
1
0.981043223402245
1
0.996161503863769
1
1
1
0.972345017823991
1
0.979078152511565
1
1
1
1
1
1
1
1
1
1
1
0.996899364652081
0.987098213173567
1
1
1
1
1
1
1
1
1
1
1
1
1
0.913816334154229
1
0.972029839363256
1
0.99230980663966
0.971076649677412
1
1
1
1
1
1
1
1
1
1
1
1
0.974506009751967
0.981254976093342
1
1
1
1
1
0.864643934119155
1
1
1
1
0.998905660339808
1
1
1
1
0.996044559731695
1
1
0.825525613678435
1
1
1
1
1
1
1
0.977478711573587
1
1
1
1
1
1
1
1
1
1
1
0.744961876365248
1
1
0.99229536754586
1
1
1
0.99230980663966
1
1
1
0.980562529991344
0.994220459581326
1
1
1
1
1
1
1
1
1
1
0.999339649897174
1
1
0.991764306380261
0.98797854800387
1
1
1
1
0.807225487618366
1
1
1
1
1
1
1
1
1
1
0.999433956632103
1
0.986581424482762
1
1
1
1
1
1
1
1
1
1
0.998484308419439
1
0.999433956632103
1
1
1
1
1
0.970180702444919
1
1
1
1
1
1
1
1
1
1
1
1
0.976154817932624
1
1
1
1
1
0.999999996203672
1
1
1
0.991126983965843
1
1
1
1
0.979584368489139
1
1
1
1
0.999999857207538
1
1
1
1
1
1
1
1
1
1
1
0.987002921272979
1
1
0.740650737456894
1
1
0.993319212487483
1
1
1
1
1
1
1
0.97213611920455
0.99932522258105
0.744387445901968
1
1
1
1
1
1
1
1
1
1
1
1
1
1
1
1
1
1
1
1
1
1
0.990179485888619
0.988849858379972
1
1
1
1
1
0.997938982103271
1
1
1
1
1
1
1
1
1
1
0.968673227236644
1
0.981192609519164
1
1
0.997179809894276
1
1
1
1
1
1
1
1
0.999999992530387
1
0.975830082033454
1
1
1
0.971076649677412
1
1
1
1
1
1
1
0.997201277078342
1
1
1
1
1
0.989426856918882
1
1
1
0.931752759103222
1
0.786153189972921
1
1
0.994838283257395
0.995222657596965
1
1
1
0.999999998732882
1
1
1
1
1
1
0.983503275804141
1
1
1
1
1
1
1
1
1
1
1
1
1
1
1
0.979040576403068
1
1
1
1
1
1
1
1
0.975830082033454
1
1
1
1
1
1
0.991126983965843
1
1
1
1
1
1
1
0.990697168249308
1
1
1
1
1
1
1
1
1
1
1
0.995065505711038
1
1
1
1
1
1
1
1
1
1
0.967510834317027
1
1
1
1
1
1
0.994321804355176
1
1
1
1
0.998905660339808
1
0.984402974530024
1
1
0.997201277078342
1
1
1
1
0.847194991354692
1
1
1
1
1
1
1
1
1
1
1
1
1
1
1
1
1
1
1
1
1
0.99151788013685
1
1
1
1
1
1
1
1
1
1
1
1
1
1
1
0.999999995904593
1
1
1
1
1
1
1
0.98809047467183
1
1
1
1
1
0.999999985273389
1
1
1
1
1
1
1
1
1
1
1
1
1
0.992371885157545
0.995222657596965
1
1
1
1
1
1
1
1
1
1
1
1
0.99999991759768
1
1
1
1
1
0.999999992530387
1
1
1
1
1
1
1
1
1
1
1
1
1
1
1
1
0.997565765244286
1
1
1
1
1
0.926601132248751
0.99356113876613
1
1
1
1
1
1
0.940554580933499
1
0.974104186326054
1
1
1
1
1
1
1
1
1
1
1
1
1
1
1
1
1
1
1
1
1
1
1
1
1
0.976310582251288
1
1
1
1
1
0.995815543918856
0.713599627123616
0.987393192177408
1
1
1
1
1
1
1
1
1
1
1
1
1
1
1
1
1
1
1
1
1
0.99151788013685
1
1
1
1
1
0.819048739677238
0.986559274675268
1
1
0.999999880313811
0.986749007040294
1
1
1
1
1
1
1
1
0.966695934256346
0.978325134910626
1
1
0.995911185230292
1
0.963902655863909
0.983673064825092
1
1
1
1
1
1
1
1
1
0.992182471750431
1
1
1
0.994220459581326
1
1
1
0.993458226463728
1
1
0.996161503863769
1
1
1
1
1
1
1
1
1
0.877445582419441
1
1
1
0.913113183721244
1
1
1
0.996570104235506
1
1
1
1
1
1
0.96237737425409
1
1
1
1
1
1
0.995911185230292
1
0.997774670251449
1
1
1
0.988849858379972
1
1
0.997323085942537
1
0.989120316667774
1
0.922480256009517
1
0.948039351186562
0.864746185143458
0.980045422910828
1
1
1
0.888632383908543
1
1
1
1
0.72150381955233
0.924120047208917
1
1
1
1
1
1
1
1
1
0.999999871750299
1
0.967331782427668
1
1
1
1
1
0.703411453353922
1
0.606236617672581
1
1
1
1
0.933572059086554
0.999999252108864
1
1
1
1
1
1
1
1
1
1
1
1
1
1
1
1
0.995814825353419
1
0.982756536141709
1
1
1
1
1
1
1
0.978831144175581
1
1
1
1
1
1
1
0.98823042448831
1
1
1
0.982090539367514
1
0.968851515828596
1
1
1
1
1
1
1
1
1
1
1
1
1
1
1
1
1
0.976902770550428
0.994287526354574
1
1
1
1
1
1
1
1
1
1
1
1
1
1
1
1
1
1
1
0.978763024028316
1
1
1
1
1
1
1
1
0.984377527362826
1
1
1
1
1
0.96946308085613
0.972885349057796
1
1
1
1
1
0.854083357412123
0.921729940007027
1
1
1
0.986559274675268
1
1
1
1
1
1
1
1
0.944539214164833
1
1
1
1
1
1
1
1
0.971076649677412
0.968673227236644
1
1
1
0.996044559731695
1
1
1
1
1
1
1
1
1
1
1
1
1
0.987532438715145
1
1
0.77594112763619
0.955218349542825
1
0.998185068165495
1
1
1
1
1
1
1
1
1
1
1
1
1
1
1
1
1
1
1
0.967510834317027
1
0.999999974789656
1
1
1
1
1
1
1
1
1
1
1
1
1
1
1
1
1
1
0.998880472669945
1
0.984009285259359
1
1
1
1
1
1
1
1
1
1
1
1
1
1
0.994451092342413
1
0.995222657596965
1
1
1
1
1
1
0.997323085942537
1
1
1
1
1
1
1
1
1
0.992731192235782
0.986965254451501
1
1
1
0.997330181949072
1
1
0.931752759103222
1
1
1
1
1
1
1
1
1
0.995814825353419
1
1
1
1
1
1
1
1
1
1
1
1
0.997688430503692
1
1
1
1
0.826008040647776
1
0.992182471750431
1
1
1
1
1
1
1
1
1
1
1
1
1
1
1
1
1
1
1
1
1
1
1
1
1
1
1
1
1
1
0.996839205482965
1
1
1
1
1
1
0.996671836466019
1
1
0.985988790826156
0.997968337278235
1
1
1
1
0.989903653517646
1
1
1
1
0.985570681831588
1
1
1
1
1
1
1
0.771572056150385
1
1
1
1
1
1
1
1
1
1
1
0.993458226463728
1
1
1
1
1
0.996530030221308
1
1
1
0.996044559731695
1
1
1
1
1
1
1
1
1
1
1
1
1
1
1
1
1
1
1
0.994838283257395
1
1
1
1
1
1
1
1
1
0.997393735269793
1
0.986960119825066
1
1
1
1
1
1
0.999339649897174
0.999999787678301
0.997469538574212
1
1
1
1
0.997484349447518
1
1
1
1
0.999999998732882
1
1
1
1
1
1
1
1
1
0.854083357412123
1
1
1
1
0.984402974530024
1
0.999999998318418
1
1
1
1
0.811532053494048
1
1
1
1
1
1
1
1
1
1
1
0.986965254451501
0.999999995904593
1
1
1
1
1
1
1
1
1
0.695646031321021
1
1
1
1
1
1
1
1
1
1
1
1
1
1
1
1
1
1
1
1
1
1
1
1
0.885538825009066
1
1
1
1
1
0.995911185230292
1
1
1
1
0.997078195182654
1
1
1
1
1
1
0.999999985273389
1
1
0.990849157038064
1
1
1
1
1
1
1
0.996701021753677
1
1
1
1
1
0.986559274675268
0.982649835549486
1
1
1
1
1
1
1
1
1
1
1
1
1
1
1
1
1
0.98809047467183
1
1
1
1
0.99229536754586
1
1
1
1
1
1
1
0.999999980688209
0.997632906146125
1
1
1
1
1
1
1
1
1
1
1
0.984450480347064
1
1
1
0.99223944900335
0.999999992530387
1
1
1
1
1
1
1
1
1
1
1
0.989436733136066
1
1
1
1
1
0.984062389548112
1
1
1
1
1
1
0.949563569952621
1
1
1
0.996033421307713
1
1
1
1
1
0.991768196731645
0.999999573056225
1
1
1
1
0.999999975787635
0.996477668554611
1
1
1
1
0.996146737313131
1
0.990916585444695
1
1
1
1
0.998018687300852
0.997201277078342
1
1
1
1
1
1
1
1
1
1
1
0.999999952101743
1
1
1
1
1
1
1
1
0.996600330795753
0.994220459581326
1
1
1
1
1
1
1
1
1
1
1
1
1
1
0.792330802169065
1
0.76726736443852
1
1
1
1
1
0.998484308419439
1
0.832709137565131
1
0.966017541320131
1
1
1
1
1
1
1
1
0.995776701542295
0.828266949145599
1
0.984062389548112
1
0.902363555704674
0.997330181949072
1
0.997535399544862
0.97668614759264
1
1
1
1
1
1
1
0.98998580804293
1
1
1
1
1
1
1
1
1
1
1
1
1
1
1
1
0.99757027724073
1
0.997535399544862
1
0.999999808076655
1
0.972885349057796
1
1
1
1
1
1
0.969024283923645
1
1
1
1
1
1
0.987196316895399
1
1
1
1
1
1
1
1
1
1
1
0.953366041002608
1
1
1
1
0.997469538574212
1
1
1
1
1
1
0.996118179595458
1
0.997469538574212
1
1
1
1
1
0.944539214164833
0.978180835781214
1
1
1
1
1
1
1
1
0.986139360874947
1
1
1
1
1
1
1
1
1
1
1
1
0.997881238589139
0.987250129897041
1
0.997078195182654
1
1
1
1
1
1
1
1
1
0.974104186326054
1
1
1
1
1
1
0.997688430503692
1
0.98998580804293
1
1
0.903701414918613
1
0.995222657596965
1
1
0.997881238589139
0.997257348803217
1
1
0.999999996203672
1
1
1
1
1
1
1
1
0.93823307144992
1
1
1
0.991315721728341
1
1
1
1
1
0.987018280192235
1
1
1
1
1
1
1
1
1
1
1
1
1
0.997938982103271
1
1
1
1
1
0.982933688508574
1
1
0.984062389548112
1
1
1
1
0.997393735269793
1
0.806037424945471
1
0.980045422910828
1
1
1
1
1
0.973472282132328
1
1
1
1
1
1
1
1
1
1
1
0.983384510194401
1
1
0.997257348803217
0.994321804355176
1
0.985636307038167
1
1
0.98998580804293
1
1
1
1
1
1
1
1
0.995776701542295
1
1
1
1
1
1
1
1
1
1
1
1
1
1
1
1
1
1
1
1
1
1
0.966017541320131
1
1
1
1
1
1
1
0.998292366731805
1
0.997323085942537
1
1
0.702381729423685
1
1
1
1
1
1
1
1
1
1
1
1
1
0.984377527362826
1
1
1
1
1
1
1
1
1
1
1
1
1
1
0.94362297163765
1
1
1
1
1
0.903701414918613
1
1
0.972885349057796
0.99614070590624
1
1
1
1
1
1
1
1
1
1
1
1
0.987545468057783
1
1
0.96924194266952
0.9899000799752
1
1
1
1
0.98485493891766
1
0.996435166707932
0.932315559536831
0.979090163469311
1
1
1
1
1
1
1
0.999999808076655
1
1
0.999999995904593
1
0.85890386008849
1
1
1
1
1
1
1
1
1
0.99932522258105
1
1
1
1
1
1
1
1
1
1
1
1
1
1
1
1
0.976784118679533
1
1
1
1
1
1
1
1
1
1
1
1
1
1
1
0.992731192235782
1
1
1
1
0.988663092431883
0.983251834484408
1
1
1
1
1
1
0.997469538574212
1
1
1
1
1
1
1
1
1
1
1
1
1
1
0.987940278381271
1
1
1
0.986971019911351
1
1
1
1
1
1
1
0.993573387682543
0.985571613840345
1
0.880202346014678
1
1
1
1
0.985636307038167
1
1
1
1
1
1
1
1
1
0.998484308419439
1
1
1
1
1
0.997535399544862
1
1
1
1
1
1
1
1
1
1
1
1
1
1
1
1
0.977461571577003
1
1
1
1
1
1
1
1
1
1
1
1
1
0.985878672446874
0.996542458814015
0.986113920319818
1
1
0.985278169385379
1
0.997594392735692
1
1
1
0.988206202923249
1
0.870608903554614
1
1
1
1
1
1
1
1
1
1
1
1
1
1
1
1
1
0.995861345580468
1
1
1
1
1
0.988388107892704
0.807225487618366
0.996077957158877
1
1
0.952307062287839
1
1
1
1
1
1
0.999999649177837
1
1
0.815094539674804
1
1
1
1
1
1
1
1
1
1
1
1
1
1
1
1
1
0.997594392735692
0.979058405953279
1
0.997632906146125
1
1
1
1
1
1
1
1
1
0.94033570478791
1
1
0.999421733236144
1
1
1
1
1
1
1
1
1
1
0.959926862701265
1
1
1
1
0.998905660339808
1
1
0.971571291813406
1
1
1
1
1
1
1
0.835774407670086
1
1
1
1
0.997716647819883
1
0.997968337278235
1
1
1
1
1
1
1
1
1
1
1
1
1
1
1
1
1
1
1
1
1
1
1
1
0.986899790626594
1
1
1
1
1
1
1
1
1
1
1
0.997535399544862
1
1
0.978180835781214
1
1
1
1
1
0.997774670251449
1
1
1
0.851902079336812
1
0.98998580804293
1
1
1
0.969024283923645
0.972345017823991
1
1
1
0.997594392735692
1
1
1
1
0.979773432295112
1
0.93823307144992
0.961605972385197
1
1
1
1
1
1
1
1
0.997535399544862
0.986798152323188
1
1
0.995222657596965
1
0.96353457002074
1
1
1
1
1
1
1
1
0.999999977562704
1
1
1
1
1
0.952246749828595
1
1
1
0.999999980438422
1
1
1
1
0.985571613840345
1
1
1
1
1
1
1
1
1
1
1
1
1
1
1
1
0.997078195182654
1
1
1
1
1
1
1
1
1
1
0.740766033562773
1
1
0.961038106833548
1
1
1
1
1
1
1
1
0.991271731705867
1
1
1
1
0.895353732922314
1
1
1
1
1
1
1
1
0.996022908637931
1
1
1
1
0.979191767682186
0.970180702444919
1
1
1
0.978180835781214
1
1
1
1
1
1
1
0.99376651376627
1
1
1
1
0.98377042553799
1
1
0.981295201991047
0.968500163992565
0.976857896299935
0.987532438715145
1
1
1
1
1
1
1
1
1
1
0.97668614759264
1
1
1
1
1
0.998519914862657
1
1
1
1
1
1
1
0.997594392735692
0.988991188830845
1
1
0.991893571323144
1
1
1
1
1
1
1
1
1
1
1
1
1
1
0.98377042553799
1
1
1
1
1
1
1
1
0.972795307660353
1
1
0.985878672446874
1
1
1
1
0.948039351186562
0.9899000799752
1
1
0.987545195762173
1
1
1
0.855736043127519
1
0.997330181949072
1
1
1
0.996161503863769
1
1
1
1
1
1
1
1
1
1
1
1
1
1
1
1
1
1
1
1
1
1
1
1
1
1
1
1
0.95866154438064
1
0.97178193615501
1
0.837359760606932
0.997257348803217
0.997157088311004
1
1
1
1
1
0.922480256009517
1
1
1
1
1
1
0.957005358544228
0.977461571577003
1
1
1
1
1
1
1
1
1
1
1
1
0.975942219431311
1
0.991315721728341
1
1
1
1
1
1
1
1
1
1
1
1
1
1
1
1
1
1
1
0.985851802653197
1
1
1
1
1
0.996640418088956
1
1
1
1
1
0.808303879810024
1
0.996701021753677
0.995814825353419
1
1
1
1
0.998018687300852
1
1
0.994220459581326
1
1
1
1
1
1
1
1
1
1
1
1
1
0.990300547595584
1
1
1
1
1
1
1
1
1
1
1
1
1
0.997628537835551
0.987532438715145
1
1
1
1
1
1
1
1
0.933286153491151
1
0.966718977690757
1
0.987196316895399
1
0.996944192741412
1
1
1
1
1
1
0.992147942334536
0.926625944851351
0.938914357886789
1
0.987459901199164
0.923855131054465
1
1
1
1
1
1
1
1
1
1
1
1
1
1
1
1
1
1
1
1
1
1
1
1
0.996671836466019
1
1
1
1
0.997688430503692
1
1
0.933572059086554
1
1
1
1
1
1
1
1
1
1
0.999339649897174
1
1
1
0.990575886416941
1
1
1
1
1
1
1
1
0.981597667717585
1
0.983186581037073
1
1
1
0.997101721604233
1
1
1
1
1
1
1
1
1
1
1
1
1
1
1
1
0.991987285746405
1
1
1
1
0.985385868443588
1
1
0.973098809416926
1
1
1
0.997028834972136
0.98809047467183
1
1
1
1
1
0.99376651376627
1
0.987753739720118
1
1
1
1
1
1
1
1
1
1
1
1
1
1
1
1
1
1
1
1
1
1
0.984969480266857
1
1
1
1
0.99932522258105
0.999999956198788
1
0.747692345016554
1
0.991315721728341
1
1
1
1
1
1
1
0.999999897911513
1
1
1
1
1
1
1
0.911420667283389
1
1
0.997565765244286
1
1
0.987322926251079
1
0.998905660339808
1
1
0.983951472689204
1
1
1
1
1
1
1
1
1
1
1
0.991300131162561
0.956346042876796
1
0.789881258641581
0.994174239408354
0.997716647819883
1
0.976653276205093
1
1
0.997157088311004
0.986798152323188
1
1
1
1
1
1
1
0.997157088311004
1
1
0.931752759103222
1
1
1
1
1
1
1
1
1
1
0.997688430503692
1
1
1
1
1
1
1
1
1
1
1
1
1
1
1
0.988658464775142
1
1
1
1
1
1
1
1
1
1
1
0.987196316895399
1
1
1
1
1
1
1
1
1
0.996671836466019
1
1
1
1
1
1
1
0.997469538574212
0.919989811686585
0.965102823252178
1
1
1
1
1
1
0.987018280192235
1
1
1
1
1
1
1
1
1
1
1
1
0.974201560845824
1
1
1
1
1
1
0.955285213377939
1
1
1
1
1
1
1
1
1
1
1
1
1
1
1
1
1
1
1
0.997594392735692
1
0.997565765244286
1
1
1
0.999999974789656
1
1
0.999999995904593
1
1
1
1
1
0.999999833374518
1
1
1
1
1
1
1
1
1
1
1
0.997968337278235
1
1
1
1
1
1
1
1
1
0.9899000799752
1
1
1
1
1
1
1
0.996477668554611
1
1
1
1
1
1
1
0.986341083547318
1
1
1
1
1
1
1
0.996600330795753
1
1
1
1
0.981192609519164
0.997257348803217
1
1
1
1
1
1
1
1
1
1
1
1
1
1
1
0.993319212487483
1
0.997594392735692
1
0.996477668554611
1
1
0.995911185230292
1
0.998018687300852
0.997688430503692
0.986960119825066
1
1
1
1
1
1
1
1
1
1
1
1
0.998484308419439
1
0.992371885157545
0.99376651376627
1
1
1
1
1
1
1
1
0.980623129072555
1
1
1
1
0.999999992530387
1
1
1
1
1
1
1
0.919989811686585
1
1
0.999999863578428
1
1
0.983186581037073
1
0.94362297163765
1
1
1
0.985641667632293
1
1
1
1
1
1
1
1
0.991987285746405
0.990849157038064
0.991022710221017
1
1
1
0.99357861126673
1
0.997938982103271
1
1
1
1
0.998018687300852
1
1
1
1
1
0.990567210709318
1
1
0.996671836466019
0.994359039694449
1
1
0.991987285746405
1
1
0.994838283257395
0.985571613840345
0.988206202923249
0.956346042876796
1
0.835927256636409
1
0.996696162395749
1
1
1
1
1
0.985571613840345
1
0.987196316895399
1
1
1
1
1
1
1
1
1
1
1
1
1
1
1
1
0.989378130166139
1
1
1
1
1
1
1
0.972835893388233
1
0.996537114156456
0.864643934119155
0.990567210709318
1
1
0.999999995904593
0.997938982103271
1
1
0.999999992530387
1
0.988663092431883
1
1
1
1
1
1
1
1
0.999999998732882
1
1
0.997330181949072
1
1
1
1
0.98474720161462
1
1
1
1
1
1
1
0.988502306638313
1
1
1
1
1
1
1
0.881186643511859
1
1
1
1
1
1
1
1
1
1
0.997594392735692
1
1
1
0.986581424482762
0.981776215741092
1
1
1
0.987196316895399
0.979714173535475
1
0.961449992411848
1
1
1
1
1
1
1
0.936527251828989
1
1
1
0.986749007040294
1
1
1
1
1
1
1
1
1
1
1
0.748048827346639
1
1
1
1
0.987923175897853
1
1
1
0.987940278381271
1
1
1
0.999999985971472
1
1
1
1
1
0.960545500207125
1
1
0.969751451318312
1
1
0.980695442821948
1
1
1
1
1
1
0.985123820358303
0.992182471750431
1
1
1
1
1
1
1
1
1
0.996671836466019
1
1
1
1
0.984009285259359
0.944565310644232
1
1
1
0.987161375496221
1
1
1
0.997938982103271
1
1
1
1
1
0.88500762072982
0.962912433334521
1
1
0.997393735269793
1
0.99757027724073
1
1
0.999999921468126
1
1
1
0.986113920319818
1
1
1
1
0.988495698499737
0.98680594898774
0.994321804355176
1
0.996161503863769
1
1
1
1
0.704905271726797
1
1
1
1
1
1
1
1
1
1
1
1
1
1
1
0.954014404833409
1
1
0.931752759103222
1
1
1
0.993319212487483
1
1
1
1
1
1
1
1
0.987459901199164
1
1
1
1
1
1
1
1
1
1
1
1
1
1
1
1
1
0.984377527362826
1
1
1
1
1
1
1
1
0.987385706087264
1
1
1
1
0.947338404036103
1
1
1
1
1
0.970554702287831
1
1
1
1
1
1
1
1
1
1
0.984377527362826
1
1
1
0.996118179595458
1
0.997688430503692
1
0.995222657596965
0.859429893744347
1
1
1
0.978939668974182
1
1
1
1
0.996640418088956
1
1
1
1
1
1
1
1
1
1
1
0.999999985273389
1
1
1
1
1
1
1
1
1
1
1
1
0.999999992530387
0.966019648482274
1
1
1
1
1
1
0.970545073309036
1
0.973177016221808
1
0.996839205482965
1
1
1
1
1
1
1
1
1
1
0.873344538146783
1
0.740992383649653
1
1
1
1
1
1
1
1
1
0.987322926251079
0.822766530441234
1
1
1
1
1
1
0.985636307038167
1
1
1
1
1
1
0.992731192235782
1
1
0.997469538574212
1
1
1
1
1
1
1
1
1
0.981295201991047
1
1
1
1
1
0.953257640356593
0.998292366731805
1
1
1
1
0.998018687300852
1
1
0.966017541320131
1
0.992990560221427
1
1
1
1
1
1
0.970180702444919
1
1
1
1
0.985508616792139
1
1
1
1
1
1
1
1
1
1
1
1
1
0.975683365212373
1
1
1
1
1
1
1
1
0.887262197904111
1
1
1
1
1
1
1
1
0.996696162395749
1
1
1
1
1
1
1
0.985975364201039
1
1
0.999999875501443
1
1
0.751971777113536
1
0.967489365134041
0.93823307144992
1
0.998292366731805
0.989192111235607
1
1
1
1
0.999999996203672
0.986559274675268
1
0.992468555786437
1
1
1
1
1
0.988239569817527
1
1
1
1
1
1
1
1
1
1
1
0.997632906146125
1
1
1
1
1
0.983371226348151
1
0.999421733236144
1
1
1
1
1
1
1
1
1
1
1
1
1
1
0.99151788013685
1
0.978831144175581
1
1
1
1
0.999999956687049
1
0.913816334154229
1
1
1
1
1
1
1
1
1
1
1
1
1
0.913816334154229
1
1
1
1
1
0.72047954145641
1
1
1
1
1
0.953366041002608
1
1
1
1
0.978325134910626
1
1
1
1
1
0.989244533466806
1
1
1
1
1
1
1
1
0.997594392735692
1
1
1
1
1
1
1
0.997078195182654
1
1
1
1
1
1
1
1
1
0.982971725670669
1
0.985278169385379
1
1
1
1
1
1
1
1
0.998185068165495
1
1
1
0.971076649677412
1
1
1
1
1
1
1
1
1
1
0.567154405083708
1
1
1
0.999999995904593
1
1
1
0.997078195182654
1
1
1
0.848767585880518
1
1
1
1
1
1
0.990807178090731
1
1
1
0.995173085581593
0.97178193615501
1
1
1
1
0.95438445117287
1
1
1
1
1
1
0.970180702444919
0.975387778641305
0.998185068165495
1
1
1
1
1
1
1
1
0.983251834484408
0.999999977562704
1
1
1
1
0.979773432295112
1
0.988239569817527
1
1
1
0.996477668554611
1
1
0.988388107892704
1
1
1
1
0.98998580804293
1
1
1
1
1
1
1
1
1
1
1
1
1
1
1
1
1
1
1
1
1
0.966718977690757
1
1
0.985915080515739
0.9899000799752
1
1
1
1
1
1
1
1
1
1
1
1
1
1
1
1
1
0.95096772335123
1
1
1
0.982303569457247
1
1
1
1
1
0.988495698499737
1
0.979693720499159
0.956496435492841
1
1
1
1
0.999999957744995
0.858407338173837
0.949768245611057
1
1
1
1
1
0.974506009751967
1
1
0.975830082033454
1
0.992990560221427
1
1
1
1
0.968346056447989
0.998484308419439
1
1
1
0.846407888774599
1
1
1
1
1
1
1
1
1
0.999999995904593
1
0.977598646442446
0.983251834484408
1
0.999999985971472
1
1
1
1
0.997632906146125
1
0.965578226486067
1
0.930310088760014
1
1
1
1
0.991315721728341
1
1
1
1
0.93234831344841
0.986559274675268
1
1
1
1
1
0.93485547652905
1
1
1
1
0.996477668554611
1
1
1
1
0.998484308419439
1
1
1
1
1
1
1
1
1
1
1
1
1
1
1
1
1
1
1
1
0.997530493426346
1
0.973735507375744
1
1
1
1
0.859490050823242
1
1
1
1
1
1
1
1
0.93485547652905
1
1
0.997330181949072
1
1
1
1
0.979070698351658
1
1
1
1
1
0.985915080515739
1
0.829196141457532
0.981993121879268
1
1
1
1
1
1
1
0.95866154438064
1
1
1
1
1
1
1
1
1
1
1
1
1
1
1
1
0.970303214616027
1
1
1
1
1
0.981416724883344
1
1
1
1
1
1
0.998292366731805
1
0.999999975787635
0.995814825353419
1
0.992366025222918
1
1
1
1
0.919914915186449
1
1
1
1
1
1
1
1
1
1
1
0.997530493426346
1
1
1
1
1
1
1
1
1
1
1
1
0.999999974789656
0.985975364201039
1
1
1
1
1
0.976581331101672
1
1
1
1
1
1
0.997344781905518
1
1
1
1
1
1
1
1
1
1
1
1
1
1
1
1
1
1
1
1
1
1
1
1
1
1
1
0.945095963986438
1
0.992990560221427
0.933572059086554
1
1
1
1
1
1
1
1
1
1
1
1
1
1
1
1
1
1
1
1
1
1
1
0.972835893388233
1
1
0.99999998546125
1
0.998185068165495
1
1
1
1
1
1
1
1
1
1
1
1
0.959028239850592
1
1
1
1
0.996146737313131
1
1
1
1
1
1
1
0.926625944851351
1
1
1
1
1
1
1
1
0.788327653770511
1
1
1
1
1
1
1
1
1
1
1
1
1
1
1
1
1
1
0.992371885157545
1
1
0.996435166707932
1
0.976154817932624
1
0.997257348803217
1
1
1
1
1
1
1
1
1
1
1
1
0.959028239850592
0.960459118580178
1
1
1
1
1
1
1
1
1
1
1
1
1
0.854083357412123
1
0.967510834317027
1
1
1
1
1
1
1
1
1
1
1
1
0.986559274675268
1
1
0.949768245611057
1
1
1
1
1
1
0.961605972385197
1
1
1
1
0.965156426888119
0.996537114156456
0.999999996203672
1
1
1
1
0.983371226348151
1
1
0.964423121161163
0.94033570478791
1
1
1
1
1
0.996943179792828
1
0.983951472689204
1
0.994451092342413
1
1
1
1
1
1
1
1
0.999999995904593
1
1
1
1
1
0.98580594063339
1
0.949123445597553
1
0.997632906146125
0.975387778641305
0.993581328520161
1
1
0.762633888114183
1
1
0.974812059564601
0.985196515627155
1
1
1
1
1
0.999999998732882
1
1
1
1
1
0.995222657596965
1
0.982090539367514
1
1
1
1
0.99614070590624
1
1
0.949762550025856
0.98809047467183
0.96353457002074
0.843655799181479
0.968851515828596
1
1
1
1
0.996477668554611
1
1
1
1
0.992147942334536
1
1
1
1
1
0.998880472669945
0.994662905311406
1
1
1
1
1
1
1
1
1
1
1
1
1
1
1
1
0.999999992530387
1
1
1
1
1
1
1
1
1
1
1
1
1
1
1
1
1
0.977598646442446
1
1
1
1
0.997028834972136
1
1
1
1
1
1
1
0.988778108045931
1
1
1
1
1
0.997393735269793
1
1
0.990567210709318
1
1
1
0.904161230342814
1
1
0.996537114156456
1
1
1
1
1
1
0.989436733136066
1
1
1
1
1
1
1
1
1
1
1
1
1
1
1
0.99932522258105
1
0.726644025902359
1
1
1
1
1
0.991126983965843
1
1
0.98533532285414
0.99357861126673
1
1
1
1
1
1
1
1
1
0.973616010003417
1
0.977261338234391
1
1
1
1
1
1
1
1
1
0.864409770389765
1
1
1
0.997027722182062
0.996161503863769
1
0.96946308085613
1
1
0.986965254451501
1
1
1
1
1
0.998484308419439
1
1
0.997028834972136
0.983173576910091
1
1
1
1
1
1
1
1
1
1
1
1
1
1
1
1
1
1
1
0.979773432295112
0.945385387729905
1
1
1
0.985844975364449
1
0.962988847877433
0.996889983605491
1
1
1
1
1
1
1
1
0.985571613840345
1
1
0.956890001294591
1
1
1
0.924128337193391
1
1
1
1
1
1
0.851902079336812
1
1
1
1
0.998484308419439
1
1
1
1
1
0.996530030221308
1
1
1
1
1
1
1
1
1
1
1
0.997886161660541
1
1
0.985915080515739
0.969024095237918
0.971240136423076
0.958369018506945
1
1
1
1
1
1
1
1
1
1
1
0.992777893550709
0.999999897911513
1
1
1
0.994525372209849
0.979191767682186
1
0.998250236138834
1
1
1
0.989550764200812
1
1
0.997078195182654
1
1
1
0.969798186117878
1
0.989244533466806
1
1
1
1
1
1
1
1
1
1
1
1
0.992371885157545
1
1
1
1
0.99229536754586
1
1
1
0.975830082033454
1
1
0.987250129897041
0.956660753797755
1
1
1
0.958369018506945
1
1
1
1
0.960929244933853
1
1
1
1
1
1
1
1
1
1
0.996537114156456
0.97213611920455
1
1
0.99999991035834
1
1
1
1
1
1
1
1
1
1
1
1
1
1
0.987002921272979
1
1
0.933572059086554
1
1
1
1
1
0.95438445117287
1
1
1
0.976857896299935
1
1
1
1
1
1
1
1
0.996033421307713
1
1
1
1
1
1
1
0.930953549490245
1
1
1
0.98212660124911
1
0.977973495081649
1
1
1
1
1
1
0.967917809123926
0.998018687300852
1
1
1
1
1
1
0.997469538574212
1
0.986749007040294
1
0.980045422910828
1
1
1
1
0.996671836466019
1
1
1
0.999421733236144
1
1
0.985636307038167
1
1
1
1
1
1
0.986772590484371
1
1
1
0.979773432295112
0.980375819798734
1
1
1
0.983673064825092
1
1
1
1
1
1
1
0.990300547595584
1
1
1
1
1
1
1
1
1
1
1
0.994287526354574
0.999999992530387
1
1
1
1
0.974181581170768
0.998250236138834
1
1
1
1
1
1
1
1
1
1
1
0.709599295167831
1
1
1
1
1
1
1
1
0.974690322831685
1
1
1
0.983673064825092
1
1
1
1
1
1
1
0.999999996203672
1
1
1
1
1
1
1
1
0.983673064825092
1
1
1
1
1
1
0.970303214616027
1
1
0.99376651376627
0.99932522258105
1
1
0.938914357886789
1
1
0.979090163469311
1
1
1
1
1
0.990018429971442
1
0.989005218253319
1
1
1
1
0.987411987855506
1
1
0.916972521439433
0.988239569817527
1
1
1
1
1
1
1
0.998519914862657
1
1
0.997344781905518
1
1
1
1
0.998018687300852
1
1
1
1
1
0.960632885188073
1
0.998519914862657
1
1
1
1
1
1
1
1
1
1
1
0.98377042553799
1
1
1
0.997747332704752
1
1
0.958428297873182
1
1
1
1
1
1
1
1
1
1
0.997535399544862
1
1
0.966726465429824
1
1
1
1
1
1
1
0.98731054926593
1
1
1
1
1
1
0.976144468704315
1
1
1
1
1
0.997747332704752
1
1
1
0.999421733236144
1
1
1
1
1
1
0.98485493891766
1
1
1
1
1
1
1
1
0.997028834972136
1
1
1
1
0.992371885157545
1
1
1
1
0.987532438715145
1
1
1
1
0.98750953648596
1
0.997747332704752
1
1
0.89517932100972
1
1
1
1
0.997628537835551
1
1
0.988044905969709
0.983673064825092
1
0.971571291813406
1
1
1
1
1
0.985636307038167
1
1
1
1
1
1
1
1
0.999999957744995
1
1
1
1
0.987532438715145
1
1
1
0.999999998318418
1
1
0.985975364201039
1
1
1
1
1
1
1
0.907423145732479
1
1
1
1
1
1
1
0.994479015855669
1
1
0.999999998732882
1
1
1
1
1
1
1
1
1
1
1
1
1
1
1
1
1
1
1
1
1
1
0.974104186326054
1
1
1
0.966726465429824
0.95611396353002
0.999999521929133
1
1
1
0.999433956632103
1
0.998484308419439
1
1
1
1
0.997594392735692
0.998782567722705
1
1
1
1
1
1
0.992468555786437
1
1
1
0.99757027724073
1
1
1
1
0.997530493426346
1
1
1
1
1
1
1
1
1
1
0.951130695912866
1
0.988964258368103
1
0.960632885188073
0.999999977562704
1
1
1
1
0.982933688508574
0.997393735269793
0.986928899185419
1
1
0.964078879457793
1
1
1
1
0.985636307038167
1
1
1
1
1
1
1
1
1
1
1
1
1
1
1
1
1
1
1
1
1
1
1
1
1
1
1
1
1
1
0.999999985971472
1
1
1
0.959028239850592
1
0.713104405695459
1
1
0.676771464678556
1
1
1
1
1
0.676789116274281
1
1
1
1
0.986971019911351
1
0.991306977411668
1
1
1
0.964078879457793
1
1
1
0.988206202923249
1
1
1
1
1
1
1
1
1
1
0.972885349057796
0.999999975787635
0.959539423822169
1
1
1
1
1
0.626826238026574
1
1
1
1
1
1
1
1
1
1
1
0.98467358212943
1
1
1
1
0.986971019911351
1
1
1
1
1
1
1
1
1
1
1
1
1
1
1
1
1
1
1
1
1
1
1
1
1
1
1
1
1
1
0.997078195182654
1
1
1
1
1
1
1
1
1
1
0.984402974530024
1
1
1
1
1
1
0.976154817932624
1
1
1
1
1
1
1
1
1
1
1
1
1
0.999999974789656
1
0.99376651376627
1
1
1
1
1
1
1
1
1
1
1
1
1
1
1
1
1
1
1
1
1
0.99230980663966
1
1
1
1
1
1
1
1
1
1
1
1
1
1
1
1
0.986971019911351
1
1
1
1
1
1
1
1
1
1
1
1
0.993436008033918
0.999999990082928
1
1
1
1
1
1
1
1
1
1
1
1
1
0.974690322831685
1
1
1
1
1
1
1
0.97213611920455
1
1
0.997594392735692
1
1
1
1
1
1
1
1
1
0.974181581170768
1
1
0.988206202923249
1
1
0.987532438715145
1
1
1
1
1
1
1
1
1
1
1
1
1
0.959028239850592
1
1
1
1
1
1
1
0.982756536141709
1
1
0.997157088311004
0.99999998546125
1
0.999433956632103
0.991027877407565
1
0.999339649897174
0.988849858379972
0.98212660124911
1
1
1
1
1
1
0.95611396353002
1
1
0.988495698499737
1
0.999999995904593
1
1
1
1
1
1
1
1
1
1
1
1
1
0.997774670251449
1
1
1
1
1
1
1
1
1
0.982933688508574
0.995222657596965
1
1
1
1
0.990831923093498
1
1
1
1
1
0.998018687300852
0.995776701542295
1
1
0.974506009751967
0.964423121161163
1
1
1
1
1
0.851902079336812
1
1
1
1
1
1
0.988495698499737
1
1
1
1
0.981492728559717
0.999433956632103
1
1
1
1
1
1
1
1
0.992371885157545
1
1
1
0.900624469374339
0.997530493426346
1
1
1
1
1
0.983673064825092
1
0.98731054926593
1
1
1
1
1
0.896882591714555
1
1
1
1
1
1
1
0.991315721728341
1
1
1
0.999999998732882
1
1
1
1
1
1
1
0.985636307038167
1
1
1
0.848313647328758
1
1
1
1
1
1
1
1
1
1
1
1
0.94033570478791
1
1
1
1
1
0.958369018506945
1
1
1
1
1
1
1
1
1
1
0.995815543918856
1
0.987923175897853
1
1
1
1
1
1
1
1
1
1
1
1
1
1
1
1
1
1
1
1
1
1
1
1
1
1
1
1
1
1
1
1
1
1
1
1
0.922480256009517
0.954653814189665
1
0.998018687300852
1
1
1
1
0.998905660339808
1
1
1
1
1
1
1
1
0.997886161660541
0.969024283923645
1
1
1
1
1
0.985636307038167
1
1
1
1
1
1
1
1
1
0.965296367802581
1
1
0.997157088311004
1
1
1
1
0.877445582419441
1
1
1
1
1
1
1
1
1
1
1
1
1
0.997201277078342
1
1
1
1
1
1
0.996696162395749
1
1
0.987753739720118
0.991300131162561
1
1
0.829196141457532
1
1
1
0.888612245273541
1
1
0.96279910526848
1
1
1
1
1
1
1
1
1
1
1
1
1
1
1
1
0.997028834972136
1
1
1
1
1
1
1
1
1
1
1
1
1
1
1
1
1
1
1
1
1
1
1
1
1
1
1
1
1
1
1
1
1
0.956242044115666
1
1
0.9990058854027
1
1
1
1
0.82803733479427
1
1
1
1
1
1
1
1
1
1
1
1
1
1
1
1
1
1
1
0.982971725670669
1
1
1
1
1
1
1
1
1
1
1
1
1
0.995173085581593
1
1
0.985851802653197
1
1
0.95119280956114
1
1
1
1
1
1
1
1
1
1
1
1
1
1
0.999999990082928
1
1
1
1
1
1
1
1
1
1
1
1
1
1
1
1
1
1
1
1
1
1
1
1
1
1
1
0.999999921468126
1
0.893480137538369
1
1
1
1
1
1
1
0.990575886416941
1
1
1
0.99229536754586
0.990018429971442
0.995173085581593
0.999999955629318
1
1
1
1
1
1
0.983384510194401
1
1
1
1
1
1
0.996542458814015
0.997632906146125
1
1
1
1
1
1
0.94362297163765
1
1
1
0.999421733236144
1
1
0.907716658914362
1
0.993458226463728
1
1
0.996435166707932
1
1
1
1
1
1
1
1
1
1
1
1
1
1
1
0.98778128040313
1
0.986772590484371
1
1
1
1
1
1
1
1
0.99151788013685
1
1
1
1
0.990916585444695
1
1
1
1
1
1
0.884481444524215
0.948361971759877
1
0.929776517421872
1
1
1
1
1
1
0.980986009204287
1
1
0.995222657596965
1
0.972029839363256
1
1
1
0.966019648482274
1
0.997747332704752
1
1
1
1
0.996161503863769
1
1
0.997078195182654
1
1
1
1
1
1
0.997938982103271
1
1
1
1
1
0.987940278381271
0.988991188830845
1
1
1
1
1
1
1
0.97178193615501
1
1
0.986559274675268
1
0.997716647819883
1
1
0.923855131054465
1
0.993458226463728
1
0.88637405310894
1
1
1
0.787675329908716
1
1
1
1
1
1
0.958369018506945
1
1
1
1
1
0.995814825353419
1
1
1
1
1
1
1
1
1
1
1
1
0.988663092431883
1
1
1
1
1
1
1
1
1
1
1
1
0.996161503863769
1
0.997157088311004
1
1
1
0.997201277078342
1
1
1
1
1
1
1
0.995222657596965
1
1
1
1
1
1
1
1
1
1
1
1
1
1
1
1
1
1
1
0.994662905311406
1
1
1
0.898040956860388
0.999999974789656
0.991126983965843
1
1
0.969751451318312
1
1
0.944539214164833
1
1
0.997594392735692
0.98809047467183
1
1
1
1
1
1
1
1
1
1
1
0.978325134910626
0.977478334618493
1
1
1
0.970303214616027
1
1
1
1
1
1
1
1
1
1
1
1
1
1
1
1
1
1
1
1
1
1
1
1
1
1
1
1
1
1
1
1
1
1
1
1
1
1
1
1
0.997530493426346
1
1
1
1
1
0.999999955629318
1
1
1
1
0.942349558494536
1
1
0.754729532438902
1
1
1
1
0.926233089261375
1
1
1
1
1
1
0.992731192235782
1
1
1
1
1
1
1
1
0.996044559731695
1
1
0.994479015855669
1
1
0.982806194324246
1
1
1
1
1
1
1
1
0.989436733136066
1
1
0.972345017823991
0.986798152323188
1
1
0.996033421307713
0.983186581037073
0.970303214616027
1
1
1
1
1
1
0.999999980688209
1
1
1
1
1
0.926112917922211
1
1
1
1
1
1
1
1
1
1
0.996167068271969
1
1
0.986971019911351
1
1
1
0.964914471539749
1
1
1
1
1
1
1
1
1
1
1
1
1
0.99357861126673
1
1
1
1
1
1
1
1
1
1
1
1
0.975522902982056
1
1
1
1
1
0.829196141457532
1
1
1
1
1
1
0.986965254451501
1
1
1
1
1
1
1
1
1
1
0.996077957158877
1
1
0.983186581037073
1
1
1
1
1
0.992990560221427
1
1
0.997881238589139
1
1
1
1
1
1
0.972029839363256
0.984239536217252
1
1
1
1
1
1
0.97975318445287
1
1
1
1
1
0.974941407738016
1
1
0.996477668554611
1
1
1
1
1
1
1
1
1
1
1
1
1
1
0.997716647819883
1
0.998185068165495
0.986581424482762
0.997632906146125
1
1
1
1
1
1
1
1
1
1
0.917365446640301
1
0.999999990082928
0.984377527362826
1
1
1
1
1
0.997968337278235
1
1
1
0.997530493426346
1
1
1
1
1
0.997774670251449
1
1
0.997632906146125
1
0.974151361267845
1
1
1
1
1
1
1
1
1
1
1
0.999339649897174
1
0.976517527566591
1
1
1
0.987098213173567
0.969751451318312
1
1
0.993319212487483
0.966478864475818
1
1
1
1
1
1
0.981043223402245
1
1
1
1
1
0.988663092431883
0.859429893744347
0.982971725670669
1
1
1
1
1
1
1
1
1
1
1
1
1
0.99757027724073
1
1
1
1
1
1
1
1
1
1
1
1
1
1
0.980562529991344
1
1
1
0.992777893550709
0.997535399544862
1
1
1
1
0.756145914236215
1
1
1
1
1
1
1
0.956793564280365
1
1
1
1
1
1
1
1
0.997628537835551
1
1
1
1
1
1
1
1
1
1
0.615173545900192
1
0.88500762072982
0.991764306380261
1
1
1
1
1
1
1
1
1
1
0.988658464775142
1
1
1
1
1
1
0.980045422910828
1
1
1
1
1
1
1
1
0.846932955565956
1
0.986971019911351
1
1
1
1
1
1
1
1
1
1
1
1
1
1
1
1
1
1
1
1
1
1
1
0.999999916809637
1
1
1
1
1
1
1
0.999999998732882
1
1
1
1
0.993458226463728
0.99376651376627
1
1
1
1
1
1
1
0.994479015855669
1
0.926451675502371
1
1
1
1
0.969633422087173
1
1
1
1
1
1
0.997257348803217
1
1
1
1
0.984239536217252
1
1
1
1
1
1
1
1
1
1
1
1
1
0.998484308419439
1
1
1
0.997688430503692
1
1
1
1
0.999999863578428
1
1
0.964078879457793
1
1
1
1
0.982933688508574
1
1
1
1
1
1
1
1
1
1
0.995814825353419
1
1
0.899805509746554
1
1
0.956793564280365
1
1
1
1
0.972885349057796
1
1
0.997938982103271
1
1
1
0.99357861126673
1
1
1
0.996696162395749
1
1
1
1
1
1
0.954917547746381
1
1
0.996033421307713
1
1
1
1
0.989426856918882
1
1
1
0.991893571323144
1
0.982756536141709
0.996033421307713
1
1
1
1
1
1
0.864643934119155
1
1
1
1
1
0.997330181949072
1
1
1
1
1
1
1
0.999999998732882
1
1
1
0.981043223402245
1
0.986899790626594
1
1
1
1
1
1
0.984062389548112
1
1
1
0.987923175897853
0.98580594063339
1
0.992366025222918
1
0.99230980663966
0.985570681831588
1
1
1
1
1
1
1
0.995814825353419
1
1
1
1
1
1
1
1
0.984009285259359
1
1
1
1
1
1
1
1
1
1
1
1
1
1
1
1
0.999999942353946
1
1
1
0.986559274675268
1
0.998484308419439
1
1
1
1
1
1
1
1
1
1
1
1
0.999433956632103
0.994321804355176
1
1
1
1
1
1
1
1
0.998880472669945
1
1
0.985915080515739
1
0.981295201991047
1
1
1
1
0.993573387682543
1
1
1
1
1
1
1
0.991300131162561
1
1
1
1
1
1
1
1
1
1
0.954653814189665
1
0.997535399544862
1
0.988239569817527
1
1
1
1
1
1
1
1
1
1
1
0.992053457372382
1
1
1
1
1
1
1
1
1
1
1
0.988202670776191
1
1
0.998519914862657
1
1
1
1
1
1
1
0.978937006873958
1
1
1
1
0.996899364652081
1
1
0.98533532285414
0.987385706087264
1
1
1
1
1
0.982971725670669
1
1
1
1
0.996537114156456
0.992371885157545
1
1
1
1
1
0.960929244933853
1
0.997881238589139
1
1
0.986559274675268
1
1
1
1
1
1
1
1
1
1
1
1
0.977973495081649
1
1
1
1
1
0.984377527362826
0.997594392735692
1
0.989436733136066
0.662271207460703
0.996530030221308
1
1
1
1
1
1
1
0.986113920319818
1
0.990697168249308
1
1
1
1
1
0.899805509746554
1
1
1
1
1
1
1
1
1
1
1
1
1
0.999999981366587
1
1
1
1
1
1
1
0.999999992530387
1
1
1
0.997469538574212
1
1
0.98456663963242
0.982619658514284
1
0.919547202886581
1
1
1
0.995911185230292
0.984377527362826
1
0.752997440918568
1
1
1
1
1
1
1
1
1
1
1
1
1
1
1
1
1
1
0.982649835549486
1
1
0.999999985971472
1
1
1
0.997393735269793
0.958211460315773
1
1
1
1
1
1
0.992731192235782
1
1
1
1
1
1
1
0.762071044795251
1
0.969024095237918
0.985851802653197
1
1
1
0.959926862701265
1
1
0.997628537835551
1
1
0.990697168249308
1
1
1
1
1
1
1
0.977547479841491
1
1
1
1
0.990916585444695
1
0.999999985971472
1
1
1
1
1
1
1
1
1
1
1
1
1
1
1
1
1
1
1
0.978180835781214
0.990916585444695
0.990433050918591
1
1
1
1
1
1
1
1
0.986749007040294
1
1
1
0.998519914862657
0.997565765244286
1
1
1
1
1
0.998519914862657
1
1
1
1
1
1
1
1
1
1
0.986965254451501
1
0.996022908637931
1
0.926498064652778
1
1
0.998905660339808
1
1
1
0.996401565274588
1
1
1
1
1
1
1
1
1
1
1
1
1
1
1
1
1
1
1
1
0.999339649897174
1
0.98533532285414
0.988495698499737
0.832948003818526
1
1
0.991764306380261
1
1
1
1
1
1
1
1
1
1
1
1
0.98377042553799
1
1
1
1
0.996696162395749
1
1
1
1
1
1
0.996654352992616
0.989962491557325
0.961384051208702
1
0.98797854800387
1
1
0.999999977562704
1
1
1
0.99230980663966
0.961038106833548
1
1
0.992366025222918
1
1
1
1
1
1
1
0.877445582419441
1
1
1
1
0.996167068271969
1
1
1
0.986749007040294
1
1
1
1
1
0.972029839363256
1
1
1
1
1
1
1
1
1
1
1
1
0.988239569817527
1
1
1
1
1
0.986971019911351
1
1
1
1
1
1
1
1
1
0.988449090173729
1
1
1
1
1
0.979040576403068
1
1
1
1
1
1
1
1
1
1
1
1
1
1
1
1
1
1
1
1
0.80568620906519
1
1
1
0.991126983965843
1
1
1
1
1
1
1
1
1
0.981771302121479
1
1
1
1
1
1
1
1
1
1
1
1
1
1
1
0.97213611920455
1
0.979714173535475
1
0.970303214616027
0.999999848419523
0.998484308419439
1
0.985508616792139
1
1
1
1
1
1
1
1
1
1
1
1
1
1
0.997393735269793
1
1
1
1
1
1
1
1
1
1
0.999999980438422
1
0.844887092364706
1
1
1
0.989436733136066
1
1
1
1
1
0.898040956860388
1
1
1
1
1
1
1
1
1
1
1
0.992371885157545
1
1
1
1
1
1
1
1
1
1
0.999433956632103
1
1
1
1
0.964078879457793
0.982756536141709
1
1
1
1
1
1
1
0.851902079336812
1
1
1
1
1
1
0.956793564280365
1
1
1
1
1
1
1
1
0.998519914862657
1
1
1
0.997628537835551
1
1
1
1
1
1
1
1
1
1
1
1
1
1
1
1
1
1
1
1
1
1
1
1
1
1
1
1
1
1
1
1
1
1
1
1
1
1
1
0.988663092431883
1
1
1
0.987940278381271
0.968796962248073
1
1
1
0.98680594898774
1
1
1
0.997632906146125
0.998250236138834
1
1
1
1
1
0.985641667632293
1
1
1
1
1
1
0.984009285259359
0.997628537835551
1
1
1
1
1
1
1
1
1
1
1
1
1
1
1
1
0.987532438715145
1
1
1
1
1
1
1
1
1
1
1
1
0.997938982103271
0.99932522258105
1
1
1
1
1
1
1
1
1
1
1
1
1
0.977630837305728
1
1
1
1
0.99151788013685
1
1
0.956273122397967
1
1
1
0.987002921272979
1
1
1
1
0.986971019911351
1
0.827179576110544
1
1
1
1
1
0.986960119825066
0.984062389548112
1
1
1
0.98485493891766
1
0.999999990082928
1
1
1
1
1
1
1
1
1
1
1
1
1
1
1
0.700450226342556
1
1
1
1
1
1
1
0.997157088311004
1
1
0.995065505711038
1
1
1
1
1
1
1
1
0.986772590484371
1
1
1
1
1
1
1
1
1
1
0.997886161660541
1
1
1
0.969024283923645
1
1
1
1
1
1
1
1
1
0.987098213173567
1
1
1
1
1
0.996044559731695
1
1
0.98778128040313
1
1
1
1
0.98533532285414
1
0.979040576403068
0.998782567722705
1
0.999999937576012
1
1
0.99932522258105
1
0.923855131054465
1
1
0.837082247407623
1
1
1
1
0.98809047467183
1
1
1
1
0.968346056447989
0.997565765244286
1
0.97178193615501
1
1
0.972345017823991
1
1
1
1
1
1
1
0.999999998732882
1
1
0.970886672200789
1
1
0.98474720161462
1
1
1
1
1
1
1
1
1
1
1
1
1
1
0.998185068165495
1
1
1
1
1
0.996856570856223
1
0.989436733136066
1
1
1
0.987532438715145
1
0.997530493426346
1
1
1
1
0.989426856918882
1
1
1
1
1
1
1
0.998250236138834
1
1
1
1
1
1
1
1
1
1
1
0.864409770389765
0.99932522258105
1
1
1
1
1
1
1
0.970554702287831
1
1
1
1
1
1
1
1
1
1
1
1
1
0.997275989836274
0.997257348803217
1
1
0.954917547746381
1
1
0.998484308419439
1
1
1
0.998185068165495
0.980045422910828
1
0.972345017823991
1
1
1
1
1
0.998185068165495
1
1
1
1
0.978763024028316
1
1
1
1
1
1
1
1
1
1
1
1
1
0.983478361876538
1
1
1
1
0.998018687300852
1
1
1
1
1
1
1
1
1
1
1
1
1
0.98467358212943
1
0.987923175897853
0.951822562547777
1
0.972449393960502
0.98377042553799
1
1
1
1
1
1
1
1
1
1
1
1
1
1
1
1
1
1
1
1
1
0.982718824306499
1
1
1
1
1
1
0.986749007040294
1
1
1
1
0.931752759103222
0.999433956632103
1
1
0.774511142210638
1
0.995911185230292
1
1
1
1
1
1
1
1
1
1
1
0.992777893550709
1
1
1
0.972514292207657
1
1
1
1
1
1
1
1
1
0.997275989836274
1
1
1
1
1
1
1
1
1
1
1
1
1
1
1
1
1
1
1
1
0.985878672446874
0.946596165211974
1
1
1
1
0.796614434786949
1
0.995222657596965
0.996537114156456
1
1
1
1
0.981416724883344
1
1
1
1
1
1
1
1
1
1
1
1
1
1
1
1
1
1
1
1
0.988388107892704
1
1
0.999999985971472
1
1
1
1
1
1
1
1
0.968673227236644
1
1
1
1
1
1
1
1
1
1
1
1
0.997716647819883
1
1
1
1
1
1
1
1
1
1
1
0.969751451318312
1
1
1
1
0.98485493891766
1
1
1
1
1
1
1
1
1
1
1
1
0.980424644025576
1
1
1
1
1
1
1
1
1
0.960399115524255
1
1
1
1
1
1
0.996926429224002
1
0.954653814189665
0.997323085942537
1
0.996943179792828
1
1
1
1
1
1
1
1
1
1
1
1
0.970554702287831
0.996671836466019
1
0.907684407006586
1
1
1
1
1
1
0.944539214164833
1
1
1
1
1
1
1
1
1
1
1
1
1
1
1
0.996033421307713
1
0.997323085942537
1
1
1
1
1
1
1
1
1
1
1
0.985636307038167
1
1
1
1
1
0.997565765244286
0.884481444524215
1
1
1
1
1
1
1
1
1
1
0.997968337278235
1
0.841028927820761
0.987322926251079
1
1
1
1
0.893887956860749
1
1
1
1
1
0.996050351987757
1
1
1
1
1
1
1
1
1
1
1
1
1
0.992147942334536
1
1
0.978831144175581
1
1
1
0.723082688226773
1
1
1
0.933572059086554
1
0.961038106833548
1
1
0.730852144830616
1
1
1
0.997565765244286
0.848767585880518
1
1
1
0.637120957313407
1
1
0.997774670251449
0.932315559536831
1
1
0.98809047467183
1
1
1
1
1
1
0.996044559731695
1
1
1
1
1
0.996477668554611
1
1
1
1
1
1
1
1
1
1
1
1
1
1
1
1
1
1
0.996294295619742
1
1
1
1
1
1
1
1
1
0.991893571323144
1
0.994479015855669
1
1
1
1
1
1
0.993541171815959
1
1
0.996671836466019
1
1
1
1
1
1
1
1
1
1
1
1
1
0.997716647819883
0.994451092342413
1
1
1
1
1
1
1
1
1
1
0.978988175060842
1
1
0.997027722182062
0.986971019911351
1
1
1
1
0.95814747843734
1
1
1
1
1
1
1
1
1
1
1
1
1
1
1
1
1
1
0.990916585444695
1
1
0.980372214366202
0.987196316895399
1
1
1
1
1
1
1
0.979693720499159
1
1
1
1
0.999433956632103
0.98533532285414
1
0.996839205482965
1
1
1
0.98809047467183
0.995776701542295
1
1
1
1
0.979058405953279
1
1
1
1
1
1
1
0.975830082033454
1
1
1
1
0.997774670251449
1
1
1
1
0.988663092431883
1
1
1
0.959028239850592
0.988239569817527
1
1
0.978325134910626
1
1
1
1
1
1
1
1
1
1
1
1
0.960459118580178
1
1
0.999999990082928
1
1
1
1
1
1
1
1
1
1
0.947338404036103
1
1
0.985196515627155
1
1
0.997330181949072
0.988202670776191
1
1
1
1
1
1
1
1
1
1
1
1
1
1
1
0.980623129072555
1
1
1
1
1
1
1
0.997530493426346
0.981498258687748
1
1
1
1
1
1
0.997968337278235
1
1
1
0.890451910626497
1
1
1
1
1
1
1
1
1
1
1
0.991764306380261
1
1
1
1
0.999999995904593
1
0.898081448033309
0.94919024695123
1
1
1
1
1
1
1
1
1
1
1
0.990819415654297
0.999999975787635
0.999339649897174
0.89517932100972
1
1
1
0.970886672200789
1
1
1
1
1
0.988388107892704
1
1
1
0.999999980688209
0.991306977411668
1
1
1
1
1
0.968796962248073
1
1
1
1
1
1
1
1
1
0.989491667825179
1
1
1
1
0.989436733136066
1
1
1
1
1
1
1
0.976545576924378
1
1
1
1
1
1
1
1
1
0.997594392735692
1
1
0.997027722182062
0.997201277078342
1
1
1
1
0.954653814189665
1
1
1
1
1
1
0.972345017823991
1
1
1
0.998018687300852
0.999999937576012
1
1
1
1
1
0.992990560221427
0.993581328520161
1
1
1
1
1
1
1
1
1
1
1
1
1
0.999421733236144
1
1
1
1
0.977478334618493
1
1
1
1
1
1
1
1
1
0.98797854800387
1
1
0.978831144175581
1
1
1
1
1
0.98580594063339
1
0.884481444524215
1
1
0.95866154438064
1
1
1
1
0.979693720499159
1
0.907710425777561
1
1
1
1
1
1
0.970180702444919
0.947338404036103
1
1
1
0.93485547652905
1
0.981492728559717
1
1
1
1
1
1
1
0.982649835549486
1
1
1
1
1
0.977547479841491
1
1
1
1
1
0.973472282132328
1
0.999999956198788
1
1
1
0.997938982103271
1
1
1
1
1
1
1
1
0.933572059086554
1
0.974151361267845
1
1
1
0.98809047467183
1
1
1
1
1
1
1
1
0.972885349057796
0.975830082033454
1
1
0.999999975787635
1
1
1
0.987098213173567
1
1
1
1
1
1
1
1
1
1
1
1
1
1
0.997716647819883
1
0.98998580804293
0.991306977411668
1
1
1
0.986139360874947
0.986928899185419
1
1
0.880202346014678
0.998018687300852
1
1
1
1
1
1
1
0.779562813769427
0.996926429224002
1
1
1
0.98809047467183
0.996050351987757
1
1
1
1
1
0.979040576403068
1
1
1
1
1
1
1
1
1
1
1
1
1
0.991987285746405
1
1
1
1
1
0.985508616792139
0.985915080515739
1
1
1
1
1
0.991300131162561
1
1
1
1
1
1
1
1
0.948062888353334
1
1
1
1
1
0.986971019911351
1
1
1
1
0.98580594063339
1
1
1
1
1
1
1
1
0.976544743878601
1
1
1
1
1
1
0.976355866337204
1
1
1
1
1
1
1
1
1
0.973225858734957
0.997393735269793
1
1
1
1
1
0.9899000799752
1
0.969024283923645
0.91812950144011
0.982971725670669
1
1
1
1
0.987940278381271
1
1
1
0.963551211157622
1
1
1
1
1
1
1
0.980762690522802
1
1
0.998905660339808
1
0.969024095237918
1
1
1
1
1
1
0.713442801295279
1
0.98615414329613
1
0.752774455314897
1
1
1
1
1
1
1
1
1
0.99151788013685
1
1
1
0.997330181949072
1
1
1
1
1
1
1
1
1
0.987411987855506
1
1
0.999999954387212
0.997716647819883
1
1
1
1
1
0.978831144175581
1
1
1
1
1
1
1
1
0.972835893388233
1
1
1
1
1
0.999999980438422
0.978326228428845
1
1
1
1
0.888955071306331
1
1
1
1
1
1
1
1
1
1
0.931752759103222
0.985570681831588
1
1
1
0.96946308085613
1
0.928651591286683
1
1
1
1
1
1
0.959821686867259
1
1
1
0.89517932100972
1
1
1
1
1
1
1
1
1
1
1
1
0.992182471750431
1
1
0.993436008033918
1
0.968500163992565
0.982718824306499
1
1
1
1
1
1
1
1
0.926625944851351
1
1
1
1
1
1
1
1
1
1
0.999421733236144
1
0.98731054926593
0.999999998318418
0.98809047467183
0.98809047467183
1
1
1
0.987385706087264
1
0.990697168249308
1
1
1
0.913113183721244
1
1
1
1
1
1
0.98533532285414
1
1
1
1
1
1
1
1
1
0.985636307038167
1
1
1
1
1
1
1
0.972449393960502
1
1
0.869974605261562
1
1
1
1
1
1
1
1
1
1
0.995814825353419
1
0.933127708271727
1
1
0.967917809123926
1
0.994838283257395
0.993458226463728
1
1
1
1
1
1
1
1
1
1
0.978326228428845
1
1
0.997632906146125
1
0.991987285746405
1
1
0.997157088311004
1
1
1
0.997330181949072
1
1
0.994220459581326
1
1
1
0.994220459581326
0.965156426888119
1
0.999999903986622
0.985636307038167
1
0.996640418088956
1
1
1
1
1
1
1
1
1
0.995911185230292
0.985571613840345
1
1
1
1
1
1
1
0.959539423822169
0.923654190299755
1
1
1
1
1
1
1
0.980045422910828
1
1
1
1
1
1
0.998292366731805
1
1
1
1
0.980695442821948
1
0.991987285746405
1
1
1
1
1
1
1
0.995814825353419
0.829196141457532
1
1
1
1
1
0.885538825009066
1
1
1
1
0.989426856918882
0.985851802653197
1
1
0.999421733236144
1
1
1
1
1
1
1
1
1
1
1
1
0.998905660339808
0.994479015855669
1
1
1
1
1
0.995815543918856
1
1
1
0.854083357412123
1
1
1
1
1
1
1
1
1
1
1
1
1
1
1
1
1
1
1
1
0.983673064825092
1
1
1
1
1
1
1
1
1
0.98474720161462
0.970180702444919
1
1
1
1
1
1
1
1
1
1
0.999421733236144
1
1
1
0.956273122397967
1
1
1
1
0.9899000799752
1
1
1
1
1
1
1
1
1
1
1
1
1
1
0.947338404036103
1
1
1
1
1
1
1
1
1
1
1
1
0.96237737425409
1
1
1
1
1
1
1
1
1
1
1
1
1
1
0.990567210709318
1
1
1
1
1
1
1
1
1
1
1
1
1
1
1
1
1
1
1
1
1
0.985508616792139
1
1
1
0.993581328520161
0.879757017252188
1
1
1
1
1
1
1
1
1
1
1
1
1
1
1
1
0.989962491557325
1
1
1
1
1
1
1
1
1
1
1
1
1
1
1
0.996696162395749
0.986484780891562
1
1
1
1
1
1
1
1
1
1
0.999999980438422
0.997484349447518
0.900568180858355
0.999999921468126
0.997330181949072
1
1
1
1
0.998018687300852
1
1
0.987098213173567
1
1
1
0.989074400853667
1
1
1
1
0.999999998318418
1
1
1
0.987545468057783
1
0.986341083547318
1
1
1
1
1
1
1
1
1
1
1
1
0.748048827346639
1
1
1
1
1
1
0.994479015855669
1
1
1
0.96924194266952
1
0.997594392735692
0.98474720161462
0.997774670251449
1
1
1
1
1
1
1
0.992777893550709
0.96237737425409
0.987250129897041
1
1
0.990300547595584
1
1
0.988111794133026
1
1
1
1
1
1
1
1
1
1
1
1
1
1
1
1
1
1
1
1
0.982806194324246
1
0.966019648482274
1
1
1
0.997774670251449
0.99151788013685
1
1
1
1
1
1
1
0.941073253583179
1
1
1
1
1
1
1
1
1
0.954917547746381
1
1
1
1
1
1
1
0.993458226463728
1
0.988964258368103
1
1
1
0.999999955629318
0.931752759103222
1
1
1
1
1
0.970357713117665
1
1
1
1
1
1
0.98212660124911
1
1
1
0.888955071306331
1
1
1
1
1
1
1
1
0.980424644025576
1
1
0.985641667632293
1
1
1
1
1
0.988658464775142
0.984969480266857
1
1
1
1
1
0.987545195762173
1
0.996537114156456
1
1
1
1
0.98823042448831
1
1
1
1
0.963432733755082
1
0.999999995904593
0.887552588869191
1
0.987940278381271
1
1
1
1
1
0.997063112857873
1
1
1
1
1
1
1
0.998519914862657
1
1
1
1
1
1
1
1
0.999999897911513
0.88500762072982
1
1
1
1
1
1
1
1
1
1
0.78487493619431
1
0.981771302121479
0.992371885157545
1
1
1
0.982718824306499
1
1
1
0.976545576924378
0.978325134910626
0.732411169064057
0.904161230342814
0.969024095237918
1
1
1
0.996530030221308
1
0.966971476113195
1
0.927244088003619
0.988991188830845
0.974357820776563
1
1
1
1
0.988684499027838
1
1
1
0.984377527362826
0.997886161660541
1
1
