x
1
1
1
1
1
1
1
1
1
1
1
1
1
0.988569890719464
1
1
1
1
0.93664054630075
1
1
1
1
1
1
1
0.890279506699423
1
1
1
0.979018540667027
0.953845317187447
0.986820188592678
1
0.916365921545619
0.952644481155776
1
1
1
0.940449005773196
0.907104740845267
0.890288966881718
1
1
1
1
1
0.696114811315849
1
1
1
1
1
1
1
1
0.9878829664122
0.984583637871095
1
1
1
0.986145767455003
1
0.901344620713418
1
1
1
0.86190030584438
1
1
1
1
1
0.955543445151684
1
1
1
1
1
0.910732031809746
1
1
1
0.882148073102425
1
1
1
1
1
1
1
0.99769549638775
1
1
1
1
1
1
1
1
1
1
1
1
1
1
1
1
1
1
1
1
1
1
1
1
1
1
0.947080264853146
1
1
1
1
0.984728718080702
1
1
1
0.970763606346337
1
0.984994600279961
1
1
1
1
1
1
0.890279506699423
1
1
1
1
0.998883320737449
1
1
0.941063595868958
1
1
1
1
1
1
1
1
1
1
1
1
1
1
1
1
1
1
1
1
0.998679158192998
1
0.892354897691309
1
1
1
0.999941362934392
1
1
1
0.913893658646163
1
1
1
1
1
1
0.956570733566284
1
1
1
1
1
1
1
1
0.97196727357603
1
0.954568835652141
0.895437779311267
1
1
1
1
1
0.942500343055402
1
1
1
1
1
1
1
1
1
1
1
1
1
1
1
1
0.946089497304009
1
1
1
1
1
1
1
1
0.990761077712347
1
1
1
1
0.991694500115248
1
0.930884942807413
1
1
0.939561686956055
1
1
1
1
1
1
1
1
1
0.897977650219774
1
1
1
1
1
0.998588128932625
0.936516447880469
1
1
0.998629270506341
1
1
1
0.848222332660835
1
1
1
1
1
0.972294053503192
1
1
1
1
0.998872575792735
1
1
0.879656585611271
1
1
1
1
1
1
1
1
1
1
1
0.984583637871095
1
1
1
0.97196727357603
1
1
0.992358688527182
1
1
1
0.905721579074951
1
1
1
1
0.929490137822641
1
1
0.994166396408159
1
1
1
1
1
1
1
1
1
1
1
1
1
0.992232371697637
1
0.986145767455003
0.887974460120918
1
1
1
1
1
0.987596097264835
1
1
1
1
1
1
1
1
1
1
1
1
1
1
1
1
1
0.983044499764716
1
1
1
0.928227474155976
1
1
1
1
1
1
1
1
1
1
1
1
1
1
1
0.905511754925727
1
0.946616118311765
1
1
1
0.922481215712605
0.983137249780603
1
1
1
1
1
1
1
0.883075380192584
0.916365921545619
1
1
1
1
1
1
1
1
0.933609278207158
1
1
1
1
1
1
1
1
1
1
0.99206172731051
1
1
1
0.545307982635143
0.998080495691314
1
0.901858182361858
1
1
0.999890744013421
1
1
1
0.776477130029498
0.998872592021423
1
1
1
1
1
1
1
1
1
1
0.89096100743971
1
1
1
0.990893424573156
1
1
1
0.977831017794182
1
0.986005627789974
1
0.999981690440549
1
1
1
1
1
1
1
1
1
0.91172644113509
1
1
0.986145767455003
1
1
1
1
1
1
1
1
1
1
0.907517204629914
1
0.857135042820689
1
1
1
1
1
1
1
0.982015275740909
1
1
1
1
1
1
1
1
1
1
1
1
1
0.898968704394755
1
0.919477636948753
1
1
1
1
0.953889729428309
1
1
1
1
0.989309721808678
1
0.98149842440446
1
1
0.998170745891539
0.9843855226382
1
0.891023711865536
1
1
1
1
1
0.872733159867919
1
1
1
1
1
1
1
1
1
1
1
0.982025892761502
1
1
1
1
1
1
1
0.998274440275117
1
1
1
1
1
1
1
1
1
0.974583070034761
1
1
0.990893424573156
1
1
1
1
1
1
1
1
0.933609278207158
1
1
1
1
0.956570733566284
1
1
1
1
1
0.952527305584483
1
1
1
1
1
1
1
1
1
0.657384008445054
1
1
1
1
1
1
1
1
0.993061600071012
0.993374139450457
1
1
1
0.911525205181816
0.900236950069719
1
1
1
1
1
1
1
1
1
1
1
1
1
1
1
1
1
1
1
1
1
1
1
1
1
1
0.99810561968568
1
1
1
1
1
1
1
1
0.999941362934392
1
1
0.870164096238424
1
1
1
1
1
0.986145767455003
1
1
1
1
1
0.980617861979855
1
1
1
1
0.98582596344176
1
1
1
1
1
0.817266978967568
1
1
0.987882792776808
0.986244499298047
1
1
1
1
1
1
1
1
1
1
1
1
1
1
1
1
0.998710120788787
1
1
0.987596097264835
1
0.98149842440446
0.985168835398824
1
1
1
1
1
1
1
1
1
1
1
1
1
0.948459022015655
1
1
0.890599940372561
1
0.907648217036409
1
0.952527305584483
1
1
0.994958008043059
1
1
1
1
1
1
1
1
0.998649763769078
1
1
1
1
1
1
1
1
1
1
0.937762991803745
0.828894370939222
0.984728718080702
1
0.997055341522802
1
1
1
0.938332166498079
0.961972257576605
1
1
0.983137249780603
1
0.899181638629175
1
1
1
1
0.913893658646163
1
0.885581002467455
0.948459022015655
1
1
1
0.998129662351858
1
1
0.994166396408159
1
1
1
1
1
0.931528305224571
0.990205664228036
1
1
1
1
1
1
1
1
0.939043614782561
0.961972257576605
0.994229216663322
1
1
1
1
1
1
1
0.998679158192998
1
1
1
1
0.979371606951382
1
1
0.882148073102425
1
1
1
1
0.981479100295876
1
1
1
0.947243014211931
1
1
1
1
0.93946302765981
1
1
1
1
0.947244558202183
1
1
1
1
1
1
1
1
1
1
1
1
1
1
1
1
1
0.895437779311267
1
1
1
0.839127637681616
1
1
1
1
1
1
1
1
1
0.985282127561241
1
0.999828878274035
1
0.994499604084789
1
1
1
1
1
0.918653759538605
1
1
1
1
1
1
1
1
1
1
1
1
1
1
1
1
1
1
1
1
1
1
1
1
0.979371606951382
1
1
1
0.998773220947616
1
1
1
1
1
1
1
0.937750604192928
1
1
1
0.979371606951382
1
1
1
1
1
1
1
1
0.928984675131465
1
1
1
1
1
1
0.998191718201538
0.928984675131465
1
1
1
1
1
0.628634598324141
1
1
1
1
1
0.998872592021423
1
1
1
0.922142586120214
0.890279506699423
1
0.998442391015245
1
1
1
0.919331515703321
1
1
1
0.990230312524848
0.946084545175536
1
1
1
1
1
1
1
1
1
1
1
0.824284955906782
1
1
1
1
1
1
0.985792845387324
1
1
0.985814960226194
1
1
1
1
1
1
1
1
1
1
1
1
1
0.939561686956055
0.938380076694994
1
1
0.961972257576605
1
1
1
1
1
0.989309721808678
1
1
1
1
1
1
0.93664054630075
1
1
1
1
1
1
0.999981690440549
1
1
1
1
1
1
0.999902142502377
1
1
0.914707359647257
1
1
1
1
0.921174998714427
1
1
1
1
1
1
1
1
0.990389334712274
1
1
0.979371606951382
1
1
1
1
1
1
1
0.92464073839139
1
1
1
1
1
0.987108374064897
1
1
1
1
1
1
1
1
1
1
1
0.884840807287235
1
1
0.998442391015245
0.998679158192998
1
1
1
1
0.962330204606324
1
0.981479100295876
0.998129662351858
0.962330204606324
1
1
1
1
1
1
0.936054805186702
1
1
0.797147226147158
1
1
1
1
1
1
1
0.815704175985736
1
1
1
1
1
1
0.834843483772557
0.971416105154893
1
1
1
1
1
1
1
0.998883320737449
1
1
1
1
1
1
1
1
1
1
1
1
1
1
1
1
0.956570733566284
1
1
1
1
1
1
1
1
1
1
1
1
1
1
1
1
0.974391198630917
1
0.974540916417638
1
1
1
1
1
1
1
1
1
1
1
1
1
1
1
1
1
1
1
1
0.879656585611271
1
0.985090063844158
1
1
1
1
1
1
1
1
1
1
1
1
1
1
1
1
1
1
1
1
1
1
0.999828878274035
1
1
1
1
1
1
1
1
1
1
1
1
1
1
0.932383537809282
1
1
1
1
1
1
1
1
1
1
0.910491421031233
1
1
1
1
1
0.954855875934381
1
1
1
1
1
1
1
1
1
1
1
0.998146714435053
0.978771944569861
0.915655127949893
0.800518422296315
0.980937549613858
1
1
0.925740634088855
1
0.998146714435053
1
1
1
1
1
0.998773220947616
1
1
1
1
1
1
1
1
1
1
0.998153783674738
1
1
1
1
0.965495170767315
1
1
1
1
1
1
1
1
1
1
1
1
1
1
1
1
1
1
1
1
1
1
0.882179151396941
1
1
1
1
1
1
0.687712444956038
1
0.989309721808678
1
1
1
1
1
1
1
1
1
1
1
1
1
1
1
1
1
1
1
1
1
1
1
0.956570733566284
1
1
0.999828878274035
1
1
1
0.987715223721052
1
1
1
1
1
1
1
1
1
1
1
1
1
1
1
1
0.908295214561334
0.97828595936119
1
1
1
0.97904718191187
1
1
1
1
1
1
1
0.93516101709983
1
1
1
1
1
1
1
1
1
1
1
1
1
1
0.898882380793057
1
1
0.991937637325694
1
1
1
1
1
0.866565554067093
1
1
0.901344620713418
1
1
1
1
1
1
1
1
1
1
1
1
1
1
1
1
1
0.998629270506341
1
0.946083740817526
1
1
1
1
1
1
0.839074032707469
1
1
1
0.952361909432333
1
1
1
1
1
1
0.998872575792735
1
0.935817936070752
1
1
1
1
0.954568835652141
1
1
1
1
0.986820188592678
0.98149842440446
1
0.92939239630888
1
1
1
1
1
1
1
1
1
1
1
1
1
1
1
1
1
1
1
1
1
1
1
1
1
1
0.96580582617482
1
1
1
1
1
1
1
1
1
1
1
1
1
1
1
0.94377597644209
1
1
0.973373006798759
1
0.990749014044543
1
1
1
1
1
0.892354897691309
1
1
0.999828878274035
1
1
1
1
1
0.870281099886883
1
1
1
1
1
1
1
1
1
1
1
1
1
1
1
1
1
1
1
1
1
1
1
1
1
0.832017124752722
1
1
0.922142586120214
0.898882380793057
1
1
1
1
1
1
1
1
0.999828878274035
1
1
1
1
1
1
1
1
1
1
1
0.896840530990839
1
1
1
1
0.944369734743225
1
0.922987181015118
1
0.999890744013421
1
1
1
1
1
1
1
1
1
1
1
0.999902142502377
1
0.985814960226194
1
1
1
1
1
1
1
0.991694500115248
1
1
1
1
1
1
1
0.993437524608379
1
1
1
1
1
0.999141303542288
1
0.998146714435053
1
1
1
1
1
1
1
0.987271641640341
1
0.933162175235495
1
1
0.9878829664122
1
1
0.952361909432333
0.974583070034761
1
1
0.998129662351858
0.908295214561334
1
0.932383537809282
1
1
1
1
1
1
1
1
1
1
1
1
1
1
1
1
1
0.888347625405419
1
0.979042303951774
1
1
1
1
1
0.962330204606324
1
1
1
1
1
1
1
0.979729783933671
1
1
1
1
0.984146165971252
1
0.930884942807413
1
0.979018540667027
1
1
1
1
1
1
1
1
1
0.980617861979855
0.990761077712347
1
1
0.944368948284123
1
0.998442391015245
1
1
1
1
0.877900361494301
1
1
0.92060457541791
1
1
1
1
1
1
1
1
1
0.989348347646422
1
1
1
1
0.986043440668562
1
0.9235723480308
1
1
1
1
1
0.99205872264925
1
1
1
1
1
1
1
0.999941362934392
1
1
0.998146714435053
1
1
1
1
1
1
1
1
1
1
1
1
1
1
1
1
1
1
1
1
1
1
1
1
1
1
1
1
0.902932543717627
0.943673631509233
1
1
1
1
1
1
1
1
1
1
0.98799776095071
1
1
1
1
0.894423437776723
1
1
1
1
1
0.92550645059697
1
1
1
1
1
1
1
1
1
1
1
1
0.976872735259861
1
1
1
1
1
1
0.938468632331413
1
1
1
1
1
1
1
0.917713380781512
1
1
1
1
1
0.907648217036409
0.940449005773196
1
1
1
1
1
1
0.986043440668562
0.913124841899727
1
1
1
0.981479100295876
1
0.99810561968568
1
1
1
1
1
1
1
1
1
1
1
1
1
0.998773220947616
1
1
0.992232371697637
1
1
1
1
1
1
1
1
1
1
1
1
1
1
1
1
1
1
1
1
1
0.958666469833562
1
0.958825921688377
1
1
1
1
1
1
1
1
1
0.932160214822533
0.642706710416517
1
1
1
1
1
1
1
1
1
0.921174998714427
1
1
0.547926995209375
1
0.907104740845267
1
1
1
1
1
1
1
1
1
1
0.999141303542288
1
1
1
1
0.990761077712347
0.990389334712274
1
0.94377597644209
1
0.979634223237339
1
1
1
1
1
0.962245356260886
1
0.998710120788787
0.882952964444326
1
1
0.986983499407754
1
1
1
1
1
1
1
0.908295214561334
0.984225816905032
1
0.986145767455003
0.998153783674738
0.918350726297949
1
1
1
1
1
0.969970799949829
1
1
1
0.953845317187447
1
1
0.924938813236256
1
1
0.984922434035315
1
1
1
0.944368948284123
1
1
0.928469492190181
1
0.947243014211931
0.99205872264925
1
1
1
1
0.97440210600043
0.991426193628202
1
1
1
1
1
1
1
0.994958008043059
1
1
1
1
1
1
0.98698331050255
1
1
1
1
1
0.98922404855712
1
1
0.992415247638408
1
1
0.98698331050255
1
1
1
1
1
1
1
1
1
1
0.994590039567368
1
1
1
1
1
0.987108374064897
0.998153783674738
1
1
1
1
1
1
1
1
1
0.987269652382168
0.891223208903409
0.998170745891539
0.952527305584483
1
1
1
1
1
1
1
1
1
0.976895004826296
1
1
1
1
0.979507552255993
1
0.971416105154893
1
1
1
1
0.888980395982388
1
0.980139048251398
1
1
0.86190030584438
0.962330204606324
0.997055341522802
1
1
1
1
1
0.993374139450457
1
1
1
1
1
1
1
1
0.898968704394755
1
1
1
1
1
1
1
1
1
1
1
0.998442391015245
1
1
1
1
0.918384339011695
1
1
1
1
1
1
0.879656585611271
1
1
0.857135042820689
1
1
1
1
0.98221707465247
1
1
1
1
1
0.973373006798759
1
0.998442391015245
0.976080723626154
1
1
1
1
1
1
1
1
1
1
1
0.8803048464981
0.873550442944655
1
1
1
1
1
1
1
1
1
1
1
1
1
1
1
1
1
0.998649763769078
1
1
1
1
1
1
0.97095002537639
1
1
1
1
0.994958008043059
1
1
0.9235723480308
0.880797397617642
1
1
1
1
1
1
1
1
1
0.974583070034761
1
1
1
1
1
1
1
1
1
1
1
1
0.961972257576605
1
1
1
1
0.928227474155976
1
1
1
1
1
1
0.999941362934392
1
1
1
1
1
0.895200464291534
0.858166877056421
1
1
0.998679158192998
1
1
1
1
1
1
1
1
1
1
1
1
1
1
1
1
1
1
0.868596373802618
1
1
1
1
1
1
1
0.965495170767315
0.878000455213472
1
0.866856645660998
1
1
1
0.958825921688377
1
1
1
0.982439593269448
1
0.999497897147074
0.93664054630075
1
1
1
1
1
1
1
1
0.99810561968568
0.983665425810154
1
0.99803796144247
0.689137615461196
1
1
1
1
1
1
1
1
1
1
1
0.985814960226194
1
0.998649763769078
1
1
1
1
1
1
1
1
1
0.904474274038346
1
1
1
1
0.928155284559444
1
1
1
1
1
1
1
1
1
0.999497897147074
0.998710120788787
1
1
1
0.983665425810154
0.63774516893668
0.993061600071012
1
1
1
1
1
1
1
1
1
1
1
1
1
1
1
1
1
1
1
1
1
0.998710120788787
1
1
1
1
1
0.94377597644209
1
1
1
1
1
0.998191718201538
1
1
0.991345374607914
0.980560095895445
1
1
1
1
1
1
1
1
1
1
1
1
1
1
1
1
1
0.593783097981357
1
0.918350726297949
1
1
1
0.998221756703691
0.915655127949893
1
0.858826691337456
0.950940209712638
1
1
0.994166396408159
1
1
1
1
1
1
1
1
0.938468632331413
1
1
1
1
1
1
1
1
1
1
1
1
1
1
1
1
1
1
1
1
1
1
1
1
1
0.998170745891539
0.998872575792735
0.885341037653601
1
0.8803048464981
1
1
1
1
1
1
0.907785346420542
1
1
1
1
0.98221707465247
1
1
1
1
1
1
1
1
0.998872575792735
1
1
1
1
1
1
1
0.986043440668562
1
1
1
1
1
1
1
1
1
1
1
1
1
1
1
1
0.939568730691639
0.980394707518763
1
1
1
1
1
0.999742864877288
1
1
1
1
1
1
1
1
1
1
1
1
1
0.985500983144131
1
0.998442391015245
0.998322969098219
1
0.98922404855712
1
1
0.998153783674738
1
1
1
1
1
0.998442391015245
1
1
1
1
1
1
1
1
0.873413762767957
1
0.96370215417511
1
0.958666469833562
1
1
1
1
1
1
1
1
1
1
1
1
1
1
0.998442391015245
0.998872575792735
1
1
1
1
1
1
1
1
0.979285715150437
1
1
1
1
1
1
1
1
1
1
1
1
1
1
1
1
1
1
1
0.998170745891539
1
0.961972257576605
1
1
1
1
1
1
1
1
1
1
1
1
1
1
1
1
1
0.99205872264925
0.992232371697637
0.992787821308956
0.937750604192928
1
1
1
1
1
1
0.93516101709983
1
1
1
1
1
1
1
1
1
1
1
1
1
1
1
1
1
1
0.994958008043059
0.98698331050255
1
1
1
1
1
1
1
1
1
0.902469731067895
1
0.941143465029421
1
1
1
1
1
1
1
1
0.980560095895445
1
1
1
1
1
0.94377597644209
1
1
1
1
1
1
1
1
1
1
0.980394707518763
1
0.998773220947616
0.987882792776808
1
1
1
1
1
1
1
0.990164510497252
1
1
1
1
1
0.999141303542288
0.97440210600043
1
1
1
1
0.916365921545619
0.998062626418117
1
1
1
1
0.921174998714427
1
1
1
1
0.94377597644209
0.921174998714427
1
1
1
1
1
1
1
1
1
1
1
0.999941362934392
1
1
1
1
1
0.911525205181816
1
1
1
0.97196727357603
1
1
1
1
0.923921999575984
1
1
1
0.901858182361858
1
1
1
0.994301949829441
1
1
1
1
1
1
1
1
1
1
1
0.984922434035315
1
1
1
1
1
1
1
1
1
1
1
1
1
1
1
1
1
1
1
1
1
1
1
1
1
1
1
0.932383537809282
0.98698331050255
1
1
0.882946997050234
1
1
1
1
1
1
1
1
1
1
1
0.99777942204489
1
1
1
1
1
1
1
1
0.866565554067093
1
1
1
1
1
1
1
1
1
1
1
1
0.989838455036807
1
1
1
1
1
1
0.979221429996161
1
1
1
0.980617861979855
1
1
1
1
1
1
1
0.972961720123035
1
0.990749014044543
1
1
1
1
1
0.93946302765981
1
1
1
1
0.987882792776808
1
1
1
1
1
1
0.895437779311267
1
1
1
0.994229216663322
1
1
1
1
0.994229216663322
1
0.862837151048543
1
1
1
1
1
1
1
1
0.896802415800786
1
1
1
1
1
0.979371606951382
0.987148175889768
1
0.898283094478742
1
1
1
1
0.985279150037067
0.879656585611271
1
1
0.986005627789974
1
1
0.954156478275644
0.961972257576605
1
1
1
1
1
1
1
1
0.99810561968568
1
1
1
1
1
0.998710120788787
1
1
1
1
1
1
1
1
1
0.942179853321977
1
1
1
1
0.955796830012107
0.952361909432333
1
1
0.98221707465247
1
1
1
1
0.553704244387321
1
1
1
1
0.841626304079429
0.999440457341825
1
1
1
1
0.997841380796655
1
1
1
1
1
0.990502000218884
1
1
1
1
1
1
1
1
0.919331515703321
1
1
1
1
1
1
1
1
1
1
1
1
1
1
1
1
1
0.986433523154078
1
0.998129662351858
1
0.97828595936119
1
1
1
0.974135164129431
1
1
1
1
0.99810561968568
1
1
1
0.893076005782305
1
1
1
1
1
1
1
0.93516101709983
0.998499859436743
1
1
1
1
1
0.955279240799233
1
1
1
0.655185917411903
0.998274440275117
1
1
0.92060457541791
0.986493738140544
1
1
1
1
1
1
1
1
1
1
1
1
1
1
1
1
1
1
1
1
1
1
0.912343812220693
1
1
1
1
1
1
1
0.8314805480559
1
1
1
1
1
0.993437524608379
1
1
0.858711013991151
1
1
1
1
1
1
1
1
1
1
0.644355486376518
1
1
0.977473493604904
1
1
0.921174998714427
1
1
0.990230312524848
1
1
1
0.905721579074951
0.939561686956055
0.899181638629175
1
1
1
1
1
1
1
1
1
1
1
1
1
1
1
0.901374297390726
1
1
1
1
0.898839890808229
1
1
1
0.980245096175183
1
1
0.990893424573156
1
1
1
1
1
0.999221597670102
1
1
1
1
1
1
1
1
1
0.908295214561334
1
1
1
1
1
1
1
0.974583070034761
1
1
1
1
0.978045016391848
1
1
1
1
1
0.985282127561241
1
1
1
1
1
1
1
1
1
0.999981690440549
1
1
1
1
1
0.908295214561334
1
1
1
1
1
1
1
1
1
0.980560095895445
1
1
1
1
1
1
1
1
1
1
1
1
1
1
1
0.903687993347814
1
1
1
1
1
1
0.779333608378497
1
1
1
1
1
1
1
1
1
1
0.937987048983444
1
1
1
1
1
1
0.984146165971252
1
1
1
1
1
1
1
0.9350059530929
1
1
1
1
1
1
1
1
1
1
1
1
1
1
0.990761077712347
1
1
1
1
1
0.944889748108251
1
1
1
1
1
0.858166877056421
0.926670063794453
1
1
1
1
0.888215167991814
1
1
1
1
1
0.915655127949893
1
1
1
1
1
0.905350754848132
1
1
1
1
1
1
1
1
1
1
1
1
1
1
1
1
1
1
1
1
1
1
1
1
1
1
0.974391198630917
1
1
0.964128081434106
1
1
1
1
1
1
0.98149842440446
1
1
1
1
1
1
0.928454089364632
1
1
1
1
1
0.986493738140544
1
1
1
1
0.999828878274035
1
1
1
1
1
0.94377597644209
1
1
1
0.949589487570328
0.938469500596633
1
1
1
1
1
1
1
1
1
1
1
1
1
0.936516447880469
1
1
1
1
1
1
1
1
1
0.979042303951774
1
1
0.923146260506809
1
1
1
1
1
0.932691135822744
1
1
1
1
1
1
1
1
1
1
1
1
1
0.985448701053929
1
1
1
1
1
1
1
1
1
1
1
1
1
1
1
0.938332166498079
1
1
1
1
1
0.980807384084527
1
1
1
1
1
1
1
0.977831017794182
1
1
1
1
1
1
1
1
1
1
1
1
0.983665425810154
1
1
1
1
1
1
1
1
1
0.997055341522802
1
1
1
0.757615443188927
1
1
1
1
0.997918864078114
1
1
1
1
1
1
1
1
1
0.931854692030393
1
1
1
1
1
1
1
1
1
1
1
1
1
0.998060422259144
1
1
1
1
1
1
1
1
1
1
1
1
0.954855235625096
1
1
1
1
1
0.923571190730943
1
1
1
1
0.994590039567368
1
1
0.972961720123035
1
1
0.963213813167437
1
1
1
0.913151867819028
0.930883969835824
0.904474274038346
1
0.992415247638408
1
1
1
1
1
1
1
0.849598777594926
0.936516447880469
0.903463043219758
1
1
1
1
1
1
1
0.937987048983444
1
1
1
1
1
1
1
1
1
1
1
1
1
1
1
0.932160214822533
1
1
1
0.939568730691639
0.990230312524848
1
1
0.984583637871095
1
0.911523967254063
1
0.990761077712347
0.980394707518763
1
1
1
1
1
1
1
1
1
1
1
0.998679158192998
1
0.99991301019469
1
1
1
1
1
0.961972257576605
1
1
1
1
1
1
0.857135042820689
1
1
1
1
1
1
1
1
0.989526349797169
0.986145767455003
1
1
1
1
0.933609278207158
0.984347350609623
1
1
1
1
1
1
1
1
1
1
1
1
1
1
1
1
1
1
1
0.949589487570328
1
1
1
1
1
1
0.989081596842208
1
1
1
0.928984675131465
1
1
0.93946302765981
1
1
1
1
1
1
1
1
1
0.964738056466915
1
1
1
1
1
1
1
1
1
1
1
1
1
0.98149842440446
1
1
1
1
0.916365921545619
1
1
1
1
1
1
1
0.908699785316113
1
1
1
1
0.922435017920756
1
1
1
1
1
1
1
0.938332166498079
1
1
1
0.98149842440446
0.999981690440549
1
1
0.863299676929843
0.83482731400201
0.998773220947616
0.985792845387324
0.984922434035315
1
1
1
1
1
1
1
0.927319650599616
0.928227474155976
1
1
1
1
1
1
0.762719480087227
1
1
1
0.998773220947616
1
1
0.956137588759566
0.956646661956236
1
1
1
1
1
1
1
0.906617843041085
0.982439593269448
1
0.824408797567554
0.96580582617482
1
1
1
1
1
1
1
1
0.97904718191187
1
1
1
1
1
0.998883320737449
1
1
1
1
1
1
0.75719615422202
1
1
1
1
1
1
1
1
0.980394707518763
1
1
1
1
0.984728718080702
1
1
1
1
0.948459022015655
1
1
1
1
1
1
1
1
1
1
1
1
1
1
1
0.902932543717627
0.890599940372561
1
1
1
0.9878829664122
1
1
1
1
1
1
0.925740634088855
1
1
1
1
0.902469731067895
1
1
0.985500983144131
1
1
1
0.944368948284123
1
1
1
1
0.946089497304009
1
1
1
1
1
1
1
1
1
1
1
1
1
1
0.982946231019977
1
1
1
1
1
1
1
1
1
1
1
1
1
1
1
0.887748723748569
0.915655127949893
1
1
1
0.9131339110577
1
1
1
1
1
1
1
1
1
0.985448701053929
1
1
1
1
0.980011413063389
1
1
1
1
1
1
1
0.959975620482545
1
1
1
1
1
1
0.883359350724974
0.955543445151684
1
1
1
1
1
1
1
1
1
0.893499919120984
1
1
1
1
1
0.884119584817849
1
1
1
1
1
0.984225816905032
1
1
1
1
1
1
0.925740634088855
1
0.992358688527182
1
1
1
1
1
1
1
1
1
1
0.999497897147074
1
1
1
1
1
1
0.989526349797169
1
1
1
1
1
1
0.879708128736429
1
1
1
1
1
0.97440210600043
1
0.977709903321708
1
1
0.998153783674738
1
1
1
1
0.990125848860626
1
1
1
1
1
1
1
1
0.989256488424874
1
1
1
1
0.945285806130085
1
1
1
1
1
1
1
1
1
0.998062626418117
1
1
1
1
1
1
1
1
1
1
1
0.933324162001301
0.977473493604904
1
1
1
1
1
1
0.916365921545619
0.998997544542631
1
1
1
1
1
1
1
1
1
1
1
0.984842868630234
1
1
1
1
1
1
1
1
1
1
1
1
1
1
0.954855875934381
0.903963805963243
1
1
1
0.998442391015245
0.981794499250101
0.976895004826296
1
1
1
1
1
1
0.985814960226194
1
1
1
1
0.978045016391848
0.998060422259144
1
1
1
0.958666469833562
0.99803796144247
0.926412893476435
1
1
1
1
1
1
1
1
1
1
1
1
1
0.99810561968568
0.958666469833562
1
1
1
1
0.974979988208436
1
1
0.998679158192998
0.92464073839139
1
1
1
1
1
0.986820188592678
1
0.888215167991814
1
1
1
1
1
1
1
1
0.998883320737449
1
1
0.969754008140209
0.980617861979855
0.926483871645901
1
1
0.997630245797912
0.97440210600043
1
0.999497897147074
1
1
1
1
1
1
1
0.983044499764716
0.992358688527182
0.914725739441577
1
1
1
1
0.75719615422202
1
1
1
1
0.982015275740909
1
1
0.947243014211931
0.98799776095071
1
1
1
1
1
1
1
1
1
1
1
1
1
1
1
1
1
0.974976269572276
0.934960236629674
1
1
0.999497897147074
1
1
1
1
1
1
1
0.970109311464852
1
1
1
1
1
1
1
1
1
0.954568835652141
1
1
1
1
1
1
1
1
1
1
1
1
0.98582596344176
1
1
1
1
0.993374139450457
1
1
0.984922434035315
1
0.866480383390107
0.996676042647826
1
0.990205664228036
1
1
1
1
1
1
0.937751482392359
0.952361909432333
1
0.463579561480828
1
1
1
1
1
1
0.998997544542631
1
1
1
1
1
1
1
1
1
1
0.921174998714427
1
1
1
1
1
1
1
1
1
1
1
1
1
1
0.983044499764716
1
1
1
1
1
1
1
1
1
1
1
0.944889748108251
1
1
1
1
1
1
1
1
1
1
1
1
0.999981690440549
1
1
1
1
1
1
1
1
1
0.987715223721052
0.902932543717627
1
0.998710120788787
1
1
0.958666469833562
1
1
1
1
1
1
1
1
1
0.98799776095071
1
1
1
0.998883320737449
1
1
1
0.943139187163194
1
1
0.92464073839139
1
1
1
1
1
0.946089497304009
0.794492425397103
1
1
1
1
0.867908708212324
1
1
0.852217797584715
1
1
1
0.968838124854865
0.979285715150437
1
1
1
1
1
0.998060422259144
1
0.760801639571074
1
1
1
1
1
1
1
1
1
1
1
1
1
1
1
1
1
0.986402609660084
1
1
1
1
1
1
1
1
0.998170745891539
1
1
1
1
1
1
1
1
1
1
1
1
1
1
1
1
1
0.909593376185432
0.927319650599616
1
1
1
1
1
1
1
1
1
1
1
1
0.998710120788787
1
1
1
1
1
0.975846115530932
1
0.833700374100424
1
1
0.979221429996161
1
1
1
1
1
1
1
0.985279150037067
1
1
1
0.866830661445062
1
1
0.922481215712605
1
1
1
1
0.999141303542288
1
1
1
1
1
0.988837945215067
1
1
1
1
1
1
1
1
1
0.806488012043683
1
1
1
1
1
1
1
1
1
1
1
0.734420230808478
1
1
0.94377597644209
1
1
1
0.954568835652141
1
1
1
1
0.913893658646163
1
1
1
1
1
1
1
1
1
0.988889103564729
0.998872575792735
1
1
1
1
1
1
1
1
1
1
1
0.946089497304009
1
1
1
1
1
1
1
0.998191718201538
1
0.968838124854865
1
1
1
1
1
0.930883969835824
1
1
1
1
0.979701974096139
1
1
1
0.947080264853146
1
1
1
1
1
1
1
1
1
1
1
1
1
0.982946231019977
1
1
0.9721353774359
1
1
1
1
1
0.998442391015245
1
1
1
0.982946231019977
1
1
1
1
1
1
1
1
1
0.994389711689693
1
1
1
1
1
1
1
1
1
1
1
1
1
1
1
1
0.898968704394755
1
1
1
1
0.998679158192998
1
1
1
0.980807384084527
0.9878829664122
1
1
1
1
1
1
0.930646280013305
1
1
1
1
1
1
1
1
1
1
1
1
1
1
1
1
0.930646280013305
1
1
1
1
0.979371606951382
1
0.998872575792735
1
1
1
1
1
1
1
1
1
1
0.999857913568093
1
0.937751482392359
1
1
0.998773220947616
1
1
1
1
1
1
1
0.988569890719464
0.989526349797169
1
1
0.998773220947616
1
0.991426193628202
0.977831017794182
1
1
1
1
1
1
1
0.987882792776808
1
1
1
1
0.98698331050255
0.938332166498079
1
1
0.931528305224571
0.930883969835824
1
1
1
1
0.906460243608433
0.994166396408159
1
1
1
1
1
1
1
1
1
1
1
1
1
1
1
1
1
1
1
1
1
1
1
1
1
1
0.916365921545619
1
1
1
1
1
0.94377597644209
1
1
1
1
1
1
1
1
1
0.958666469833562
1
1
1
1
1
1
1
1
0.980617861979855
1
1
0.998588128932625
1
1
1
1
1
1
1
0.932160214822533
1
1
1
1
1
1
1
1
1
1
0.99803796144247
1
1
1
1
1
1
0.993061600071012
1
1
1
1
0.999828878274035
1
0.859913248256383
1
1
0.976457730622988
1
1
0.998997544542631
1
0.863403439655904
1
1
1
1
1
1
1
1
1
1
1
1
1
1
1
1
1
1
1
1
1
0.938775021965814
1
1
1
1
1
1
1
1
1
1
1
1
1
1
1
1
1
1
1
1
1
1
1
0.902932543717627
1
1
1
1
1
0.978005696910967
1
1
1
1
1
1
1
1
1
1
1
1
1
1
0.952527305584483
1
1
1
1
1
1
1
1
1
1
1
1
0.962378023375035
1
1
1
1
1
0.993437524608379
1
1
1
0.983044499764716
1
1
1
1
0.533092638907285
0.925740634088855
1
1
1
1
1
1
0.986043440668562
1
1
1
1
1
0.973373006798759
1
1
1
1
1
1
0.985279150037067
1
1
0.984893897503451
1
1
1
1
1
1
0.999497897147074
1
1
1
1
1
1
0.998170745891539
1
1
1
1
1
1
1
1
1
1
1
1
1
1
1
1
1
1
0.834393378399374
0.953889729428309
1
1
0.998221756703691
1
1
1
1
1
1
1
1
1
1
1
1
1
0.873323761631473
1
1
1
1
1
0.875725255135592
1
1
1
1
1
0.986043440668562
1
1
0.906023889943125
0.924938813236256
1
1
1
1
1
1
1
1
0.969970799949829
1
1
1
1
1
1
0.919331515703321
1
1
0.959288345418717
1
1
1
1
1
1
1
1
1
1
1
1
0.99991301019469
1
0.984728718080702
1
1
0.998629270506341
1
0.990761077712347
1
1
1
1
1
1
1
1
1
1
1
0.962244799062783
1
1
1
0.938469500596633
1
1
1
1
1
0.999635262916721
0.985792845387324
1
1
1
1
1
1
0.987882792776808
1
1
1
1
1
0.996676042647826
1
1
1
0.710526025778732
0.902469731067895
1
0.926002008143113
1
0.907104740845267
1
0.917583455313341
1
1
1
1
0.905870932317561
1
1
1
0.513883568424064
1
1
1
1
1
1
1
1
1
1
0.93864980323295
1
0.914344010823286
1
1
1
1
1
1
1
1
0.678828328839752
1
1
1
0.937751482392359
0.831343536255
1
1
1
1
1
1
1
1
1
1
1
1
1
1
1
1
1
1
0.937987048983444
1
1
1
1
1
1
1
0.925740634088855
1
1
1
1
1
1
1
1
1
1
1
0.938332166498079
1
0.98698331050255
1
1
0.998442391015245
1
1
1
1
1
1
1
1
1
1
1
1
1
1
1
0.938468632331413
1
1
1
1
1
1
1
1
1
1
0.984347350609623
1
1
1
1
1
1
1
1
0.874380720092197
1
1
1
1
1
1
1
1
1
1
1
1
1
0.944368948284123
1
0.99803796144247
1
1
1
1
1
1
0.662474200876637
1
1
1
0.974656388179272
0.990749014044543
1
1
1
1
0.887748723748569
1
1
1
1
1
1
1
1
1
1
1
0.996676042647826
0.959975620482545
1
1
1
0.998153783674738
1
1
1
1
1
1
1
1
1
1
0.92464073839139
1
1
0.998153783674738
1
1
0.988889103564729
0.843392305321535
1
1
1
1
1
0.968838124854865
1
1
1
1
1
1
1
1
1
1
1
1
1
1
1
0.986983499407754
1
0.973962554235201
0.891159092485595
1
1
1
1
1
1
1
1
1
1
1
1
1
1
1
1
1
1
1
0.890599940372561
1
1
1
0.952361909432333
1
1
1
1
1
1
1
1
1
1
1
1
1
1
1
1
1
1
1
0.985282127561241
1
0.952913890368951
1
1
1
1
1
1
1
0.980011413063389
0.979144522006592
1
1
1
0.998442391015245
1
1
0.890599940372561
1
1
0.936054805186702
1
1
1
1
1
1
0.994590039567368
1
0.990893424573156
1
1
1
1
1
1
1
1
1
1
0.98149842440446
1
1
1
1
0.907517204629914
1
0.958666469833562
1
1
1
1
1
1
1
1
1
1
1
1
1
1
1
1
1
1
1
1
1
0.961457760810089
0.957256522907011
0.91249801911275
1
1
1
1
1
1
0.986145767455003
1
1
1
1
1
1
0.997055341522802
1
0.962330204606324
1
0.986145767455003
1
1
1
1
0.913124841899727
1
1
1
1
1
1
1
1
1
1
1
1
1
1
1
1
1
1
1
1
1
1
1
1
0.979990464389691
1
1
1
1
1
0.925740634088855
1
1
1
0.982015275740909
1
1
1
1
1
1
1
1
1
1
0.848222332660835
1
1
1
1
1
1
1
1
1
1
1
1
0.938380076694994
1
1
1
1
1
0.99656698649101
1
0.94377597644209
1
1
1
1
1
1
1
0.749898949288042
0.994590039567368
1
1
1
0.696089233461596
1
1
1
1
1
1
1
1
1
1
1
1
1
1
1
0.966915332742445
1
1
1
1
1
1
0.999141303542288
1
1
1
0.9878829664122
1
1
1
1
1
1
0.9878829664122
1
1
1
1
1
0.993437524608379
0.998773220947616
1
1
1
1
1
0.984728718080702
1
1
1
0.775934812231575
1
1
1
1
1
1
1
1
1
1
1
1
1
1
1
1
1
1
1
1
1
1
1
1
0.89096100743971
1
1
1
1
0.91796464528321
0.999981690440549
1
1
1
1
0.980617861979855
1
1
1
1
1
1
1
1
1
0.993061600071012
1
1
0.837122707153774
1
1
1
1
0.892354897691309
1
1
1
1
1
0.987882792776808
0.851889841713517
1
1
1
1
1
1
1
1
1
1
1
1
1
1
1
1
1
0.932383537809282
1
1
1
1
0.940449005773196
1
1
0.998588128932625
1
1
1
1
0.979042303951774
0.998883320737449
1
1
1
1
1
1
1
1
1
1
1
1
1
1
1
1
1
1
1
1
1
1
1
1
1
1
1
1
1
1
1
0.898283094478742
1
1
1
1
1
0.947080264853146
1
1
1
1
1
1
0.979507552255993
1
1
1
1
1
1
0.899181638629175
0.828223367133397
1
1
1
1
1
1
1
1
1
1
0.989309721808678
0.914340646788971
1
1
1
1
1
0.998872592021423
0.979701974096139
1
1
1
1
1
1
1
1
1
1
1
1
1
1
1
0.994590039567368
1
1
1
1
0.985814960226194
1
1
1
1
1
1
1
1
1
1
1
1
1
1
1
0.631068162535993
1
0.879284903343114
1
1
1
1
1
0.979221429996161
1
0.886003748155978
1
1
1
1
1
1
1
1
1
1
1
1
0.958666469833562
0.989081596842208
1
0.884017066852699
1
1
0.998679158192998
1
1
1
1
0.999844323934881
1
1
1
0.992232371697637
1
1
1
1
1
0.985279150037067
1
1
1
1
1
1
1
1
1
1
0.986145767455003
1
1
1
1
1
0.98221707465247
1
1
1
1
0.998153783674738
1
0.930883969835824
1
1
1
1
1
0.99991301019469
0.957447522317464
1
1
1
1
1
1
1
1
1
1
1
0.983173087616638
1
1
1
1
0.98799776095071
0.990389334712274
1
1
1
1
1
0.993374235188046
1
0.985282127561241
1
0.962245356260886
1
1
1
0.898839890808229
1
1
1
1
1
1
1
1
0.913469172291145
1
1
1
0.93664054630075
1
1
1
1
0.993061600071012
1
1
1
1
1
1
1
0.987882792776808
1
1
1
1
1
1
1
1
1
0.980936747326315
1
1
1
1
1
1
0.985500983144131
1
0.99205872264925
1
1
0.956646661956236
1
0.954568835652141
1
1
0.97095002537639
0.987882792776808
1
1
1
1
1
1
1
1
1
1
1
1
1
1
1
1
1
1
1
1
1
1
0.916365921545619
1
1
1
1
1
1
1
1
1
1
1
1
0.998773220947616
1
1
1
1
1
0.968838124854865
1
0.99205872264925
1
1
1
1
1
0.998872592021423
1
1
1
0.919331515703321
1
0.994389711689693
1
1
1
0.882179151396941
1
1
1
1
1
1
1
1
0.955543445151684
1
0.979701974096139
1
1
1
0.980139048251398
0.92939239630888
1
0.97196727357603
1
1
0.98922404855712
1
1
1
1
1
1
1
1
0.894621305472067
1
1
1
0.956570733566284
1
1
1
1
1
0.88922679419209
1
1
1
1
1
1
1
1
1
0.988889103564729
1
1
0.949285675778246
1
1
0.899567758873179
1
1
1
1
0.999141303542288
1
0.979221429996161
1
1
0.859633579657056
1
1
1
1
1
1
1
1
1
1
1
1
1
0.997055341522802
1
1
1
1
1
1
0.980347548308847
1
1
1
1
1
1
1
0.953845317187447
1
1
1
1
1
1
1
1
1
1
1
1
1
1
1
1
1
1
1
1
1
1
0.901858182361858
1
1
0.994301949829441
1
1
1
1
1
1
1
0.990761077712347
0.958825921688377
1
1
1
0.980807384084527
1
1
1
1
0.910491421031233
1
1
0.998773220947616
1
1
1
1
1
1
1
1
1
1
1
0.994590039567368
1
1
1
1
0.947080264853146
1
1
1
1
1
1
1
1
1
1
1
0.836498502516209
1
1
1
1
1
1
1
1
1
1
1
1
1
1
1
1
1
1
1
1
0.910732031809746
0.922987181015118
1
1
1
1
1
1
0.985282127561241
1
1
1
0.928984675131465
1
1
1
1
1
0.98221707465247
1
1
1
1
1
1
0.900236950069719
1
1
1
0.965495170767315
1
1
0.985500983144131
1
1
1
1
1
1
1
1
1
1
1
1
1
1
1
1
1
0.971416105154893
1
1
1
1
1
1
1
1
0.999141303542288
1
0.998588128932625
1
1
1
0.998153783674738
1
1
1
1
1
1
1
1
1
1
0.975617059431215
1
1
1
1
1
1
1
1
1
1
1
1
1
0.904474274038346
0.980394707518763
0.992358688527182
1
1
1
1
0.998221756703691
1
1
1
0.91172644113509
1
0.901445340633295
1
1
1
1
1
0.984436071997451
1
1
1
0.995011875757451
1
1
1
1
1
1
0.985279150037067
0.980139048251398
0.993374139450457
1
0.932383537809282
1
1
1
0.833935681712896
0.97095002537639
1
1
0.938478857167422
1
1
1
1
1
1
0.986433523154078
0.919331515703321
1
0.622377730272262
1
1
1
0.990230312524848
1
1
1
1
1
1
1
1
0.90924344051705
1
1
1
1
0.998170745891539
1
1
1
1
1
1
1
1
0.986145767455003
1
1
1
1
1
1
1
1
1
1
1
1
1
0.938332166498079
1
1
1
0.977831017794182
1
1
1
1
0.999828878274035
1
1
0.987596097264835
1
1
1
1
1
1
1
1
1
1
1
1
1
1
0.987882792776808
1
1
1
1
1
1
1
1
1
1
1
1
1
1
1
1
1
1
1
1
1
1
1
1
0.947243014211931
1
1
1
1
1
1
0.961972257576605
1
1
1
1
0.998710120788787
1
1
0.968838124854865
1
1
1
1
1
1
1
1
1
0.79757403940633
1
0.989081596842208
1
1
1
0.999890744013421
0.999903327142276
1
1
1
0.998442391015245
1
1
1
1
1
1
1
1
1
1
1
1
1
1
1
1
1
0.93946302765981
1
1
1
1
0.955575057684271
1
1
1
0.890599940372561
1
1
1
1
0.986196199830062
1
1
1
1
1
0.96580582617482
1
1
1
0.979371606951382
1
1
1
1
0.989526349797169
1
1
1
1
1
1
1
1
1
1
1
0.97440210600043
1
1
1
0.99991301019469
0.985500983144131
0.999841128032294
0.913924569982195
1
1
0.920520121484034
1
0.969970799949829
1
1
1
0.846562642957499
1
1
1
1
1
1
0.998872575792735
1
1
1
1
1
1
1
1
1
1
1
1
1
1
1
1
1
1
0.994590039567368
1
1
1
1
0.929801588674429
0.977473493604904
1
1
1
1
1
1
1
1
1
1
1
0.976951712220504
1
1
1
1
0.97904718191187
1
1
1
1
1
0.994590039567368
1
1
0.878049654075618
1
1
1
1
1
1
1
0.924938813236256
1
1
1
1
1
1
1
1
1
1
1
0.889405977666607
1
0.998221756703691
1
1
1
0.991426193628202
1
1
1
1
1
1
0.92939239630888
1
1
1
1
1
1
1
1
1
1
1
1
1
1
1
1
0.986005627789974
0.923571190730943
1
1
1
1
1
1
0.907104740845267
0.968838124854865
1
1
1
1
1
1
0.948066739802993
1
0.99656698649101
1
1
1
1
1
1
1
0.953845317187447
1
1
1
0.949285675778246
1
0.999929995373781
1
0.98149842440446
1
1
1
1
1
1
1
1
1
1
1
1
1
1
1
1
1
1
0.978771944569861
1
0.9107552414119
1
0.998883320737449
1
1
1
1
1
0.949589487570328
1
1
1
1
1
1
1
1
1
1
1
1
1
1
1
1
1
1
1
1
1
1
0.998997544542631
1
1
1
1
1
1
1
1
0.950940209712638
1
1
1
1
1
1
1
1
1
1
1
1
1
1
1
1
1
1
1
1
1
1
0.862975352297058
1
0.947080264853146
0.980139048251398
1
1
1
1
1
1
1
1
1
1
1
1
1
1
0.947243014211931
1
1
1
1
1
1
0.942179853321977
0.916365921545619
1
0.999828878274035
1
1
1
1
1
1
1
1
1
1
0.999828878274035
0.998153783674738
1
1
0.947080264853146
1
1
1
1
0.972961720123035
0.635359562532171
1
0.903686649103948
1
1
1
1
1
0.998170745891539
1
1
1
0.974976269572276
0.932383537809282
1
0.904040096206908
1
1
0.679647477882912
1
1
1
0.928227474155976
1
1
1
1
1
1
1
1
1
1
1
1
1
1
1
1
1
1
0.997055341522802
1
0.993374139450457
1
1
1
1
1
1
1
0.92464073839139
1
1
1
1
1
1
1
1
1
1
0.999141303542288
1
1
1
1
1
1
1
1
1
1
1
1
0.889375867428724
1
1
1
1
1
0.999981690440549
1
1
1
1
1
0.974979988208436
1
0.933162175235495
1
1
1
1
1
1
1
1
0.958666469833562
1
1
1
1
0.953889729428309
1
1
0.985686417919693
1
1
1
0.900236950069719
0.894423437776723
1
1
1
1
1
0.994499604084789
1
1
1
1
1
1
1
1
1
1
1
1
1
1
1
1
1
1
1
1
1
1
1
1
1
1
1
1
1
0.98149842440446
0.994301949829441
1
0.982235284458458
1
0.995430702775657
1
1
1
1
1
1
1
0.913469172291145
1
1
1
1
1
1
1
0.983417955065915
1
1
0.986043440668562
0.925740634088855
1
0.97095002537639
1
0.998322969098219
1
1
0.928984675131465
1
1
1
1
1
1
1
1
1
1
1
1
0.98582596344176
1
0.959288345418717
0.989309721808678
1
1
0.987148175889768
1
1
0.998191718201538
0.928011458125935
1
1
1
1
1
1
1
1
1
1
0.968838124854865
1
1
1
1
1
1
1
1
1
1
0.980394707518763
1
1
1
1
1
1
1
1
1
1
1
1
1
1
0.940449005773196
0.994166396408159
1
1
1
1
1
1
1
1
1
1
1
0.991426193628202
1
1
1
1
1
1
1
1
0.964128081434106
0.994958008043059
1
1
1
1
0.953845317187447
1
1
0.986820188592678
0.946616118311765
0.985090063844158
1
1
1
1
1
1
0.857135042820689
0.959288345418717
1
1
1
1
1
1
1
1
1
1
1
1
0.982439593269448
1
1
1
1
1
0.762090498247272
1
0.739360943101157
1
1
1
1
1
1
1
1
1
1
1
1
1
1
1
1
1
0.998710120788787
1
0.999981690440549
1
1
1
0.96370215417511
1
1
0.998060422259144
1
1
1
1
1
1
1
1
1
1
1
1
1
1
1
1
1
0.9878829664122
1
1
1
1
1
1
1
1
1
0.919331515703321
1
1
1
1
1
1
1
0.961972257576605
1
1
1
1
1
1
1
0.978335902754383
1
0.998170745891539
1
1
1
1
1
1
1
1
1
1
0.952361909432333
1
1
1
1
0.892354897691309
1
1
1
1
0.974979988208436
1
1
1
1
1
1
1
1
1
1
0.94377597644209
1
1
0.985814960226194
1
0.998221756703691
0.980394707518763
0.938775021965814
0.901374297390726
1
1
1
1
0.985448701053929
1
1
1
1
1
1
0.985500983144131
1
0.979018540667027
0.979507552255993
1
0.990105253020891
1
1
1
1
1
1
0.984583637871095
1
1
1
1
0.992232371697637
1
1
1
1
1
1
1
0.907104740845267
1
1
0.9350059530929
1
1
0.985279150037067
1
0.962613628848428
1
1
1
0.867908708212324
1
1
1
1
1
1
1
1
1
0.933324162001301
0.928155284559444
1
1
1
0.930884942807413
1
1
1
1
1
1
1
1
1
1
1
1
0.957447522317464
1
1
0.98922404855712
0.882179151396941
1
1
0.982946231019977
1
0.937762991803745
0.922987181015118
0.993437524608379
0.933609278207158
0.97440210600043
0.898883789939776
0.906703161546649
1
0.998773220947616
1
1
1
0.6829578289536
1
0.997055341522802
1
0.939561686956055
1
1
1
1
0.893268224236917
1
1
1
1
1
1
1
1
1
1
1
0.91796464528321
1
1
1
1
0.998146714435053
1
0.904040096206908
0.990105253020891
1
1
0.880264816642558
0.93502440332513
1
1
0.998170745891539
1
1
1
0.992787821308956
1
0.944369734743225
1
1
1
1
1
0.888198381792842
1
0.998649763769078
0.998649763769078
1
0.998274440275117
0.998883320737449
0.975846115530932
1
1
1
1
0.985500983144131
1
1
1
1
1
1
1
1
1
1
1
1
1
1
1
1
1
1
1
0.964976725009433
1
1
1
1
1
0.998710120788787
1
1
1
0.931528305224571
1
1
0.98698331050255
0.937750604192928
0.936516447880469
0.984702240597366
1
0.96370215417511
1
1
1
1
1
1
1
0.848220251536308
1
1
1
0.885581002467455
1
1
1
1
0.937751482392359
1
1
1
0.974656388179272
0.984702240597366
1
1
0.940449005773196
1
1
1
0.990125848860626
1
1
1
1
1
1
1
0.979507552255993
1
0.922481215712605
1
1
1
0.979371606951382
1
1
0.878000455213472
1
1
0.993374139450457
1
1
1
1
1
1
0.879656585611271
1
1
1
1
1
0.990389334712274
1
1
1
1
0.989081596842208
1
0.933609278207158
1
1
1
0.896857832405989
1
1
1
0.984225816905032
1
1
1
0.998629270506341
1
1
1
1
1
1
1
1
1
0.998146714435053
1
1
1
1
0.887594630786398
1
1
1
0.993374235188046
1
1
1
1
1
0.99205872264925
0.954855235625096
1
0.998883320737449
1
1
1
1
0.835692596242326
1
1
0.994958008043059
1
1
1
1
1
1
1
1
1
1
1
1
0.96473773021701
1
1
1
1
1
1
1
1
1
1
1
1
1
1
1
0.882148073102425
1
1
1
1
1
1
1
1
1
1
1
1
1
1
1
1
1
1
1
1
1
1
1
1
1
1
1
1
1
1
1
0.96473773021701
1
1
1
1
1
0.994301949829441
1
1
1
1
1
1
1
1
1
1
1
1
1
1
0.997055341522802
1
0.985282127561241
1
0.954568835652141
0.904443515862594
1
0.977473493604904
1
0.990389334712274
1
1
0.939561686956055
1
0.998060422259144
1
1
1
1
1
1
1
1
1
1
1
0.98698331050255
1
1
1
1
1
1
1
1
1
1
1
1
1
0.874380720092197
1
1
1
1
1
1
1
1
0.982025892761502
1
0.985500983144131
1
1
1
1
1
1
1
1
1
1
1
1
0.955260792691795
1
1
0.998146714435053
1
1
1
0.930884942807413
1
1
0.952527305584483
0.99206172731051
1
1
1
0.958825921688377
0.998442391015245
1
0.905721579074951
1
1
1
1
1
1
0.979776646837678
1
1
0.986820188592678
1
0.912343812220693
0.986433523154078
1
1
1
1
1
1
1
1
1
1
1
0.880797397617642
1
0.999497897147074
0.978005696910967
0.972961720123035
1
1
0.998710120788787
0.890288966881718
1
1
1
0.944889748108251
1
1
1
1
0.998773220947616
1
1
1
1
1
1
0.990502000218884
1
1
1
1
1
1
1
1
1
1
1
1
1
0.97904718191187
1
0.926670063794453
1
1
1
1
1
1
1
1
1
1
1
1
0.986820188592678
1
1
1
1
1
1
1
1
1
1
0.99777942204489
1
1
0.895573489543856
1
1
0.548617090804184
1
0.839127637681616
1
1
0.998274440275117
1
1
1
1
1
1
1
1
0.973506606887157
1
1
0.962244799062783
1
1
1
1
1
1
1
1
1
0.99777942204489
1
1
1
1
0.998191718201538
1
1
1
1
1
1
1
0.975347824133879
1
1
1
1
1
1
1
1
1
1
1
1
1
0.987715223721052
0.994166396408159
1
1
1
1
1
1
1
1
0.894621305472067
1
1
1
0.977717486136428
1
1
1
0.997630245797912
1
1
1
1
1
1
1
1
1
1
0.913469172291145
0.698377224588013
1
1
1
1
1
0.983173087616638
1
1
1
0.953845317187447
0.98265445877784
1
1
1
1
1
0.939561686956055
1
1
1
0.980617861979855
1
1
1
1
0.998679158192998
1
1
0.952527305584483
1
1
1
1
0.999981690440549
1
1
1
1
1
1
1
1
1
1
1
0.892354897691309
1
1
1
1
1
1
1
1
0.952527305584483
1
1
0.937750604192928
0.977830694046498
1
1
1
1
1
1
1
1
1
0.930883969835824
1
1
1
1
1
1
1
1
0.9878829664122
1
1
1
0.821134696225972
1
1
1
1
1
1
1
1
1
1
1
1
1
1
1
1
1
1
1
1
1
1
1
0.985090063844158
0.979776646837678
0.938775021965814
1
1
1
1
1
1
1
1
0.915655127949893
0.998997544542631
1
1
1
1
1
1
1
1
1
1
0.93664054630075
1
0.998499859436743
1
1
1
1
1
0.992787821308956
1
1
1
1
1
1
0.986043440668562
0.993374139450457
1
1
1
1
1
1
1
1
1
1
1
0.999902142502377
1
0.895478942731184
1
1
0.997055341522802
0.867908708212324
1
1
1
1
1
1
1
1
1
1
1
1
0.927319650599616
1
1
1
1
0.958825921688377
1
1
1
0.999903327142276
1
1
1
1
0.990205664228036
1
1
1
0.985448701053929
0.932690122698239
1
1
1
1
0.812175069592393
0.700364563570374
1
1
1
1
1
1
1
1
0.916365921545619
1
0.888372038621378
1
1
1
1
0.936436927637053
1
1
0.985814960226194
1
0.905870932317561
1
0.964128081434106
1
1
1
1
1
1
1
0.997630245797912
1
1
1
1
1
1
1
1
1
0.998221756703691
1
0.76631312860963
1
0.911578917896719
0.9843855226382
1
0.982015275740909
1
0.99205872264925
0.913151867819028
1
1
1
0.533092638907285
1
1
1
1
1
1
0.962244799062783
1
1
1
1
0.954568835652141
1
1
0.999929995373781
1
0.974656388179272
1
1
0.880797397617642
1
1
1
1
1
1
1
1
1
1
1
1
1
1
1
1
1
0.999981690440549
1
1
1
1
1
1
1
1
1
1
1
1
1
1
1
0.954556344254627
1
1
1
1
1
0.97196727357603
1
1
1
1
1
1
1
1
1
1
0.901374297390726
1
1
1
1
0.921174998714427
1
0.985500983144131
0.938775021965814
1
1
1
1
1
1
1
1
1
0.980936747326315
1
1
1
1
1
1
0.987596277201474
0.99803796144247
1
1
1
1
0.938468632331413
1
1
1
1
1
1
0.997918864078114
1
1
0.986820188592678
1
0.926483871645901
1
1
1
1
1
1
1
1
1
1
1
1
1
0.965495170767315
1
1
0.986820188592678
1
1
1
1
1
1
1
1
1
1
1
1
0.968915800309031
0.984728718080702
1
1
1
1
1
1
0.986820188592678
1
1
1
1
1
1
1
1
1
0.907785346420542
1
1
1
1
1
1
1
1
1
1
1
1
1
1
1
1
1
1
1
1
1
1
1
1
1
0.93502440332513
0.875351818344264
1
1
1
1
1
1
1
1
0.985814960226194
1
0.975347824133879
1
1
1
1
0.816530637536912
0.98922404855712
1
1
1
1
1
1
1
1
1
0.984347350609623
0.961972257576605
1
1
1
1
0.978489285493274
1
1
1
1
1
1
1
1
0.978771944569861
1
1
0.965078811629057
1
0.86190030584438
1
1
1
1
1
1
1
0.904474274038346
1
1
1
1
1
1
1
1
0.92929592601401
1
1
1
1
1
1
1
1
0.936054805186702
1
1
1
0.978771944569861
1
0.999929995373781
1
0.998649763769078
0.956754762320573
1
1
1
0.98149842440446
1
1
1
0.986820188592678
1
1
1
1
1
0.984347350609623
1
1
1
1
1
1
0.978005696910967
1
1
1
1
1
1
1
1
1
1
1
1
1
1
1
1
1
0.961972798139773
1
1
1
1
1
1
1
1
0.990502000218884
1
1
0.999981690440549
1
1
0.930577228629226
1
0.980394707518763
1
1
1
1
0.926670063794453
1
1
1
1
0.984225816905032
0.998170745891539
1
1
1
1
0.982946231019977
1
1
1
0.722574920996901
0.991426193628202
1
1
1
1
1
1
1
0.900236950069719
1
0.987882792776808
1
0.894865500827304
1
1
1
1
1
1
1
1
1
1
0.931528305224571
1
0.909343337905777
1
0.962681996722788
1
1
0.985792845387324
1
1
1
0.879708128736429
1
1
0.984347350609623
0.91796464528321
0.998649763769078
1
1
1
1
0.998322969098219
1
1
1
0.987108374064897
1
0.958666469833562
1
0.922435017920756
1
1
1
1
0.998588128932625
1
1
1
0.937751482392359
0.962613628848428
1
0.98221707465247
1
1
1
1
0.956252920176372
1
0.514080267468943
1
1
0.928984675131465
1
1
1
1
1
0.985282127561241
0.88922679419209
1
1
1
1
1
1
1
0.811870412354302
1
1
1
1
1
1
1
1
0.991694500115248
0.908295214561334
1
1
1
1
1
1
1
1
1
1
1
1
1
1
1
1
0.989348347646422
1
1
1
1
0.896802415800786
1
1
1
1
1
0.975347824133879
1
0.961977611429406
1
1
1
1
1
0.999497897147074
1
1
1
1
1
1
0.893212625027682
1
1
1
1
1
1
1
1
1
1
1
1
1
1
1
1
1
1
1
1
1
1
1
1
1
0.979221429996161
1
1
1
1
1
1
1
0.93946302765981
1
1
0.908295214561334
0.968838124854865
1
1
1
1
1
1
1
1
1
1
1
0.985090063844158
1
1
1
1
1
1
1
1
1
0.932691135822744
1
1
1
0.998700544116366
0.998170745891539
1
0.989866016657956
1
1
0.990125848860626
1
1
0.980807384084527
1
1
0.980139048251398
1
0.998146714435053
1
0.864828918808652
1
1
0.998146714435053
1
1
1
1
1
1
1
1
1
1
1
1
1
1
1
1
0.998997544542631
1
1
1
1
0.904576924684716
1
1
1
1
1
1
1
0.897598246764084
1
0.97196727357603
1
0.992415247638408
1
1
1
1
1
1
0.963213813167437
1
0.998883320737449
0.993374235188046
1
0.980139048251398
1
1
1
1
1
1
0.982015275740909
1
1
1
0.664866330528486
1
0.92464073839139
1
1
1
1
1
1
1
1
1
1
1
0.983137249780603
1
1
0.986196199830062
0.975617059431215
0.885628657299452
0.985686417919693
1
0.922394777829238
1
0.998872575792735
0.962245356260886
1
1
1
1
1
1
0.961972798139773
1
1
1
1
1
0.999903327142276
1
0.999981690440549
1
1
1
1
1
0.920520121484034
1
1
1
1
0.854113329313162
1
0.909593376185432
0.962330204606324
1
1
1
1
1
1
1
1
1
1
1
0.987108374064897
1
1
1
0.88566925423988
1
0.979729783933671
1
1
0.930884942807413
1
1
1
0.987148362381318
1
1
1
1
0.929801588674429
1
1
1
0.979776646837678
1
1
1
1
1
1
1
0.918384339011695
1
1
1
0.984347350609623
1
1
1
1
1
1
1
1
1
1
0.998883320737449
1
1
1
1
1
1
0.964128081434106
1
1
1
1
1
1
1
1
0.99803796144247
1
1
1
1
1
1
1
1
1
1
1
1
0.998872575792735
1
0.858166877056421
0.942179853321977
1
1
1
1
0.962378023375035
1
1
1
0.931528305224571
1
0.959975620482545
1
1
1
1
1
1
1
0.997841380796655
1
1
1
1
0.958666469833562
1
0.983900922407863
1
1
1
0.931528305224571
1
0.979875716358842
1
1
0.993374235188046
1
1
1
0.985500983144131
1
1
0.990389334712274
1
1
1
0.990205664228036
1
1
0.894423437776723
1
1
1
0.994958008043059
0.9843855226382
1
1
1
0.919331515703321
1
1
1
1
1
1
1
0.999941362934392
1
1
1
1
1
1
1
1
1
0.930884942807413
1
1
0.998997544542631
1
1
0.999981690440549
1
0.984146165971252
0.982015275740909
1
1
1
0.987148175889768
1
1
1
0.998322969098219
1
1
1
1
1
0.569153809300787
3.3210479405315e-05
1
1
1
1
1
0.954156478275644
1
1
1
1
1
1
0.954568835652141
1
1
1
1
0.998773220947616
1
1
0.972961720123035
1
1
1
1
1
0.921174998714427
1
0.998274440275117
1
1
1
1
0.976080723626154
1
1
0.987715223721052
0.980394707518763
1
1
0.897977650219774
1
1
0.873550442944655
1
1
1
1
1
1
1
0.962330204606324
1
1
1
1
1
1
1
0.844535489469719
0.885581002467455
1
1
0.999941362934392
1
1
1
1
1
1
1
0.936516447880469
1
1
1
1
0.998649763769078
1
1
1
0.998146714435053
1
0.889978427711906
1
0.998872575792735
1
1
1
1
1
1
1
1
1
1
1
1
1
0.979634223237339
1
0.998872592021423
1
0.998700544116366
0.985121850434376
0.987882792776808
0.998997544542631
1
1
1
1
1
1
1
1
1
1
1
0.979776646837678
1
1
1
1
0.994166396408159
1
1
0.937750604192928
1
1
1
1
1
0.925740634088855
0.854928533003742
1
1
1
1
1
0.998883320737449
1
1
1
1
1
0.98698331050255
1
1
1
1
1
0.9878829664122
1
1
1
1
1
1
1
0.999902142502377
1
1
1
1
1
1
1
1
1
0.980394707518763
1
1
1
1
0.91796464528321
1
0.998872575792735
1
1
1
1
1
1
1
0.998146714435053
1
1
1
0.890599940372561
1
0.987596277201474
1
0.955543445151684
1
1
1
1
1
1
1
1
1
1
1
1
0.980347548308847
1
1
1
1
0.980394707518763
1
1
1
0.998442391015245
1
1
1
1
1
1
1
1
1
1
0.903963805963243
1
1
1
1
1
1
1
0.937987048983444
1
1
0.998629270506341
1
1
1
1
1
1
1
1
1
0.891159092485595
0.913151867819028
1
1
1
1
1
1
0.93502440332513
1
0.913924569982195
1
1
1
1
1
1
0.987596097264835
1
0.800200800774467
1
1
1
0.998322969098219
1
1
1
0.900236950069719
1
1
1
0.998442391015245
1
1
1
1
1
1
0.978763296822742
1
1
1
1
1
1
1
0.980937549613858
0.98799776095071
1
1
1
1
1
1
1
1
1
1
1
1
0.954855235625096
1
0.821787667125076
1
1
1
1
1
0.924938813236256
0.999828878274035
0.906460243608433
1
1
1
0.956570733566284
0.977831017794182
1
1
1
1
1
1
1
1
1
1
1
1
1
1
1
1
1
1
1
1
1
1
1
1
1
1
1
1
1
1
1
1
1
0.998129662351858
1
0.998872575792735
0.887414697562376
1
1
0.866113825840364
1
1
1
1
1
0.998442391015245
0.905721579074951
1
0.704664642540905
1
1
1
1
0.955543445151684
1
1
1
1
1
0.986493738140544
1
1
1
0.933609278207158
1
1
0.955543445151684
1
1
1
1
1
1
1
0.980560095895445
1
0.987148175889768
1
0.939561686956055
1
1
1
1
1
1
1
1
1
1
1
1
1
1
1
0.896802415800786
1
1
1
1
1
1
1
1
1
1
1
1
1
1
1
1
1
1
1
1
1
1
1
1
1
1
1
1
1
1
1
0.930883969835824
1
1
1
1
1
1
1
1
1
1
1
1
1
1
1
1
1
1
1
1
1
0.978045016391848
1
1
1
1
1
1
1
1
1
1
0.98698331050255
1
1
1
1
1
1
1
1
1
1
1
1
1
1
1
1
1
1
1
1
1
1
0.984347350609623
1
1
1
0.958666469833562
1
1
0.980394707518763
1
1
1
1
0.897977650219774
1
1
1
1
1
1
1
1
1
1
1
1
1
1
1
1
1
1
1
1
1
0.950940209712638
0.99205872264925
1
0.91189882710485
1
1
1
1
1
1
1
1
1
1
1
1
0.998773220947616
1
1
1
1
1
1
1
1
1
1
1
1
1
1
1
1
1
1
1
0.994229216663322
1
1
1
1
0.988837945215067
1
0.905721579074951
1
1
1
1
1
1
1
1
1
1
1
1
0.994229216663322
1
1
1
1
1
1
1
0.928011458125935
1
1
0.999828878274035
1
1
0.999497897147074
1
1
0.998700544116366
1
0.931528305224571
1
1
1
1
1
1
0.9843855226382
1
1
1
1
0.998649763769078
1
1
1
1
1
1
1
1
1
1
1
1
1
0.998322969098219
1
1
1
1
1
1
1
1
1
1
1
1
1
1
1
1
1
1
1
1
1
0.998773220947616
0.911525205181816
1
1
1
0.722574920996901
1
1
1
1
0.962378023375035
1
1
1
1
1
1
1
1
1
1
0.962330204606324
1
0.968838124854865
0.998679158192998
1
1
1
1
1
1
1
1
1
1
1
1
1
0.986145767455003
1
1
1
1
1
1
1
0.908295214561334
1
1
1
1
1
0.918350726297949
1
1
1
1
1
1
1
0.993437524608379
1
1
1
1
0.933324162001301
1
1
1
1
1
1
1
1
1
1
1
1
1
1
1
1
1
1
1
1
1
1
1
0.930646280013305
1
1
1
1
1
0.985121850434376
1
1
1
1
0.887748723748569
1
1
1
1
1
0.993061600071012
1
1
1
1
1
1
1
1
1
1
0.979990464389691
1
1
1
1
1
1
1
1
0.99991301019469
1
1
1
1
1
1
1
1
1
0.986493738140544
1
1
1
1
1
1
0.949608384197802
1
0.958825921688377
1
1
1
1
1
1
1
1
1
1
1
0.986983499407754
1
1
1
1
1
0.892354897691309
0.980221770840103
1
1
1
1
1
1
1
1
1
1
0.985279150037067
1
1
1
0.888198381792842
1
1
1
1
1
1
0.990761077712347
0.946616118311765
1
1
1
1
1
1
1
1
1
1
1
1
1
0.986820188592678
1
1
1
1
1
0.870017524816525
1
1
0.905870932317561
0.904474274038346
1
1
0.999981690440549
1
1
1
1
1
1
1
0.979042303951774
1
0.937987048983444
1
1
1
1
0.927319650599616
1
1
0.933324162001301
1
1
1
1
1
1
0.938332166498079
1
1
1
1
1
0.93664054630075
1
1
0.974583070034761
1
1
1
1
1
1
1
1
1
1
1
1
1
1
1
1
1
1
1
1
1
1
1
1
1
1
1
1
1
1
1
0.716636418739158
0.915853733539593
1
1
1
1
0.987148362381318
1
1
1
0.99769549638775
1
0.922481215712605
1
1
1
1
1
1
1
1
0.987108374064897
1
1
1
1
1
1
1
1
1
1
1
1
1
1
1
1
0.916365921545619
1
1
1
1
1
0.999141303542288
1
1
1
1
1
0.789938625967785
1
1
1
1
1
1
1
1
1
1
1
1
1
1
1
1
1
1
1
0.99810561968568
1
1
1
1
1
1
1
1
1
1
1
1
1
1
1
1
1
1
1
1
1
1
1
1
0.898968704394755
1
1
0.938775021965814
1
1
0.985090063844158
0.998588128932625
1
1
1
1
1
0.928984675131465
1
1
1
1
1
1
0.974656388179272
1
1
1
1
1
1
1
0.949589487570328
1
1
1
0.994590039567368
1
1
0.919477636948753
0.990389334712274
1
1
1
0.985500983144131
1
1
1
1
1
1
1
1
1
1
1
1
1
1
0.579307179765159
0.895478942731184
1
0.902932543717627
1
1
1
1
1
0.965495170767315
1
1
0.942179853321977
1
1
1
1
0.928984675131465
1
1
0.961972257576605
1
1
1
0.918368850216945
0.9721353774359
1
0.669415782915729
1
1
1
1
1
1
1
1
1
1
1
0.937751482392359
1
1
1
0.851889841713517
1
0.998146714435053
1
1
1
1
0.998221756703691
1
1
0.980617861979855
1
1
1
1
1
1
0.997660788043436
1
0.994166396408159
1
1
1
0.922435017920756
0.92464073839139
1
0.987596097264835
1
0.961972257576605
0.844772314179526
1
1
0.980560095895445
1
1
1
1
0.974656388179272
1
1
1
1
0.972390454868657
1
1
1
1
1
0.851025545946544
1
1
1
1
1
1
1
1
1
1
1
1
0.994590039567368
1
1
1
1
1
1
1
1
1
0.898283094478742
1
1
0.922987181015118
1
1
1
1
1
0.900236950069719
1
1
1
1
1
1
0.998322969098219
1
0.998274440275117
1
1
1
0.994590039567368
1
1
1
1
1
1
1
0.956252920176372
1
0.998629270506341
1
1
1
1
1
1
1
1
1
1
1
1
1
0.910491421031233
1
1
1
1
1
1
1
0.847922250225313
1
0.94377597644209
1
1
0.903963805963243
1
1
1
1
1
0.998700544116366
0.928469492190181
1
1
1
1
1
1
0.950940209712638
1
0.998060422259144
1
1
1
1
1
1
1
0.987715223721052
1
1
1
1
1
1
1
1
1
1
1
0.514080267468943
1
1
1
1
1
1
1
1
1
1
1
1
1
1
1
1
1
1
0.894621305472067
1
1
1
1
1
1
1
0.991937637325694
1
1
1
1
1
1
1
0.978771944569861
1
1
1
1
1
0.97196727357603
1
0.913743346038848
1
1
1
1
1
1
1
1
1
1
1
0.98265445877784
1
1
1
1
1
1
1
1
0.984842868630234
1
1
0.938775021965814
1
1
0.92610815083368
1
1
1
1
1
1
1
1
0.933324162001301
1
1
1
0.994166396408159
1
1
0.998170745891539
0.985279150037067
0.979507552255993
1
1
1
1
1
1
0.984922434035315
1
1
0.974889267542017
1
1
0.956137588759566
1
1
1
1
1
1
1
1
1
0.956137588759566
0.998649763769078
1
1
1
1
1
1
1
1
1
1
1
1
1
1
1
1
1
1
1
1
0.947080264853146
1
1
1
1
1
1
1
1
1
1
1
1
0.999890744013421
1
1
1
1
0.893076005782305
0.909654166614686
1
1
1
1
1
1
0.998997544542631
1
0.998872592021423
1
1
1
1
1
1
1
1
1
1
1
1
1
1
0.927319650599616
1
0.987882792776808
0.910732031809746
1
1
0.956570733566284
1
1
1
1
1
1
0.999902142502377
1
1
0.867908708212324
1
1
0.953889729428309
1
0.955528589139563
1
0.979018540667027
1
1
1
0.913151867819028
0.9131339110577
1
0.922142586120214
1
1
1
1
1
1
1
1
1
1
1
1
1
1
1
1
0.961972257576605
1
0.998679158192998
1
0.986005627789974
0.999941362934392
1
1
1
1
1
1
1
0.669848231413537
0.990893424573156
0.990893424573156
0.989526349797169
1
1
1
1
1
0.974979988208436
1
1
1
0.982015275740909
1
1
1
1
0.992232371697637
0.998872575792735
1
1
1
1
1
1
0.961866608535945
1
1
1
1
1
1
0.885341037653601
1
1
0.998322969098219
1
1
1
1
1
0.937751482392359
1
1
1
0.938775021965814
0.990230312524848
0.99991301019469
1
1
1
1
1
0.909593376185432
1
1
1
1
1
0.944369734743225
1
1
1
1
1
1
1
1
1
1
1
1
1
1
1
1
1
1
1
1
0.929801588674429
1
1
1
1
1
1
1
1
0.990230312524848
0.696823133031118
1
1
1
0.93946302765981
0.998146714435053
1
1
1
1
0.79162814598897
1
1
1
1
1
1
1
1
1
1
1
1
1
1
1
0.979701974096139
1
0.919331515703321
1
1
1
1
1
1
1
1
1
0.875190354009917
1
1
1
1
1
1
1
1
1
1
1
1
1
1
1
1
1
1
1
0.913924569982195
0.919331515703321
1
1
0.987148175889768
1
1
1
1
1
1
1
0.947244558202183
1
1
1
1
0.999497897147074
1
1
1
1
1
1
1
1
1
1
1
1
1
1
1
1
1
1
1
1
1
1
1
1
1
1
0.997800167161684
1
0.984893897503451
1
1
1
1
1
1
1
0.98582596344176
1
1
1
1
1
0.709475441847646
1
0.998649763769078
1
1
0.822485981966381
1
1
0.947243014211931
1
1
1
0.980937549613858
1
0.998649763769078
1
1
0.893076005782305
1
1
1
1
1
1
1
1
0.933324162001301
1
1
1
0.985686417919693
1
1
1
1
1
1
1
1
1
1
0.990389334712274
0.932383537809282
0.97904718191187
1
1
1
1
1
1
1
1
1
1
1
1
1
1
1
0.985500983144131
1
1
0.858826691337456
1
1
0.977831017794182
1
1
1
1
0.978005696910967
1
1
0.998629270506341
1
1
1
0.890599940372561
1
1
1
0.998649763769078
1
1
1
1
1
1
0.9843855226382
1
1
0.998710120788787
1
0.998710120788787
1
0.938469500596633
0.896802415800786
0.998872592021423
1
1
1
1
0.962330204606324
0.997660788043436
1
0.87184980180111
1
1
1
1
0.926462538983479
1
1
1
1
1
1
1
1
1
1
1
1
1
1
1
1
1
1
1
1
1
1
1
1
1
1
0.989838455036807
1
1
1
0.986014525666282
0.901374297390726
1
0.954855875934381
1
0.982946231019977
0.885628657299452
1
0.993374139450457
1
1
1
1
1
0.985282127561241
1
1
1
0.998191718201538
1
1
1
1
0.917583455313341
1
1
1
1
1
1
1
1
1
1
1
1
1
1
1
1
1
1
1
1
0.98149842440446
1
0.990761077712347
1
1
1
1
1
1
1
1
1
1
1
1
1
0.965495170767315
1
1
1
1
1
1
1
1
1
1
1
0.990749014044543
1
0.985121850434376
1
1
1
1
0.990125848860626
1
1
1
1
1
1
1
0.928227474155976
1
1
1
1
1
1
1
1
1
0.945285806130085
0.955279240799233
1
1
0.936436927637053
1
1
1
1
1
1
1
1
1
1
1
1
0.955279240799233
1
1
1
1
1
1
1
1
0.922435017920756
1
1
1
1
1
0.998629270506341
1
1
1
1
1
1
1
1
0.999981690440549
1
1
1
1
1
1
1
0.98698331050255
1
1
1
1
1
0.979990464389691
1
1
1
1
1
1
1
1
1
1
1
0.980347548308847
1
0.97095002537639
1
1
0.980617861979855
1
1
1
1
1
1
1
1
1
1
1
1
1
1
1
1
1
1
0.986014525666282
0.999828878274035
1
0.948459022015655
1
0.938332166498079
1
1
1
1
1
1
1
0.997055341522802
1
0.955279240799233
1
1
1
1
1
1
1
0.883177191040276
1
1
0.932160214822533
1
1
1
1
1
1
1
1
1
1
1
1
1
0.98922404855712
1
1
0.992415247638408
1
1
1
1
1
1
0.946089497304009
0.988837945215067
1
1
1
1
1
1
0.988688951253869
1
0.883359350724974
1
1
1
1
1
1
0.998442391015245
1
1
0.901858182361858
1
1
1
1
1
1
1
1
0.811879362704774
1
1
1
1
1
1
0.998274440275117
0.63530983120691
1
1
1
1
1
1
0.994499604084789
1
1
1
1
1
0.993374235188046
1
0.883673593226054
0.90924344051705
0.990570119803837
0.989309721808678
1
1
1
0.953273488769923
1
0.98221707465247
1
1
1
1
1
1
1
1
0.994166396408159
1
1
1
1
1
1
1
0.905721579074951
1
0.985448701053929
1
1
1
1
1
1
1
1
1
1
1
1
1
1
1
1
1
1
1
0.889375867428724
0.938332166498079
0.982015275740909
1
1
1
1
1
1
1
1
0.921174998714427
1
1
1
1
1
1
1
1
1
1
0.998649763769078
0.86086464052724
1
1
1
1
0.958666469833562
1
0.939568730691639
1
1
1
0.930883969835824
1
1
0.974583070034761
0.998442391015245
1
0.999828878274035
1
1
1
0.998428250251849
1
1
0.986145767455003
1
1
1
1
1
1
1
0.990893424573156
1
1
1
0.925740634088855
1
1
1
1
1
1
1
0.937750604192928
0.893268224236917
1
1
1
0.903963805963243
1
1
1
1
1
1
0.998773220947616
1
1
1
1
1
0.985448701053929
1
0.80045178411341
1
0.983665425810154
0.999497897147074
0.985282127561241
1
0.924337055411491
1
1
1
1
0.953889729428309
1
0.925740634088855
1
1
1
1
1
1
1
0.93946302765981
0.987148362381318
1
1
0.909113211183794
1
1
1
1
1
1
1
0.941143465029421
1
1
1
1
0.999828878274035
1
1
1
0.924938813236256
1
1
1
1
1
0.927319650599616
0.926594003118889
1
1
1
1
1
1
1
1
1
0.902932543717627
1
1
1
1
1
0.935130331478829
1
0.982946231019977
1
1
1
1
1
1
1
1
1
0.927414682287145
1
1
1
1
1
0.999890744013421
0.998146714435053
1
1
1
1
1
1
1
1
1
1
1
1
1
1
0.927414682287145
1
0.939561686956055
1
1
0.91189882710485
0.935451474723541
1
1
0.952527305584483
1
0.955543445151684
1
1
1
1
1
1
1
1
1
1
1
1
1
1
1
1
1
1
1
1
1
0.99803796144247
1
0.984922434035315
1
1
1
0.987596097264835
0.906282696271087
0.985282127561241
1
0.923325456921947
1
1
1
1
1
0.998221756703691
1
1
0.900236950069719
0.998773220947616
1
1
1
1
0.998700544116366
1
1
0.998221756703691
1
1
1
1
1
1
1
0.99803796144247
1
0.909654166614686
1
1
1
0.933324162001301
1
1
1
1
1
1
1
1
1
1
1
1
1
1
1
1
1
0.986983499407754
1
1
1
1
0.987715223721052
1
1
1
1
1
1
1
1
1
1
0.990570119803837
0.958666469833562
1
1
1
1
1
1
1
0.914725739441577
1
1
1
1
1
1
0.978045016391848
1
1
1
1
0.901344620713418
1
1
1
0.998274440275117
1
1
1
1
1
1
1
0.998710120788787
1
1
1
1
1
1
1
1
1
1
1
1
1
1
1
1
1
0.998274440275117
1
1
1
1
1
1
1
1
1
1
1
0.998872592021423
1
1
1
1
1
0.922987181015118
1
1
1
0.937750604192928
0.851889841713517
1
1
1
1
1
1
1
0.998773220947616
0.998153783674738
1
1
1
1
1
1
1
1
1
1
1
1
1
0.999828878274035
1
1
1
1
1
1
1
1
1
1
1
0.998883320737449
1
1
1
1
0.999981690440549
1
1
0.900236950069719
1
1
1
1
0.978489285493274
1
1
1
1
0.99810561968568
0.980937549613858
0.982015275740909
1
0.998997544542631
1
1
1
1
1
1
1
1
1
1
0.98922404855712
1
1
1
1
0.958666469833562
1
1
0.983173087616638
1
1
1
1
1
1
1
1
1
0.998442391015245
0.911578917896719
1
1
1
1
1
0.94377597644209
1
1
1
1
0.902469731067895
1
0.990893424573156
1
1
1
1
1
1
1
1
1
1
1
1
1
1
1
0.86101477352599
1
1
1
1
0.993061600071012
1
1
0.999141303542288
1
1
1
1
1
1
1
1
0.972961720123035
1
1
0.937750604192928
1
1
1
1
1
1
1
1
1
1
0.990761077712347
1
1
0.882148073102425
1
1
1
1
1
1
1
1
1
1
0.901344620713418
1
1
1
0.882179151396941
1
1
1
1
1
1
1
1
1
0.873550442944655
1
0.921174998714427
0.999141303542288
1
0.937989350679898
1
1
1
1
0.777861487513357
1
0.991937637325694
1
1
1
1
1
0.938332166498079
1
1
1
1
0.918350726297949
0.998153783674738
1
0.986983499407754
1
1
0.929292200223692
1
1
1
1
1
1
1
0.999141303542288
0.817266978967568
1
0.973702590649116
1
1
0.988569890719464
1
1
1
1
1
1
1
1
1
1
1
1
1
1
0.962330204606324
1
1
1
1
1
0.980937549613858
1
0.993061600071012
1
1
0.99983590598266
1
1
1
1
1
0.979729783933671
1
0.908295214561334
1
1
1
1
1
1
1
0.986145767455003
1
1
0.961972798139773
1
1
0.920520121484034
1
1
1
1
1
1
1
1
1
1
1
1
1
1
1
1
1
1
1
1
0.884621977752889
1
1
1
1
1
1
1
0.998629270506341
0.98149842440446
1
1
1
1
1
0.98149842440446
1
1
0.947080264853146
1
0.989309721808678
1
0.873413762767957
1
1
0.998060422259144
1
0.938332166498079
0.97095002537639
1
1
1
1
0.898882380793057
1
1
1
1
1
1
1
1
1
1
1
1
1
1
1
1
1
1
1
1
0.979729783933671
1
1
1
1
1
1
1
1
1
1
1
0.927319650599616
1
0.990893424573156
0.82361717900311
1
0.984146165971252
0.97904718191187
0.989526349797169
1
1
0.979776646837678
1
1
1
1
1
1
1
1
1
1
1
1
1
1
1
1
1
0.889978427711906
1
1
1
1
1
1
1
1
1
1
1
1
1
0.878771174040536
1
0.873576156410166
1
0.9878829664122
1
1
1
1
1
1
1
1
1
1
1
0.962330204606324
1
1
1
1
1
1
1
1
1
1
1
1
1
0.998442391015245
1
1
1
1
1
1
1
1
1
1
1
1
1
1
1
1
1
1
1
1
1
0.964976725009433
1
1
1
1
1
1
1
0.998710120788787
1
1
1
1
1
1
1
1
1
1
1
1
1
1
1
1
1
1
1
1
1
1
1
1
1
1
1
1
0.979507552255993
1
1
1
1
1
0.932623456228553
1
1
1
1
1
1
1
1
1
1
0.989348347646422
1
1
1
0.979221429996161
0.962525227246427
1
1
1
1
0.979634223237339
1
1
1
1
1
1
0.896840530990839
1
1
1
1
0.929292200223692
1
1
0.999828878274035
0.916365921545619
1
1
1
1
1
0.799583379960416
1
1
0.97196727357603
1
1
1
0.982439593269448
1
1
1
1
1
1
1
1
1
1
1
1
0.999497897147074
1
0.907785346420542
0.986145767455003
1
1
1
1
1
1
1
1
1
1
1
1
1
1
0.980245096175183
1
1
0.711996947767471
1
0.998146714435053
1
1
1
1
0.944369734743225
1
1
1
1
1
1
1
1
1
1
0.946089497304009
1
0.984728718080702
1
1
0.998629270506341
1
0.986145767455003
1
1
1
1
1
1
1
1
1
1
1
0.952361909432333
1
0.930884942807413
1
1
1
0.986820188592678
0.924517826545098
1
0.998221756703691
1
1
1
1
1
1
1
1
0.985814960226194
1
0.874436444095948
0.961972257576605
1
1
1
1
0.654305182179335
1
1
1
1
1
0.987882792776808
1
1
1
1
1
1
1
1
0.92550645059697
1
0.990749014044543
0.985500983144131
1
1
1
1
0.896802415800786
1
1
1
0.695760144255068
1
1
1
0.913893658646163
1
1
1
1
1
1
1
1
0.986145767455003
0.889405977666607
1
0.999929995373781
1
0.79656267302654
1
1
0.998442391015245
0.962245356260886
0.889375867428724
0.947080264853146
0.938332166498079
0.989348347646422
1
1
1
1
1
0.985500983144131
1
1
1
1
1
1
1
0.961972257576605
1
1
1
1
1
1
1
1
1
1
0.849598777594926
1
1
1
1
1
1
1
1
1
1
1
1
1
1
1
0.93502440332513
1
1
1
1
1
1
0.999902142502377
1
0.991148935145527
1
1
1
1
1
1
1
1
1
1
1
1
1
1
1
1
1
0.985282127561241
1
1
1
1
1
0.9235723480308
1
1
0.97095002537639
1
1
1
1
1
0.935817936070752
1
1
1
1
0.979776646837678
1
1
1
1
1
1
1
1
1
1
1
1
1
1
1
1
1
1
1
1
1
0.991937637325694
0.944889748108251
1
1
1
1
1
1
1
1
1
1
1
1
1
1
1
1
1
0.983019338070354
1
0.908295214561334
1
1
1
1
1
1
1
1
1
1
1
1
0.889375867428724
0.919331515703321
1
1
1
1
0.998322969098219
0.991426193628202
0.973163531488603
1
1
0.932623456228553
1
1
1
0.994229216663322
1
1
1
0.994499604084789
1
1
1
1
1
1
1
1
1
0.930883969835824
1
1
0.922481215712605
1
0.979507552255993
0.992787821308956
1
1
1
1
1
0.938468632331413
1
1
1
1
1
1
1
1
1
0.890599940372561
0.998872592021423
0.961972798139773
1
1
1
1
1
1
1
1
1
1
0.841445588121778
1
1
1
1
1
1
1
1
1
1
1
1
1
1
1
1
1
1
1
1
0.986043440668562
1
1
1
1
1
0.937750604192928
1
1
1
1
1
1
0.993374139450457
1
1
0.893076005782305
1
1
1
1
0.997660788043436
0.974583070034761
1
1
1
1
1
1
1
1
1
1
1
1
1
0.894621305472067
0.992232371697637
1
1
1
1
1
0.983044499764716
1
1
1
1
1
1
1
1
1
0.980807384084527
0.953889729428309
1
1
1
1
1
1
1
0.984583637871095
1
1
1
1
1
1
1
1
1
1
1
1
0.943673631509233
1
1
1
1
1
1
1
0.989309721808678
1
1
0.757615443188927
1
1
1
1
1
0.908295214561334
0.999497897147074
1
1
0.998872575792735
1
1
1
1
1
0.979729783933671
1
1
1
1
0.984583637871095
1
0.926594003118889
1
1
0.919331515703321
0.998700544116366
1
1
1
1
1
0.998442391015245
1
0.942179853321977
0.980139048251398
1
1
1
1
0.933609278207158
1
0.955279240799233
1
1
1
1
1
1
1
1
1
1
1
1
1
1
1
1
1
1
1
1
0.986493738140544
1
1
0.932383537809282
1
1
1
1
1
1
1
1
0.998679158192998
1
0.961972257576605
1
1
1
1
0.892354897691309
1
1
1
1
1
1
1
1
1
0.977831017794182
1
1
1
0.938505901072239
1
0.931528305224571
1
1
1
1
1
1
1
0.851889841713517
1
1
0.897598246764084
1
1
0.994301949829441
1
1
0.999903327142276
1
1
1
1
0.982439593269448
1
1
1
1
1
1
1
1
1
1
1
1
0.952361909432333
1
0.981479100295876
1
1
1
0.97196727357603
1
0.904474274038346
1
1
1
1
1
1
0.99803796144247
0.919331515703321
1
1
0.989081596842208
1
1
1
0.900236950069719
0.993437524608379
1
0.998146714435053
1
1
0.944889748108251
1
1
1
1
1
1
1
1
1
1
0.992232371697637
1
1
1
1
0.988837945215067
0.905511754925727
1
1
1
1
1
1
1
1
1
1
1
0.964738056466915
0.998146714435053
1
1
1
1
0.994590039567368
1
1
1
1
1
1
1
1
1
1
1
1
1
0.874979953578066
1
1
1
1
1
0.962330204606324
1
1
1
1
1
0.92550645059697
1
1
1
1
1
1
0.954855235625096
1
0.903963805963243
1
1
1
1
1
1
1
0.998274440275117
0.998221756703691
1
1
1
0.958666469833562
1
1
1
1
1
1
1
1
1
1
1
1
1
0.841824728375731
0.98698331050255
1
1
1
0.998773220947616
0.984347350609623
1
1
1
0.992232371697637
1
1
1
1
1
1
1
0.998710120788787
1
1
1
1
1
0.921174998714427
1
1
1
1
1
1
1
1
0.990389334712274
1
1
1
1
1
1
1
1
1
1
1
0.872733159867919
1
1
0.999141303542288
1
0.979776646837678
1
1
1
1
1
1
0.544369492516311
1
0.938468632331413
1
1
1
1
1
1
1
1
1
1
0.933843247704887
0.961972257576605
1
1
1
0.999141303542288
1
1
1
1
1
1
1
1
1
1
1
1
0.986493738140544
1
0.998872575792735
1
1
1
1
0.901344620713418
1
1
1
1
0.999902142502377
1
1
1
0.979371606951382
1
1
1
1
1
1
1
1
1
1
1
1
1
1
1
1
1
1
1
1
0.97196727357603
1
1
0.84377470905674
0.989838455036807
0.985090063844158
1
0.981794499250101
1
0.835708339287344
1
1
1
1
1
1
0.661358688215856
1
1
1
1
1
1
1
1
1
1
1
1
1
1
1
1
1
1
1
1
0.932383537809282
0.955528589139563
0.899181638629175
1
1
1
1
1
1
1
1
1
1
0.986005627789974
1
1
1
1
1
1
1
1
0.990761077712347
1
0.938332166498079
0.999497897147074
1
0.882946997050234
1
1
1
0.985090063844158
1
1
1
1
1
1
0.97095002537639
1
1
1
1
1
0.925740634088855
1
1
0.932383537809282
1
1
1
1
1
1
0.97196727357603
1
1
1
1
1
1
1
0.986983499407754
1
1
0.929061872371701
0.882952964444326
1
1
1
1
1
1
1
1
1
1
1
0.767263429256692
1
1
1
1
0.944368948284123
0.973163531488603
0.854113329313162
1
1
1
1
1
1
1
1
1
1
1
0.902932543717627
0.998588128932625
1
0.956570733566284
1
1
0.998649763769078
1
1
1
1
1
1
0.932383537809282
1
1
0.983044499764716
0.952361909432333
0.839127637681616
1
1
0.928984675131465
1
0.998773220947616
1
1
1
1
0.998649763769078
1
1
1
1
0.999981690440549
0.98922404855712
1
1
1
1
0.877900361494301
1
1
0.974729076340037
0.514821293672654
0.805674425379373
1
1
1
0.891023711865536
1
1
1
1
1
1
1
1
1
0.998679158192998
1
1
1
1
0.990893424573156
1
0.97095002537639
1
1
1
1
1
1
1
0.98799776095071
0.891223208903409
1
0.987148175889768
1
1
1
0.920520121484034
1
1
1
1
1
0.904474274038346
1
1
1
1
1
1
1
1
1
1
1
1
1
1
1
0.999497897147074
1
1
1
1
1
1
1
1
1
1
1
0.959975620482545
1
1
1
1
1
1
1
1
1
1
0.831871850062608
1
1
1
1
1
1
1
1
1
1
1
1
1
1
1
1
1
1
0.990125848860626
0.98582596344176
1
1
0.998872592021423
1
1
1
0.998191718201538
1
1
1
1
1
1
1
0.990205664228036
1
1
1
1
0.931528305224571
1
1
1
1
1
1
1
0.904040096206908
1
1
1
1
1
1
0.990205664228036
1
1
0.998062626418117
1
1
1
1
1
1
0.989348347646422
1
1
0.986493738140544
1
1
1
1
1
1
1
1
1
1
0.902932543717627
1
1
1
0.886752008027762
1
1
1
0.913304550611014
1
0.970763606346337
1
1
1
1
1
1
1
1
1
1
1
1
1
1
1
0.999903327142276
1
1
1
1
1
1
1
1
1
1
1
1
1
1
1
1
1
1
1
1
1
0.942179853321977
1
1
1
1
0.96473773021701
1
1
1
1
1
1
1
0.926594003118889
1
1
0.998710120788787
1
0.938332166498079
1
1
1
1
0.958666469833562
1
1
1
1
0.972390454868657
0.947243014211931
0.934557915418401
0.922481215712605
1
1
1
1
1
1
1
1
0.925740634088855
1
1
1
0.984893897503451
1
1
1
1
1
1
1
1
0.893499919120984
1
1
1
1
1
1
1
1
1
1
1
1
1
1
1
1
1
1
1
1
1
0.928011458125935
1
1
1
0.987271641640341
1
0.99810561968568
1
0.998629270506341
1
1
1
1
1
1
1
1
1
0.874979953578066
1
0.985282127561241
1
1
1
0.950940209712638
1
1
1
1
1
1
1
1
1
1
1
1
1
1
1
1
1
0.984146165971252
1
1
0.867318226503103
1
0.877900361494301
1
1
1
0.998442391015245
0.956570733566284
1
1
1
1
1
1
1
1
1
1
1
1
1
1
1
1
1
0.985090063844158
1
1
1
1
1
1
1
1
1
0.931058129924613
1
1
1
0.990105253020891
0.919331515703321
1
0.873550442944655
1
1
1
0.846632656503991
1
1
1
1
1
1
0.892354897691309
1
1
1
1
1
1
1
1
1
1
0.986820188592678
1
1
1
1
0.999890744013421
1
1
1
1
1
1
0.948459022015655
1
1
0.984893897503451
1
1
0.979634223237339
1
1
1
1
1
1
0.876761768048482
1
1
1
1
0.884840807287235
1
0.999141303542288
1
1
0.928984675131465
1
1
0.99205872264925
1
1
1
1
1
1
1
1
1
1
0.999141303542288
1
1
1
1
1
1
1
1
1
1
1
1
1
1
1
1
1
1
1
1
0.906282696271087
1
0.896840530990839
1
1
1
1
0.831841467486754
0.998153783674738
1
1
0.898283094478742
0.987596277201474
0.772683670626852
1
0.986493738140544
1
1
0.917583455313341
0.92464073839139
1
1
1
0.718732385560911
1
0.822485981966381
1
1
1
1
0.913151867819028
1
1
1
1
0.990761077712347
0.948082808743927
1
