x
1
1
1
1
1
1
1
1
1
1
1
1
1
1
1
1
1
0.998380957259953
1
1
1
1
1
1
1
1
1
1
1
1
1
0.933816151066147
0.976629858578617
0.929315188306423
0.907106557601982
1
1
1
1
1
1
0.894835878201203
1
1
1
1
1
1
1
1
1
1
1
0.917269057605526
1
1
0.98308614902542
1
1
1
1
1
1
1
1
0.643207870281464
1
0.909158105945311
1
1
1
0.979688931998594
0.958366268621842
1
1
1
1
1
1
1
1
1
1
1
1
1
1
1
1
1
1
1
1
1
1
1
1
1
1
1
1
1
1
1
1
1
0.862842935167698
1
1
1
1
1
1
1
1
1
1
1
1
1
1
0.98308614902542
0.982299959907989
0.971631256427042
1
1
1
0.851681883144934
1
1
1
1
1
1
1
1
1
1
1
1
1
0.997765885629689
1
1
1
1
1
0.896467769539152
1
1
1
1
1
1
1
1
1
1
1
1
1
1
1
1
1
0.997583156113536
1
0.946488564096834
1
1
1
1
1
1
1
1
1
1
1
1
1
0.973627483168809
1
1
1
1
1
1
1
1
1
1
1
0.958366268621842
1
1
0.976983585706347
1
0.873613996670104
1
1
1
1
1
0.97016397425223
1
1
1
1
1
1
1
1
1
1
1
1
0.98094658537882
1
1
0.833597452329241
1
1
1
1
1
1
1
1
1
1
0.989770869134125
1
1
1
1
0.926681947363298
1
1
1
1
1
1
1
1
1
0.918970545636349
1
1
1
1
1
1
0.929211857278319
1
1
1
1
1
1
0.881683055274362
1
1
1
1
0.98450219958121
0.875033989860116
1
1
1
1
1
1
0.974842894509416
0.86088464073421
1
1
1
0.982238488605435
1
1
1
1
1
1
1
1
1
1
1
0.914262673844071
1
1
0.992541607400315
1
1
1
0.913817339056644
1
1
1
1
1
1
1
0.947420176256932
1
1
1
1
1
1
1
1
1
1
1
1
1
0.990530770027348
1
0.978124786210281
0.851641660231991
1
1
1
1
1
0.98083406483818
1
1
1
1
1
1
1
1
1
1
1
1
1
1
1
1
1
1
1
1
1
0.931625207435553
1
1
1
1
1
1
1
1
1
0.983091336137657
1
1
1
1
0.92289727709487
1
1
0.895036297445736
1
0.913991476016535
1
0.865067701990376
1
1
1
1
1
1
1
1
0.774418571125338
0.904417399141272
1
1
1
1
1
1
1
1
0.885398655540086
1
0.975965821798098
0.972452717430622
1
1
1
1
1
1
1
1
1
1
1
1
1
1
0.892848378307991
1
1
0.89585177985465
1
1
1
0.792901885117558
1
1
1
1
1
1
1
1
1
1
1
0.856872508992025
1
1
1
1
1
1
1
0.948955846966169
1
0.99451213889063
1
1
1
1
1
1
1
1
1
1
1
0.926748722158362
1
1
0.974559571553868
1
1
1
1
1
1
1
1
1
1
1
1
0.878027471925443
0.968095621045109
1
1
1
1
1
1
1
1
1
1
1
0.998462835808584
1
1
1
1
1
1
1
1
1
1
0.948446173982228
1
1
1
0.976725677302693
0.94714338014398
1
1
1
1
1
0.914778669235642
0.983935540644924
1
1
1
1
1
1
1
1
0.883911422709866
0.972452717430622
1
0.792901885117558
1
1
1
1
1
1
1
1
1
1
1
1
1
1
1
1
1
1
1
0.997664866939434
1
0.830914806789538
1
1
1
1
1
1
1
0.961283259425499
1
1
0.98954436436387
1
1
0.99304924527197
1
1
1
1
1
0.885398655540086
1
1
1
1
1
0.91716400096962
1
1
1
1
1
1
1
1
1
1
1
1
1
1
0.726769765381754
1
1
1
1
1
1
1
1
1
1
1
1
1
0.881423292431432
1
1
1
1
1
1
1
1
1
1
1
1
1
1
0.9208517938385
1
1
1
1
1
1
1
1
1
1
1
1
0.998380508456551
1
1
1
1
1
1
1
1
1
1
1
1
1
1
1
1
1
1
1
1
1
1
1
1
1
1
1
1
0.998531695891865
1
1
1
1
1
1
1
1
0.97742436616281
0.877995299508766
0.989868053969952
1
1
1
1
1
1
1
1
1
1
1
1
1
1
1
1
1
1
0.98083406483818
1
0.98357679206874
1
1
1
1
1
1
1
1
1
1
1
1
1
1
0.942484404486426
1
1
1
1
0.926748722158362
1
0.93005336120536
1
1
0.987245518286114
1
1
1
1
1
1
1
1
1
1
1
1
1
1
1
1
1
1
0.98308614902542
0.945581291734062
0.773262769710252
0.979885371292622
1
1
1
1
1
0.90570226374479
1
1
1
1
1
1
0.990758782497201
1
1
1
1
1
0.912191808599799
0.914335423579458
1
1
0.998464278134528
0.975946624538917
1
1
0.951511110127935
1
1
1
1
1
0.885263471059384
0.96975975459431
1
0.981522321845557
1
1
1
1
1
1
1
0.94714338014398
1
0.997692175868663
1
1
1
1
1
1
0.998389620339678
1
1
1
1
0.977317352991945
1
0.865929079570342
1
1
1
1
1
1
1
1
1
1
1
1
1
1
0.929411311224929
1
0.932706714908837
1
1
1
1
1
1
1
1
1
1
1
1
1
0.998507486020627
1
1
1
1
1
1
0.898579913084481
1
1
1
1
1
1
1
0.964926728723091
1
1
1
1
1
0.974867000408778
1
1
1
0.982263248589714
1
1
1
1
1
0.8931553876996
1
1
1
1
0.945565840840621
1
1
1
1
1
1
1
1
1
1
1
1
1
1
1
1
1
1
1
1
1
1
1
0.998730623017296
1
1
1
1
1
1
1
0.918107354023084
1
1
1
1
1
1
1
1
1
1
1
1
1
1
1
1
1
1
1
1
1
1
1
1
1
1
1
1
1
1
1
1
0.997821815147524
1
1
1
0.970633080854487
1
1
0.998462835808584
1
1
1
0.862274165786361
1
1
1
1
0.928931377204364
1
1
1
1
1
1
1
1
1
1
1
0.989911124389944
1
1
1
1
1
1
1
1
1
0.990662353416002
1
1
1
1
1
1
1
1
1
1
1
1
1
1
0.884015330144444
1
1
1
1
1
1
1
1
0.885263471059384
1
1
1
1
1
1
0.958366268621842
1
1
1
1
1
1
0.994923111126686
1
1
1
1
1
1
1
1
1
0.94047203081852
1
1
1
1
0.912191808599799
0.974717456939595
1
1
1
1
1
1
0.994770020196267
0.918107354023084
1
1
0.972913409148847
1
1
0.95946593120171
1
0.983975634157729
1
1
0.914262673844071
1
1
1
1
1
1
1
1
1
1
1
1
1
1
1
1
1
0.861588159385119
1
0.970673530111428
0.998428261065926
0.999516534053245
1
1
1
1
0.947420176256932
1
1
1
1
1
1
1
1
1
1
1
1
1
1
1
1
1
1
1
0.897618568650215
1
0.768046381909813
1
1
1
1
1
1
0.988770902526571
0.995793592916303
1
1
1
1
1
1
1
0.998260890057818
1
1
1
1
1
1
1
1
1
1
1
1
1
1
1
1
0.995739049043237
0.456695668995964
1
1
1
1
1
1
1
1
1
1
1
1
1
1
1
0.981169054385816
1
1
1
1
1
1
1
1
1
1
1
0.951511110127935
1
1
1
1
1
1
1
1
1
1
1
1
1
1
1
1
1
1
1
1
1
1
1
1
1
1
1
1
1
1
1
1
1
1
1
0.998464278134528
1
1
1
1
1
1
1
1
1
1
1
1
1
1
1
1
1
1
1
1
1
0.89037683577294
1
1
1
1
1
1
1
1
1
0.933441718331692
1
1
1
1
1
1
1
1
1
1
1
0.998730623017296
0.982238488605435
1
0.864913718978647
0.973275124348844
1
1
0.913817339056644
1
0.997692175868663
1
1
1
1
1
0.999872058095476
1
1
1
1
1
1
1
1
1
1
0.98357679206874
1
1
1
1
0.916845524561211
1
1
1
1
1
1
1
1
1
1
1
1
0.998730623017296
1
1
1
1
1
1
1
1
1
0.861588159385119
1
1
1
1
1
1
1
1
1
0.902921019143078
1
1
1
1
1
1
1
1
1
1
1
1
1
1
1
1
1
1
0.997664866939434
1
1
1
1
1
1
0.998380508456551
1
1
1
0.980407898006872
1
1
1
1
1
1
0.952906214922884
1
1
0.821330814366695
1
1
1
1
0.990476996573167
1
1
0.982066243374477
1
1
1
1
1
1
1
0.997895531812407
1
1
1
0.94714338014398
1
1
0.98094658537882
1
1
1
1
1
1
1
1
1
1
1
1
1
0.958366268621842
0.992541607400315
1
1
1
1
1
0.866724330129061
1
1
1
1
1
0.992171847551506
1
1
1
1
1
1
1
1
1
1
1
1
1
1
1
1
0.977313179133944
1
1
1
1
1
1
1
1
1
1
1
1
1
1
1
1
1
1
1
1
1
0.98083406483818
1
1
0.936329679466956
1
1
1
1
0.998654292587146
1
1
0.950590561030911
0.909075883385465
1
1
1
1
1
1
1
1
1
1
1
1
1
1
1
1
1
0.990220322610943
1
1
1
1
1
1
1
1
1
0.947420176256932
0.99851742597467
0.998428261065926
0.995739049043237
1
1
1
1
1
1
1
1
1
0.809676692189009
1
1
1
0.957339301358803
1
0.987175686988436
1
1
0.94047203081852
1
1
1
1
1
1
1
1
1
1
1
1
1
1
1
0.977271075083129
1
0.854307660685095
1
1
1
1
1
1
1
1
1
1
1
1
1
1
1
0.921995018835116
1
1
1
1
1
1
0.927359880788205
1
1
1
1
1
1
1
1
1
0.999109132017685
0.990476996573167
1
1
1
1
1
1
1
1
1
1
0.86945117125344
1
1
1
1
0.929211857278319
1
1
1
0.911623852440608
0.896467769539152
1
1
1
1
1
1
1
1
1
1
0.886009894196569
1
0.981444487704547
1
1
1
1
1
1
0.971577105434428
0.989871355449791
1
1
1
1
1
1
0.995739049043237
1
1
1
1
1
1
0.998462835808584
1
1
1
1
1
1
1
1
1
1
1
1
1
1
0.986717933817227
1
1
1
0.925314172692057
0.887850465404914
1
0.998600387025209
1
0.994357242983256
0.882613199533887
1
1
0.986844744532064
1
1
1
1
1
1
1
1
1
1
1
1
1
1
0.870814384397652
1
1
1
1
1
1
1
0.943313607441692
1
1
1
0.982873794742321
1
1
0.974867000408778
1
1
1
1
1
0.982238488605435
1
0.885263471059384
1
0.994442070128912
1
1
1
1
1
1
1
1
1
0.973275124348844
0.998654292587146
1
1
0.897226992573425
1
1
1
1
1
1
1
1
1
1
0.828661243091066
1
1
1
1
1
1
1
1
1
1
1
1
1
0.986717933817227
1
0.895265667444272
1
1
1
1
1
1
1
1
1
0.894835878201203
1
1
0.914335423579458
1
1
1
1
1
1
1
1
1
0.999516534053245
1
1
1
1
1
1
1
1
1
1
1
1
1
1
1
1
1
1
1
0.895454700122028
1
1
0.913817339056644
0.94047203081852
1
1
1
1
1
1
1
1
1
1
1
1
1
1
1
0.882147965354705
1
1
0.976629858578617
1
1
0.883936916172316
1
1
1
1
1
1
1
1
1
1
1
1
0.763755371005165
1
1
1
1
1
1
1
1
1
1
1
1
0.981284976811944
1
1
1
0.98450219958121
0.997845033167696
1
1
1
1
1
1
1
1
1
1
0.98450219958121
0.937306976647736
1
1
1
0.990220322610943
1
0.998462835808584
1
1
1
1
1
1
1
1
1
1
1
1
1
0.999872058095476
1
1
1
1
1
1
1
1
1
1
1
1
1
1
1
1
0.99851742597467
1
1
1
1
1
1
0.982873794742321
1
1
1
1
1
1
0.929315188306423
1
1
1
1
1
0.931390204450974
1
1
1
1
1
1
1
1
1
1
0.904391913959011
1
1
0.595033594940976
0.921061038818629
0.897749591441949
1
1
0.999250177005266
1
1
1
1
1
1
1
0.998229577362997
1
1
1
1
0.979565757125238
1
1
0.942092713854766
1
1
1
1
1
1
1
0.924209585298218
1
1
0.970673530111428
1
1
0.982238488605435
1
1
1
1
1
1
1
0.875608970871334
0.81197503721573
1
1
0.976629858578617
0.891142089222634
1
1
1
1
0.887850465404914
0.969730978680674
1
1
1
1
1
1
1
1
1
0.971992592887736
1
1
1
1
1
1
1
1
1
1
1
1
0.939110190014473
1
0.977317352991945
1
1
1
1
1
1
1
1
1
1
1
1
1
1
1
1
1
1
1
1
1
1
1
1
1
1
1
1
1
1
1
1
1
1
1
1
1
1
0.998654292587146
1
1
1
1
1
1
0.977542155032316
1
1
1
1
1
1
1
1
1
0.986844744532064
1
0.999516534053245
1
1
1
1
1
1
1
1
1
1
0.98357679206874
1
1
0.956976744068994
1
1
1
0.945565840840621
1
1
1
1
0.854307660685095
1
1
1
0.952105763876122
1
1
1
1
1
1
1
1
1
1
1
1
1
1
1
1
1
0.992966381464102
1
1
1
1
1
1
1
1
1
1
1
1
1
1
1
1
0.83282322248083
0.998464278134528
1
1
1
1
1
1
0.951511110127935
1
0.884015330144444
1
1
1
1
0.998531695891865
1
1
1
1
1
0.968087279840941
1
0.997818761577752
1
1
1
1
1
0.950590561030911
1
1
1
1
1
1
1
0.916251042925089
1
1
1
1
1
1
1
1
1
1
1
1
1
1
1
1
1
0.99851742597467
1
1
1
1
1
1
0.94712904204871
1
1
1
1
1
1
1
0.849473974925074
0.918091524274034
1
1
1
1
1
1
0.907106557601982
1
1
0.97506142734089
1
1
1
1
1
1
1
1
1
1
1
1
0.949762037757525
1
1
1
1
0.913991476016535
0.998531695891865
0.885263471059384
1
1
1
1
0.949762037757525
1
1
1
1
1
0.925082355562185
1
1
0.885264015658562
1
1
1
1
1
1
1
1
1
1
1
1
1
1
1
1
1
1
1
1
1
1
1
1
1
1
1
1
0.878027471925443
1
1
1
1
1
1
1
1
1
1
1
0.999516534053245
1
1
1
1
1
0.867356465060064
1
1
1
1
0.979437912056095
1
0.975025158949708
1
1
1
1
0.900700199461285
0.991284779069974
1
1
1
1
1
1
0.974867000408778
1
1
1
1
1
1
1
1
1
1
1
0.970673530111428
1
1
1
1
0.883936916172316
1
1
1
1
1
1
1
1
1
1
1
1
0.990662353416002
1
1
1
1
1
1
1
1
1
1
1
1
1
1
1
1
1
1
1
1
1
1
1
1
1
1
1
0.853899431421831
0.869476495991794
1
1
1
1
1
1
1
1
1
1
1
1
0.981835942821441
1
1
1
1
1
1
1
1
1
1
1
1
1
1
1
1
1
1
1
1
1
1
1
1
0.939143036416276
1
0.988987191203061
1
1
1
0.983975634157729
1
1
1
1
1
1
1
1
0.917208326550136
1
1
1
1
1
1
1
1
1
1
1
1
1
1
1
1
0.918107354023084
1
1
1
1
1
1
1
1
1
1
0.873874225938615
1
1
1
1
1
1
1
1
0.932801771481116
1
0.971631256427042
1
1
0.982255278343335
1
1
1
1
0.987175686988436
1
1
1
0.998428261065926
1
1
1
1
1
1
1
0.983081494971383
1
1
1
1
1
1
1
1
1
1
1
1
0.998464278134528
1
1
1
0.926062449854059
0.983935540644924
1
1
1
1
1
0.721779729366702
1
1
1
1
0.975684429724189
1
1
1
1
1
0.929315188306423
1
1
0.983081494971383
1
0.999516534053245
1
1
1
1
1
0.979565757125238
1
1
1
1
0.97506142734089
1
1
1
1
1
1
0.942316825457109
1
1
0.886710845674581
1
1
1
1
1
1
1
1
1
1
1
1
1
1
1
1
1
1
1
0.998428261065926
1
1
1
1
1
1
0.997430768349172
1
0.971992592887736
1
1
1
1
1
1
1
1
1
1
1
1
1
1
1
1
1
1
1
0.998916469961692
1
0.949808217443713
1
1
1
0.986844744532064
1
1
1
1
1
1
1
1
1
1
1
1
1
1
1
0.985599905595556
0.914262673844071
1
1
1
1
1
1
0.921921766982085
1
1
1
1
1
1
1
1
0.58306028618449
1
1
1
1
1
1
1
1
1
0.990479645221904
0.979437912056095
1
1
1
1
1
0.990662353416002
1
1
1
0.932706714908837
0.998462835808584
0.92451208406531
1
1
1
1
1
1
1
1
0.982873794742321
1
1
1
1
1
0.983975634157729
1
1
1
1
1
1
1
1
1
1
0.974559571553868
1
0.997765885629689
0.974867000408778
1
1
1
1
1
0.99304924527197
1
1
1
1
1
1
1
0.998428261065926
1
1
1
1
1
0.862274165786361
1
0.997756593450364
1
1
1
0.909158105945311
1
1
1
1
1
0.895454700122028
1
1
1
1
1
1
0.99451213889063
1
1
1
1
0.929411311224929
1
1
1
1
1
0.877995299508766
1
1
1
1
1
1
1
1
1
1
1
1
0.852469032100625
0.926981951713969
0.992171847551506
1
0.989868053969952
1
1
1
1
1
1
1
1
1
1
0.926227735817875
0.985537140664452
1
1
1
1
1
1
1
1
1
0.925082355562185
1
1
1
0.872910110406705
1
1
1
1
1
1
1
1
1
1
1
1
1
0.875469136971839
1
1
1
0.913794272316152
1
0.999250177005266
1
1
1
1
1
1
1
1
1
1
1
1
0.891521995435744
1
0.776952480381315
1
1
1
0.90335863848728
1
1
1
0.990758782497201
1
1
1
1
1
1
1
1
0.999250177005266
1
1
1
1
1
1
0.977542155032316
1
1
1
1
1
1
1
1
1
1
0.99716432241129
1
1
0.984860069133803
1
1
1
0.907908568961544
1
0.983975634157729
1
1
1
1
1
1
1
1
1
1
1
1
1
1
1
0.981284976811944
1
1
1
1
0.973233738410205
1
0.83282322248083
1
1
1
1
1
1
1
1
1
1
1
1
1
1
0.972913409148847
0.970544249414538
1
1
1
1
1
1
0.972338749806128
1
1
1
1
1
1
0.842908739571249
0.921061038818629
1
1
1
1
1
1
1
1
0.997821815147524
1
1
1
1
1
1
1
1
1
1
1
1
1
1
1
1
1
1
1
1
0.992609548399907
0.878927738031911
1
1
1
1
1
1
1
1
1
1
1
1
1
0.613933965573589
1
1
1
1
0.997555632594533
1
1
0.918032962097599
1
1
1
1
1
1
1
1
1
1
1
1
1
1
1
1
1
1
1
1
1
1
1
1
1
1
1
1
1
1
1
0.983091336137657
1
0.9801406268222
1
1
1
1
1
1
1
1
0.997821815147524
1
1
1
0.883911422709866
0.885967527912015
1
1
1
1
1
1
1
0.999872058095476
1
1
1
1
1
1
1
1
1
0.490678396904604
0.997585497573812
1
1
0.946488564096834
0.994702550193346
1
1
1
1
1
1
1
1
1
0.931923696920861
1
1
1
0.918032962097599
1
1
1
1
1
1
1
1
0.877995299508766
1
1
1
1
1
0.885398655540086
1
1
1
1
1
1
1
0.987611751504492
1
0.949808217443713
1
1
1
1
1
1
1
1
1
1
1
0.595479869153078
1
1
0.998531695891865
1
1
0.885263471059384
1
1
0.985537140664452
1
1
1
0.882147965354705
0.917368757051265
1
1
1
1
1
1
1
1
1
1
1
1
0.995739049043237
1
1
1
0.886559231603702
1
1
1
1
0.926681947363298
1
1
1
1
1
1
1
1
0.997821815147524
1
1
1
0.999872058095476
1
1
1
0.929211857278319
1
1
1
1
1
0.918032962097599
1
1
1
1
1
1
1
0.964926728723091
1
1
1
1
0.96975975459431
1
0.951832118088538
1
0.98601431638838
1
0.977302579624731
1
1
1
1
1
1
0.914778669235642
1
1
0.975965821798098
1
1
1
0.997765885629689
1
0.872130643327861
1
1
1
1
1
1
1
1
1
0.982251705785695
1
1
1
1
1
1
1
1
1
1
1
1
1
1
1
1
1
1
1
1
1
1
0.77886151832541
1
1
1
1
1
1
1
1
0.895454700122028
1
1
1
1
1
1
1
1
0.981279748211988
1
1
1
1
1
1
1
1
1
1
0.92451208406531
1
1
1
0.983090835049273
1
0.86783314194575
1
1
1
1
1
0.98450219958121
1
1
1
1
1
0.886735276653679
0.986040948478944
1
1
1
1
1
0.921995018835116
1
1
1
1
1
1
1
1
1
1
0.929211857278319
1
1
1
1
1
0.811178549845736
1
1
1
1
1
1
1
1
0.882613199533887
1
1
1
1
1
1
1
1
0.872130643327861
1
1
1
1
1
1
1
1
0.968096246684373
1
1
1
1
1
1
1
1
1
0.979565757125238
1
1
1
1
1
1
0.722471603817677
1
1
1
0.93136069848503
1
0.983680493812814
1
1
0.924438163478281
1
1
0.998462835808584
1
1
1
1
0.931734170084392
1
1
1
0.923883665265523
1
1
1
0.998531695891865
1
1
1
1
1
1
1
1
1
1
1
1
1
1
0.98357679206874
1
0.98450219958121
1
1
1
1
1
1
0.942484404486426
1
1
1
1
1
0.868570861825187
1
1
0.981279748211988
1
0.982554284603987
1
1
1
1
1
1
1
1
1
1
1
1
1
0.994770020196267
1
1
1
1
1
0.924480723573588
0.981284976811944
1
1
1
1
1
1
1
1
1
1
1
1
1
1
1
1
1
0.951489044308668
1
1
1
1
1
0.973258216542209
1
1
1
1
1
1
0.975025158949708
1
1
1
1
1
1
1
1
1
0.987175686988436
1
1
1
0.656609517324737
1
1
1
1
1
0.998380508456551
1
1
1
1
0.867550535023797
1
1
1
0.914250355356945
1
1
1
1
1
1
1
1
1
1
1
1
1
0.997756593450364
1
1
1
0.984860069133803
1
1
1
1
1
1
1
1
1
1
1
0.942092713854766
1
1
1
1
1
1
1
0.990662353416002
1
1
1
1
0.82333196362199
1
1
1
1
0.923297150740015
0.869989083331212
1
0.832507216767551
1
1
1
1
1
1
1
1
0.934389095136177
0.900969609293021
0.843908774646164
0.971631256427042
1
1
1
1
1
1
1
1
1
1
1
1
1
1
1
1
1
1
0.94712904204871
1
1
1
0.811795811155387
1
1
1
0.923883665265523
0.998550172520922
1
1
0.979698898354427
1
0.884015330144444
1
0.98308614902542
0.974867000408778
1
1
1
1
1
1
1
1
1
1
1
1
1
1
1
1
1
1
1
0.949808217443713
1
1
1
1
1
1
1
1
1
1
1
1
1
0.986844744532064
1
1
1
1
1
1
1
0.97646608755492
0.998550172520922
1
1
1
1
0.998040952073213
1
1
1
1
1
1
1
1
1
1
1
1
0.931921716362273
1
0.941440336373233
1
1
1
1
1
1
0.986844744532064
1
1
1
1
1
1
0.968349927672422
1
1
1
1
1
1
1
0.979565757125238
1
1
1
1
1
1
1
1
1
1
1
1
0.907106557601982
1
1
0.974842894509416
1
1
1
1
1
1
1
1
1
1
1
1
1
1
1
1
1
0.916251042925089
1
1
1
1
1
1
1
1
1
1
1
0.981444487704547
1
1
1
1
1
0.997818761577752
0.998600387025209
0.98246364452252
1
0.860077642379348
1
1
1
1
1
1
0.93136069848503
1
1
1
1
1
1
0.693495253326865
1
1
1
0.999872058095476
1
1
0.95425292397986
0.970379468116175
1
1
1
1
1
1
1
1
1
1
0.7776525981583
1
1
1
1
1
1
1
1
0.974097917028243
0.9894467222374
1
1
1
1
1
0.998730623017296
1
1
1
1
1
1
1
1
1
1
1
1
0.87749401316845
1
1
1
1
1
1
1
0.981385898009889
1
1
1
1
0.901993281206214
1
1
1
1
1
1
1
1
1
1
1
1
1
1
1
1
1
1
1
1
1
1
1
1
1
1
1
0.992966381464102
1
1
1
1
1
1
1
0.977542155032316
1
1
0.99851742597467
0.993728607973474
1
1
1
1
0.965116577325787
1
1
1
1
1
1
1
1
0.999872058095476
1
1
1
1
1
0.929315188306423
1
0.998399558738979
1
1
1
1
1
1
1
1
1
1
1
1
1
0.824549760582099
1
1
1
1
1
1
1
1
1
1
1
1
1
1
1
1
1
1
1
1
1
1
1
1
1
1
0.950269867647108
0.962296138159497
1
1
1
1
1
1
1
0.958366268621842
1
1
1
1
1
1
1
1
1
0.81731350817404
1
1
1
1
1
0.897618568650215
1
1
1
1
1
1
1
1
1
0.786990461502221
1
1
0.877565192720377
1
1
1
1
1
1
1
0.883911422709866
1
1
1
1
0.999872058095476
1
0.997833618481959
1
1
1
0.909158105945311
0.992541607400315
1
1
1
1
1
1
1
1
1
1
1
1
1
1
0.97016397425223
1
1
0.983935540644924
1
1
1
1
0.989585962507465
1
1
1
1
1
1
1
1
0.91480148166491
1
1
1
0.949762037757525
0.937306976647736
1
1
1
0.918107354023084
1
1
1
1
1
1
1
1
1
1
1
1
1
1
1
1
1
0.869260099321599
0.979437912056095
1
1
1
1
1
1
0.877163933273727
0.98954436436387
1
1
1
0.98402164337425
1
1
1
0.90570226374479
1
1
1
0.986717933817227
1
1
1
1
1
1
1
1
1
1
1
1
0.97838835740005
1
0.93136069848503
0.834090426238961
1
1
1
0.999109132017685
1
1
1
1
1
1
1
1
0.983950508713664
1
1
1
1
0.951489044308668
0.998730623017296
1
1
1
1
0.981835942821441
0.894421779098908
1
1
1
1
1
0.927359880788205
0.98246364452252
1
1
1
1
1
1
0.999109132017685
1
1
1
1
1
0.981841738734217
1
1
0.998507486020627
0.914262673844071
1
1
1
1
1
1
1
1
1
1
1
1
1
1
1
1
1
1
1
1
0.986717933817227
0.940417465599692
1
1
1
1
1
1
1
1
1
1
1
0.981444487704547
1
1
1
1
1
1
1
1
0.698282698556057
1
1
0.994923111126686
1
1
1
1
1
0.990662353416002
1
1
1
1
1
1
1
1
1
1
1
1
1
1
1
1
1
0.92289727709487
1
1
1
0.997765885629689
1
1
1
1
1
1
1
0.982167122829158
1
1
1
0.975684429724189
1
1
1
0.973307920713863
1
0.91716400096962
1
1
1
1
1
1
1
1
1
1
1
1
1
1
1
1
1
0.989871355449791
1
1
1
1
0.7618144485077
0.952094122582055
0.894840652004523
1
1
1
1
1
1
1
0.951832118088538
0.885417279538741
1
0.528889876130567
1
1
1
1
1
0.975616395963496
1
1
0.98357679206874
1
1
1
1
1
0.939143036416276
1
1
1
1
1
1
1
1
1
1
1
1
1
0.98450219958121
1
1
1
0.97591256528528
1
1
1
1
1
1
1
1
0.894840652004523
1
1
1
1
1
1
0.969730978680674
1
1
1
1
1
1
1
0.94047203081852
0.998654292587146
1
1
1
1
1
1
1
1
1
1
1
1
0.997756593450364
1
1
0.94712904204871
1
1
1
0.87307901814018
1
1
1
1
1
0.994923111126686
0.918032962097599
1
1
0.997555632594533
1
1
1
0.928747350062629
1
1
1
1
1
1
1
1
0.939110190014473
1
1
1
1
1
0.858444678661637
1
1
1
1
1
1
0.87307901814018
1
1
1
1
1
1
0.999109132017685
0.992966381464102
1
1
1
1
1
1
1
1
0.632002831473198
1
1
1
1
1
1
1
1
1
1
1
1
1
1
1
1
0.879826508215019
1
1
1
1
1
0.909574858628925
1
0.867550535023797
1
1
1
1
1
0.950269867647108
1
1
1
1
1
1
0.931923696920861
1
1
1
1
1
1
1
1
1
1
1
1
0.998380508456551
1
1
0.907662022963908
1
0.925337185886918
1
1
1
1
1
1
1
1
1
1
1
1
1
1
0.926681947363298
1
1
0.95683371623051
1
1
0.854307660685095
1
1
1
1
1
1
1
1
1
1
0.992541607400315
1
1
1
1
1
1
1
1
1
1
1
1
1
1
1
1
1
1
0.998462835808584
0.931923696920861
1
1
1
1
1
1
1
1
1
1
1
1
1
1
1
1
1
1
1
1
1
1
1
0.968095621045109
0.998428261065926
1
1
1
1
1
1
1
1
0.701472079530308
1
1
1
1
1
0.983935540644924
1
1
1
1
1
1
0.904391913959011
1
1
1
1
1
1
1
1
1
1
0.990662353416002
1
1
1
1
1
1
1
1
1
1
1
1
1
1
1
1
1
1
1
1
0.952094122582055
1
1
1
1
1
1
1
1
1
0.949762037757525
1
1
1
1
0.950590561030911
1
1
1
1
0.940114328096658
1
1
1
1
1
1
1
1
1
1
1
0.957339301358803
1
1
0.816603842425448
1
0.918107354023084
0.947420176256932
1
1
1
0.999109132017685
1
1
1
0.973258216542209
0.98308614902542
1
1
1
1
1
1
0.993728607973474
1
0.983950508713664
1
1
1
1
1
1
1
1
1
1
1
1
1
1
0.923756053992638
1
1
1
1
1
1
1
1
1
1
1
1
1
1
1
1
1
0.877995299508766
1
0.865948820778736
1
1
0.998428261065926
1
0.998654292587146
1
1
1
1
1
1
0.988471549615905
1
1
0.998462835808584
1
0.926748722158362
0.965694903060288
1
1
1
1
1
1
1
0.978063400096671
1
1
1
1
1
1
1
1
1
1
1
0.599278464237758
1
1
1
0.942316825457109
1
1
1
0.99851742597467
1
1
1
1
1
1
0.987313046728651
1
1
1
1
1
1
1
1
1
1
1
1
1
1
1
1
1
1
1
1
1
0.949762037757525
1
1
0.897618568650215
1
1
1
1
1
1
1
1
1
1
1
1
1
1
0.940417465599692
0.983935540644924
1
1
0.998260890057818
1
1
1
1
1
1
1
0.84001939822986
1
1
1
1
1
1
1
1
1
1
0.982758141176163
1
1
1
1
1
1
0.932801771481116
0.921995018835116
1
1
1
0.998380957259953
1
1
1
1
1
1
1
1
1
1
1
1
1
1
1
1
1
1
1
1
1
1
1
1
1
1
1
1
1
1
1
0.948655568364049
1
1
1
1
1
1
1
1
1
1
1
1
1
1
1
1
1
1
1
1
1
1
1
0.913817339056644
1
1
1
1
0.923297150740015
1
1
0.873613996670104
1
1
1
1
1
1
1
1
1
1
1
1
0.951511110127935
1
1
1
1
1
1
1
1
1
1
1
1
1
1
1
1
1
1
1
1
1
1
1
1
1
1
1
1
1
1
1
1
1
1
1
0.974842894509416
1
1
1
1
1
0.969730978680674
0.885417279538741
1
1
1
1
1
0.983090835049273
1
1
0.97591256528528
1
1
1
1
1
1
0.997818761577752
1
1
1
1
1
1
0.99851742597467
1
1
1
1
1
1
1
1
1
1
1
0.81197503721573
1
1
0.977302579624731
1
1
0.910601535436964
0.875537710530619
1
1
1
1
1
1
1
1
1
1
1
1
1
1
0.940114328096658
1
1
1
1
1
1
1
1
1
1
1
1
1
1
0.977302579624731
1
1
1
1
1
1
1
0.912191808599799
1
1
1
1
1
0.983091336137657
1
1
0.981444487704547
1
0.786162607409976
1
1
1
1
1
1
1
1
1
1
1
1
1
1
1
1
1
1
0.97016397425223
1
1
0.998428261065926
1
1
1
1
1
1
1
1
1
1
1
1
1
0.941440336373233
1
1
1
1
1
1
1
1
1
1
0.986040948478944
1
1
1
1
1
1
0.986717933817227
0.88116099163359
1
1
1
1
0.957282272930084
1
1
0.983081494971383
0.982123142610104
0.915747363758516
1
0.941440336373233
1
0.93942953880731
0.587118822275493
0.869989083331212
1
1
1
0.438369233588007
1
1
1
1
1
0.567416939731783
1
1
1
1
1
1
1
1
1
1
1
0.978021905655245
1
1
1
0.952105763876122
1
0.937642224162338
1
0.811747921636364
1
1
1
0.676530068502183
0.931923696920861
1
1
1
1
1
1
1
1
1
1
1
1
1
1
1
1
1
0.978063400096671
1
1
1
1
1
1
1
1
0.994923111126686
1
1
0.92289727709487
1
1
1
1
1
0.880290972640464
1
1
1
1
1
1
1
1
0.997895531812407
1
1
1
1
1
1
1
1
1
1
1
1
1
0.983081494971383
1
1
1
1
1
1
1
1
0.877163933273727
1
1
1
1
1
1
1
1
1
1
1
1
0.818155880875302
1
0.832507216767551
1
1
1
1
1
1
1
1
1
1
1
1
1
0.998531695891865
1
1
1
1
1
0.889375521294593
0.745039992658029
1
1
1
1
0.99716432241129
1
1
1
1
1
1
1
0.939143036416276
1
1
1
1
1
1
1
1
0.95680942515375
1
1
1
1
1
1
1
1
1
1
1
1
1
1
1
1
1
1
0.974559571553868
1
1
1
0.864731193276967
1
1
1
1
1
0.909158105945311
1
1
1
1
1
1
1
1
1
1
1
1
0.919044114486837
1
1
1
1
1
1
1
1
1
1
1
1
1
1
1
1
1
1
1
1
1
1
1
1
1
1
1
1
1
0.992966381464102
1
1
1
1
1
1
1
1
1
0.891528230784884
0.986717933817227
1
1
1
1
1
1
1
1
0.978124786210281
1
0.875033989860116
1
1
1
1
1
1
1
1
0.98954436436387
1
1
1
0.998463971231528
1
1
0.865929079570342
1
1
1
1
1
1
1
1
1
1
1
1
1
1
1
1
1
1
1
1
1
1
1
1
1
1
1
0.877988780210308
1
0.947420176256932
1
1
1
1
1
1
1
1
1
1
1
1
1
1
1
1
1
1
1
1
1
1
1
0.971811597416114
1
1
1
0.867668291902194
1
1
0.979565757125238
1
1
1
1
1
1
1
1
1
1
1
1
1
1
1
0.906577053472257
1
1
1
0.83282322248083
0.871396833382862
1
1
1
1
1
1
1
0.945219503843968
0.961283259425499
1
1
1
1
1
1
1
1
1
1
1
1
1
1
1
1
1
1
1
1
0.977271075083129
1
1
1
1
1
1
1
1
1
1
1
1
1
1
1
1
1
1
0.904391913959011
0.92287656466398
1
1
1
1
1
1
1
1
1
0.997756593450364
1
0.949762037757525
1
1
1
1
1
1
0.998380508456551
0.64988609520155
0.983081494971383
1
1
1
1
0.901993281206214
1
1
1
1
1
1
1
1
1
1
1
1
1
1
0.892795648231943
1
1
1
1
0.909158105945311
1
0.997765885629689
1
1
1
0.974559571553868
1
1
1
1
1
1
1
1
1
1
1
1
0.987313046728651
0.998389620339678
1
1
1
1
1
0.982238488605435
1
1
1
1
1
1
1
1
1
1
1
1
1
1
1
1
1
1
1
1
1
1
1
1
1
1
1
1
0.86783314194575
1
1
1
1
1
1
1
1
1
1
0.986717933817227
1
1
1
1
1
1
0.971981936048362
1
1
0.965116577325787
1
1
1
1
1
1
1
0.946488564096834
1
1
1
1
1
0.975965821798098
0.988418300723859
1
1
1
1
1
1
1
1
1
1
1
0.98954436436387
1
1
1
1
1
0.914262673844071
1
1
1
1
1
1
1
1
1
1
1
1
0.982480219723528
1
1
1
1
1
1
1
1
1
1
1
1
0.939110190014473
1
1
1
0.90871385534353
0.985599905595556
1
1
1
1
1
1
1
1
1
1
1
0.98094658537882
1
1
0.970673530111428
1
1
1
1
1
1
1
1
1
0.990565181371083
1
1
1
1
1
1
1
1
1
1
1
1
1
1
1
1
0.943855706807781
1
1
1
1
1
1
0.973627483168809
1
1
1
1
0.998389620339678
1
1
1
1
1
1
1
1
1
1
1
1
1
1
1
1
1
1
1
1
1
0.98450219958121
0.916251042925089
0.908417893386613
1
1
1
1
1
1
1
1
1
1
1
1
1
0.896462269903625
1
0.988739097527981
1
1
1
1
1
0.974559571553868
1
0.947494884098654
1
1
1
1
1
1
1
1
1
1
1
0.894598814110163
0.94712904204871
0.990962768806869
1
0.818155880875302
0.997842205090772
1
0.999109132017685
0.897618568650215
1
1
1
1
1
1
1
0.989770869134125
1
1
1
1
1
1
1
1
1
1
1
1
1
1
1
1
1
1
1
1
1
1
0.974097917028243
1
1
1
1
1
1
1
1
1
1
1
1
1
0.907306963936345
1
1
1
1
1
1
1
1
0.96975363161761
1
1
1
1
1
1
1
0.977542155032316
1
1
1
1
1
1
0.987313046728651
1
1
1
0.933816151066147
1
1
1
1
1
1
1
1
1
1
1
0.946488564096834
0.885771968935971
1
1
1
1
1
1
1
1
0.909153440979278
1
1
1
1
1
0.932706714908837
1
0.998654292587146
1
1
1
1
1
1
1
1
1
0.994702550193346
1
1
1
1
1
1
1
1
0.986844744532064
1
1
1
1
0.949762037757525
1
1
0.948655568364049
0.98308614902542
0.894835878201203
1
0.998428261065926
1
1
1
1
1
1
1
1
1
1
1
1
1
1
1
1
1
1
1
1
1
1
1
1
1
1
1
1
1
1
1
1
0.997692175868663
1
1
1
1
1
0.992171847551506
1
1
1
1
1
1
1
0.998222533602587
1
1
1
0.909075883385465
1
0.945581291734062
1
1
1
0.848092083133349
1
1
1
1
1
1
1
1
0.936329679466956
1
0.981444487704547
1
1
1
1
1
1
0.90570226374479
1
1
1
1
1
1
1
1
1
1
1
1
1
1
1
1
1
1
1
1
1
1
1
1
1
1
1
1
1
1
1
1
0.992966381464102
1
1
1
1
1
1
0.973281747347842
1
1
1
1
1
1
1
1
1
1
1
1
1
1
1
1
1
1
1
1
1
1
1
1
1
1
1
1
1
1
1
1
1
1
1
1
1
1
1
1
1
1
1
1
1
0.981385898009889
0.998222533602587
1
1
1
1
1
1
1
1
1
1
1
1
0.875738874475589
1
1
0.974319964571815
0.895454700122028
1
0.894421779098908
1
1
0.919044114486837
1
0.97751297079005
0.945565840840621
1
1
1
1
1
1
1
1
0.880346233806976
1
1
0.998040952073213
1
1
1
1
1
1
1
1
1
1
0.848370848978831
1
1
1
1
1
0.851641660231991
1
1
1
1
1
1
1
0.983935540644924
1
1
1
0.832423199171183
1
1
0.981841738734217
1
1
0.947420176256932
1
1
1
1
1
1
1
1
1
1
1
1
1
1
0.926681947363298
0.897226992573425
0.979565757125238
1
1
1
1
1
1
1
1
1
0.992966381464102
1
1
1
1
1
1
1
1
1
1
0.918032962097599
1
0.931923696920861
1
0.970633080854487
1
1
1
1
1
1
1
0.99716432241129
0.992541607400315
1
1
1
1
1
1
0.872130643327861
1
1
1
1
1
1
0.945581291734062
1
0.923756053992638
0.981841738734217
1
1
1
1
1
0.998380508456551
1
1
1
1
1
1
1
1
1
1
1
1
0.904417399141272
1
1
1
1
1
1
1
1
1
1
1
1
1
1
1
1
1
1
1
0.989770869134125
1
1
1
1
0.998222533602587
1
1
1
0.929211857278319
1
1
1
1
1
1
1
1
1
1
1
0.974097917028243
1
1
1
1
1
1
0.989868053969952
1
1
1
1
1
1
1
1
1
1
0.877163933273727
0.870685935662084
1
1
1
1
1
1
0.875537710530619
0.970673530111428
1
0.722164041768769
1
1
1
1
1
1
1
1
1
1
1
1
1
1
1
1
1
0.99851742597467
1
1
1
1
1
1
0.871396833382862
1
0.998654292587146
1
1
1
0.92287656466398
1
1
0.990662353416002
1
1
1
1
1
1
1
1
1
1
0.95204669480861
1
1
1
1
1
1
1
1
1
1
1
1
1
1
1
0.807711087523544
1
1
1
1
1
1
1
1
1
1
1
1
1
1
1
1
1
1
1
1
0.901993281206214
1
1
1
1
1
1
1
1
1
1
0.940417465599692
1
1
1
1
1
1
1
1
1
1
1
1
1
1
1
1
1
1
1
1
0.999516534053245
1
1
1
0.905656745748264
1
1
1
1
1
0.924438163478281
0.907131285846432
1
1
1
1
1
1
1
1
0.988471549615905
1
1
1
1
1
1
1
1
1
1
1
0.998260890057818
1
1
1
0.943313607441692
1
0.948446173982228
1
1
1
1
1
1
1
1
1
1
1
1
1
1
0.982554284603987
1
1
1
0.981284976811944
1
1
1
1
0.994770020196267
1
1
1
1
1
1
1
1
1
1
1
1
1
1
1
0.939143036416276
0.973275124348844
1
1
1
1
1
1
1
1
1
1
0.643632636383993
1
1
1
1
1
1
0.998389620339678
1
0.913817339056644
1
1
1
1
1
1
1
1
1
1
1
1
1
1
1
1
0.977302579624731
1
1
1
1
1
0.994442070128912
0.98954436436387
1
1
1
1
1
1
1
1
1
1
1
1
1
1
1
1
0.960221818700514
1
0.973756156566615
0.871511352034212
0.990758782497201
0.979565757125238
1
1
0.871511352034212
1
1
0.9801406268222
1
1
1
1
0.860077642379348
1
1
1
1
1
1
1
1
1
0.970379468116175
1
1
0.780838311021152
0.998389620339678
0.973627483168809
1
1
0.926748722158362
1
1
0.990565181371083
1
1
1
0.976196938680467
1
1
1
1
1
1
1
0.975322639397676
1
1
1
1
0.913817339056644
1
1
1
1
0.898447697404503
1
0.864428397187004
1
1
1
1
0.891142089222634
1
1
1
1
1
1
1
0.895368592778395
1
0.998730623017296
1
0.932706714908837
1
0.997585497573812
1
1
1
0.98402164337425
1
1
1
0.992609548399907
1
0.950590561030911
1
1
1
1
1
1
1
1
1
1
1
1
1
1
1
1
1
1
0.93005336120536
1
0.979885371292622
1
1
0.97742436616281
0.997845033167696
1
1
1
1
1
1
1
1
1
1
1
1
1
1
1
1
0.99716432241129
1
1
1
1
1
1
1
1
1
0.919566342057497
0.895134589940534
0.990758782497201
1
1
1
1
1
1
1
1
0.932801771481116
1
1
1
1
1
1
1
1
1
1
0.970673530111428
1
1
1
1
1
0.998229577362997
1
1
1
1
1
1
1
0.895454700122028
1
1
1
1
1
0.997756593450364
1
1
0.88912322778195
1
1
1
1
1
1
1
1
1
1
1
1
1
0.943313607441692
0.895454700122028
1
1
1
1
1
1
1
1
1
1
1
1
0.998462835808584
1
1
1
0.946488564096834
1
1
1
1
1
0.432279788832627
1
0.868063701225826
1
0.915931111271091
1
0.974867000408778
1
1
1
1
1
0.926748722158362
1
1
0.952390532578928
1
0.932706714908837
1
1
1
1
0.942484404486426
1
1
1
1
1
1
1
1
0.999109132017685
1
1
1
1
1
1
1
1
1
1
1
0.990971277648296
1
1
1
1
0.984398999535429
1
1
1
1
1
1
1
1
1
1
1
1
1
1
1
1
1
1
1
1
1
1
1
1
1
0.977302579624731
0.862274165786361
1
0.983090835049273
1
1
1
0.97751297079005
1
1
1
1
1
0.98450219958121
1
1
1
1
1
1
1
1
1
1
0.949762037757525
1
1
1
1
0.921061038818629
1
1
0.98083406483818
1
1
1
0.882147965354705
0.913817339056644
1
1
1
1
1
0.983680493812814
1
0.911623852440608
1
1
1
1
1
1
1
1
1
1
1
1
1
1
0.985537140664452
1
1
1
1
1
1
1
0.94047203081852
1
1
1
1
0.983081494971383
0.99451213889063
1
1
1
1
1
1
1
1
1
1
1
0.866198587766951
1
1
1
1
1
1
1
0.957556397250296
1
1
0.994923111126686
0.88912322778195
1
1
1
1
1
1
0.951832118088538
1
1
1
1
1
1
1
1
1
1
1
1
1
1
0.890667065278382
0.904909435418846
1
1
0.977605529104476
1
1
0.997692175868663
1
1
1
1
1
1
1
1
0.997895531812407
1
1
0.895454700122028
1
1
1
1
1
1
1
1
1
1
1
1
1
1
1
1
1
1
1
1
1
1
1
1
0.879826508215019
1
0.94712904204871
1
1
1
1
1
1
1
1
0.860077642379348
1
1
0.926681947363298
1
1
1
1
1
1
1
1
0.969040963016015
0.985599905595556
1
1
1
1
0.928747350062629
1
1
1
0.977313179133944
1
1
1
1
1
1
1
1
1
1
1
1
1
1
1
1
1
1
1
1
0.843727638044405
1
1
1
1
1
1
0.776952480381315
1
1
1
1
1
1
1
1
1
1
1
1
1
1
1
1
1
1
1
0.997585497573812
1
1
1
1
1
0.952906214922884
1
1
1
1
1
1
1
1
1
1
1
1
1
1
1
1
1
1
1
1
0.977271075083129
1
1
0.872910110406705
1
1
1
1
1
1
0.851641660231991
1
1
1
1
1
1
1
0.921061038818629
1
1
1
1
1
1
1
1
1
1
1
1
1
1
1
0.978063400096671
1
1
1
1
1
0.981841738734217
1
1
1
1
1
1
1
1
1
1
1
1
1
1
1
0.927359880788205
1
1
1
0.983975634157729
1
1
0.973275124348844
1
0.998222533602587
0.975279989841978
0.927359880788205
0.99304924527197
1
1
1
1
1
1
1
1
1
1
1
1
1
1
0.990220322610943
1
1
1
1
1
1
1
1
1
1
1
1
1
1
1
1
1
1
1
0.90570226374479
1
0.905116630117206
1
1
1
1
1
1
1
0.924209585298218
1
1
1
0.912191808599799
1
1
1
1
1
1
1
1
0.947737798570154
1
0.915241905674024
1
1
1
1
1
0.997430768349172
1
1
1
1
1
1
1
1
1
1
1
1
1
0.986789753412942
1
1
1
1
1
0.945565840840621
1
0.988471549615905
0.900700199461285
0.981279748211988
1
0.926860160431594
1
0.998428261065926
1
0.895454700122028
1
1
1
0.992541607400315
1
0.92287656466398
1
1
1
1
0.897898356325431
1
1
1
1
1
1
1
1
1
0.981835942821441
1
0.925082355562185
0.927359880788205
1
1
1
1
1
1
0.982255278343335
1
1
1
0.956976744068994
1
1
1
0.997583156113536
1
1
1
1
0.92287656466398
1
1
1
1
1
0.853895853449528
1
1
0.99851742597467
1
0.999872058095476
0.997818761577752
1
1
1
1
0.990758782497201
0.977542155032316
1
1
0.816608948165644
1
1
1
0.997583156113536
1
1
1
1
1
1
1
0.910604180515777
1
1
1
1
0.585189311400664
1
1
1
1
1
0.998260890057818
1
1
1
0.904391913959011
0.896467769539152
1
0.998531695891865
0.992966381464102
0.926681947363298
0.801474723781205
1
0.970819613040539
1
1
1
1
1
1
1
1
1
1
1
0.869989083331212
1
1
1
1
1
1
1
1
0.983950508713664
0.868654924896173
1
0.82544743300891
1
1
1
1
1
1
1
1
1
1
1
1
1
1
1
1
1
1
0.982255278343335
1
1
0.883461961440632
1
1
1
1
1
1
1
1
1
0.956786594084138
0.951511110127935
1
1
1
1
0.885417279538741
1
1
1
1
1
1
1
1
1
0.862274165786361
0.811877751095324
1
1
1
1
1
1
1
1
1
1
1
1
1
1
0.97016397425223
1
1
1
1
0.978063400096671
1
1
0.902692576344949
1
1
1
1
1
1
1
1
0.885398655540086
1
0.916294494660066
1
0.997818761577752
1
1
1
1
1
1
1
1
1
1
1
1
1
1
1
1
1
1
1
1
1
1
1
0.992171847551506
1
1
1
0.943313607441692
1
1
1
1
1
1
1
1
0.914778669235642
1
1
1
1
1
1
1
1
1
1
1
1
1
1
1
1
1
0.989770869134125
1
1
1
1
1
1
1
1
0.981284976811944
1
1
1
1
0.970819613040539
1
1
1
1
1
0.975342783278214
1
1
1
1
1
1
1
1
1
1
1
1
1
1
1
1
0.983935540644924
1
0.983975634157729
1
1
0.95946593120171
1
1
1
0.99851742597467
0.898414426837207
1
1
1
1
1
1
1
1
1
1
1
1
1
1
1
1
1
1
1
0.86783314194575
1
1
1
1
1
1
0.991284779069974
0.871201334664381
1
1
1
1
1
1
0.89181467835094
1
1
1
1
1
1
1
1
1
1
1
0.998380957259953
1
1
0.948446173982228
1
0.919122239486762
1
1
0.998040952073213
1
1
1
1
1
1
0.942092713854766
0.880346233806976
1
1
1
1
0.998462835808584
1
0.913817339056644
1
1
1
1
1
0.999516534053245
1
1
1
1
1
1
1
0.939110190014473
1
1
1
1
1
0.964125569602101
1
1
1
1
0.913794272316152
0.610390994570379
1
1
1
1
1
0.999394848015325
1
1
1
1
1
1
1
1
1
0.997756593450364
1
0.97016397425223
1
1
1
1
1
1
1
0.86212019208183
1
1
1
1
1
1
1
1
1
1
1
1
0.925337185886918
1
1
1
1
1
1
0.746071911701062
1
1
1
1
1
0.983950508713664
1
1
0.997765885629689
1
1
1
1
1
1
1
1
1
1
0.848463425000171
1
1
0.640240738530183
1
0.861588159385119
1
1
0.998464278134528
0.921995018835116
1
1
1
1
0.998730623017296
1
1
1
1
1
0.970379468116175
1
1
0.869989083331212
1
1
1
1
1
1
1
1
1
1
1
0.998464278134528
1
1
1
1
1
1
1
1
1
1
1
1
1
1
1
1
1
1
1
1
1
1
0.923250447719686
1
1
1
1
1
1
0.945581291734062
1
0.887850465404914
1
1
1
0.986717933817227
1
1
1
0.997895531812407
1
1
1
1
1
1
1
1
1
1
0.874623343514321
0.985112953521686
1
1
1
1
1
0.951489044308668
1
1
1
1
1
1
1
1
1
1
0.888406669245215
1
1
1
1
1
1
1
1
0.997555632594533
1
1
0.927651934963073
1
1
1
1
0.974867000408778
1
1
1
1
1
1
1
1
1
1
1
0.904417399141272
1
1
1
1
1
1
1
1
0.949762037757525
1
1
0.896467769539152
0.968096246684373
1
1
1
1
1
1
0.92289727709487
1
1
0.872910110406705
0.648218254901646
1
1
1
0.99851742597467
1
1
1
0.974842894509416
1
1
1
1
1
1
1
1
1
1
0.970633080854487
1
1
1
1
0.981279748211988
1
1
1
1
0.981835942821441
1
1
1
1
1
1
1
1
1
1
1
1
1
1
1
1
1
0.917368757051265
1
1
1
1
1
0.984860069133803
1
1
1
1
1
0.929315188306423
1
1
0.984860069133803
1
1
1
1
0.991284779069974
1
1
1
1
1
1
1
0.98954436436387
1
1
1
0.861588159385119
1
1
1
1
1
1
1
1
1
0.824778301897575
1
1
1
0.851641660231991
1
1
1
1
1
1
1
1
1
1
1
1
1
1
1
1
1
1
1
1
1
0.867450233912433
1
1
1
1
0.96975975459431
0.993728607973474
1
0.89181467835094
0.982167122829158
1
1
1
1
0.98083406483818
1
0.699810505158634
1
1
1
1
1
0.981522321845557
1
1
0.895454700122028
1
0.926748722158362
1
1
1
1
1
0.981841738734217
1
0.98357679206874
1
0.965992613198359
1
1
1
1
1
1
1
1
1
0.998389620339678
1
0.988471549615905
0.993728607973474
1
1
1
1
1
1
0.998462835808584
1
1
1
1
1
1
1
1
0.989770869134125
0.923297150740015
1
1
1
0.42707408155368
0.98308614902542
1
1
1
1
1
1
1
1
1
1
0.925337185886918
1
1
1
1
1
0.982255278343335
1
0.914262673844071
1
1
1
1
1
1
1
1
1
1
1
1
1
1
1
1
1
0.998654292587146
1
0.968361624156471
1
1
1
1
0.940357950048508
1
1
1
1
1
1
1
1
1
1
1
1
1
1
1
1
1
1
1
0.896467769539152
1
1
1
1
1
0.915241905674024
1
1
1
1
1
1
1
0.927651934963073
1
1
1
1
1
1
1
1
1
0.983091336137657
1
1
1
1
1
1
1
0.985351710056131
1
1
1
1
0.932706714908837
1
1
1
1
1
1
0.997430768349172
1
1
0.994923111126686
1
1
1
1
1
1
0.406522737222576
1
1
1
1
1
1
1
1
1
1
0.86945117125344
0.998654292587146
1
1
1
1
1
1
1
1
1
1
1
1
1
0.982255278343335
1
1
1
1
1
0.985762930135412
0.973275124348844
1
1
1
1
1
1
1
1
1
1
1
1
1
1
1
1
1
1
1
1
1
1
1
1
1
1
1
1
1
1
1
1
1
1
1
0.92287656466398
0.882613199533887
1
1
1
1
1
1
1
1
0.990662353416002
1
1
1
1
1
1
1
0.989871355449791
1
1
1
1
1
1
0.981279748211988
1
1
0.972338749806128
1
1
1
1
1
1
1
1
1
1
1
1
1
1
0.973989008972801
1
1
0.926860160431594
1
0.885263471059384
1
1
1
1
1
1
1
1
1
1
1
1
1
1
1
1
0.894294146406223
1
1
1
1
1
1
1
1
1
1
1
1
1
1
1
1
1
0.951832118088538
0.985351710056131
1
1
0.974559571553868
1
1
1
0.983175988164298
1
1
1
1
1
0.989868053969952
1
1
1
1
1
1
0.974097917028243
0.841496851833734
1
1
1
1
1
1
1
1
1
1
1
1
1
0.914219504084511
1
0.981284976811944
0.970633080854487
1
1
1
1
1
1
1
1
0.973935849626642
1
1
0.998654292587146
1
1
1
1
1
1
1
1
1
1
1
1
1
1
0.988418300723859
1
1
1
1
1
0.923250447719686
0.98640846707899
1
1
0.591821544278617
1
1
1
1
1
1
1
1
1
1
0.977271075083129
1
1
1
1
1
1
1
1
0.999516534053245
1
1
1
1
1
0.917208326550136
1
0.829973288174276
1
0.999872058095476
1
1
1
1
0.940486770227263
1
1
0.982476692815253
0.947866808156387
1
1
1
1
1
0.998730623017296
1
1
1
1
1
0.943313607441692
1
0.918032962097599
1
1
1
1
0.997845033167696
1
1
0.981284976811944
1
0.970379468116175
0.926299250614749
1
1
1
1
1
1
1
1
1
1
0.882613199533887
1
1
1
1
1
1
0.835804255620626
1
1
1
1
1
1
1
0.649320354220846
1
1
1
1
1
1
1
1
0.990530770027348
0.918107354023084
1
1
1
1
1
0.94712904204871
1
1
1
1
1
1
1
1
1
1
1
1
1
1
1
0.882613199533887
1
1
1
1
1
1
1
0.555286812977061
1
1
1
1
1
0.998222533602587
1
1
0.926681947363298
1
1
1
1
1
1
1
1
1
1
1
1
1
0.994929169659455
1
1
1
1
1
1
1
1
1
1
1
1
1
1
1
1
1
1
1
1
1
1
1
0.951192444934797
1
1
0.941658140775883
0.992171847551506
1
1
1
1
1
0.987313046728651
1
1
1
0.9208517938385
1
0.982873794742321
1
1
1
1
1
1
1
1
1
1
1
1
1
1
0.998260890057818
1
1
1
1
0.98640846707899
1
1
0.985537140664452
1
1
0.981841738734217
1
0.997765885629689
0.992966381464102
0.792169593469255
1
1
1
1
1
1
1
1
1
1
1
1
1
1
1
1
1
1
1
1
0.68987307334764
1
1
1
0.925264370554349
1
1
0.931923696920861
1
1
0.993728607973474
1
0.902692576344949
1
0.951832118088538
1
1
1
1
0.981621952437255
1
1
1
0.952094122582055
1
0.998389620339678
1
1
0.977271075083129
1
1
1
1
1
1
1
1
1
1
0.566501653552776
1
0.882147965354705
1
1
1
1
1
1
1
1
0.917208326550136
1
1
1
1
1
0.986844744532064
1
0.821330814366695
0.976834831974917
1
0.921505322450775
1
0.997895531812407
0.948396642176582
1
1
1
1
1
1
0.929411311224929
1
1
1
0.95204669480861
1
0.883936916172316
1
0.983950508713664
1
1
1
0.932706714908837
1
0.841496851833734
0.981841738734217
1
1
1
1
1
0.925082355562185
0.936329679466956
1
1
1
1
1
1
1
1
1
1
1
0.989738410816777
1
1
1
0.960901111807908
1
0.924561867124815
1
1
1
1
1
0.873566434761768
1
1
1
1
1
0.89037683577294
1
1
1
1
1
1
1
1
1
1
1
0.869595487958059
1
1
1
1
1
1
1
1
1
1
0.985351710056131
1
1
1
1
1
1
1
1
1
1
1
1
1
0.865948820778736
1
1
1
1
1
0.974717456939595
1
1
1
1
1
1
1
1
1
1
1
1
0.998428261065926
1
1
1
1
0.948655568364049
1
1
0.961283259425499
1
1
1
1
1
0.838392864020048
1
1
1
1
0.988418300723859
1
0.972803461742998
1
1
1
1
1
0.94714338014398
1
1
1
0.897618568650215
1
0.907106557601982
1
1
1
1
0.986246792809707
1
1
1
1
1
1
1
1
1
0.948396642176582
1
1
0.864428397187004
0.917711151442534
1
1
1
1
1
1
1
1
0.895454700122028
1
1
1
1
1
1
1
0.923250447719686
1
1
1
1
1
1
0.989585962507465
1
1
0.877163933273727
1
0.897641816026629
0.990758782497201
1
1
0.979565757125238
1
1
0.983081494971383
1
1
1
0.974319964571815
1
1
1
0.997585497573812
1
1
1
0.687356390809644
1
1
0.566515820562984
1
1
1
1
1
1
1
1
1
1
1
1
0.925337185886918
1
1
1
1
1
1
1
0.958357142715992
1
1
1
1
1
0.897618568650215
1
1
1
1
1
1
0.986040948478944
1
1
1
0.983950508713664
1
1
0.917208326550136
1
1
0.90570226374479
1
1
1
1
1
0.983975634157729
1
0.929411311224929
1
1
1
1
1
1
1
0.829002862167558
1
1
1
1
1
1
1
1
1
1
1
0.929211857278319
1
1
1
1
0.998428261065926
1
1
1
1
1
0.853899431421831
1
1
1
1
1
1
1
1
1
1
1
1
1
0.975218938772264
1
0.975342783278214
1
0.998260890057818
1
0.997845033167696
0.983091336137657
1
0.987157620750479
1
1
1
1
1
1
1
1
1
1
1
0.974499794757029
1
1
1
1
1
1
1
0.918107354023084
1
1
1
0.913794272316152
1
0.973627483168809
0.85516118351343
1
1
1
1
1
0.997901477426728
1
1
1
1
1
1
1
1
1
1
1
0.990662353416002
1
1
0.927359880788205
1
1
1
1
0.9208517938385
1
1
1
1
1
1
1
1
1
0.978124786210281
1
1
1
1
0.886735276653679
1
0.997818761577752
1
1
0.867668291902194
1
1
1
1
1
1
1
0.98094658537882
1
1
1
1
0.949762037757525
1
1
1
0.882147965354705
1
1
1
1
1
1
1
1
0.998600387025209
1
1
1
1
1
1
1
1
0.998507486020627
1
1
1
0.871396833382862
1
1
1
1
1
1
1
1
1
1
1
1
1
1
1
1
1
0.999872058095476
1
1
1
1
1
1
1
1
1
0.81904253907415
0.897226992573425
1
1
1
1
1
1
0.897226992573425
1
0.909158105945311
1
1
1
0.939110190014473
1
1
1
1
1
1
1
1
0.997842205090772
1
0.978063400096671
1
0.88658327579304
1
1
0.998730623017296
0.998464278134528
1
1
1
1
1
1
1
1
1
1
0.98450219958121
1
1
1
1
0.978063400096671
1
1
1
1
1
1
1
1
1
1
1
1
1
1
1
0.990962768806869
1
1
1
1
0.911623852440608
1
0.956976744068994
1
1
0.975946624538917
1
1
1
1
1
1
1
1
1
1
1
1
1
1
1
1
1
1
1
1
1
1
1
1
1
1
1
1
1
1
1
1
1
1
1
1
1
1
1
0.975616395963496
1
1
1
1
1
1
1
0.998380508456551
1
1
1
1
1
1
1
0.995739049043237
1
1
1
1
1
0.973756156566615
1
1
1
0.915607950294337
1
1
0.949762037757525
1
1
1
1
1
1
1
1
0.990589418633399
0.975926418830704
1
0.898414426837207
1
1
1
0.652764393618759
1
1
1
1
1
1
1
1
1
1
1
1
1
1
1
1
1
1
1
1
1
1
1
1
1
1
1
1
1
1
1
1
1
1
1
1
1
1
1
1
1
1
1
1
1
1
1
1
1
1
1
1
1
1
1
1
1
1
0.907106557601982
1
1
1
1
1
1
0.955554587830877
1
1
1
1
1
1
1
1
1
1
1
1
1
1
1
1
1
1
1
1
1
1
1
1
1
1
1
1
1
1
1
1
1
1
1
1
1
1
1
1
1
0.994702550193346
1
1
1
0.875033989860116
1
1
1
0.983680493812814
1
1
1
1
0.970633080854487
1
1
1
1
1
1
1
1
1
1
1
1
1
0.990962768806869
1
0.819192761597117
1
1
1
1
1
1
1
1
1
1
1
1
1
1
1
1
1
1
1
0.97503903893262
1
1
1
1
1
1
1
1
1
1
1
1
0.998531695891865
1
1
0.956976744068994
1
0.989770869134125
1
1
1
1
1
1
1
1
1
1
1
1
1
1
1
1
1
1
1
1
1
1
1
1
1
1
0.982480219723528
1
0.999872058095476
0.805022045134525
1
0.998462835808584
1
1
1
1
1
1
1
1
0.975685987987126
1
1
0.92287656466398
1
1
1
1
1
1
1
1
1
1
1
1
1
1
1
0.997895531812407
1
1
1
1
1
1
1
1
1
1
0.947420176256932
1
1
1
1
0.937323911659922
1
1
1
1
1
0.998229577362997
1
1
1
1
1
1
1
1
1
0.970819613040539
0.971811597416114
1
1
1
1
1
1
0.923297150740015
1
1
0.970633080854487
1
1
1
1
1
1
1
1
1
1
1
0.979437912056095
1
1
1
1
1
1
1
1
1
1
1
1
0.931923696920861
0.921505322450775
1
1
1
1
1
1
1
1
1
1
1
1
0.990971277648296
1
1
1
1
1
1
1
1
1
0.981841738734217
1
0.885264015658562
1
1
1
1
1
1
1
1
1
1
1
0.976725677302693
1
1
1
1
1
1
1
1
1
1
1
1
1
1
1
1
1
1
1
1
1
1
1
0.987611751504492
1
1
1
1
1
1
1
1
0.982873794742321
1
1
1
1
1
1
1
1
1
1
1
1
1
1
1
1
1
1
0.983091336137657
1
1
1
1
1
1
0.927651934963073
1
0.940114328096658
0.942484404486426
1
1
1
1
1
1
1
1
1
1
1
1
1
1
1
1
1
1
1
1
1
1
0.992966381464102
1
1
1
1
1
0.979698898354427
1
1
1
0.853766580884069
1
1
1
1
1
1
1
1
1
1
1
1
1
1
1
1
1
1
1
1
1
0.983935540644924
1
1
1
1
1
1
0.997430768349172
1
1
1
0.93136069848503
1
1
0.899154885240852
1
1
1
1
1
1
1
1
1
1
1
1
1
0.916251042925089
1
1
1
1
1
1
1
1
1
0.872130643327861
1
1
1
1
1
1
1
1
1
1
1
1
1
1
1
1
1
1
1
1
1
1
1
1
1
1
1
0.811251526905634
1
1
1
1
1
0.823228168848125
1
1
1
1
1
1
1
0.891142089222634
1
1
1
1
0.981522321845557
1
1
1
0.997818761577752
1
1
1
1
1
1
1
1
1
1
1
1
1
1
1
1
1
1
1
1
1
1
1
1
0.861588159385119
1
1
1
1
1
1
1
1
1
1
1
1
1
1
1
1
1
1
1
0.994770020196267
0.984860069133803
1
1
1
1
1
1
1
1
1
1
1
1
1
0.998040952073213
1
1
1
1
0.994702550193346
1
1
1
1
1
1
1
1
1
1
0.917866128045663
1
1
1
1
1
1
1
1
0.907662022963908
1
1
1
0.921061038818629
1
1
0.999872058095476
1
1
1
1
1
0.931923696920861
1
1
1
1
1
1
0.986717933817227
1
1
1
1
1
1
1
1
1
1
1
1
1
1
1
0.896467769539152
0.982255278343335
1
1
0.981841738734217
1
1
1
1
1
0.878027471925443
1
1
1
1
1
1
1
1
0.706284947853111
0.859421794211109
1
0.917711151442534
1
1
1
1
1
0.940181412599057
1
1
0.948655568364049
1
1
1
1
0.902404825486888
1
1
1
1
1
1
0.945879493703934
0.951489044308668
1
0.729483557298175
1
1
1
1
1
1
1
1
1
1
1
0.907662022963908
1
1
1
1
1
0.998222533602587
1
1
1
1
0.997692175868663
1
1
0.982018040948473
1
1
1
1
1
1
0.998380957259953
1
1
1
1
1
0.88942263248026
0.878927738031911
1
0.986040948478944
1
1
0.729206525016708
1
1
0.974097917028243
1
1
1
1
1
1
1
0.729483557298175
1
1
1
1
1
1
1
1
1
1
1
1
1
1
1
1
1
1
1
1
0.998654292587146
1
1
1
1
1
1
0.93942953880731
1
1
1
1
1
1
1
1
1
1
1
0.914262673844071
1
1
1
1
1
1
0.998040952073213
1
0.998389620339678
1
1
1
0.983935540644924
1
1
1
1
1
1
1
0.94712904204871
1
1
1
1
1
1
1
1
1
1
1
1
1
1
1
1
1
1
1
1
1
1
1
1
1
0.943313607441692
1
1
1
1
1
0.915607950294337
0.940460420040487
1
1
1
1
1
1
1
1
1
1
1
1
1
0.998380957259953
1
0.991226152265041
1
1
1
1
1
1
1
1
1
1
1
1
1
1
1
0.855607597122898
1
1
1
1
1
1
1
1
1
1
1
1
1
1
1
1
1
1
1
1
1
1
1
1
1
1
0.990479645221904
1
0.983935540644924
1
1
1
1
1
1
1
1
0.936329679466956
1
1
1
1
1
1
1
1
1
0.933816151066147
1
1
1
1
1
1
1
1
1
1
1
1
1
1
1
0.983081494971383
1
1
1
1
1
0.909680991275315
1
1
1
1
1
1
1
1
1
1
1
0.875033989860116
0.927359880788205
1
1
0.997833618481959
1
1
1
1
1
1
1
1
0.9801406268222
1
1
1
1
1
0.969730978680674
1
1
1
1
1
1
1
1
1
1
1
1
1
0.951511110127935
1
1
1
0.974717456939595
1
1
1
1
1
1
1
1
1
1
1
1
1
0.907106557601982
1
1
1
1
1
1
1
1
1
1
1
1
1
1
0.972974040886832
1
1
0.887850465404914
0.880763752538006
1
1
1
1
1
1
0.990479645221904
1
0.998380957259953
1
1
1
1
1
1
1
1
0.942092713854766
1
1
0.981621952437255
1
1
0.902404825486888
1
0.981841738734217
1
1
1
1
1
1
1
1
1
1
0.918032962097599
0.840215764853118
1
0.858444678661637
1
1
0.949798391025901
1
1
1
0.972913409148847
1
1
1
0.956976744068994
0.926299250614749
1
0.970633080854487
1
1
1
1
1
1
1
1
1
1
1
1
1
1
1
1
0.921995018835116
0.904417399141272
0.999109132017685
1
0.9801406268222
0.995739049043237
1
1
1
1
1
1
1
0.958868768837376
0.992541607400315
1
0.985776797907547
1
1
1
1
1
1
1
1
1
1
1
1
1
1
0.986789753412942
0.999109132017685
1
1
1
1
0.973307920713863
1
1
1
1
1
1
1
1
0.873874225938615
1
1
0.999872058095476
1
0.858444678661637
1
1
1
0.918107354023084
1
1
1
0.923250447719686
1
1
1
1
1
1
1
1
1
1
1
1
1
1
0.992609548399907
0.974097917028243
1
1
1
1
1
1
1
1
1
1
1
1
1
0.983175988164298
1
1
1
1
0.90871385534353
1
1
1
1
1
1
1
1
0.983090835049273
0.809022455969371
1
1
1
0.942092713854766
1
1
1
1
0.998260890057818
1
1
1
1
1
1
1
1
0.965694903060288
1
1
1
1
1
1
1
0.983950508713664
0.997692175868663
0.860077642379348
1
1
1
1
1
1
1
1
1
1
1
0.858669196394885
0.834090426238961
1
1
1
1
1
1
1
1
1
1
0.921995018835116
1
1
1
1
1
0.970673530111428
0.904909435418846
1
1
1
1
1
1
1
1
1
1
0.927651934963073
1
1
1
1
1
1
1
1
0.982873794742321
1
1
1
1
1
1
1
1
1
1
1
1
1
1
1
1
1
1
1
1
1
1
1
1
0.98083406483818
1
1
1
0.983570328710976
1
1
1
0.974097917028243
1
1
1
0.995739049043237
1
0.503772945485737
1
1
1
1
0.848108988270701
1
1
1
1
1
1
0.979565757125238
1
0.998380957259953
1
1
1
1
0.926227735817875
1
1
1
1
1
1
1
1
1
1
1
0.974842894509416
1
1
1
0.974842894509416
1
1
1
1
1
1
0.931923696920861
0.986040948478944
1
1
1
1
1
1
1
1
1
1
1
1
1
1
1
0.986717933817227
1
1
1
1
1
0.969730978680674
1
1
1
1
0.985351710056131
1
1
0.997818761577752
1
1
1
0.874364104039808
1
1
1
0.997818761577752
1
1
1
1
1
1
0.981279748211988
1
1
1
1
1
1
0.886559231603702
0.882613199533887
1
1
1
1
1
1
0.997430768349172
1
0.895368592778395
1
1
1
1
1
1
1
1
1
1
1
1
1
1
0.933816151066147
1
1
1
0.998730623017296
1
1
1
0.956976744068994
1
0.919144566895444
1
1
1
1
1
1
1
1
1
1
1
0.873566434761768
1
0.933441718331692
1
1
0.827188145368967
1
0.999250177005266
1
1
1
1
1
1
1
1
1
0.998399558738979
1
1
1
1
1
1
1
1
1
1
1
1
1
1
1
1
1
1
1
1
1
1
1
1
1
1
1
1
1
1
1
1
1
1
1
1
1
1
1
1
0.998040952073213
0.937323911659922
1
1
1
1
1
1
1
1
1
1
1
0.990971277648296
1
0.983075343565768
1
1
1
1
1
1
1
1
1
1
1
1
0.901993281206214
1
1
1
1
1
1
1
1
1
0.933441718331692
0.942484404486426
1
0.997756593450364
0.93942953880731
1
1
1
1
1
0.99716432241129
1
1
1
1
1
1
1
1
1
1
1
1
1
1
1
0.973627483168809
1
1
0.970633080854487
1
1
0.999872058095476
1
1
1
1
1
1
1
1
1
1
1
1
1
1
1
1
0.979437912056095
1
0.743278360845976
1
1
1
1
1
1
1
1
0.998222533602587
0.981284976811944
1
1
1
1
1
0.998600387025209
1
1
1
1
1
1
1
1
1
1
1
0.983950508713664
1
1
1
1
1
0.838604596568429
1
1
1
1
1
0.990758782497201
1
1
0.919365578805325
0.764226724791945
0.882147965354705
1
1
1
1
1
1
0.904909435418846
0.987157620750479
1
1
1
1
1
1
1
1
1
0.81731350817404
1
1
0.834732506087753
1
1
1
1
1
1
1
1
0.973281747347842
1
1
1
1
1
1
1
0.988471549615905
1
1
1
0.981444487704547
1
1
1
1
1
1
1
1
1
0.98450219958121
1
1
0.877988780210308
1
1
1
1
1
1
0.998040952073213
1
1
0.82333196362199
1
1
1
1
1
1
1
1
1
1
1
1
1
1
1
0.99851742597467
0.561398907825256
1
1
1
1
1
1
1
1
1
1
1
1
1
1
1
1
0.983680493812814
0.862274165786361
1
1
1
1
1
1
1
1
1
0.940460420040487
1
1
1
1
0.931734170084392
1
1
1
1
1
1
1
1
1
0.976205564965426
1
1
0.999109132017685
1
1
1
1
1
1
1
1
1
1
1
1
1
1
1
1
0.912191808599799
0.882147965354705
0.986717933817227
1
1
1
1
1
1
1
0.995739049043237
0.869476495991794
1
1
1
0.999109132017685
1
1
0.951832118088538
1
1
1
1
1
1
1
1
1
0.983975634157729
1
1
1
1
0.989770869134125
0.909075883385465
0.974559571553868
1
0.955554587830877
0.997895531812407
1
1
1
1
1
0.998464278134528
1
1
1
1
1
1
1
1
1
1
1
1
1
1
0.9208517938385
1
1
1
1
1
0.998380508456551
1
1
1
1
1
1
0.962296138159497
1
1
1
1
1
1
0.998462835808584
1
1
1
1
1
0.974499794757029
1
1
1
1
0.99851742597467
1
1
1
1
1
1
0.974867000408778
0.930142440439924
1
1
0.975322639397676
1
1
0.990530770027348
1
1
1
0.91716400096962
1
1
1
1
1
1
1
1
1
1
1
0.957833195278976
1
1
1
1
1
1
1
1
0.885263471059384
1
0.797829145453097
1
1
0.98640846707899
0.918107354023084
0.917208326550136
1
1
1
1
1
1
1
1
1
1
1
1
1
1
1
0.819906516381058
1
0.949808217443713
1
1
1
1
1
1
1
1
1
0.942484404486426
1
1
1
1
1
0.946488564096834
1
1
1
1
1
1
1
1
1
1
1
1
1
0.993728607973474
1
0.942484404486426
1
0.925082355562185
1
1
1
0.948396642176582
1
1
0.947420176256932
1
1
1
1
1
1
1
1
1
1
1
1
1
1
1
1
1
1
1
1
1
1
1
0.994442070128912
1
0.979780029305806
1
1
1
1
1
1
1
0.967460990207564
1
1
1
1
1
1
1
1
0.9208517938385
1
1
1
1
1
0.998389620339678
1
1
1
1
1
1
1
1
1
1
1
1
0.895368592778395
1
1
1
0.932801771481116
1
1
1
1
1
1
1
1
1
1
1
1
1
1
1
1
1
0.97016397425223
1
1
1
1
1
1
1
1
1
1
1
1
1
0.974559571553868
1
0.98083406483818
1
1
1
1
1
1
1
1
0.867069815968354
1
1
1
1
1
1
0.968087279840941
1
1
1
1
0.918032962097599
1
1
1
0.997818761577752
1
1
1
0.999109132017685
1
1
1
1
1
1
1
1
1
1
1
1
1
1
1
1
1
1
1
1
1
1
1
1
1
1
1
1
1
1
1
1
1
1
1
1
1
1
1
0.894840652004523
1
1
1
0.907662022963908
0.867550535023797
1
1
1
0.987157620750479
1
1
1
1
1
1
1
1
1
1
0.862274165786361
1
1
1
1
1
1
1
0.997895531812407
1
1
1
1
1
1
1
1
1
1
1
1
1
1
1
1
1
1
1
1
1
1
1
1
0.979885371292622
1
1
1
1
1
1
1
1
1
1
1
1
1
1
1
1
1
1
1
0.994770020196267
1
1
1
1
1
1
1
0.970819613040539
1
1
1
1
1
1
1
1
0.951192444934797
1
0.885967527912015
1
1
1
1
1
0.921061038818629
1
1
1
1
0.952390532578928
1
0.990479645221904
1
1
1
1
1
1
1
1
1
1
1
1
1
1
1
0.656609517324737
1
1
1
1
0.94047203081852
1
0.997818761577752
0.997895531812407
1
1
0.881423292431432
1
1
1
1
1
0.97506142734089
1
1
1
1
1
1
1
1
1
1
1
0.916251042925089
1
0.974867000408778
1
1
1
1
1
1
1
1
1
1
1
1
1
0.88912322778195
1
1
1
0.867550535023797
1
0.974842894509416
1
1
1
1
0.722164041768769
1
1
1
1
0.904391913959011
0.998380508456551
1
0.922160641657476
1
1
1
1
0.704034625369416
1
0.98954436436387
0.881840332233407
1
1
1
1
0.907662022963908
1
1
1
1
1
0.98357679206874
1
0.975616395963496
1
1
0.99304924527197
1
1
1
1
1
1
1
1
0.852469032100625
1
0.973281747347842
1
1
0.985776797907547
1
1
1
1
1
1
1
1
1
1
0.853899431421831
1
1
1
0.970633080854487
1
1
1
1
1
0.998654292587146
1
0.98094658537882
1
1
0.921505322450775
1
1
1
1
1
1
1
0.885264015658562
1
1
1
1
1
1
1
0.974867000408778
1
1
0.948655568364049
0.98450219958121
1
1
1
1
1
1
1
1
1
1
1
1
1
1
1
1
0.97503903893262
1
1
1
1
0.92287656466398
0.832387673151208
1
1
1
1
1
1
1
0.998428261065926
1
1
1
0.985351710056131
1
1
1
1
1
0.86212019208183
0.947420176256932
0.904909435418846
1
0.880290972640464
1
1
1
1
0.918107354023084
0.930142440439924
1
1
1
1
0.811251526905634
1
1
1
1
1
1
0.997818761577752
1
1
1
1
1
1
1
1
1
1
1
1
1
1
1
1
1
1
1
1
1
1
1
1
1
1
1
0.991226152265041
0.77886151832541
1
1
1
1
1
1
1
1
1
1
1
1
1
1
1
1
1
1
1
1
1
1
1
1
0.931390204450974
1
1
1
1
1
1
1
1
1
1
1
1
0.998389620339678
0.919279508170858
1
0.768405300831327
1
1
1
1
1
1
1
1
1
1
1
1
1
1
1
1
0.918107354023084
0.864731193276967
1
1
1
1
1
1
1
1
1
1
1
1
1
1
1
1
1
1
1
1
1
1
1
1
1
1
1
1
1
1
0.872910110406705
1
1
1
1
1
0.894294146406223
1
1
1
1
1
1
1
1
1
1
1
1
1
1
1
1
1
1
1
1
1
1
1
1
1
1
1
1
0.987313046728651
1
1
0.973756156566615
1
1
1
1
1
0.886735276653679
1
1
0.887850465404914
1
1
1
1
1
1
1
1
1
1
1
1
1
1
1
1
1
1
1
1
1
1
1
1
1
1
1
1
1
0.973935849626642
1
1
0.99851742597467
0.907106557601982
1
1
1
1
1
0.850671920447587
1
1
0.931923696920861
0.864428397187004
1
1
1
0.998380508456551
1
1
1
1
0.945879493703934
1
1
1
1
1
1
0.997895531812407
1
1
1
1
0.998380508456551
1
1
1
1
1
1
1
1
1
1
1
1
1
1
1
0.628926150050533
1
1
1
1
1
1
0.92287656466398
1
1
1
1
1
1
1
1
1
1
0.937650848174207
1
1
1
1
0.998464278134528
1
0.976629858578617
1
1
1
1
1
1
1
1
1
1
1
0.951832118088538
1
0.992171847551506
1
1
1
1
0.917866128045663
1
1
1
1
1
1
1
1
1
1
1
1
0.903146873703717
1
1
1
1
1
0.653635677780254
1
1
1
1
1
1
1
1
1
1
1
1
1
1
1
1
1
1
1
0.913794272316152
1
1
1
1
1
1
0.764260418892001
1
1
1
0.931923696920861
1
1
1
1
1
1
1
1
1
0.827738606110998
1
1
1
0.649630543019984
1
1
1
0.949929012338283
0.909075883385465
1
1
0.986789753412942
1
1
1
1
1
1
1
1
1
1
1
1
1
1
1
1
1
1
1
1
1
1
1
1
0.79288054056645
1
1
1
1
1
0.998654292587146
1
1
1
1
1
1
1
1
1
1
1
0.94712904204871
1
1
0.851681883144934
1
1
1
0.985537140664452
1
1
0.999250177005266
1
1
1
1
1
1
1
1
1
1
1
1
1
1
0.977271075083129
1
1
1
1
1
0.914219504084511
1
1
1
1
1
1
1
0.998222533602587
0.958366268621842
1
1
1
1
0.982691913851287
1
1
1
1
1
1
1
1
1
1
1
1
1
1
1
1
1
1
0.886441190390895
1
1
0.987313046728651
1
1
1
1
1
1
1
1
0.898579913084481
1
1
1
1
1
1
1
0.976725677302693
1
1
1
0.873497632507222
0.877995299508766
1
1
1
1
0.913794272316152
1
1
1
1
1
1
0.851641660231991
1
1
1
1
1
0.997818761577752
0.891521995435744
0.973989008972801
1
1
0.92289727709487
1
1
1
1
0.904417399141272
1
1
1
1
1
1
1
1
1
1
1
1
0.87307901814018
1
1
0.851681883144934
1
1
0.990971277648296
1
1
1
1
1
1
1
1
1
1
1
1
1
1
1
0.905474153328422
0.998222533602587
0.936329679466956
0.998464278134528
1
1
1
1
1
1
1
1
1
0.824549760582099
1
1
1
1
0.98246364452252
1
1
1
1
1
1
1
0.983175988164298
0.838392864020048
1
1
1
1
1
1
1
1
1
1
1
1
1
1
1
1
1
1
1
0.987313046728651
1
0.919144566895444
0.931390204450974
1
1
1
1
0.997625604454972
1
0.639515252013825
0.550758566140762
1
1
1
1
1
1
1
1
1
1
1
0.90335863848728
0.990758782497201
0.99851742597467
0.867550535023797
1
1
1
1
1
1
1
1
1
0.987611751504492
1
1
1
1
0.970633080854487
1
1
1
1
1
0.81197503721573
1
1
1
1
1
1
1
1
1
0.73669537514945
1
1
1
1
0.907676012434857
1
1
1
1
1
1
1
0.904909435418846
1
1
0.796638300872207
1
1
1
1
1
0.914262673844071
1
1
1
0.99851742597467
0.977302579624731
1
1
1
1
1
1
1
1
1
0.972803461742998
1
0.874918865745382
0.867391289984087
0.863370839340095
1
0.997895531812407
0.893841474062466
1
1
1
1
0.998380508456551
0.92875080955472
0.995739049043237
1
1
1
1
1
1
1
1
1
1
1
1
1
1
1
1
1
1
0.990962768806869
1
1
1
1
1
1
1
1
1
1
1
1
1
1
1
1
1
1
1
1
0.917866128045663
1
1
1
1
1
1
1
1
1
0.93942953880731
1
1
1
1
1
1
0.971631256427042
0.968087279840941
1
1
1
0.948396642176582
1
1
1
1
1
1
1
1
1
0.804133486195223
1
1
1
1
1
0.972803461742998
1
1
0.887723729119944
1
1
1
1
0.9801406268222
1
1
1
0.998380957259953
1
1
1
1
1
1
1
1
1
1
1
1
1
1
1
1
0.897618568650215
1
1
1
1
1
1
0.982255278343335
1
1
1
0.98954436436387
1
1
1
0.916251042925089
1
1
0.998222533602587
1
1
1
1
1
1
1
1
0.969730978680674
1
1
0.977271075083129
1
0.984860069133803
0.91716400096962
1
1
1
0.985762930135412
0.926748722158362
1
1
0.885967527912015
0.997842205090772
0.853766580884069
1
1
1
1
1
1
0.816603842425448
0.997756593450364
1
1
1
0.882147965354705
1
1
1
1
1
1
0.864428397187004
1
1
1
1
1
1
1
0.99304924527197
1
1
1
1
1
0.921995018835116
1
1
1
1
1
0.886559231603702
1
1
1
1
1
1
1
1
0.887850465404914
1
1
1
1
1
1
0.880346233806976
1
0.998380508456551
1
1
1
0.949808217443713
1
1
1
1
0.878943005962847
1
1
1
1
1
1
1
1
0.852469032100625
1
1
1
1
1
1
0.981279748211988
1
1
1
0.981023104296108
1
1
1
1
1
0.973574419157914
1
1
1
1
1
1
1
1
0.895454700122028
0.815546992702477
0.974753225449654
1
1
1
1
0.885417279538741
1
1
1
0.957556397250296
1
1
1
1
1
1
1
1
1
1
1
1
0.983091336137657
1
1
1
1
1
1
0.855607597122898
1
0.921250099336741
1
1
1
1
1
1
1
1
1
1
1
0.970633080854487
1
1
1
0.998428261065926
1
1
1
1
1
1
1
1
1
0.958366268621842
1
1
1
0.983935540644924
1
1
1
1
1
0.882147965354705
1
1
1
1
1
1
1
1
0.982873794742321
1
1
1
1
1
1
0.941658140775883
1
1
1
1
0.926299250614749
1
1
1
1
1
1
1
1
1
0.982162142686118
0.851641660231991
1
0.985762930135412
1
1
1
1
1
1
1
1
1
1
1
1
1
1
1
1
1
1
1
1
1
1
1
1
0.574856686379771
1
0.974499794757029
0.747379225029656
0.921921766982085
1
1
0.94047203081852
0.90570226374479
1
1
1
1
1
1
1
1
1
1
0.885263471059384
1
1
1
1
1
1
1
1
1
1
0.98308614902542
1
0.992966381464102
1
1
0.873613996670104
1
1
1
1
0.936329679466956
0.939110190014473
1
1
1
0.98402164337425
0.995739049043237
1
1
1
1
1
0.906061913908913
1
1
1
1
1
1
1
1
1
0.896467769539152
1
1
1
1
1
1
1
0.982873794742321
1
1
0.895180350547002
1
1
1
1
1
1
1
1
1
1
1
1
0.63947575913791
1
1
0.972338749806128
1
0.926681947363298
1
0.931390204450974
1
1
1
1
1
1
1
1
1
1
1
0.918032962097599
0.997765885629689
1
1
1
1
1
1
1
1
1
1
1
0.918107354023084
1
1
1
0.913794272316152
1
1
0.822276290569974
0.885417279538741
1
0.998462835808584
1
1
1
1
1
1
1
1
1
1
0.990530770027348
1
1
0.918970545636349
1
0.804133486195223
1
1
1
0.638791032589104
1
1
1
1
1
1
1
1
1
1
1
1
1
1
0.998380957259953
1
1
1
1
0.987157620750479
1
0.936329679466956
1
1
1
1
1
1
1
1
0.889375521294593
1
1
1
1
1
0.851681883144934
1
1
1
1
0.88912322778195
1
1
1
0.994923111126686
1
1
1
1
1
1
1
1
1
1
1
1
0.997821815147524
0.929315188306423
1
1
1
1
1
0.937323911659922
1
1
1
0.968095621045109
0.838604596568429
1
1
1
1
1
1
1
1
1
1
1
1
1
1
1
1
1
1
1
0.877163933273727
1
1
1
1
1
1
1
1
1
1
0.975616395963496
1
1
1
1
1
1
0.997430768349172
1
1
1
0.979565757125238
1
1
1
0.955554587830877
1
1
1
1
1
1
1
1
1
1
1
1
1
1
1
1
1
1
1
1
1
1
0.981517160113449
1
1
1
1
1
1
0.994770020196267
1
1
0.974499794757029
1
1
1
1
1
1
1
1
1
1
0.88386614496079
1
1
1
1
1
1
1
0.992966381464102
1
1
1
1
1
1
1
1
1
1
1
1
1
1
1
1
1
0.89037683577294
1
1
0.997585497573812
0.948655568364049
1
1
1
1
1
1
1
1
1
1
1
1
1
1
1
1
1
0.929315188306423
1
1
1
1
1
1
1
1
1
1
1
1
0.99304924527197
1
1
1
0.924561867124815
0.951832118088538
1
1
1
1
1
1
1
1
1
1
1
0.948446173982228
0.907818477730781
1
1
1
1
1
1
1
1
1
1
1
1
1
1
1
1
1
0.998222533602587
1
1
1
0.816608948165644
1
0.897226992573425
1
1
1
0.98094658537882
1
1
1
1
1
1
1
1
0.816603842425448
1
1
1
1
1
1
1
1
1
1
0.983090835049273
1
0.999872058095476
1
1
1
1
1
1
1
1
1
0.94712904204871
1
0.99304924527197
1
0.975684429724189
0.942092713854766
1
1
0.917164110068502
1
1
1
1
1
1
1
1
1
1
1
1
1
1
1
1
1
1
1
1
0.85516118351343
1
0.867550535023797
1
1
1
1
0.970633080854487
1
1
1
1
1
1
1
0.952094122582055
1
1
1
1
1
1
1
1
1
0.982238488605435
1
1
1
1
1
1
1
0.979885371292622
1
0.994929169659455
1
1
1
0.974992039303253
0.872910110406705
1
1
1
1
1
0.958884105769684
1
1
1
1
1
1
0.924438163478281
1
1
1
0.922138308890962
1
1
1
1
1
1
1
1
0.913817339056644
1
1
0.909075883385465
1
1
1
1
1
0.958366268621842
0.924561867124815
1
1
0.97838835740005
1
1
1
1
0.998380508456551
1
1
1
1
0.918970545636349
1
1
1
1
0.988418300723859
1
0.999872058095476
0.830738278040688
1
0.907662022963908
1
1
1
1
1
1
1
1
1
1
1
1
1
0.999109132017685
1
1
1
1
1
1
1
1
1
1
1
1
1
1
1
1
1
1
1
1
0.73018016939488
1
0.853899431421831
1
1
1
1
0.866724330129061
1
1
1
0.924438163478281
1
1
0.895036297445736
0.98083406483818
1
1
1
0.918032962097599
1
0.796513279892082
1
1
0.914262673844071
1
1
1
0.911609789154538
1
1
1
1
1
0.987611751504492
0.976629858578617
0.924561867124815
1
