x
1
1
1
0.989800128644497
1
1
1
1
1
1
0.940581620064678
1
1
0.978057029667737
1
1
0.980937893148419
1
0.977831776597044
1
1
1
1
1
1
1
0.864681709811884
1
1
1
0.960054189487626
0.88958929844333
0.971848111654636
0.997952943974667
0.977799667700979
1
1
0.992802658959036
1
0.997952943974667
0.910484143017217
0.863282338502469
1
1
1
1
1
0.393176140933911
1
1
0.973532680137931
0.877229940339156
1
0.901804041676355
1
1
0.981652254034907
0.926123023213533
1
1
1
0.985427135282975
1
1
1
0.929631686551712
1
0.956138460742223
1
1
1
0.935240038947851
0.984353625913565
0.970579110330851
1
1
1
1
1
0.928207097644537
1
1
1
1
1
1
1
1
1
1
1
1
1
1
0.998481613031922
1
1
1
1
1
1
1
1
1
1
1
1
1
1
1
1
0.95121105965878
1
1
1
1
1
1
0.933757807634503
1
1
1
0.979183280822915
1
1
1
1
1
1
0.762735518480937
1
1
1
1
1
1
1
0.996275222768698
1
1
1
1
1
1
1
1
1
1
1
1
1
1
1
0.997345535135745
1
0.994748626884541
1
1
0.914468327146892
1
1
1
1
1
1
1
1
1
1
1
1
1
1
1
1
0.96259303348636
1
1
1
1
1
0.959525199510323
1
1
1
1
1
0.989000201687569
1
1
1
1
1
0.990257999590391
1
1
0.998526459711297
1
1
1
1
1
1
1
1
1
0.992802658959036
1
1
1
1
1
1
1
1
1
0.98385444100843
1
1
1
0.814242867776652
1
1
1
1
1
1
1
1
1
0.992802658959036
1
1
1
1
1
0.978456964963155
1
0.921998720198283
1
1
1
1
1
1
1
1
1
1
1
1
1
1
0.913789236809431
1
1
1
1
1
1
0.650618288411897
1
1
1
0.994453274996532
0.986982606262491
0.882609414663548
1
1
1
1
1
1
1
1
1
1
0.991266836657445
1
0.98385444100843
1
1
1
1
1
1
1
1
1
1
0.950648381259346
1
1
0.981576468110679
1
1
1
1
1
1
1
1
1
1
1
0.977831776597044
1
1
1
1
1
1
1
1
1
1
1
0.980777231982488
1
0.984035621664353
1
0.976571980150749
1
1
1
1
1
1
1
1
1
1
0.995431527601842
1
1
1
1
1
1
1
1
1
1
1
1
1
0.966454736215493
1
1
1
1
1
1
1
1
1
1
1
1
1
0.924293220577922
1
1
1
0.990721439808352
1
1
1
1
1
0.879584934133543
0.998381641715254
1
1
1
1
1
1
1
1
1
1
0.983215122463583
1
1
1
1
1
1
1
1
0.951028943474277
1
0.992986336815265
1
1
1
1
1
1
1
1
0.742101217537512
1
1
0.993491650745187
0.7185217641597
1
1
1
1
1
0.958841778036113
1
1
1
0.91391969320272
1
1
1
1
1
1
1
1
1
1
1
0.711434553724809
1
1
1
1
1
1
1
0.991137543931513
1
0.913201456768982
1
1
1
1
1
1
1
1
1
1
1
0.926224536029557
1
1
1
1
1
1
1
0.983174126164174
1
1
1
1
1
1
1
0.921158507947237
1
1
1
1
1
1
1
0.990721439808352
1
1
1
1
1
0.993106833436559
1
1
0.998852025315942
1
1
1
1
1
1
0.842324884425624
1
1
1
1
0.976094775171709
1
1
1
1
1
0.885754775329028
0.973672919260432
1
1
1
0.964743100047098
1
0.849524640969645
0.906907299475885
1
1
0.987143044015743
1
0.753135034528163
1
1
1
1
1
1
0.998592052966437
1
1
1
1
0.969425499897032
1
1
1
1
1
1
1
1
1
0.628665738974037
1
1
1
1
1
1
1
0.852541375069685
1
1
1
1
1
0.936344366121427
1
1
1
1
1
0.919356489148849
1
1
1
1
1
1
1
1
0.988276119374748
1
0.990257999590391
0.997933157818466
1
1
1
1
1
1
1
0.999578602729148
0.546128016623478
1
0.998526459711297
1
1
1
1
1
1
1
1
1
1
1
0.862769811167537
0.997284664222394
0.997994384034952
1
1
1
1
1
0.881543476683401
0.826982228573541
1
1
1
1
1
0.991840315436748
1
1
1
1
1
1
1
1
1
1
1
1
1
1
1
1
1
0.785389861620611
1
1
1
0.968434893285821
1
1
0.847639928618175
1
1
1
1
1
1
1
1
1
1
1
0.980621308682853
1
1
1
1
0.973409041159516
1
1
1
1
1
1
1
1
1
0.921158507947237
1
1
1
1
1
1
0.983505655024319
1
1
1
1
1
0.985947034278698
1
1
1
1
1
1
1
1
0.995571197510342
0.895250268162269
1
1
1
1
0.994183013490956
1
1
1
1
1
1
1
1
0.943235829638897
1
0.985947034278698
1
1
1
1
0.965725300852364
1
1
0.986101605778791
1
1
1
1
1
1
1
1
1
1
1
1
1
1
1
1
0.984036364862809
1
0.982784949717845
1
0.604297173626743
0.983014733213558
1
0.978554048491852
1
1
1
0.96830627402056
1
1
1
0.980621308682853
1
1
1
1
1
1
0.964327382683892
0.970579110330851
0.961829116642882
0.994245229484773
1
0.99551965881302
1
0.945765529329898
1
1
0.971782788100669
1
0.982557742309907
1
1
1
0.989398499755827
0.89353678738722
1
0.892900017183916
1
1
1
1
1
1
0.867055127111245
0.997952943974667
1
1
1
1
1
1
1
1
1
1
1
1
1
0.945636396161355
1
0.9327641803106
1
1
1
1
1
0.91761693802696
0.996776714360814
1
1
1
1
1
1
0.99551965881302
0.962765031593097
1
0.867055127111245
1
1
0.987112832585011
1
1
1
1
0.98063416476685
0.982273854276352
1
1
1
1
1
0.997993713638032
1
1
1
0.986459431979528
1
0.989398499755827
1
0.992058272526011
1
0.903768687447605
1
1
0.995073094318771
1
1
0.777512675988726
1
1
0.98063416476685
1
1
1
1
1
1
1
1
1
1
0.665923088987231
0.998207378240155
1
1
1
0.88958929844333
1
1
1
1
1
1
1
1
1
1
1
1
1
0.993934475143754
1
1
1
1
1
1
1
1
0.99138726030131
1
0.999578602729148
1
0.999181855211259
1
1
1
1
1
1
1
1
1
1
0.960054189487626
1
1
1
1
1
1
0.95155618417082
1
1
1
1
1
1
1
1
1
1
1
1
0.987013990523369
0.634870546894647
1
1
1
1
1
1
1
1
1
0.96037834746112
0.814242867776652
1
1
1
1
1
0.968865122382398
1
1
0.997345535135745
1
1
1
1
1
1
1
1
1
0.990689075533941
1
1
0.995431527601842
0.903413385123551
1
1
0.995431527601842
1
0.844380118899533
1
1
1
1
1
1
1
1
1
1
1
0.994183013490956
1
1
1
1
1
1
1
1
1
1
0.984353625913565
1
1
1
1
1
0.938346689656715
0.985947034278698
1
1
1
1
1
0.990257999590391
1
1
0.937208584902821
1
1
1
1
1
0.999181855211259
0.980777231982488
1
1
1
0.954568932374495
1
1
1
1
1
1
0.85473317988589
0.956138460742223
0.955228897092954
1
1
1
1
1
1
0.987307955790665
1
1
1
0.945239485262613
1
1
0.963048108924201
0.98385444100843
1
0.991683222154913
1
0.95155618417082
1
1
1
1
0.993934475143754
1
1
1
1
1
1
1
1
1
1
1
1
0.87297233136822
1
0.965149960961688
1
1
1
0.998852025315942
1
1
0.963450516438575
1
0.937548723378394
1
0.987112832585011
1
1
1
1
1
1
0.965417331619937
1
1
0.850251376410176
0.994453274996532
1
1
1
1
1
1
0.359681360124064
1
1
1
1
1
1
0.884365914141088
0.822220344781568
1
1
1
1
1
1
0.988276119374748
1
1
1
1
1
0.999006562100988
1
1
1
1
1
1
1
1
1
1
1
1
0.414293253665913
0.999006562100988
1
1
1
1
1
1
1
1
1
1
1
1
1
1
0.847074600652521
0.998290643728429
0.956966033233968
1
1
1
1
1
1
1
0.996275222768698
1
0.957083210095878
1
1
1
1
1
1
1
0.991177988559884
1
0.998290643728429
1
1
1
1
1
0.990689075533941
1
1
1
0.877773441667347
1
1
1
1
1
0.993704822840098
1
1
0.994072504334412
1
0.736412326323922
1
1
1
1
1
1
0.989800128644497
1
1
0.982858119547056
1
1
1
1
1
1
1
1
1
0.96830627402056
1
1
1
1
1
1
0.928767746043136
1
0.958157946686245
1
1
1
1
1
0.989800128644497
0.998130807299565
0.880942922814795
1
1
1
1
1
1
1
1
1
1
1
1
0.954200572005573
0.915061632963501
0.937493457405479
1
1
1
0.959525199510323
1
1
1
1
1
1
1
1
1
0.89353678738722
1
1
1
1
1
0.944884121322894
1
1
0.984036364862809
1
1
1
1
1
1
1
1
1
1
1
1
1
1
1
1
1
1
1
1
1
1
1
1
1
1
1
0.967135658855816
1
1
1
1
1
1
0.682286331856273
1
1
1
1
1
1
1
1
1
0.998207378240155
1
1
1
1
1
1
0.951028943474277
1
1
1
1
1
1
1
1
0.984353625913565
1
1
1
1
1
1
0.911529280922764
1
1
0.986982606262491
1
1
1
0.869279260046775
0.997993713638032
1
0.870657888952135
1
1
1
0.990689075533941
1
1
0.997284664222394
0.875552777685856
1
1
1
0.956755688962992
1
1
1
1
1
1
0.889115735044268
0.959876014687642
1
1
0.994245229484773
1
0.968434893285821
1
1
1
0.927499179511515
1
1
1
1
1
0.903768687447605
1
0.984353625913565
0.987307955790665
1
1
1
1
1
0.872028474454814
1
1
1
1
1
0.953678493383086
1
1
1
1
1
1
1
0.991098292967312
1
1
1
1
1
1
1
1
0.849524640969645
1
0.998381641715254
1
1
1
0.861975056233048
0.707629860695158
0.985471424916631
1
1
1
0.997346148521104
1
1
1
1
1
1
1
0.968434893285821
1
0.986718461492057
1
1
0.962113482611518
1
1
1
1
0.988734254085709
0.979678034617319
1
0.943235829638897
0.977799667700979
1
1
1
1
1
1
1
1
1
1
1
1
1
1
1
1
1
1
1
0.998060056407412
1
1
1
1
1
0.906907299475885
1
1
1
1
1
1
0.95121105965878
1
1
1
1
1
0.998130807299565
1
1
1
1
1
0.849739590725207
1
0.979080910957609
1
1
1
1
0.998714779564544
1
1
1
1
1
1
1
1
1
1
1
1
1
0.978009255114038
1
0.747171643007985
1
1
1
1
1
1
1
1
1
0.999058829434262
1
1
1
1
1
0.964926381294924
1
1
1
0.764422844177739
0.817445140455561
1
0.990257999590391
1
0.993491650745187
1
1
1
1
1
1
1
1
0.982326730881928
1
1
1
1
1
1
1
1
1
1
1
1
1
1
1
0.919356489148849
1
0.915061632963501
1
0.942473381959128
1
1
1
0.985028022478128
1
1
1
1
1
1
1
0.96259303348636
1
1
1
1
1
1
1
1
0.931109019375254
0.987307955790665
1
1
1
1
1
1
0.987112832585011
1
1
1
1
1
1
1
1
1
1
1
1
1
1
1
1
0.931362300486932
1
1
1
1
1
1
1
0.958157946686245
0.855495532511181
0.889080579842296
1
1
1
0.996132801439225
1
0.992461873589573
1
0.987307955790665
1
1
1
0.997994384034952
0.999578602729148
1
1
0.998733284388296
1
1
1
1
1
1
1
1
0.926123023213533
1
1
1
1
0.467362936604229
0.967472712829523
1
1
1
1
1
1
0.978009255114038
0.994245229484773
0.967135658855816
1
1
1
0.963048108924201
1
0.953678493383086
1
0.983014733213558
1
1
1
1
1
1
0.895780868337829
0.998852025315942
1
0.979678034617319
0.974736724203583
1
1
0.90570225955713
0.994748626884541
1
1
1
1
1
0.87297233136822
1
0.993292907114052
0.968865122382398
0.900645800857983
1
0.982557742309907
1
1
1
0.974736724203583
1
1
0.996132801439225
1
1
1
1
0.975312560974393
1
1
1
1
1
1
0.945636396161355
0.977139215862391
1
1
1
1
0.869279260046775
1
0.994245229484773
1
1
1
1
0.993704822840098
1
1
1
1
1
1
1
1
1
1
1
1
0.987013990523369
1
1
0.995829823571507
1
1
1
1
1
1
1
1
0.942473381959128
1
1
0.970608056386471
0.917572168423608
1
1
1
0.995073094318771
1
1
0.999578602729148
1
1
1
1
0.994183013490956
1
0.991218445821312
1
1
1
0.987617046064943
0.972709131534199
1
1
0.900818896696715
1
1
1
1
1
1
0.999381615015605
1
1
1
1
1
0.281678868167495
1
1
1
1
1
0.818011804343238
0.874225694756173
1
1
1
1
1
0.960054189487626
1
1
1
1
1
1
1
0.924361291042785
1
0.981116215187831
1
1
1
1
1
1
1
1
1
1
1
1
1
0.994453274996532
1
1
1
1
1
1
1
1
1
1
0.882890098423923
1
1
1
1
1
1
1
0.999870105997478
1
1
1
1
1
1
1
0.999058829434262
1
1
1
1
0.998526459711297
1
1
1
0.996776714360814
0.951422032150749
0.96091907391129
1
1
1
1
1
0.979762343933558
1
1
1
0.956755688962992
1
1
0.753685180954102
1
1
1
1
1
1
1
1
1
1
1
1
0.523298345756103
0.966571963526111
1
1
1
0.986101605778791
1
1
1
1
1
1
1
1
1
1
1
1
0.979678034617319
1
1
0.990257999590391
1
0.875552777685856
1
1
1
1
1
1
1
1
0.931835733919438
1
1
0.949795167369555
0.999870105997478
0.949052904643188
1
1
1
1
1
1
0.799512392675686
1
0.998526459711297
0.980621308682853
1
1
1
1
1
0.851082983308116
1
1
1
1
0.913863230236318
1
1
1
1
1
1
1
1
1
0.986391554607153
1
1
1
1
1
0.981576468110679
1
1
0.956088730501051
1
0.944341977406184
1
1
1
1
1
1
1
1
0.986101605778791
1
0.982007057915378
1
1
1
1
0.9686383424916
1
1
1
1
1
0.977139215862391
1
1
1
1
1
0.953227257832559
1
1
1
1
1
1
0.998290643728429
1
1
1
1
1
1
1
1
1
1
0.978009255114038
1
1
1
1
1
1
1
1
1
0.979080910957609
0.710959355594583
1
0.984353625913565
1
1
1
1
1
1
1
0.867152617419191
1
0.975312560974393
1
1
0.943734411884059
0.989000201687569
1
1
0.831528572457434
1
1
1
1
0.706599543009862
1
1
1
0.805426905595677
1
0.997952943974667
0.983143017864534
1
1
0.988734254085709
1
1
0.980883567648962
0.998130807299565
1
1
1
1
1
1
1
0.948203877217907
1
1
1
1
1
1
1
0.998381641715254
1
1
1
1
1
0.976308121451159
1
1
1
1
0.984612900609854
1
0.997294152367327
1
1
1
1
0.991683222154913
0.851082983308116
1
1
1
1
1
1
1
1
1
1
1
1
1
0.945765529329898
1
1
1
1
1
0.999578602729148
1
1
1
1
1
0.807969593836443
1
1
1
1
1
1
1
1
1
1
1
1
1
1
1
1
1
1
1
1
1
1
1
1
1
1
1
1
1
1
0.978057029667737
1
1
0.801359690765916
0.95155618417082
1
1
1
1
1
1
0.93097325556827
1
1
0.906907299475885
1
1
1
1
1
1
1
1
1
1
1
1
0.964926381294924
1
1
1
1
0.963819965072391
0.963048108924201
1
1
1
0.921998720198283
1
0.987112832585011
1
1
1
1
1
0.955286496244572
1
1
0.950648381259346
1
1
1
1
1
1
1
1
1
1
1
1
1
1
1
1
1
1
1
1
1
0.997309057034
1
1
1
1
1
1
0.973095878824977
1
1
1
1
1
1
1
1
1
1
1
1
0.967472712829523
1
1
1
1
1
1
1
1
1
1
1
0.973409041159516
0.639061654181746
1
1
1
0.947199440029729
1
1
1
1
1
1
1
0.981652254034907
1
1
1
1
1
0.924361291042785
1
1
0.999006562100988
1
1
0.93964642516706
1
1
1
1
0.910406727608366
1
1
1
1
1
1
1
1
1
1
1
1
0.969336765523789
1
0.960054189487626
1
1
1
1
1
1
1
1
0.999609555082445
1
1
1
1
1
1
1
1
1
1
1
1
0.999578602729148
1
1
1
0.911785415463045
0.93964642516706
1
1
0.971782788100669
1
1
1
1
1
1
1
1
0.963048108924201
0.946082250891264
1
1
1
1
1
1
1
1
1
1
1
1
0.987013990523369
1
1
1
1
1
1
1
1
0.999381615015605
0.990257999590391
1
0.960050245560411
1
0.787580765349702
0.89769080327326
1
0.998290643728429
1
1
1
1
1
1
1
0.982858119547056
1
0.928767746043136
1
0.992185545409946
1
1
1
0.993106833436559
1
0.985947034278698
0.997771101873871
1
1
1
1
1
1
1
0.970608056386471
0.989000201687569
1
1
1
1
1
1
0.999578602729148
1
1
0.742681916092964
1
1
1
1
1
1
1
1
0.889133496119
1
1
1
1
0.973409041159516
1
1
1
1
0.980240692307591
1
1
0.997345535135745
1
1
1
1
1
1
1
1
0.984036364862809
1
0.992185545409946
1
1
1
1
1
1
1
1
1
1
1
0.994072504334412
1
1
0.781445065992309
0.986982606262491
1
1
1
1
0.987013990523369
0.84224498876567
0.993934475143754
0.92139800894653
1
0.982557742309907
1
1
1
1
1
1
1
1
1
0.974191322254514
1
1
1
1
0.985016862088191
1
1
1
1
0.994183013490956
1
1
1
1
1
1
1
1
1
0.987112832585011
1
1
1
1
1
1
1
1
1
1
1
1
1
1
1
1
1
1
1
1
1
1
1
1
0.999181855211259
1
0.982273854276352
0.995073094318771
1
1
1
0.95121105965878
0.992802658959036
0.997993713638032
1
1
1
1
1
1
1
1
1
1
1
0.985947034278698
0.959693690524328
1
1
1
1
1
1
1
1
1
1
0.985016862088191
1
1
1
1
1
1
1
1
1
1
1
1
1
1
1
0.97556598980518
1
1
1
1
1
1
1
0.993847953181506
1
1
1
1
1
1
1
0.968865122382398
1
1
1
1
1
1
1
1
0.940581620064678
1
1
0.956319422574545
1
1
1
1
1
1
1
1
1
1
1
0.892066384909859
1
1
1
1
1
1
1
1
0.979402016692613
1
1
1
1
1
0.963450516438575
0.962765031593097
1
1
0.997821951469011
1
1
1
1
1
1
0.974736724203583
0.958316756963834
1
1
1
0.982858119547056
1
0.994748626884541
1
0.862892276336816
1
0.686428959145399
1
1
1
1
1
1
0.966597852233181
1
1
0.943734411884059
1
1
0.917111595696381
1
1
1
1
0.961829116642882
1
1
1
1
0.984353625913565
0.951428146801413
0.90869199238546
1
1
1
1
1
0.906311264277829
1
1
1
0.999381615015605
0.962765031593097
1
1
1
1
1
0.895887158352867
1
1
1
0.991840315436748
1
1
1
1
0.956088730501051
1
1
1
0.805602855417098
1
0.989398499755827
1
1
1
1
1
1
1
1
0.989800128644497
1
1
0.981757738846472
0.931792023519258
0.888568861080481
1
1
1
1
1
0.995073094318771
1
1
1
0.940581620064678
1
1
1
0.9493592226993
1
1
1
1
1
1
1
1
1
1
0.996275222768698
1
1
0.991840315436748
1
1
1
0.987079871352593
1
0.980883567648962
1
1
1
1
1
1
1
1
1
1
1
1
0.935046604117879
1
0.682286331856273
1
1
1
0.99103927144298
1
1
1
0.987307955790665
1
1
1
1
1
1
1
1
1
1
1
1
1
1
1
0.975312560974393
1
1
1
1
1
1
1
1
1
1
0.990179975778428
1
1
0.980883567648962
1
0.973050169229799
0.98385444100843
1
1
0.997952943974667
1
1
1
1
0.973672919260432
1
1
1
1
1
1
1
1
1
0.992320207751567
1
0.996776714360814
1
1
1
0.976224768422022
1
0.677372102737794
1
1
1
1
1
0.963450516438575
1
1
0.959525199510323
1
1
1
1
1
0.956319422574545
0.937208584902821
1
0.961829116642882
1
1
1
1
1
0.818431099316791
1
1
1
1
1
1
1
1
1
1
0.989000201687569
1
1
1
1
1
1
1
1
1
1
1
1
1
1
0.974191322254514
1
1
1
1
1
1
1
1
1
0.982007057915378
0.804158956183251
0.946208641929897
1
1
0.963048108924201
1
1
0.990689075533941
1
0.584466493668366
0.961491209173893
1
1
1
1
0.555944149592274
1
1
1
1
1
1
0.994748626884541
1
0.999181855211259
0.970608056386471
0.896609662090673
1
1
1
1
1
1
1
1
1
1
1
1
1
1
1
1
1
1
1
0.991683222154913
1
1
1
1
1
0.988658179406127
1
1
1
1
0.993520789655928
1
1
1
1
1
0.985471424916631
1
0.997722937890153
1
1
1
0.900404788832708
0.921158507947237
0.72780264941079
1
1
1
1
1
0.99551965881302
0.984353625913565
1
0.979252070006674
1
1
1
1
0.924588505506809
1
1
1
0.39635997993141
1
1
1
1
1
1
1
1
0.994453274996532
1
1
1
1
1
1
1
1
0.996132801439225
0.970608056386471
1
1
1
1
1
1
1
1
0.895887158352867
1
1
1
1
0.998714779564544
0.97150935824875
1
1
1
1
1
1
1
0.982326730881928
1
1
0.677900057559552
1
0.997420039187824
0.995829823571507
0.997171054606868
1
1
1
1
1
1
0.772520002552629
1
1
0.964743100047098
1
1
0.929447147116755
1
1
0.903251269595024
1
1
0.992320207751567
0.976028525600355
0.940581620064678
0.957431805870789
1
1
1
1
1
1
1
1
1
0.756267044532522
1
1
1
1
1
0.874225694756173
1
1
1
1
1
1
1
1
1
1
1
0.977139215862391
0.993704822840098
1
1
1
1
1
1
1
1
1
1
1
1
1
1
0.950648381259346
1
1
1
1
1
1
1
0.914768939536493
1
1
1
1
0.855495532511181
1
0.959525199510323
1
1
0.999181855211259
0.973672919260432
1
1
1
1
1
0.93129492069479
1
1
1
0.969195711699612
1
1
1
1
1
0.966223145478957
1
1
1
1
1
1
0.998592052966437
1
1
0.976224768422022
1
1
1
1
1
1
1
1
1
1
1
1
1
1
1
1
1
0.988276119374748
1
1
0.96937693113965
1
1
1
1
1
1
1
1
1
1
0.951428146801413
1
1
1
1
1
1
1
1
1
1
1
1
1
1
0.998381641715254
1
0.611879692761087
1
0.998481613031922
1
1
1
1
1
1
0.721909271059277
1
1
1
1
1
0.970761834432928
1
1
1
1
0.801359690765916
0.911495980739428
1
1
1
1
1
0.973050169229799
0.968434893285821
1
1
1
1
1
1
0.950585409344938
1
1
1
0.920938597153927
1
1
1
1
1
0.516299014809853
1
1
1
1
0.989000201687569
1
1
1
0.958157946686245
1
1
1
1
1
1
1
1
1
1
0.963048108924201
1
1
1
1
1
0.997345535135745
0.849739590725207
0.995073094318771
1
0.973532680137931
1
1
1
1
1
1
1
1
0.995431527601842
1
1
1
1
1
1
1
1
1
1
0.995567314405375
1
1
0.968865122382398
1
1
1
1
1
1
0.996275222768698
0.958600408993569
1
1
1
0.822220344781568
0.928767746043136
1
1
0.949795167369555
1
1
1
1
1
1
1
1
1
1
0.978456964963155
1
1
1
1
1
1
1
0.818011804343238
1
1
1
1
1
1
1
1
1
1
0.669646837462406
1
1
1
1
0.933649264359742
1
1
1
1
1
1
1
1
1
1
1
1
0.988276119374748
1
1
1
1
1
1
0.968434893285821
0.9574804591977
1
1
1
0.970608056386471
1
1
0.996776714360814
1
1
0.926123023213533
1
1
1
1
1
1
1
0.991137543931513
1
1
0.998381641715254
1
0.9975159893304
0.871514985915436
1
1
1
1
0.989000201687569
1
0.991868568260233
1
1
1
1
1
1
1
1
1
0.973909896073912
1
1
1
1
0.890639177659884
1
1
1
1
1
1
1
1
1
0.989051149172523
1
1
1
1
1
1
1
1
1
1
1
0.995829823571507
1
1
1
1
1
1
0.997171054606868
0.97150935824875
0.981526113399181
0.974918134651027
1
0.994072504334412
1
0.881543476683401
1
1
1
0.993491650745187
0.994245229484773
1
1
1
1
1
1
1
1
0.984612900609854
1
1
1
1
0.858621745025637
1
0.858420919056193
0.865485042004962
1
1
1
0.93769775184649
1
0.942473381959128
0.605320545797062
0.982326730881928
1
1
1
0.994245229484773
1
1
1
0.658407843444827
0.919356489148849
0.701923383898663
0.961491209173893
1
0.980937893148419
1
1
1
0.997592037286021
0.990257999590391
1
1
0.982007057915378
1
0.996275222768698
1
1
1
1
1
1
0.981921707159793
1
1
1
0.832878083511135
0.987617046064943
1
1
0.928664181034159
1
1
1
0.909615802797449
1
0.862769811167537
1
0.992986336815265
0.976571980150749
1
1
1
1
1
1
1
1
1
1
1
1
0.994748626884541
1
1
1
1
0.993491650745187
1
0.96091907391129
1
1
1
0.992610494390884
1
1
1
1
1
1
1
1
1
1
0.997771101873871
1
0.986982606262491
1
1
1
1
0.986391554607153
0.897745351024098
1
1
1
1
1
1
0.985947034278698
1
1
1
1
1
1
1
1
1
1
0.971782788100669
1
0.965483797676919
1
1
1
1
1
1
0.979080910957609
1
1
0.998714779564544
1
1
1
1
1
1
0.999609555082445
1
1
1
1
1
1
1
0.995431527601842
1
0.954568932374495
0.997345535135745
1
1
1
0.998130807299565
1
1
1
1
1
1
1
1
1
1
0.945674280191115
1
0.990689075533941
1
1
1
1
1
1
1
1
1
1
0.979252070006674
1
1
1
1
1
1
1
0.946208641929897
1
1
1
1
0.971848111654636
1
1
1
1
1
0.927499179511515
0.878135162511576
1
0.9493592226993
1
1
1
1
1
0.991840315436748
1
1
1
1
0.995829823571507
1
1
0.771330388490896
1
1
1
1
0.991459296570736
1
0.882565344270278
0.988419170977382
1
1
0.996275222768698
1
1
1
1
0.906392061275901
0.895250268162269
1
1
1
1
1
1
1
1
1
1
0.960054189487626
0.925851770770725
1
1
1
1
1
1
1
1
1
1
1
0.990689075533941
0.606993249162893
1
1
1
1
1
0.944020981281611
1
1
0.995571197510342
1
1
1
0.998290643728429
1
1
1
1
1
0.924588505506809
1
1
1
1
1
0.997420039187824
1
1
1
1
0.998714779564544
0.999006562100988
1
1
1
0.959525199510323
0.9327641803106
1
1
0.995829823571507
1
1
0.980211273012965
1
1
1
1
1
1
1
0.964169709923694
1
0.896609662090673
1
1
0.984036364862809
1
1
1
1
1
1
1
1
1
1
1
1
1
1
0.998714779564544
1
0.997722937890153
1
1
1
0.998714779564544
1
1
0.958987102712459
1
1
1
1
1
0.986459431979528
1
1
1
1
1
1
1
1
0.980184151491937
1
0.940581620064678
1
1
1
0.760365277483027
1
1
1
1
1
1
1
1
1
0.933100586452961
1
1
1
1
1
1
1
1
1
1
1
0.797199320560195
1
1
1
0.989000201687569
1
1
1
0.900645800857983
1
1
1
1
1
1
1
1
0.982273854276352
1
1
1
1
1
1
1
1
1
1
0.998290643728429
1
1
0.892343608860439
0.998130807299565
1
1
1
1
1
0.942969756491124
1
0.977586413934416
1
1
1
1
1
1
1
1
1
1
1
1
1
1
1
1
0.961829116642882
0.982326730881928
1
1
1
1
1
1
0.870089364968013
1
1
1
0.998381641715254
1
0.966597852233181
1
0.976224768422022
1
1
1
1
1
1
1
0.986101605778791
1
1
1
1
0.826712702617902
1
1
1
0.885754775329028
1
1
0.999181855211259
0.969467039216032
0.893965788722227
1
1
1
1
1
1
1
0.989800128644497
1
1
1
1
1
1
1
1
1
1
1
1
1
0.883214591490333
0.961491209173893
1
1
1
1
1
0.828456084177795
0.9493592226993
0.998712343471814
1
1
1
1
1
1
1
0.956883432134431
1
1
1
1
1
1
1
1
1
1
1
1
1
1
1
0.998852025315942
0.937548723378394
1
0.924588505506809
1
1
1
1
1
0.983014733213558
1
0.993704822840098
1
1
1
1
0.981526113399181
1
1
1
1
1
0.92361627656552
1
1
1
1
0.984353625913565
0.976224768422022
0.919356489148849
1
1
1
1
0.992320207751567
0.976094775171709
1
1
1
1
1
1
1
1
1
1
0.992610494390884
0.969195711699612
1
1
1
1
1
1
0.997345535135745
1
1
1
1
1
1
1
1
1
1
1
1
1
1
1
1
1
1
0.920932655214217
0.986982606262491
0.943235829638897
1
1
1
1
1
1
1
1
1
1
1
0.988734254085709
0.985947034278698
0.937548723378394
0.985016862088191
0.817445140455561
1
1
1
1
0.669015404014684
1
1
1
1
1
1
1
0.890639177659884
0.978810656601207
1
1
0.998733284388296
1
0.997993713638032
1
1
1
1
1
0.956883432134431
1
1
1
1
1
1
1
0.819451147035809
1
1
1
1
1
1
1
0.601775061531663
1
1
0.920066448498187
1
1
1
0.995571197510342
1
1
1
0.995567314405375
1
0.964169709923694
1
1
1
1
0.7777114192124
1
1
1
0.988658179406127
1
1
1
0.9574804591977
1
1
1
0.989000201687569
1
0.994453274996532
1
1
1
0.552366061942678
0.877773441667347
0.930325198737966
1
0.986459431979528
1
1
0.991683222154913
0.997284664222394
1
1
0.95155618417082
1
1
1
1
1
1
1
0.9686383424916
1
0.995431527601842
0.977265420022091
1
1
1
1
1
0.919356489148849
1
1
0.953678493383086
1
1
1
1
1
1
1
0.984612900609854
1
1
0.974736724203583
1
1
1
1
1
1
1
1
1
1
1
0.980310508211561
1
1
1
1
1
1
1
0.865485042004962
1
1
1
0.767517165193636
1
1
1
1
1
1
1
0.994748626884541
1
1
1
0.994748626884541
1
1
1
0.982909866102839
1
1
1
1
0.977831776597044
1
1
0.991323111958149
0.945674280191115
1
1
1
1
1
0.978810656601207
1
1
1
1
1
1
1
0.818011804343238
1
1
1
1
1
1
0.99787583579277
1
0.879962378424638
0.00260278836411378
1
1
1
0.997771101873871
1
1
1
1
1
1
1
0.937111420655545
1
1
1
1
1
1
1
1
0.760214607904963
1
1
1
1
1
1
0.9493592226993
1
1
1
1
1
1
1
1
1
1
0.985016862088191
1
1
1
1
1
1
0.919356489148849
1
1
1
1
1
0.885754775329028
1
0.857143008914672
1
0.996275222768698
1
1
1
0.913863230236318
1
1
1
0.994453274996532
1
0.965417331619937
0.95155618417082
1
1
1
1
1
1
0.999578602729148
1
1
1
1
1
1
0.820422037856945
1
0.950648381259346
1
0.959876014687642
0.991137543931513
1
0.989051149172523
1
1
1
1
1
1
1
1
1
1
1
0.917848711011644
1
1
0.554234564774504
1
1
0.716527811579678
1
1
1
1
1
1
1
1
1
1
1
1
0.622816931721939
1
1
1
1
1
1
1
1
0.892066384909859
1
1
1
1
1
1
1
1
0.979252070006674
1
0.476871049838373
1
1
1
1
1
1
1
1
1
1
1
1
1
0.997326390245516
1
1
1
1
1
1
1
0.936409012979614
1
1
1
0.99103927144298
1
1
1
1
1
0.375640736439064
0.992766847326947
1
0.924588505506809
0.993934475143754
1
0.984036364862809
1
1
1
1
1
1
0.989398499755827
1
1
0.993704822840098
1
1
0.965149960961688
1
1
1
1
0.976571980150749
1
1
1
0.968865122382398
1
1
1
1
1
1
1
1
1
1
1
1
1
1
1
1
1
1
1
0.991683222154913
1
1
1
1
1
1
1
1
1
1
1
0.994245229484773
1
0.998290643728429
1
1
1
1
1
1
0.987617046064943
1
1
1
1
1
1
0.992802658959036
0.835901187057533
1
0.99551965881302
0.592620733617461
1
1
0.963450516438575
1
1
1
1
1
1
1
1
0.971096163412517
0.950821174284007
1
1
1
1
1
0.947199440029729
1
0.973672919260432
1
0.982784949717845
1
1
1
1
1
1
1
1
1
1
1
1
1
1
1
1
1
1
0.997171054606868
1
1
1
1
1
1
1
0.996776714360814
1
1
1
1
0.998852025315942
0.959525199510323
1
1
1
1
0.988734254085709
1
1
1
1
1
1
0.990179975778428
1
0.941018836645551
1
1
1
1
0.998592052966437
0.990179975778428
1
1
1
1
1
0.970761834432928
1
1
1
1
1
0.960998397798268
1
1
1
0.944020981281611
1
0.438675671710176
1
1
0.955286496244572
0.967472712829523
1
1
1
1
1
1
1
1
1
1
0.998712343471814
1
1
1
1
1
1
1
0.998130807299565
1
1
1
1
1
1
1
1
1
1
0.958600408993569
1
1
1
1
1
1
1
1
0.985947034278698
0.999578602729148
1
1
0.966571963526111
1
1
1
1
1
1
1
1
1
1
1
1
1
1
1
1
1
1
1
0.882890098423923
1
1
1
1
1
1
1
1
1
1
0.953227257832559
1
1
1
1
1
1
0.917572168423608
1
1
1
0.987617046064943
1
1
1
1
1
0.981652254034907
1
1
0.983143017864534
1
0.636332110601116
1
1
1
1
1
1
1
1
1
1
1
1
1
0.999181855211259
1
1
1
1
1
1
1
0.981921707159793
1
1
1
1
1
1
1
1
1
1
1
1
0.992802658959036
1
1
1
1
1
1
1
1
1
1
0.959525199510323
1
1
1
0.998733284388296
0.922603354972212
0.946082250891264
1
1
1
0.993491650745187
1
1
0.99547032055531
1
0.993934475143754
1
1
1
1
0.955228897092954
1
0.993292907114052
1
1
1
1
1
1
1
1
1
1
1
0.933649264359742
1
1
1
1
1
0.983143017864534
0.991539250483096
1
1
0.945765529329898
1
1
1
1
0.774886557966015
1
1
1
1
1
1
0.991723031647971
0.978009255114038
0.987013990523369
0.990689075533941
1
1
1
0.882565344270278
0.945645687118183
1
1
0.992461873589573
1
1
1
1
1
0.972314782409591
0.996776714360814
1
1
1
1
1
1
1
1
1
1
0.998207378240155
1
1
1
1
1
1
1
1
1
1
1
0.992610494390884
1
0.832650576794427
1
0.992766847326947
0.970176529726557
1
1
0.880398604252465
0.547207290588182
0.969467039216032
1
1
1
1
1
1
1
1
1
1
1
1
1
1
1
1
0.207173201232909
1
1
1
1
0.981921707159793
0.870089364968013
1
0.991723031647971
1
1
0.870089364968013
0.973178800445201
1
1
0.843858706207385
0.961829116642882
1
1
1
0.965149960961688
1
1
1
1
0.899872508478724
0.966454736215493
0.995571197510342
1
0.988734254085709
0.99551965881302
0.814242867776652
1
1
1
0.803787353732329
0.958841778036113
0.986459431979528
1
1
1
1
0.957240004947417
1
0.998852025315942
1
0.979252070006674
1
0.943734411884059
1
0.946082250891264
1
1
1
1
0.995571197510342
1
1
1
1
1
1
1
1
1
1
1
0.928664181034159
1
1
1
1
1
1
1
1
1
0.65677453088863
0.956755688962992
1
1
1
1
1
1
1
1
1
1
0.986459431979528
1
0.882565344270278
1
1
0.981652254034907
1
1
1
1
1
0.931792023519258
1
1
1
1
1
1
0.792308239997676
1
1
1
1
0.681300348077144
1
1
1
0.991539250483096
0.997592037286021
1
0.997345535135745
1
1
1
1
1
1
1
1
1
1
0.43351709142695
1
0.35328663050343
1
1
1
1
0.959525199510323
0.476000157664125
1
0.994453274996532
1
1
1
1
0.997677156400006
0.993106833436559
0.993934475143754
0.977139215862391
1
1
1
1
1
1
0.96899817856546
1
0.967472712829523
1
1
1
0.904932327746187
1
1
0.979678034617319
0.966223145478957
1
0.915061632963501
1
1
1
1
1
0.87965381649441
1
1
1
1
1
0.991868568260233
1
1
1
1
1
1
0.992320207751567
1
1
1
1
0.983505655024319
1
1
0.995073094318771
1
0.977265420022091
0.779330793677048
1
0.985471424916631
1
0.998592052966437
1
1
1
0.968865122382398
1
1
1
0.906311264277829
1
1
1
1
1
1
1
1
0.916653461535414
1
0.401638292983315
1
1
1
1
1
1
0.988658179406127
0.997345535135745
1
1
1
1
0.976224768422022
1
1
1
1
1
1
0.661044385388391
1
1
1
1
0.984036364862809
1
1
1
1
1
0.7114910962375
1
1
0.917848711011644
1
1
1
1
1
1
1
1
0.842161669068733
0.911785415463045
1
1
1
1
1
1
1
1
1
1
1
1
1
1
0.973166552890227
1
1
0.988734254085709
1
1
1
1
1
0.984353625913565
0.985471424916631
1
1
1
1
1
1
1
1
1
1
1
1
1
1
1
1
1
1
0.99728962098996
1
0.849739590725207
0.528771799732959
1
1
1
1
1
1
1
1
1
1
1
0.660108205621576
0.995073094318771
1
1
1
1
0.972709131534199
0.977831776597044
0.951428146801413
1
1
0.997933157818466
0.966223145478957
1
1
0.993934475143754
1
1
1
1
1
1
0.623909197273707
0.978009255114038
1
0.993847953181506
1
1
1
1
1
1
0.970761834432928
1
0.905398659704014
1
1
1
1
1
1
1
0.911529280922764
0.983143017864534
1
1
1
1
1
1
1
1
1
0.90869199238546
1
1
1
1
1
1
0.974191322254514
1
0.979080910957609
1
1
1
1
0.997993713638032
1
1
1
1
1
1
1
1
1
1
0.702249519605218
0.994748626884541
1
1
1
1
1
1
1
0.985471424916631
1
1
1
1
1
1
1
1
1
1
1
1
1
1
1
1
1
1
1
1
1
0.993704822840098
1
1
1
0.998290643728429
1
1
1
0.998381641715254
0.975925494318836
0.995829823571507
1
0.976028525600355
0.971096163412517
1
1
1
1
0.892250698754989
1
1
1
0.639226815617083
0.858420919056193
1
1
1
1
1
1
1
1
0.991137543931513
1
0.999381615015605
1
1
1
1
0.999006562100988
1
1
1
0.944183018551919
1
1
1
1
1
1
1
1
0.999578602729148
1
1
1
1
1
1
1
1
1
1
1
1
1
1
1
1
1
1
1
0.942473381959128
1
1
0.982858119547056
1
1
1
1
0.995073094318771
1
1
1
1
1
1
1
1
1
1
1
1
0.173891168698977
0.975922790137298
1
1
0.984612900609854
0.615729068356759
0.972639135238083
1
1
1
0.988658179406127
1
1
1
1
1
1
1
1
1
1
0.821172391977136
0.98385444100843
1
1
1
0.989398499755827
1
1
0.981312271503502
1
1
0.978810656601207
0.76840161944381
1
1
1
1
1
0.990721439808352
1
1
1
1
1
0.979641591008355
1
1
1
1
1
0.998130807299565
1
1
1
1
1
1
1
1
1
1
1
1
1
0.997552833336778
1
1
1
1
1
1
1
1
1
1
1
1
1
1
1
0.727616725808442
0.98385444100843
1
1
1
0.951028943474277
0.981652254034907
1
1
1
1
1
1
1
0.987617046064943
1
1
1
1
0.982909866102839
1
0.982713955824705
1
1
0.843919282804574
1
1
1
1
0.935934131044013
1
1
1
1
1
0.972265255184803
0.882141512260073
1
1
1
1
1
1
1
1
1
1
1
0.979641591008355
1
1
1
1
0.978456964963155
1
1
1
1
1
1
1
0.987013990523369
1
1
1
1
1
0.937208584902821
1
0.995829823571507
1
1
1
1
1
0.997345535135745
1
1
1
1
1
1
1
1
1
0.998712343471814
1
1
1
1
1
1
1
1
1
1
1
0.93783575672598
1
1
1
1
1
0.978554048491852
1
1
0.973050169229799
1
1
1
0.882565344270278
1
1
0.995567314405375
1
1
1
1
1
1
0.841282822352582
0.459357583697744
1
1
1
1
0.974630166626554
1
1
0.9975159893304
0.986459431979528
1
0.958841778036113
1
0.982909866102839
1
0.92604691489782
1
1
1
0.981652254034907
1
1
1
1
1
1
1
1
1
0.998592052966437
1
0.950585409344938
1
1
1
0.988734254085709
1
1
1
1
0.998526459711297
1
0.689070862295187
1
1
1
1
1
1
1
1
1
1
1
1
1
0.564575984111599
1
0.467362936604229
1
1
0.995073094318771
1
1
0.990721439808352
1
1
1
1
0.998130807299565
1
1
1
1
1
1
1
0.828063708002841
0.861975056233048
0.979762343933558
1
1
0.967135658855816
1
1
1
0.953678493383086
1
1
1
0.762735518480937
1
0.979678034617319
1
0.998712343471814
0.990257999590391
0.994072504334412
1
1
1
0.881171582773516
1
1
1
1
1
1
1
1
1
1
0.981652254034907
1
1
1
1
1
0.960054189487626
0.993292907114052
1
1
0.99138726030131
1
1
1
1
1
1
1
1
1
1
1
1
1
1
1
1
1
1
0.855495532511181
1
1
0.852541375069685
1
1
0.893965788722227
1
0.976571980150749
0.945645687118183
1
1
1
1
1
0.973548467773475
1
0.992986336815265
0.981116215187831
0.928664181034159
1
1
1
0.935046604117879
0.968865122382398
1
1
1
1
0.999058829434262
1
0.937111420655545
0.535204108167565
1
1
1
1
1
1
1
0.994748626884541
0.920932655214217
1
1
1
1
1
1
1
0.978810656601207
1
1
1
1
1
1
1
1
1
1
1
1
1
1
1
1
0.980621308682853
0.997368336487675
0.973403257920088
1
1
0.814053023164297
1
0.971782788100669
1
1
0.993847953181506
1
1
1
1
1
1
1
1
1
1
1
1
0.970608056386471
1
1
1
1
1
1
1
1
1
0.973095878824977
1
1
1
0.982062460583904
1
1
1
1
1
1
1
1
1
1
1
1
1
1
1
0.925977821706419
1
0.978057029667737
0.988658179406127
1
1
1
1
1
1
1
1
0.947447975615067
1
0.900951147653437
1
1
1
0.850251376410176
1
0.982557742309907
1
1
1
1
1
0.997677156400006
1
1
0.976571980150749
0.966223145478957
1
1
0.980621308682853
0.924588505506809
1
0.946822698732416
1
1
0.979080910957609
1
1
1
1
1
1
1
1
0.973095878824977
0.998207378240155
1
1
0.964169709923694
1
1
1
1
1
0.945534960324052
1
1
1
0.999870105997478
1
1
1
1
1
1
1
1
1
1
1
1
1
1
1
0.980621308682853
1
1
1
1
1
1
1
1
1
1
1
1
1
1
0.992610494390884
1
1
1
1
1
1
1
1
1
1
1
1
1
1
1
1
1
1
1
1
1
1
1
1
1
1
1
1
0.976224768422022
1
1
1
1
1
1
1
1
1
1
0.985427135282975
1
1
0.899830562396434
1
1
0.882858995397921
0.965149960961688
1
0.926224536029557
1
1
0.848746466703902
1
0.976571980150749
0.803403278424424
0.945133679212943
1
1
1
1
1
1
1
0.828456084177795
1
1
1
1
1
1
1
1
1
1
1
1
1
1
1
1
1
1
1
1
1
1
1
1
1
1
1
0.974191322254514
1
0.999578602729148
1
1
1
1
1
1
1
1
1
1
1
1
1
1
1
1
1
0.966454736215493
1
1
1
1
0.920938597153927
0.932597696224257
1
1
1
1
1
1
1
1
1
1
0.982909866102839
1
1
1
0.997171054606868
1
1
1
1
1
1
1
1
1
1
1
1
1
1
1
1
1
1
0.979641591008355
0.990179975778428
1
1
1
0.99551965881302
1
1
1
1
1
1
1
1
1
1
1
0.935046604117879
0.981652254034907
1
1
1
0.985947034278698
1
1
1
1
1
1
1
1
1
1
1
1
1
1
1
1
1
1
0.96130926760889
1
1
1
0.990689075533941
1
1
0.99277195483182
1
1
1
1
1
1
1
1
0.979641591008355
1
1
0.951428146801413
1
1
1
1
1
0.911495980739428
1
0.76840161944381
1
1
1
1
1
1
1
1
1
0.99728962098996
1
1
1
1
1
1
1
0.985427135282975
1
1
1
1
1
0.983143017864534
1
1
1
0.996471693977433
0.767517165193636
1
1
1
1
1
1
1
1
1
0.976516062966119
1
1
1
0.94377679503698
1
1
1
1
1
1
1
1
0.931792023519258
1
1
1
1
1
1
1
1
1
1
1
1
1
0.969925356609536
1
1
1
1
1
1
1
1
1
1
1
1
1
0.966223145478957
0.995829823571507
1
1
0.973532680137931
1
1
1
1
1
1
1
1
1
1
1
1
1
1
1
0.512552915481661
1
1
1
1
1
1
0.995571197510342
1
1
1
1
1
1
1
1
1
1
1
1
1
0.994245229484773
1
1
1
1
1
1
1
1
0.992766847326947
1
0.901804041676355
1
1
1
1
1
1
0.961497729469305
1
1
0.994748626884541
0.992058272526011
1
1
1
0.965149960961688
1
1
1
1
1
1
1
1
1
0.849280948913519
1
1
1
1
1
0.996471693977433
1
1
1
1
1
1
1
1
1
0.993879759337973
1
0.970608056386471
0.977831776597044
1
1
1
1
1
1
1
1
1
0.973091851820816
0.997993713638032
1
1
1
0.836714415342602
0.997993713638032
1
1
1
1
1
1
1
1
1
1
1
1
1
0.899872508478724
1
0.997171054606868
1
1
1
1
0.982007057915378
1
0.979080910957609
1
1
1
1
1
1
1
1
1
1
1
0.960054189487626
1
1
0.95653176825773
0.924361291042785
0.978810656601207
0.986827873382428
0.961829116642882
1
1
0.771763331581744
1
0.899872508478724
1
1
1
0.392464199919243
1
1
0.92139800894653
1
0.998852025315942
1
1
1
0.976028525600355
1
1
0.956138460742223
1
1
1
1
0.689070862295187
1
1
0.98385444100843
1
1
1
1
1
1
1
1
1
1
0.928767746043136
1
0.998712343471814
1
1
0.930177062794847
1
1
1
0.985028022478128
1
1
1
0.918803130036835
1
0.998381641715254
1
1
1
0.410896475336735
1
0.937548723378394
0.767814147775209
0.991908048971593
0.975922790137298
0.997993713638032
1
1
1
1
1
1
1
1
1
0.956138460742223
1
0.966597852233181
1
1
1
1
1
1
1
0.836714415342602
0.716026736347106
0.914574993071722
1
1
0.955690339878392
1
1
1
0.9975159893304
1
0.933649264359742
1
1
1
0.88159403102409
1
1
1
1
1
1
1
0.935240038947851
1
1
1
1
1
1
1
1
0.92139800894653
1
1
1
1
1
1
1
0.784683320362325
0.934815199179089
1
1
0.980615957944194
1
1
1
0.650226564510124
1
1
1
0.99277195483182
1
1
1
1
1
1
0.999609555082445
1
0.998290643728429
0.890842730439661
1
1
1
0.995571197510342
1
1
1
1
1
1
1
1
1
0.998733284388296
1
1
1
1
1
1
0.967472712829523
1
1
1
0.848645656385899
1
1
0.999006562100988
1
1
1
1
1
1
1
1
1
0.989800128644497
1
0.986718461492057
1
1
1
0.97556598980518
1
1
1
1
1
1
1
0.980937893148419
1
0.683349534319
0.740192442206087
0.985016862088191
1
1
1
1
1
1
1
0.997993713638032
0.885260430129856
1
1
1
1
1
1
1
1
1
1
1
1
1
1
1
1
1
1
1
1
1
1
0.620204779413111
1
0.953678493383086
0.982784949717845
1
1
1
0.996776714360814
1
1
1
0.976028525600355
1
1
1
1
1
1
1
1
1
1
1
0.997392963346226
1
1
1
1
1
1
1
1
1
1
1
1
1
1
1
1
0.980621308682853
1
1
1
1
1
1
1
1
1
1
0.92604691489782
1
1
0.987617046064943
0.974191322254514
1
1
1
1
1
0.932597696224257
1
0.947447975615067
0.95458190707183
1
1
0.770838504602134
0.949054268349039
1
1
1
1
1
1
1
1
1
1
1
1
1
1
1
1
1
1
0.992802658959036
1
0.989800128644497
1
1
0.978057029667737
0.997345535135745
1
1
1
0.992986336815265
1
1
1
1
1
1
1
1
1
1
0.997345535135745
1
1
1
1
1
1
0.818431099316791
1
1
1
1
1
0.998290643728429
1
1
0.953678493383086
1
0.94377679503698
1
1
1
1
1
1
1
1
1
1
1
1
1
1
1
1
1
1
1
1
0.973091851820816
1
1
1
1
0.973091851820816
0.984612900609854
1
0.915481239525945
1
1
1
1
0.947487860189269
1
1
1
0.995073094318771
1
0.910496922384357
1
0.958841778036113
1
1
1
1
1
1
1
1
1
1
1
1
1
1
1
1
1
1
1
1
1
1
1
1
1
1
1
1
1
1
0.658709683902387
1
0.987307955790665
0.997994384034952
1
1
1
1
1
0.982858119547056
0.867152617419191
1
1
1
1
1
1
1
0.88958929844333
1
1
0.978009255114038
0.95155618417082
1
0.973091851820816
1
1
1
1
0.973166552890227
1
0.994453274996532
1
1
1
1
0.992766847326947
1
1
1
1
1
0.979402016692613
1
0.861975056233048
1
0.974736724203583
1
0.884656869939521
0.996275222768698
0.996275222768698
1
0.96037834746112
0.991683222154913
1
1
1
1
1
1
1
1
1
0.983215122463583
1
1
1
1
1
1
1
1
1
1
0.982784949717845
1
1
1
1
1
1
0.998733284388296
1
1
1
1
1
1
1
0.997952943974667
0.979762343933558
1
1
0.990689075533941
1
1
0.994183013490956
1
1
0.951428146801413
1
1
1
1
1
1
1
1
1
1
1
1
0.991908048971593
1
0.984222679863683
1
1
1
1
1
0.986982606262491
1
0.976224768422022
1
1
1
1
1
1
0.903413385123551
0.748725281226414
0.997677156400006
1
1
1
1
1
1
1
1
1
1
1
1
1
1
1
1
1
0.645430616773231
0.998130807299565
0.570727986386712
1
1
1
1
1
1
1
1
1
1
1
1
1
1
1
0.996776714360814
1
1
1
1
1
1
1
0.858621745025637
1
1
1
1
1
1
1
1
0.626331314826654
1
1
1
1
1
1
0.994748626884541
1
1
1
1
1
1
1
0.926574790352213
1
1
1
1
1
1
1
1
1
1
1
1
1
1
1
1
1
1
1
1
1
1
1
1
1
1
1
1
1
1
1
1
1
1
1
0.96259303348636
1
1
1
1
1
1
1
1
1
0.992986336815265
1
1
1
1
0.991723031647971
1
0.962765031593097
1
1
1
1
1
1
0.976571980150749
1
1
0.974191322254514
0.957435643559925
1
1
1
1
1
0.91761693802696
1
1
1
1
1
1
1
1
1
1
1
1
1
1
1
1
1
1
0.959693690524328
1
1
1
1
1
1
1
1
1
1
0.966223145478957
1
0.892066384909859
1
0.925790077919531
1
1
1
1
1
1
1
1
0.996275222768698
1
1
1
1
1
1
1
1
1
1
0.917572168423608
1
1
1
1
0.989398499755827
1
1
1
1
1
1
1
1
0.97150935824875
1
1
1
0.955286496244572
1
0.965149960961688
0.991908048971593
1
0.999870105997478
1
0.962113482611518
1
0.774721363897845
0.93769775184649
0.987307955790665
1
0.961491209173893
0.796291116148474
0.453741899070461
1
1
0.986459431979528
1
1
0.624997679277833
1
0.996132801439225
1
0.955286496244572
1
1
1
1
1
1
0.998481613031922
1
1
1
1
1
1
1
1
1
0.935046604117879
0.96091907391129
0.999578602729148
1
1
1
1
1
1
0.992461873589573
1
1
0.922603354972212
1
1
1
1
1
0.992320207751567
0.980240692307591
1
0.909541945046398
1
1
1
1
1
0.647241226098666
0.997552833336778
1
1
1
1
1
1
1
1
1
0.977139215862391
0.977265420022091
1
1
0.755585127385924
1
1
1
1
1
1
1
1
1
1
1
0.817445140455561
1
1
1
1
0.458361136351477
0.956319422574545
1
1
1
0.993934475143754
1
1
1
1
0.947447975615067
0.945645687118183
1
0.99728962098996
1
1
0.726591736779931
1
0.855495532511181
1
1
0.998714779564544
0.999578602729148
1
1
1
0.901411603037414
1
1
1
0.968865122382398
1
1
1
1
1
1
1
1
0.984036364862809
0.737473569388921
1
1
1
1
1
1
1
0.997552833336778
1
1
0.946208641929897
1
0.904031261322463
1
0.933100586452961
1
1
0.966571963526111
1
1
1
1
1
0.841282822352582
1
1
0.980883567648962
1
1
1
1
1
1
0.822871784670313
0.968434893285821
1
1
1
1
0.944672400413313
1
1
1
1
1
1
0.960050245560411
1
1
1
1
1
1
1
0.892343608860439
1
1
1
1
0.994748626884541
1
1
1
1
0.71608144230787
1
1
1
1
1
1
1
1
0.832374906125772
1
1
1
1
1
1
1
1
0.90570225955713
0.979080910957609
0.899695008633783
1
1
0.997994384034952
1
1
1
0.168795130478975
1
1
0.988658179406127
1
1
1
1
1
1
1
0.998381641715254
1
1
1
1
1
1
1
0.977799667700979
1
1
0.989800128644497
0.965725300852364
1
1
1
1
1
1
1
1
0.874225694756173
0.935934131044013
1
1
1
1
1
1
1
1
1
1
1
1
1
1
1
1
0.982326730881928
1
1
1
0.985471424916631
1
1
1
1
0.99728962098996
1
1
1
1
1
1
1
1
0.995431527601842
1
1
1
0.99787583579277
1
1
1
1
1
0.993704822840098
1
1
0.980883567648962
1
0.982273854276352
1
0.976713076012284
1
0.990721439808352
1
0.977831776597044
1
1
0.987143044015743
1
0.949785546285032
1
1
0.907244486322547
1
1
1
1
1
1
1
1
0.998733284388296
1
1
1
1
0.961491209173893
1
1
1
1
1
0.675235198960891
1
1
1
1
1
0.945534960324052
1
0.806511055158514
1
1
1
1
1
1
0.947447975615067
1
1
1
1
1
1
1
1
1
1
1
1
1
0.992461873589573
0.900951147653437
1
0.416267248318503
1
1
1
1
1
1
0.9493592226993
1
1
0.961497729469305
0.760365277483027
1
1
1
1
1
1
1
1
1
1
1
1
1
1
1
0.999058829434262
0.969336765523789
1
0.911785415463045
0.68192272442441
0.932979331774841
1
1
1
1
1
1
1
1
1
1
0.982909866102839
0.696038417903277
1
1
1
1
1
1
1
0.991177988559884
1
0.992610494390884
1
1
0.996275222768698
1
1
1
1
0.9574804591977
1
1
1
1
1
1
1
1
1
1
1
1
1
1
1
1
1
1
0.966454736215493
1
0.997952943974667
1
1
1
0.999006562100988
1
1
1
1
1
1
1
1
0.976571980150749
1
1
1
1
1
1
1
1
1
1
1
1
1
0.421031374611583
1
0.982858119547056
1
1
0.818431099316791
0.953510799901063
0.982273854276352
1
1
1
1
1
1
1
1
1
0.909615802797449
1
1
0.818011804343238
1
1
1
0.99787583579277
1
1
1
0.999870105997478
1
0.960054189487626
1
1
1
1
1
1
1
1
1
1
0.990179975778428
1
0.975312560974393
1
1
1
1
1
1
1
1
1
1
1
1
1
1
0.970579110330851
1
0.966223145478957
1
1
1
1
0.928664181034159
1
1
1
1
1
1
1
1
1
1
0.998060056407412
1
1
1
0.993704822840098
1
1
1
0.985471424916631
1
0.56046242968204
0.250318941086191
0.966223145478957
0.992766847326947
1
1
1
0.842161669068733
1
0.989800128644497
1
0.86241538793767
1
1
1
1
1
1
0.904932327746187
1
1
1
0.984036364862809
1
1
1
1
1
1
1
0.981921707159793
1
1
1
1
0.978009255114038
1
1
1
1
1
1
1
1
1
1
1
0.938346689656715
1
1
1
0.989800128644497
1
1
1
1
1
1
1
0.96830627402056
0.882565344270278
1
1
1
0.983174126164174
1
1
1
0.987617046064943
1
1
0.154258276909205
1
1
1
1
1
1
1
0.976571980150749
1
1
1
1
1
1
1
1
1
0.998733284388296
1
1
1
1
0.796291116148474
0.99728962098996
1
0.992802658959036
1
1
0.9574804591977
1
1
1
1
1
1
1
1
0.984353625913565
1
1
1
1
1
1
1
1
1
1
1
0.996471693977433
1
1
0.985016862088191
1
1
1
1
1
0.967472712829523
1
1
0.974630166626554
1
1
1
1
1
1
1
1
1
1
1
0.985427135282975
1
1
0.998733284388296
1
1
0.999181855211259
1
1
1
1
1
1
1
1
0.819691287897184
1
1
0.996132801439225
0.951428146801413
1
1
1
1
0.99138726030131
1
1
1
1
1
1
1
1
1
1
1
1
0.945734746741591
0.997345535135745
1
1
1
1
1
1
1
0.882565344270278
0.947199440029729
1
0.935934131044013
1
1
1
1
1
0.931109019375254
1
0.585842096632897
1
1
1
1
1
0.969425499897032
1
1
0.977799667700979
1
0.90570225955713
1
1
1
1
0.790570192579942
0.973672919260432
1
0.974736724203583
0.976713076012284
0.561035737369794
1
0.869279260046775
1
1
1
1
1
0.984612900609854
0.998290643728429
1
1
0.977586413934416
0.986391554607153
1
0.952696646424422
1
1
1
1
1
1
1
1
0.828456084177795
0.960054189487626
1
0.988734254085709
1
1
0.935046604117879
1
1
1
0.460064401545807
0.992986336815265
1
1
1
1
1
1
1
1
1
1
0.974522660298611
1
1
0.956088730501051
1
0.990721439808352
0.955228897092954
1
1
1
1
1
1
1
1
1
1
1
1
0.995073094318771
1
1
1
1
1
1
0.998526459711297
1
0.935240038947851
1
1
1
1
0.913863230236318
1
1
1
1
1
1
1
1
0.848424640046381
1
1
1
1
1
0.948203877217907
1
1
1
1
1
1
1
0.978554048491852
1
1
1
1
1
1
1
0.935934131044013
1
1
0.973091851820816
1
0.980937893148419
0.980253163503567
1
1
1
1
1
1
0.995567314405375
1
1
1
1
0.996275222768698
1
1
0.951422032150749
1
1
1
1
0.978292981888115
1
1
1
1
1
1
1
1
0.983143017864534
0.974191322254514
1
0.914468327146892
1
1
1
1
0.378248257429012
0.998481613031922
1
1
1
1
1
0.992461873589573
1
1
1
0.889080579842296
0.982784949717845
1
1
1
1
1
1
0.990689075533941
1
1
1
0.991266836657445
1
0.991137543931513
1
1
1
1
1
1
0.97556598980518
0.995571197510342
1
1
1
1
1
0.919356489148849
1
1
1
1
1
1
0.983174126164174
1
1
1
1
1
1
1
1
1
1
1
1
1
1
1
1
0.989800128644497
1
1
1
1
1
1
0.958157946686245
1
1
1
1
1
1
1
1
0.975922790137298
1
0.971096163412517
1
1
1
1
0.68165606492616
1
1
1
1
1
1
1
1
1
1
0.892900017183916
1
0.966571963526111
1
1
1
0.956319422574545
1
1
1
1
1
1
1
1
0.945636396161355
1
1
0.485104815614174
1
1
1
1
1
1
0.992802658959036
1
1
0.956138460742223
1
1
1
1
1
1
1
1
0.593386420941836
1
1
1
0.997345535135745
1
1
1
1
0.986391554607153
1
1
1
0.973409041159516
0.989000201687569
1
1
1
0.979252070006674
0.951422032150749
1
1
0.990721439808352
1
0.906907299475885
1
1
1
1
1
1
1
1
1
1
1
1
1
1
0.983014733213558
0.762866287037471
1
0.998060056407412
1
1
0.987617046064943
1
1
1
1
1
1
1
1
1
1
0.953227257832559
0.987112832585011
1
1
1
1
1
1
1
1
0.928767746043136
1
1
0.974736724203583
1
1
1
1
0.985427135282975
1
1
1
1
1
1
1
1
1
0.843919282804574
1
1
1
1
1
0.987112832585011
1
1
1
0.633118403825502
1
1
0.993292907114052
1
1
1
1
1
0.956883432134431
1
0.969701692020114
1
0.953678493383086
1
1
1
1
1
1
1
1
1
1
0.983215122463583
1
0.87686567910576
1
0.867152617419191
1
1
1
0.990257999590391
1
1
0.608878239035598
1
1
0.913201456768982
0.932597696224257
1
1
1
1
0.991938659686519
1
1
1
1
0.944891383346443
1
0.977831776597044
1
0.964327382683892
1
1
1
1
1
1
1
1
0.987079871352593
0.88958929844333
1
0.976224768422022
1
1
1
1
0.976094775171709
1
1
1
1
0.960998397798268
1
1
1
1
1
0.969925356609536
1
0.994748626884541
0.998381641715254
1
1
1
1
1
0.181131315823005
1
1
1
1
1
1
1
1
0.976308121451159
1
0.993292907114052
1
1
1
1
0.984353625913565
1
1
1
1
1
1
1
1
1
1
0.973281866303839
1
1
1
1
0.943901332175884
0.990689075533941
0.992610494390884
1
1
1
0.972709131534199
1
0.574226253109847
1
1
1
1
0.980777231982488
1
1
1
1
1
1
1
1
1
1
1
1
1
1
1
1
1
0.982713955824705
1
1
1
1
1
1
1
1
1
1
1
1
1
1
1
1
0.974736724203583
1
1
1
1
1
1
0.964926381294924
1
1
0.952508658240218
0.933757807634503
1
1
1
1
0.994072504334412
0.990179975778428
1
1
1
0.982909866102839
1
0.964743100047098
1
1
0.984222679863683
1
1
1
1
1
1
1
0.997633517909698
1
1
1
1
1
1
1
1
0.988658179406127
1
1
0.890677743795828
0.997771101873871
1
0.979678034617319
1
1
0.966223145478957
0.828451044893719
0.993491650745187
1
1
1
1
1
1
1
1
1
1
1
1
1
1
1
1
1
1
0.980240692307591
0.615137763107972
1
1
1
1
1
1
0.991840315436748
1
1
1
1
1
1
0.982909866102839
1
0.993879759337973
1
1
0.897745351024098
0.999609555082445
1
1
1
1
1
1
0.96564758775966
1
1
0.686428959145399
1
1
1
1
1
1
1
1
0.480201388413889
1
0.966223145478957
1
1
1
1
1
0.99551965881302
1
1
0.99277195483182
0.989000201687569
1
0.976571980150749
1
1
0.986101605778791
0.925851770770725
0.735298363900572
0.937548723378394
0.998130807299565
0.843919282804574
1
1
0.900951147653437
1
1
1
1
1
0.98063416476685
1
1
1
1
1
1
0.848860988777402
1
0.972709131534199
1
1
1
0.889115735044268
0.997821951469011
1
0.978810656601207
0.991723031647971
1
0.997592037286021
0.838331652843245
1
0.932597696224257
1
1
1
1
1
1
1
1
1
1
1
1
1
1
1
0.998714779564544
0.537684602929043
1
1
1
1
1
1
0.999870105997478
1
0.892900017183916
1
1
0.994748626884541
0.986718461492057
0.928767746043136
1
1
1
0.966454736215493
1
1
1
1
1
1
1
0.616931997986167
1
1
1
0.87678731589883
1
1
1
1
0.997993713638032
1
0.973409041159516
1
1
1
1
1
1
1
1
1
1
0.869279260046775
1
1
1
1
1
1
1
1
0.970895970292999
1
1
1
1
1
1
1
1
1
1
1
1
1
1
1
0.961497729469305
1
0.987112832585011
1
1
0.89353678738722
1
1
1
1
1
0.872028474454814
1
1
0.999181855211259
1
0.857143008914672
1
0.886561828104903
1
0.999181855211259
1
1
1
1
1
0.975922790137298
0.984612900609854
0.934815199179089
1
0.9493592226993
1
1
1
1
0.988658179406127
1
1
1
0.974191322254514
1
1
0.966223145478957
1
1
1
0.991137543931513
0.985028022478128
1
0.95155618417082
1
0.999058829434262
1
0.982326730881928
0.976224768422022
1
1
1
0.947447975615067
1
1
1
1
1
1
1
0.993847953181506
1
1
1
1
1
1
0.986101605778791
1
1
0.941018836645551
1
0.928767746043136
0.979641591008355
1
1
0.981652254034907
1
0.963048108924201
0.969505482247483
1
1
1
0.937208584902821
1
1
0.997345535135745
1
1
1
1
0.224631454147904
1
0.891708153475793
0.344089252166474
1
1
1
1
1
0.93129492069479
1
1
1
0.945674280191115
1
1
0.987112832585011
1
1
1
1
1
1
1
0.88779619724235
1
1
1
1
1
0.953678493383086
1
1
1
1
1
1
0.920066448498187
1
1
1
0.982784949717845
1
1
1
1
1
0.945133679212943
0.999006562100988
1
1
1
1
1
0.992802658959036
0.984353625913565
0.819451147035809
1
1
1
0.990257999590391
1
1
0.501344382677348
1
1
1
1
1
1
1
1
1
1
1
0.951028943474277
1
1
1
1
1
1
0.993292907114052
1
1
1
0.895887158352867
1
1
1
1
1
1
1
1
1
1
1
1
1
1
1
1
1
1
1
1
1
0.990721439808352
0.979080910957609
1
1
1
1
1
1
1
1
1
1
1
0.914532721976311
0.993106833436559
1
1
1
1
1
1
1
1
0.982858119547056
1
0.979252070006674
0.998852025315942
1
1
1
1
1
1
1
1
1
1
1
1
1
0.9574804591977
1
1
1
1
0.944884121322894
1
1
1
0.979762343933558
1
1
1
1
0.997284664222394
1
1
1
1
1
1
1
1
1
0.986982606262491
1
1
1
1
0.955286496244572
1
1
1
1
1
1
1
1
1
1
1
1
0.994245229484773
0.9327641803106
1
0.942778880161281
1
1
1
1
1
1
1
1
1
1
1
0.993491650745187
1
1
0.952696646424422
1
1
1
1
0.981652254034907
1
1
0.999006562100988
1
1
1
1
1
1
1
1
1
1
0.998592052966437
0.921158507947237
1
1
1
1
1
1
1
1
1
1
1
0.989000201687569
1
1
1
1
1
1
1
1
0.734897584460998
1
1
1
1
1
1
1
0.930325198737966
1
0.968865122382398
1
1
0.972314782409591
1
1
1
0.929247100880834
0.964743100047098
0.434790922115965
0.998733284388296
1
1
1
1
1
1
0.95155618417082
1
1
1
1
1
1
1
1
1
1
1
1
1
1
0.975922790137298
1
1
1
0.998526459711297
1
1
1
1
1
1
1
1
1
1
1
1
0.993704822840098
0.924588505506809
1
0.911785415463045
1
0.997345535135745
1
1
1
0.965149960961688
1
0.919356489148849
1
1
0.935240038947851
0.984353625913565
1
1
1
0.991840315436748
1
1
1
1
1
1
1
1
1
1
1
1
1
1
1
1
1
0.917848711011644
1
1
1
1
1
1
1
1
0.993934475143754
1
1
1
1
1
1
0.820192575205053
1
1
0.424870492408688
1
1
1
1
1
1
1
1
0.340746810337238
1
1
1
1
0.979762343933558
1
0.967472712829523
1
1
1
0.916509384795221
1
1
1
0.906395489585099
1
1
0.968434893285821
1
1
0.996275222768698
1
1
0.989800128644497
1
1
0.974630166626554
0.870038113389516
1
0.93769775184649
0.988276119374748
1
1
1
1
1
1
1
1
1
1
1
1
1
1
0.997284664222394
1
1
1
1
0.984353625913565
1
1
1
1
1
1
1
1
1
1
0.943235829638897
1
1
1
1
0.997771101873871
1
1
1
1
1
1
1
1
1
1
1
1
1
1
0.990721439808352
0.99551965881302
1
1
1
1
1
1
1
1
1
0.928185243437603
1
1
1
1
1
1
0.92361627656552
1
1
1
1
0.999870105997478
1
0.838073119583882
1
1
0.999058829434262
1
1
1
1
1
0.96130926760889
1
0.994453274996532
1
1
1
1
1
1
1
1
1
1
0.94377679503698
1
0.998481613031922
1
1
0.931362300486932
1
0.994453274996532
1
1
0.998290643728429
0.996471693977433
0.975312560974393
0.972314782409591
1
1
1
0.96564758775966
1
1
1
0.952696646424422
1
1
0.991683222154913
1
0.987112832585011
1
0.960050245560411
1
1
1
1
1
1
1
1
1
1
0.924588505506809
1
1
0.720413381841807
1
1
1
1
1
1
1
1
1
1
1
1
1
1
1
1
1
1
1
1
1
1
1
0.992931916045621
1
1
1
1
1
1
1
1
0.99728962098996
1
1
0.928207097644537
1
1
1
1
1
1
1
1
1
0.99277195483182
1
1
1
1
1
1
1
1
1
1
1
1
1
1
0.976094775171709
1
0.994453274996532
1
0.94377679503698
1
1
0.819691287897184
1
1
0.973532680137931
1
1
1
1
1
1
1
1
1
1
1
1
1
0.980777231982488
0.997368336487675
1
1
1
1
1
1
1
1
1
1
1
1
1
1
1
1
1
1
1
0.999006562100988
1
0.989398499755827
0.969467039216032
1
1
1
0.994453274996532
0.924588505506809
1
1
1
1
1
1
1
1
1
1
0.876594516195448
1
1
1
1
0.92361627656552
1
1
0.990689075533941
1
1
1
1
0.951028943474277
0.999578602729148
1
0.997952943974667
1
0.961829116642882
1
0.885754775329028
1
1
1
1
1
0.997592037286021
1
1
1
1
1
1
1
1
1
1
1
1
0.968865122382398
1
1
1
1
1
1
1
1
1
1
1
1
1
1
0.99551965881302
1
0.989000201687569
1
1
1
1
1
1
1
1
0.988734254085709
1
0.997284664222394
1
1
1
1
1
1
1
1
0.958157946686245
1
1
0.995571197510342
1
1
1
1
1
1
1
1
1
1
1
1
1
1
1
0.685346975363223
1
1
1
1
1
1
1
1
1
1
0.989800128644497
1
1
1
1
1
1
1
1
1
1
1
1
1
1
0.930325198737966
1
1
1
1
1
1
1
1
1
0.929247100880834
1
1
1
1
1
1
1
1
1
1
0.998733284388296
1
1
1
1
1
1
1
1
1
1
1
1
1
1
1
0.956138460742223
0.790376307023578
1
1
1
1
0.943591506945357
1
1
1
1
1
0.879596649482066
1
1
0.998733284388296
1
1
0.822187629685489
1
1
1
1
1
1
1
1
1
1
1
1
1
1
1
1
1
1
1
1
1
1
0.994183013490956
1
0.974736724203583
1
1
1
1
1
0.91158832829129
1
1
0.640644746596892
1
1
1
1
1
1
1
0.93783575672598
1
1
1
1
1
1
1
1
0.949278952278541
0.997171054606868
1
0.999578602729148
1
1
1
1
1
1
1
1
1
1
1
1
1
1
1
1
1
1
1
1
1
1
1
1
1
1
1
1
1
1
0.998130807299565
0.843919282804574
1
1
1
1
1
0.914574993071722
1
1
1
1
1
1
1
0.838422966529073
1
1
1
1
0.937208584902821
1
1
1
1
1
0.762866287037471
0.998381641715254
1
1
1
1
1
1
1
1
1
1
1
1
1
1
1
1
1
1
1
1
1
0.864681709811884
1
1
1
1
1
0.963819965072391
1
1
1
1
1
1
1
1
0.706641189246844
1
1
1
1
1
1
1
0.999181855211259
1
1
1
1
1
1
1
1
1
1
1
1
1
1
1
1
0.995567314405375
1
1
0.992461873589573
1
0.997345535135745
1
1
1
0.689912348263569
1
0.800209962959441
1
1
1
1
1
1
1
0.814242867776652
1
1
1
0.968434893285821
0.961497729469305
1
1
1
1
1
1
1
1
1
1
1
1
1
1
1
0.975922790137298
1
0.995073094318771
1
1
1
1
1
1
1
0.992766847326947
1
1
0.997345535135745
1
0.784996190118947
0.96830627402056
1
1
1
0.980621308682853
1
1
1
1
1
0.921158507947237
1
1
1
1
1
0.99787583579277
1
1
0.751226022665368
0.819691287897184
1
0.953510799901063
1
1
1
1
1
0.914468327146892
1
1
1
1
1
1
1
0.970608056386471
1
1
1
1
1
1
0.965483797676919
0.991137543931513
1
0.749322147975563
1
1
1
1
0.982557742309907
1
1
1
1
1
1
1
1
1
1
1
1
1
0.992185545409946
0.996776714360814
1
1
1
0.998060056407412
1
0.990721439808352
1
1
1
1
1
1
1
1
0.973091851820816
1
1
1
0.987079871352593
0.955690339878392
1
0.922813432545351
1
0.964169709923694
0.603845942224836
1
1
1
1
1
0.979678034617319
1
0.973672919260432
1
1
0.730013506245412
1
0.9686383424916
1
1
1
1
1
0.946787614112524
1
1
1
1
1
1
1
1
1
1
1
1
0.975922790137298
1
0.995073094318771
1
1
1
1
0.910484143017217
1
1
0.930177062794847
1
1
1
1
1
1
1
1
0.952508658240218
1
1
1
1
1
1
1
1
1
1
1
1
0.985427135282975
1
1
1
1
1
1
1
0.981921707159793
1
1
1
1
1
1
1
1
1
1
0.999381615015605
0.996776714360814
1
1
1
0.803787353732329
1
1
1
1
1
1
1
1
1
0.964926381294924
1
1
0.99103927144298
1
0.999181855211259
1
0.972639135238083
1
1
0.955690339878392
1
1
0.997345535135745
1
1
1
1
1
1
1
1
0.949054268349039
0.978554048491852
1
1
1
1
1
1
1
1
1
1
1
1
1
1
1
0.460064401545807
1
1
1
1
1
0.997552833336778
1
1
1
1
1
1
1
1
1
1
1
1
0.844380118899533
1
1
1
1
1
1
1
1
0.762866287037471
1
0.997933157818466
1
1
1
1
1
1
1
1
1
1
0.946822698732416
1
0.572425854478335
1
1
1
1
0.88958929844333
1
1
1
0.988276119374748
1
1
1
1
1
1
1
1
1
1
1
0.977265420022091
1
1
0.984353625913565
1
1
0.683349534319
0.998207378240155
1
1
1
1
1
1
1
0.924588505506809
1
1
0.859258329374393
1
1
1
1
0.897745351024098
1
1
1
1
1
1
1
0.969425499897032
1
0.985471424916631
0.991868568260233
1
1
0.88779619724235
1
1
1
0.981312271503502
1
1
1
1
1
0.92361627656552
1
0.988276119374748
1
0.974522660298611
1
1
1
0.966597852233181
1
0.989000201687569
1
1
1
1
1
1
0.986459431979528
1
1
1
1
0.951428146801413
1
1
1
0.998060056407412
1
1
1
1
1
1
1
1
0.938346689656715
1
1
1
1
0.85473317988589
0.673099647515015
0.981116215187831
1
1
1
1
1
0.980883567648962
1
1
1
1
1
1
1
1
1
1
0.981921707159793
1
1
0.917111595696381
1
1
0.96259303348636
0.992931916045621
0.981652254034907
1
1
1
1
1
1
0.994453274996532
1
1
1
0.96830627402056
1
1
1
1
1
1
1
0.812606020420089
1
0.944891383346443
1
1
1
1
0.849524640969645
1
0.976094775171709
1
1
1
1
1
1
1
0.988276119374748
1
1
1
1
1
1
1
1
0.967472712829523
0.961829116642882
1
1
0.94377679503698
0.961497729469305
1
1
1
1
1
1
1
0.51278859371692
0.986101605778791
0.983143017864534
1
1
1
1
1
0.990721439808352
0.978810656601207
1
1
1
1
1
1
1
1
0.983143017864534
1
1
1
1
1
1
1
0.873361340012475
1
1
1
1
1
0.992802658959036
0.953222569789781
1
1
1
1
1
1
1
1
0.95155618417082
0.815419210794073
1
1
0.971782788100669
0.969425499897032
0.986391554607153
1
0.994183013490956
1
1
1
1
1
1
1
1
1
0.960050245560411
0.849280948913519
1
1
1
1
1
1
1
0.99138726030131
0.992610494390884
1
1
1
1
1
1
1
0.993704822840098
1
1
1
1
1
1
1
1
1
1
1
1
0.606420684420017
1
0.998592052966437
1
1
1
1
1
1
1
1
1
1
1
1
1
1
1
0.991137543931513
1
1
0.998733284388296
1
1
1
1
0.990721439808352
1
0.931835733919438
1
1
1
1
1
1
1
1
1
0.240483726772384
1
1
0.85473317988589
1
1
1
1
1
1
1
1
1
1
1
1
1
1
1
0.993491650745187
1
0.977799667700979
1
1
1
1
1
1
1
0.998481613031922
0.710959355594583
1
1
1
1
1
1
1
1
1
1
0.987143044015743
1
1
1
1
1
1
1
1
1
1
0.999381615015605
1
1
1
0.723714486161204
1
1
1
1
1
1
1
1
1
0.92140442181641
1
1
1
0.979023364115192
1
1
1
1
1
1
1
1
1
0.327222453101044
1
1
1
1
0.733205411363785
1
1
0.886443894928499
1
1
1
0.990721439808352
1
1
1
0.991683222154913
1
1
0.760365277483027
1
1
0.999870105997478
1
1
1
1
1
1
1
1
1
1
1
1
0.971096163412517
1
1
1
1
1
0.997284664222394
1
0.96130926760889
1
1
1
1
0.996471693977433
1
1
1
1
1
1
1
1
1
1
0.978810656601207
1
0.961491209173893
1
1
1
0.88779619724235
1
1
1
1
0.991868568260233
1
1
1
1
1
1
1
1
1
1
1
1
1
1
1
1
1
0.954200572005573
1
1
1
1
1
1
1
0.979252070006674
1
0.997722937890153
1
0.97150935824875
1
0.979762343933558
1
1
0.754534135998388
1
1
1
1
0.868587684916417
1
1
1
1
1
1
1
1
1
0.913863230236318
1
1
1
1
0.982273854276352
1
0.897745351024098
1
0.997281691339503
0.972639135238083
1
1
1
1
1
1
0.986101605778791
1
1
1
1
0.896609662090673
0.998733284388296
0.892250698754989
1
0.981921707159793
1
1
0.983143017864534
1
1
1
1
1
1
1
1
1
1
1
1
1
1
0.935934131044013
1
0.987013990523369
1
1
1
1
1
1
1
1
1
1
1
1
1
1
0.988419170977382
1
0.986459431979528
1
0.990721439808352
1
0.977265420022091
1
1
1
1
1
1
1
1
1
1
1
0.981526113399181
1
0.893965788722227
1
1
1
1
1
1
1
1
0.982784949717845
1
1
0.982326730881928
1
0.986718461492057
1
1
0.997259373112358
1
0.973100408542932
1
0.992766847326947
1
1
1
1
1
0.89769080327326
1
0.982909866102839
1
1
1
1
1
1
0.981312271503502
0.906392061275901
1
1
1
0.726215729434993
1
0.989000201687569
1
1
1
1
1
1
1
1
1
1
0.924588505506809
1
0.994453274996532
1
1
1
1
1
1
0.987079871352593
1
1
0.963450516438575
1
1
1
1
1
1
1
1
1
1
0.931725911273673
1
1
1
1
0.943734411884059
1
1
1
0.9686383424916
1
0.645430616773231
1
1
1
0.983014733213558
1
1
1
1
1
0.991868568260233
1
1
1
1
1
0.940051758498179
1
1
0.937548723378394
1
1
1
1
1
1
1
1
0.971096163412517
1
1
1
1
1
1
1
1
1
1
1
1
1
1
0.893965788722227
0.300648814807948
0.958157946686245
1
1
0.994072504334412
0.99551965881302
1
1
1
0.978554048491852
1
1
1
1
1
1
1
1
1
0.799108170568236
1
1
1
1
0.997326390245516
1
1
1
1
1
1
0.937548723378394
1
1
1
1
1
1
1
1
1
1
1
1
0.995829823571507
1
1
0.982326730881928
1
1
1
1
1
0.974191322254514
0.975925494318836
0.991539250483096
0.73072865027129
1
1
1
1
1
1
1
1
1
0.820192575205053
1
1
1
1
1
1
1
1
0.903768687447605
1
1
1
1
1
1
1
0.721964215741485
1
1
1
1
1
1
1
1
1
1
1
1
0.990179975778428
1
0.818391901169863
1
0.929247100880834
0.9493592226993
1
1
1
0.945121909634751
1
1
1
1
1
1
1
1
1
1
0.970579110330851
1
1
1
1
1
1
1
0.966223145478957
1
1
1
1
1
1
1
1
1
1
1
1
0.985471424916631
0.992320207751567
1
1
0.997346148521104
1
1
1
1
0.937111420655545
0.954568932374495
0.981652254034907
1
1
1
1
1
1
1
0.984353625913565
1
1
1
1
1
0.992986336815265
1
1
1
1
1
1
0.848645656385899
1
1
1
1
0.984353625913565
1
0.855090683255363
1
1
1
0.925786617013438
0.971096163412517
1
0.855495532511181
1
1
1
0.997952943974667
1
1
1
1
1
0.976571980150749
0.994748626884541
1
1
1
1
1
1
1
1
1
1
0.966223145478957
1
1
1
1
1
1
1
1
0.907244486322547
1
1
1
0.943729915335777
1
1
1
1
1
0.997933157818466
1
1
1
1
1
1
1
1
0.26944628469677
1
0.955228897092954
1
1
1
0.936409012979614
1
1
1
1
1
0.628665738974037
0.997284664222394
1
1
1
0.991908048971593
1
1
1
1
0.969425499897032
1
1
0.917572168423608
1
0.982557742309907
1
1
1
1
1
1
0.997420039187824
1
0.997171054606868
1
1
1
1
1
0.989398499755827
1
1
1
1
1
1
0.885754775329028
1
1
1
1
1
1
1
1
1
1
1
0.951428146801413
1
1
1
0.720828776656738
1
0.959876014687642
1
1
1
1
1
1
1
1
1
0.943235829638897
1
0.986459431979528
1
1
1
1
1
1
1
1
1
1
1
1
1
1
1
0.996275222768698
1
1
0.988276119374748
0.917572168423608
1
1
1
1
0.801359690765916
0.879512379088184
1
1
0.958600408993569
1
0.966571963526111
1
1
1
1
1
1
1
0.862769811167537
1
1
1
0.992610494390884
1
1
1
1
1
1
0.970176529726557
1
1
0.949795167369555
1
0.913201456768982
1
0.858420919056193
1
0.918803130036835
1
0.975312560974393
1
0.944884121322894
1
1
1
1
1
1
0.991683222154913
1
0.942868512545689
1
1
1
1
1
1
1
1
1
1
1
1
0.999870105997478
1
1
1
1
1
1
0.998207378240155
1
1
1
1
1
1
1
1
1
0.997171054606868
1
1
1
1
1
1
1
1
1
1
0.955228897092954
1
1
1
1
0.995567314405375
1
1
0.99551965881302
1
1
1
1
0.99787583579277
0.988734254085709
1
1
1
1
1
1
1
1
1
1
0.689912348263569
1
1
1
1
1
1
1
1
1
1
1
0.943124894030517
1
1
1
1
1
1
1
1
1
1
1
1
0.960050245560411
1
1
1
1
1
1
0.972709131534199
1
0.889115735044268
0.994748626884541
1
1
1
1
1
1
1
1
0.965483797676919
1
1
1
1
1
1
1
1
1
1
1
1
1
1
1
0.960050245560411
1
1
1
0.960998397798268
0.989051149172523
1
1
1
0.974918134651027
0.992320207751567
0.997345535135745
1
1
0.992986336815265
1
1
1
1
1
0.937111420655545
1
1
1
1
1
1
1
1
1
1
1
1
1
1
1
0.999381615015605
1
1
1
1
1
0.992610494390884
1
1
1
1
1
1
0.997345535135745
1
1
1
1
1
1
1
1
1
0.978810656601207
1
1
1
1
1
1
1
0.983505655024319
1
1
0.991105516308432
1
1
1
1
1
1
1
0.987112832585011
1
1
0.869279260046775
1
1
1
1
1
1
1
1
1
1
0.828456084177795
1
0.980184151491937
1
1
1
0.979762343933558
0.983143017864534
0.992931916045621
1
1
0.862892276336816
1
0.988658179406127
1
1
0.997993713638032
1
1
1
1
0.982858119547056
1
1
1
1
1
1
1
0.547929244678465
1
1
1
1
0.885260430129856
1
1
1
1
1
0.847639928618175
1
1
1
1
1
1
1
1
1
1
1
1
1
1
1
1
1
1
1
1
1
1
1
1
0.992058272526011
1
1
1
1
1
0.985947034278698
1
1
0.991840315436748
1
1
1
1
0.999609555082445
0.990721439808352
1
1
1
1
0.696744864109824
1
1
0.987079871352593
1
0.938346689656715
1
1
1
1
1
0.970176529726557
1
0.682286331856273
1
1
0.769590573546278
1
1
1
1
1
1
1
1
1
0.95653176825773
0.972709131534199
1
1
1
1
0.889115735044268
1
1
1
1
1
1
1
1
1
1
0.925851770770725
1
1
0.986101605778791
1
0.961829116642882
1
1
1
1
1
1
1
1
1
1
1
1
0.969467039216032
1
1
1
0.993292907114052
1
1
1
1
1
1
0.822871784670313
0.995571197510342
1
0.977265420022091
1
1
0.93783575672598
1
1
1
1
1
1
1
1
0.981526113399181
0.973178800445201
1
0.993491650745187
0.964169709923694
0.977265420022091
1
0.832374906125772
1
1
0.991723031647971
1
1
1
0.990721439808352
1
1
1
1
1
0.996776714360814
1
0.882858995397921
1
1
1
1
0.978456964963155
0.76549967460648
1
0.987617046064943
1
1
1
1
1
1
1
1
1
0.958721643148723
1
1
1
1
1
0.947447975615067
1
0.965149960961688
1
1
1
1
1
1
0.953510799901063
0.964926381294924
1
1
1
1
0.850251376410176
1
1
1
1
1
1
1
1
1
1
1
1
1
0.96830627402056
0.999381615015605
1
0.973178800445201
1
1
1
0.899695008633783
1
1
1
1
1
1
1
1
1
1
1
1
1
0.978554048491852
0.86983994478952
1
0.952302720666329
0.91761693802696
1
1
1
0.986718461492057
1
1
1
1
1
1
1
1
1
1
1
1
1
1
0.997420039187824
1
1
0.835527450033218
1
1
1
1
1
1
0.958841778036113
1
1
1
1
0.968865122382398
1
0.88958929844333
1
0.594879232480018
1
0.986982606262491
1
1
1
1
1
1
1
1
0.999381615015605
1
1
0.977831776597044
1
1
0.987079871352593
0.827598600207482
1
1
0.994453274996532
1
1
1
1
1
1
1
1
1
1
1
1
1
1
1
1
1
1
1
0.999578602729148
1
1
1
1
1
1
1
0.961829116642882
0.58439179840809
1
1
1
1
0.537684602929043
1
1
1
1
0.999578602729148
1
1
0.87686567910576
1
1
1
1
1
1
1
1
0.992802658959036
1
1
1
1
1
1
1
1
1
1
1
0.986101605778791
1
1
1
1
1
1
1
1
0.97150935824875
1
1
1
1
1
1
1
1
1
1
1
1
1
1
1
1
1
1
1
1
0.931362300486932
1
1
1
1
1
1
0.911785415463045
1
1
1
1
0.864908838896668
1
1
1
1
1
1
0.993106833436559
1
1
0.981836759518071
1
1
0.947487860189269
0.973050169229799
1
1
0.900404788832708
1
0.87297233136822
1
1
1
1
1
1
1
1
1
1
1
1
1
0.978009255114038
1
1
1
1
1
1
1
1
1
1
1
1
1
1
0.906311264277829
0.982326730881928
1
0.402991616940684
1
1
1
1
1
1
1
1
1
1
1
1
1
1
1
1
1
1
0.999181855211259
1
1
1
1
0.998207378240155
0.978810656601207
1
1
1
1
1
1
1
1
1
1
1
1
1
1
1
1
1
0.977265420022091
0.831528572457434
1
1
1
0.997633517909698
1
0.987617046064943
1
1
1
1
1
1
1
0.997952943974667
1
1
1
1
0.460123541794392
1
1
1
1
1
0.985427135282975
1
1
1
1
1
1
1
1
1
1
0.976308121451159
1
1
0.964327382683892
1
1
0.979252070006674
1
1
1
1
0.999181855211259
1
1
1
1
0.909615802797449
1
1
0.616800811940356
1
1
1
0.990721439808352
0.662050762247951
1
1
1
1
1
1
1
0.789303615993544
0.947447975615067
0.968865122382398
0.959525199510323
0.987307955790665
1
1
1
1
1
0.969925356609536
1
1
1
1
1
0.997952943974667
1
1
1
1
1
1
1
1
1
1
1
1
1
1
1
1
1
1
0.976571980150749
1
1
1
1
1
1
1
1
1
0.955286496244572
1
0.976094775171709
1
1
0.665685303088197
1
1
1
0.94377679503698
1
1
0.979641591008355
1
1
1
1
0.993292907114052
1
1
0.978810656601207
1
1
1
1
1
0.986982606262491
1
1
1
1
1
1
0.870089364968013
1
1
0.981921707159793
1
1
1
1
1
0.968434893285821
1
1
1
1
0.945765529329898
1
1
1
1
0.991826880247993
1
1
1
1
1
1
1
1
0.996275222768698
1
1
0.984222679863683
1
0.955690339878392
1
1
0.982326730881928
1
1
1
1
0.988276119374748
1
1
1
0.965149960961688
1
1
1
1
1
0.979252070006674
1
0.974736724203583
1
0.981652254034907
1
0.997284664222394
0.841282822352582
1
1
1
1
1
1
1
1
1
1
1
1
0.93964642516706
0.998130807299565
1
1
1
1
1
0.960054189487626
1
0.995829823571507
1
1
1
1
1
0.951428146801413
1
1
0.937548723378394
1
1
1
1
1
0.998130807299565
1
1
1
0.958841778036113
1
1
0.747171643007985
1
0.942778880161281
0.983143017864534
1
1
1
0.985028022478128
1
1
1
1
1
1
0.88779619724235
1
0.998733284388296
1
1
0.983215122463583
1
0.962765031593097
1
1
1
1
1
0.997346148521104
0.985028022478128
1
1
1
0.762735518480937
1
1
1
1
1
1
1
1
1
1
1
1
0.979678034617319
0.943729915335777
1
1
0.996776714360814
1
1
1
0.974736724203583
1
0.997821951469011
1
0.784683320362325
1
1
1
1
1
1
1
1
1
0.992461873589573
0.908904219509281
0.832878083511135
1
1
0.999609555082445
1
1
0.933649264359742
1
1
1
1
1
1
1
0.997259369658198
1
1
1
0.991938659686519
1
1
0.979641591008355
1
1
1
1
1
0.918803130036835
1
1
0.997171054606868
1
0.980937893148419
0.979080910957609
1
1
1
1
0.95794179559934
1
1
1
1
1
0.850251376410176
1
0.888568861080481
1
1
1
1
1
1
1
0.77203882100635
1
1
1
1
0.949278952278541
1
1
1
1
1
1
1
0.934815199179089
1
1
1
1
1
1
1
1
1
1
0.995829823571507
1
1
0.969925356609536
1
1
1
1
0.93783575672598
1
1
1
1
0.913201456768982
1
1
1
0.520394821238372
1
1
0.75238400910129
1
1
1
1
1
0.910476517631822
0.970579110330851
1
1
1
1
1
0.955286496244572
1
0.956088730501051
1
1
1
1
1
0.992986336815265
1
1
1
1
0.998712343471814
1
1
1
1
0.985471424916631
1
1
1
1
1
1
1
0.966223145478957
1
1
1
1
1
0.96564758775966
1
1
1
1
0.961497729469305
1
1
1
1
1
1
0.931792023519258
1
1
1
1
1
1
0.991868568260233
0.858621745025637
1
1
1
0.879512379088184
1
0.9493592226993
1
0.995829823571507
1
1
1
1
1
0.892343608860439
1
1
0.804158956183251
1
1
0.94377679503698
0.870089364968013
1
0.85360306405453
1
0.985947034278698
1
1
0.900404788832708
1
1
0.983174126164174
1
1
0.991683222154913
1
1
1
1
1
1
1
1
0.931109019375254
1
0.99551965881302
1
0.954568932374495
1
0.945674280191115
1
1
1
0.982007057915378
1
1
0.947121743704788
1
1
1
0.973548467773475
1
1
1
0.976028525600355
0.980240692307591
1
1
1
1
1
1
1
1
0.986459431979528
0.993292907114052
0.825787838099126
1
1
1
0.998381641715254
0.987307955790665
0.993847953181506
1
1
1
0.976308121451159
1
1
1
1
1
0.694270641061967
1
1
1
1
1
1
0.631321037197474
1
1
1
1
0.976028525600355
1
1
1
1
1
1
0.927185559700553
1
1
1
1
0.982858119547056
1
1
0.910406727608366
1
1
1
1
1
1
1
1
1
1
1
0.869326684954782
0.990179975778428
1
1
1
1
1
0.924588505506809
1
1
1
1
1
1
1
0.990689075533941
1
1
1
1
1
1
0.981921707159793
1
1
1
1
1
1
1
1
1
1
1
1
1
0.728982839063056
0.961491209173893
1
1
0.98385444100843
1
0.95121105965878
0.983014733213558
1
1
0.987307955790665
0.96130926760889
1
1
1
1
1
0.959693690524328
1
1
1
1
1
1
1
1
0.958841778036113
0.498299987562299
0.961491209173893
1
1
1
1
0.958157946686245
1
1
1
0.855090683255363
1
1
1
0.982557742309907
0.998714779564544
1
1
1
1
1
1
1
0.927499179511515
1
1
0.995829823571507
1
1
1
0.389997781436787
1
1
1
0.637835595466167
1
1
1
1
1
1
1
1
0.789303615993544
0.971782788100669
1
1
1
1
1
1
1
1
1
1
1
1
1
0.964169709923694
1
1
1
1
1
1
1
1
1
1
1
1
1
1
1
1
1
1
1
1
1
1
1
1
1
0.976028525600355
0.991683222154913
1
1
1
0.748725281226414
1
1
1
1
0.996275222768698
1
1
1
1
1
0.930177062794847
1
1
0.963048108924201
1
0.944341977406184
1
1
1
1
1
1
0.998130807299565
1
1
1
1
1
0.916653461535414
1
1
1
1
1
1
1
1
0.807731106335587
1
1
1
1
1
1
1
1
0.96047433890218
1
1
1
1
1
1
1
0.998592052966437
1
1
1
0.890677743795828
1
1
1
1
1
1
1
1
0.973178800445201
1
0.950648381259346
1
1
0.970608056386471
1
1
1
1
0.977831776597044
1
1
1
1
0.806771444770525
1
0.999381615015605
1
0.989800128644497
1
1
0.964327382683892
0.997993713638032
1
0.955690339878392
1
1
1
1
1
1
1
1
0.991683222154913
1
1
1
1
1
1
1
1
0.726215729434993
0.996471693977433
1
1
1
1
1
0.999609555082445
1
1
0.994183013490956
0.988734254085709
1
1
1
1
1
1
0.97150935824875
0.954200572005573
1
1
1
1
1
1
1
1
1
1
0.964327382683892
1
0.946822698732416
1
0.985947034278698
0.965725300852364
1
1
1
1
1
1
1
1
1
0.991840315436748
1
1
0.952696646424422
0.946208641929897
0.882141512260073
1
0.666663603015599
1
0.992802658959036
1
1
1
1
1
1
1
1
1
1
0.992986336815265
0.980883567648962
1
1
0.91591226032295
1
0.773400507061748
1
1
0.926123023213533
1
1
1
1
1
1
1
0.982557742309907
0.983215122463583
1
1
1
1
1
1
1
1
1
1
1
0.988658179406127
1
0.993847953181506
1
1
1
1
1
1
0.506982282443474
0.975922790137298
1
1
0.87678731589883
1
1
1
0.832374906125772
1
1
1
1
0.943298138906202
0.996471693977433
0.884017742893074
1
0.992986336815265
0.993704822840098
1
1
1
1
1
1
1
1
1
1
1
1
0.969467039216032
1
1
1
1
1
0.972639135238083
1
1
1
0.801359690765916
0.911785415463045
1
1
1
1
1
1
1
1
1
1
1
1
1
1
1
1
1
1
1
1
1
1
1
1
1
1
1
1
1
1
0.976224768422022
1
1
1
1
1
1
1
1
1
1
1
1
1
1
0.827430958725758
1
1
1
1
1
1
1
1
1
1
1
1
1
1
1
1
1
1
1
0.849739590725207
1
1
0.926123023213533
1
0.992058272526011
1
1
1
1
1
1
1
1
1
1
1
1
1
1
1
1
1
1
0.970608056386471
1
0.992931916045621
1
1
1
1
1
0.956883432134431
1
1
1
1
1
1
1
1
1
1
1
0.994453274996532
1
1
1
1
1
0.882609414663548
1
1
1
0.966571963526111
0.498070682576681
1
1
1
1
1
0.995073094318771
1
1
1
1
1
1
0.999058829434262
1
1
1
1
1
1
1
1
0.882565344270278
1
1
1
1
1
1
1
0.87965381649441
1
1
1
1
0.973166552890227
1
1
1
1
0.974522660298611
1
1
1
0.835527450033218
0.979402016692613
0.93783575672598
1
1
1
1
1
1
1
1
1
1
0.997284664222394
1
1
1
0.956755688962992
1
1
1
1
1
1
1
1
0.820192575205053
1
0.947199440029729
1
1
1
1
1
1
1
1
1
1
1
1
0.792308239997676
1
1
1
1
0.998733284388296
1
1
0.997171054606868
1
1
0.871057267382084
1
1
0.983143017864534
1
0.998060056407412
1
1
1
1
1
1
0.968434893285821
1
0.95458190707183
1
1
0.959412266304706
1
1
0.943235829638897
1
1
0.998290643728429
1
1
1
0.988276119374748
1
1
1
0.997481558587423
1
1
1
1
1
1
1
1
1
1
1
0.882141512260073
1
1
1
1
0.977831776597044
1
1
1
1
1
0.997771101873871
1
1
1
1
1
1
1
1
1
0.999870105997478
1
0.955228897092954
1
1
1
1
1
1
1
0.9686383424916
1
0.963819965072391
1
1
1
1
1
1
1
1
1
1
0.847101449992823
1
1
1
1
1
1
1
1
1
1
1
1
1
1
1
1
1
1
1
1
0.992931916045621
1
1
1
0.999058829434262
1
1
1
1
0.982713955824705
1
1
0.940051758498179
1
1
1
1
1
1
1
1
1
1
1
1
1
1
0.810277946091
1
1
1
1
1
1
1
1
1
1
1
1
1
1
0.996776714360814
1
1
1
1
1
1
1
1
1
1
1
1
1
1
1
1
1
1
1
1
1
1
1
1
0.59306109445233
1
0.895887158352867
1
1
0.991459296570736
1
0.943729915335777
0.988734254085709
1
1
0.983215122463583
1
1
0.748725281226414
0.914532721976311
1
1
1
0.956883432134431
1
0.969136007765186
0.998207378240155
0.663784027584475
0.982909866102839
0.687800710428597
1
1
0.901804041676355
1
1
1
1
1
0.993879759337973
0.995571197510342
0.93783575672598
1
