x
0.994582445130706
1
1
0.99712264242905
1
1
1
1
1
1
1
1
1
0.993904003667773
1
1
0.990386777277258
1
1
1
1
1
1
1
1
1
1
1
1
1
0.990922916295669
0.94586324076345
1
0.977498438249267
0.950479377554254
1
1
0.996719223029493
1
0.968601430170155
0.815518369392635
0.923650513532127
0.987963672398248
1
1
1
1
0.78077254454697
1
1
0.930726280855942
0.954755037255659
1
1
1
1
0.982457617947373
0.962724273763373
1
1
1
0.983677500724849
1
1
1
0.849225482151195
1
0.876093266626248
1
1
1
0.970294540269006
0.977498438249267
0.978813960743276
1
1
1
1
1
0.946681070255064
1
1
1
0.935428932446099
1
1
1
1
1
1
1
1
1
1
1
1
1
1
0.850702651025065
1
1
0.99712264242905
1
1
1
1
0.881239342615937
1
1
1
1
0.960532682954063
1
1
1
1
1
1
0.967829643329823
1
1
1
0.866143055362998
0.977504522907491
1
1
0.47271941506262
0.824185289814052
1
1
1
1
1
1
1
1
0.787631336746625
1
1
1
1
1
0.963247646127894
0.995882925161736
0.808476846889237
1
1
1
1
1
1
1
1
1
1
1
1
1
0.866543838171786
1
1
1
1
1
1
1
0.995638657184218
0.950479377554254
1
1
1
0.97499087231057
1
1
1
0.892116953247913
1
1
0.990386777277258
1
1
0.970367122518665
0.924193195375629
1
1
1
1
1
1
1
1
0.969137588885798
1
0.99343123808722
0.866425330884828
1
0.990153310647226
1
0.954305637983453
1
0.808476846889237
1
0.997786667187912
0.987833784461748
1
1
0.997621291131894
1
1
1
1
1
1
1
1
1
0.997179395649991
0.943765722621174
1
1
0.910351719394687
1
1
1
1
1
0.956314684521954
1
1
1
0.997517337699668
0.98590631490794
1
0.980874012002812
1
1
0.958944158991707
1
0.98069024959594
1
1
1
1
1
1
1
0.849600052136538
1
1
1
1
1
1
0.958124849765374
1
1
1
1
1
1
0.878230921800453
1
1
1
1
0.983677500724849
0.991277379167576
1
1
1
1
1
1
0.990153310647226
1
1
1
1
0.983342441768769
0.989338067407392
1
1
1
1
1
1
0.960532682954063
1
0.9560645293886
1
0.892116953247913
1
1
0.98590631490794
1
1
1
0.969058280164766
1
1
1
1
0.934607146394061
1
1
0.970778922948322
1
1
1
1
1
1
1
1
1
1
1
0.995882925161736
1
0.981469185229354
1
0.968358996128774
0.967410212257841
1
0.989433956577447
1
1
1
0.973210886500199
1
1
1
1
1
1
1
1
1
1
1
1
1
1
1
1
1
1
1
1
1
1
1
1
1
0.999447582556021
1
1
1
1
1
0.958174908412848
1
1
1
0.984804045357563
0.951572149206665
0.951572149206665
1
0.890171445925109
1
1
0.995193187756606
1
0.956314684521954
1
1
1
1
1
1
1
0.866143055362998
0.980874012002812
1
1
1
1
1
1
1
1
0.967727561331791
1
0.960516229641251
1
1
1
1
1
0.992330848655626
1
1
0.866715516360509
1
1
1
0.718957714889849
1
1
1
1
1
0.950479377554254
1
1
1
1
1
1
1
1
1
1
1
1
1
1
1
0.872518038583242
1
1
1
1
1
1
0.986182202964193
0.949159289683425
1
0.949013461050867
1
0.997682622090394
1
0.972451187933994
1
1
1
1
1
1
1
0.86588913428528
1
1
0.987438762089131
1
1
1
1
0.996373477868438
1
1
1
1
1
0.854221630381969
1
0.936034343490195
0.84973689825371
1
1
1
1
1
1
0.987937153394264
1
1
1
1
1
1
1
0.960516229641251
0.995089833251744
1
1
1
1
0.960386149130578
1
0.931630658649707
1
1
1
0.968358996128774
0.930726286663412
1
1
1
1
0.965995423625123
0.933883290624931
1
1
1
1
1
1
1
0.948083337065298
1
0.834686573596377
1
1
0.911420343960518
1
1
1
1
1
0.997825797869554
0.994899880002765
1
1
1
1
1
1
1
1
1
1
1
1
1
0.995753393173517
0.863643945862699
1
1
1
1
1
1
1
0.955214654318414
1
1
1
1
1
0.954698895900232
1
1
1
1
1
0.941606570733165
1
1
1
1
0.927603427570605
0.927603427570605
1
1
0.999127800106885
1
0.975373039224712
0.993445835056286
0.994582464945674
0.997825797869554
1
1
1
1
1
1
1
1
0.968358996128774
1
1
1
0.997179395649991
1
1
1
0.981469185229354
1
1
1
1
0.901201010300025
0.992959817020278
1
1
1
1
1
0.976793102260542
1
1
1
1
1
1
0.98660422306474
1
1
1
1
1
0.899231335799623
1
1
1
1
1
1
1
1
1
1
1
0.787631336746625
1
1
1
0.967791908736881
1
1
0.954166794708885
1
1
1
1
1
0.987438762089131
1
1
1
1
1
0.956314684521954
1
1
1
1
1
1
1
1
1
1
1
1
0.986249607222084
0.956314684521954
0.834686573596377
0.96713591746765
1
1
1
1
0.998115825646053
0.997813018303692
1
1
1
1
1
0.989932364950311
1
1
0.863340283978531
1
1
1
0.972639206265851
1
0.987438808023135
1
1
1
1
1
1
1
1
1
1
1
1
1
1
0.940613010542897
1
0.990386777277258
0.950479377554254
1
0.984842030901331
1
0.972790593268735
1
1
0.994742812988449
0.929597441511912
1
1
1
1
1
1
1
1
1
1
1
1
1
1
1
0.960516229641251
1
0.986035727614739
0.932354553421581
0.702537955303442
0.978215991905115
1
0.980347385275158
1
1
1
0.959893324367268
0.927603427570605
1
1
0.990024317151269
1
0.949084455468259
0.985337607463649
1
1
1
1
0.96913073541365
0.946836706283653
0.952564243244407
1
0.989932364950311
1
0.987833784461748
1
1
0.977498438249267
1
0.9958119247272
1
1
0.994964657491387
1
0.955214654318414
1
0.968994102629039
1
0.997846997742845
1
1
1
1
1
0.96981356448911
0.977504441262462
1
1
1
1
1
1
1
1
1
1
1
1
0.978390566519759
1
0.942241197493859
0.861867842675604
1
1
1
1
1
1
1
1
0.962859979851922
1
1
1
0.998115825646053
0.968601430170155
1
0.962973878742657
1
1
0.985829480819726
1
1
1
1
1
1
1
0.997621291131894
1
1
1
1
1
0.994964657491387
1
1
1
1
1
1
1
0.802078668396005
1
1
1
0.922614743794574
1
0.924579330246392
1
1
0.9958119247272
0.956698011225992
1
1
1
0.963247646127894
1
1
0.999447582556021
1
1
0.872518038583242
0.995996460228845
1
1
1
0.908265567299121
1
1
1
1
1
1
0.99712264242905
1
1
1
0.989338067407392
1
1
1
1
1
1
1
1
0.968676996028271
1
0.969137588885798
1
1
1
1
0.994069458745853
1
1
1
1
1
1
1
1
0.97955993131387
1
1
1
1
1
1
1
1
0.993944419454416
1
1
0.997003532302395
1
1
1
1
1
1
1
1
1
0.999447582556021
0.815047276771165
1
1
1
1
1
1
1
1
1
0.929312129275844
0.930763090049673
1
1
1
1
1
1
1
1
1
0.959051621652596
1
1
1
1
1
1
1
1
0.995882925161736
1
1
1
0.957829963867088
1
1
1
1
1
1
0.972639206265851
1
1
0.982457617947373
0.895965017750212
1
1
1
1
1
1
1
1
1
1
1
1
0.86588913428528
0.957326175396539
1
1
1
1
1
1
1
1
0.960630829921078
0.997354817381273
1
1
1
1
1
0.927603427570605
1
1
0.962724273763373
1
1
1
0.984804045357563
1
0.992959817020278
0.989932364950311
1
1
1
0.993944419454416
1
1
1
1
1
1
1
0.964895999161128
0.981331437405546
0.956314684521954
1
1
1
1
1
0.988929429825258
0.892116953247913
1
1
0.969201112086042
1
1
0.979041627617269
0.9958119247272
0.970778922948322
0.995882925161736
1
1
1
1
1
1
1
0.968676996028271
1
1
1
1
1
1
1
1
1
1
1
0.933478684008749
1
0.942896628878177
1
1
1
0.994713863712369
1
0.960516229641251
0.983558947841521
1
1
0.971102343031903
1
1
0.997354817381273
1
1
1
1
0.86588913428528
1
1
0.805653245174833
1
1
1
1
1
0.867517766258286
1
0.704888991090654
1
1
1
1
1
1
0.790663911320083
0.895965017750212
1
1
1
1
0.996373477868438
1
0.999447582556021
1
0.995638657184218
1
1
1
0.996591174035139
1
1
1
1
1
1
1
1
1
1
1
0.967791908736881
0.830234183897005
0.994582445130706
1
1
1
1
1
1
1
1
1
1
1
1
1
1
1
1
0.980126810951643
1
1
1
1
1
1
1
1
1
0.979659653809022
1
1
1
1
0.968601430170155
1
1
1
1
0.994582445130706
1
1
1
1
1
0.997003532302395
1
1
1
0.931558226187277
1
0.997652098289284
1
1
1
1
1
1
1
1
0.903095648092281
0.989589090254997
1
1
1
1
1
0.995882925161736
1
1
1
1
0.668592431399614
1
1
1
1
1
1
1
0.988620990322771
1
1
1
1
1
1
0.962973878742657
1
0.968520342266309
1
1
1
1
1
0.995638657184218
0.992433510730252
0.968280918069384
1
1
1
1
1
1
1
1
1
1
1
1
0.9787587031231
0.943463201213208
1
0.960516229641251
1
1
1
1
1
1
1
1
1
1
1
1
0.951190616845104
1
1
1
1
1
0.965081423915089
1
1
0.986035727614739
1
1
1
1
0.952564243244407
1
1
1
1
1
1
1
1
1
1
1
1
1
1
1
1
1
1
1
1
1
1
1
1
1
1
1
0.736977452051256
1
0.834361122819581
1
1
0.823088339164876
1
1
1
1
1
1
0.997825797869554
1
1
1
1
1
1
0.956406037589378
0.996328013003812
1
1
1
1
1
1
1
0.96913073541365
1
1
1
1
1
1
0.971947069303655
1
1
0.960516229641251
1
1
1
0.976808091764757
1
1
1
1
1
1
1
0.990456274732933
1
1
0.964165405638022
1
1
1
1
1
1
1
1
1
1
0.887632554060982
0.967791908736881
1
1
1
1
1
1
1
1
0.978620297078376
1
1
1
1
1
1
1
0.972451187933994
0.985455487299275
1
1
1
1
1
0.925364904127178
1
1
0.967225379495708
1
1
0.942241197493859
1
1
0.985206590141482
1
1
1
1
1
1
1
1
1
1
1
1
1
0.927291905804269
0.994964657491387
0.996044061944293
1
1
1
0.870754952423013
0.864932566814766
0.996668078054572
1
1
0.967225260155229
0.995216565122259
1
1
1
1
1
1
1
0.992198759212395
1
0.963247646127894
1
1
0.96913073541365
1
1
1
1
1
0.986249607222084
1
0.939600967230659
1
1
1
1
1
1
1
1
1
1
1
1
1
1
1
1
1
1
0.989511274033934
1
0.995364077165025
1
1
1
1
1
1
1
1
1
1
0.97499087231057
1
1
1
1
1
1
1
0.994899880002765
1
0.916244351038773
0.97499087231057
1
1
0.976808091764757
1
0.983173540573422
1
1
0.939016738146626
1
0.993977191692533
1
1
0.994582464945674
1
1
1
1
1
1
1
1
1
1
1
1
0.896647425462087
1
1
1
1
0.995089833251744
1
1
0.901201010300025
1
0.996719223029493
1
1
0.602164905326048
0.972451187933994
1
0.978389356570707
1
1
1
0.801771570051992
0.87134326801436
1
0.930726286663412
0.948671701795968
1
1
1
1
0.995638657184218
1
1
1
1
0.981469185229354
1
0.997354817381273
1
1
1
1
1
1
1
1
0.945744380412341
1
1
1
1
0.961478284608771
1
0.859889249561287
1
0.876093266626248
0.972816072508239
1
1
1
1
1
0.989338067407392
1
1
1
1
0.955073646286347
1
0.956698011225992
0.993445835056286
1
1
1
1
1
0.973210886500199
0.988929429825258
1
1
1
1
1
1
0.978759406191438
1
1
1
1
1
1
1
1
1
1
1
1
1
1
1
1
1
1
0.952841038598762
1
1
1
1
1
0.954305637983453
1
1
1
0.970294540269006
1
0.98507194782076
0.973948646902815
1
1
1
1
1
1
0.997825797869554
1
1
0.992726516052
1
1
1
1
1
1
1
0.805460448509348
1
0.954337623338201
1
1
1
1
0.806257097561281
1
1
1
1
1
1
1
0.981867108513362
1
0.933478684008749
1
1
1
0.980119608147735
1
0.955159316219267
1
0.977504441262462
1
1
1
1
1
1
0.94191890404431
0.993445835056286
1
0.956698011225992
0.98275419283656
1
1
0.86588913428528
1
1
1
1
1
1
1
1
1
0.873225048353665
0.879044777267538
1
0.992330848655626
1
1
1
0.988908780237192
1
1
0.980347385275158
1
1
1
1
0.987438808023135
1
0.820668075485764
1
1
1
1
0.980119608147735
0.98343007844085
1
1
1
0.925540932732385
0.944922975426546
1
0.939600967230659
0.978213851731905
1
1
1
1
1
1
1
1
1
1
0.997652098289284
1
1
1
1
1
0.997003521322775
0.996668078054572
1
1
0.997354817381273
1
1
1
1
1
1
1
0.992422648853531
1
0.993445835056286
0.963581789429723
1
0.954755037255659
1
1
1
1
1
1
1
1
1
1
1
1
1
1
1
1
0.997652098289284
0.982457617947373
1
1
1
1
1
1
1
1
1
0.994797438976477
1
1
1
1
1
1
1
1
1
1
1
1
0.948411974805207
1
1
1
1
1
0.979041627617269
1
0.899231335799623
1
0.996338518355139
1
1
1
0.967727561331791
0.980738457438356
0.989433956577447
1
1
1
1
1
0.990716830352001
1
0.992561466926413
1
1
0.958871454702496
1
1
1
1
1
1
1
1
1
1
1
1
1
0.922923678657431
1
1
1
1
0.985455487299275
1
1
1
1
1
1
1
1
1
1
0.997813018303692
1
1
1
1
0.984804045357563
1
1
1
1
1
1
1
1
1
1
1
0.968601430170155
1
1
1
1
1
0.942400403442545
0.686561018818661
1
1
1
1
1
1
1
1
0.985337607463649
0.943854110073626
1
1
0.864238317168312
0.977498356137446
0.958314644572358
1
1
0.988929429825258
1
1
1
1
1
1
1
1
1
1
1
1
0.986249607222084
0.901201010300025
0.959164563007197
0.978759406191438
1
0.983038560146729
1
1
1
1
1
0.933160077712855
1
1
1
1
0.971434333311107
0.978003602352586
0.995364077165025
1
1
1
1
1
1
0.975751437398931
0.789257062673578
1
1
0.968358996128774
1
1
1
1
1
0.944218580900038
1
1
1
1
0.940474421431397
1
1
0.946836706283653
1
1
0.942986565297701
1
1
1
0.956406195961821
1
0.997813018303692
0.953493316158399
1
0.859426757816838
0.98927094280944
1
1
0.859426757816838
1
0.968676996028271
0.958124849765374
1
1
1
1
1
1
1
0.979242078344087
1
0.996719223029493
1
0.996591174035139
1
1
0.990787831465834
1
1
1
1
1
0.990456274732933
1
1
0.98927094280944
1
1
0.977504441262462
1
0.988908780237192
1
0.993904003667773
0.995753393173517
1
0.994964657491387
0.995996460228845
1
1
0.987438808023135
1
1
1
1
1
0.983539382640786
1
1
1
1
1
1
1
1
1
1
0.985206590141482
0.795432073813164
1
0.967791908736881
1
1
1
1
1
1
1
1
1
0.984804045357563
1
1
0.951572149206665
0.990181236544367
0.974219742600571
1
0.996054657327528
1
1
1
1
0.878189032025398
1
0.959691150441052
1
0.885445918425118
0.942241197493859
0.982122298441119
0.98927094280944
1
1
0.98275419283656
1
1
0.979699955843081
0.995089833251744
1
1
1
1
1
1
1
0.976038810340514
1
0.967791908736881
1
1
1
1
1
1
1
1
1
1
1
0.978887187689033
1
1
0.876637420442854
1
0.999127800106885
1
0.996044061944293
1
1
0.932943611934981
0.930726286663412
0.992330848655626
0.942400194809788
1
1
1
1
0.985804848739543
1
1
1
1
0.980738457438356
0.9436743632499
1
1
0.971102343031903
1
1
1
1
1
1
1
1
1
1
1
0.932407774867071
0.967225379495708
1
1
1
1
1
1
1
1
1
1
1
1
1
1
1
1
1
1
0.989433956577447
1
1
1
1
1
0.923538887239349
1
1
1
1
0.995572861342734
1
1
0.888308416738438
0.984112628463031
1
1
1
1
1
1
0.901390008653795
1
1
0.921326297947026
1
1
1
1
0.859889249561287
1
1
1
1
1
1
1
0.924193195375629
1
1
1
1
0.961685194908046
1
0.955159316219267
1
1
0.936847289761375
0.807744295693539
0.98336144901147
0.994582445130706
1
1
0.995996460228845
1
0.941606570733165
0.901390008653795
1
0.964136978969856
1
1
1
1
1
1
1
1
1
1
1
1
1
1
1
1
1
1
1
0.774891560881806
1
1
1
1
1
1
1
0.946966567417959
0.864958884936712
1
0.933478684008749
1
1
1
0.916447608622801
1
1
1
0.96097224808089
1
1
0.983558947841521
1
1
1
1
0.950138718551275
1
1
1
1
1
1
0.978390566519759
0.661666881006292
1
1
1
0.940293743926467
0.98927094280944
1
1
1
0.997825797869554
1
1
0.997682622090394
1
1
1
1
1
1
1
1
0.999725210221442
1
1
0.967410212257841
1
1
1
1
0.934329779079828
1
1
1
1
1
1
1
1
1
1
1
1
0.98461400646577
1
0.990922916295669
0.700398492153306
0.965962548397608
1
1
1
0.986249607222084
1
1
0.997825797869554
1
1
1
1
1
1
1
0.997003521322775
1
1
1
1
1
0.996328013003812
1
1
0.983096568932298
0.873225048353665
1
1
0.924193195375629
1
1
1
1
1
1
1
1
0.969877443759846
0.975012715932211
0.963581789429723
1
1
1
1
1
1
1
1
1
1
1
0.997172104301686
1
1
1
1
0.655289393394945
1
0.899653080948055
1
1
1
1
0.940293743926467
1
0.94221911426852
0.872037901473106
1
0.994069458745853
1
1
1
1
1
1
1
0.996719223029493
1
0.934329779079828
1
1
1
1
1
1
1
0.989338067407392
0.994755093656519
1
1
1
1
1
0.994713863712369
1
1
0.998115825646053
1
1
1
1
1
1
1
1
1
1
1
0.938020842467817
1
1
1
1
1
1
1
1
0.978390566519759
1
1
0.968676996028271
1
1
1
1
0.986622676142027
1
1
1
1
1
1
1
1
1
1
1
0.983677500724849
1
1
1
1
1
1
1
1
1
1
1
1
1
0.995974498771501
1
1
0.929209306055212
0.990827190009144
1
1
1
1
0.997354817381273
0.913557369567911
1
0.945975033642218
1
0.996668078054572
0.982457617947373
1
1
1
1
1
0.927603427570605
1
0.993977191692533
0.959691150441052
1
1
1
1
1
1
1
1
1
1
1
1
0.92663487582716
1
1
0.990153310647226
1
1
1
0.978759406191438
1
1
0.991277379167576
1
1
1
0.929312129275844
1
1
1
1
1
1
1
1
1
1
1
1
1
0.998963918618684
1
1
1
0.992433510730252
0.997099181617193
0.997179395649991
1
1
1
1
0.942028142143616
0.99712264242905
1
1
1
1
1
1
1
1
1
1
1
1
0.989433956577447
0.959854426858027
1
1
1
1
1
1
0.977498356137446
1
1
1
1
1
1
1
1
1
1
1
1
1
1
1
1
1
0.986308811759824
0.978887187689033
0.987033658441566
1
1
1
0.964136978969856
1
1
1
0.972790593268735
1
1
1
1
1
1
0.975392286920085
1
1
1
1
1
1
1
1
1
1
1
0.981696909965918
0.975392286920085
1
1
1
1
1
0.987937153394264
1
1
1
0.970243958498972
1
0.866715516360509
1
1
0.98343007844085
1
1
1
1
1
0.968676996028271
1
1
1
1
1
0.98336144901147
0.989521576753153
1
1
0.994582464945674
1
1
1
0.990386777277258
1
1
1
0.954638720954389
1
0.98925075294849
1
1
1
1
1
0.85920185642055
1
0.876175916406996
1
1
1
1
1
1
0.979041627617269
1
1
0.958124849765374
1
0.960630829921078
0.944223913578784
1
1
1
1
1
1
1
1
1
0.980126810951643
1
0.95778623873818
1
1
1
1
1
1
1
1
1
0.99466559681962
0.972790593268735
1
1
1
1
1
0.936034343490195
0.878471411079057
1
1
0.967225260155229
1
1
1
1
0.965962548397608
1
1
1
0.782295578475093
0.926909083222547
0.867517766258286
1
1
1
1
1
1
1
1
0.997652098289284
1
1
0.997813018303692
0.910604663156764
0.959854426858027
1
1
1
1
1
1
1
1
1
0.859889249561287
1
1
1
0.983230863780358
1
1
1
1
1
1
1
1
1
1
1
1
1
1
0.972828739407015
1
1
1
1
1
1
1
1
1
1
1
1
1
1
0.978003602352586
1
1
1
1
0.633733476093105
1
1
1
0.834686573596377
0.963695607673034
1
1
0.987033658441566
1
1
0.989932364950311
1
1
1
1
1
0.986544107718327
1
1
1
1
1
1
1
1
1
1
1
1
0.963695607673034
1
1
1
1
1
0.945357734269214
1
0.98927094280944
1
0.945089565909486
0.997099181617193
1
1
0.983558947841521
1
1
1
1
0.990827190009144
1
1
1
1
1
1
0.959014133794469
1
1
1
0.969877443759846
1
1
1
1
1
0.923132148576697
0.99107739664455
1
1
1
1
1
1
1
1
0.892116953247913
1
1
1
1
1
0.975392286920085
0.997846997742845
1
0.960630829921078
1
1
1
1
0.942986565297701
0.802078668396005
1
1
1
1
1
0.916449906888133
0.983558947841521
1
1
1
0.995638657184218
1
1
1
1
1
1
1
1
1
1
1
1
1
1
1
1
1
1
1
1
0.99081487376872
1
1
1
0.989433956577447
1
0.959893324367268
1
1
0.941335734006695
1
1
0.998552173736658
1
0.628767964301038
1
1
0.892323046766939
1
1
0.0504842294937237
1
1
1
1
1
1
1
0.901201010300025
0.992561466926413
0.901201010300025
0.977103971489498
1
1
1
1
1
1
1
1
0.876093266626248
1
1
1
1
1
1
1
1
1
1
0.995882925161736
1
1
0.959014133794469
1
1
0.999228664252195
1
1
0.961042260194179
1
1
1
1
1
0.94586324076345
1
0.995882925161736
0.996044061944293
0.995216565122259
1
1
1
0.949013461050867
0.989337973111867
0.899263572778228
1
1
1
1
1
0.998779816859228
1
1
0.957465625618541
1
1
1
1
0.896067596423881
1
1
1
1
1
1
1
0.992422648853531
0.961042260194179
1
1
1
1
1
1
1
1
1
0.955073646286347
1
1
1
1
1
1
1
1
1
1
1
1
0.942400403442545
1
1
1
1
0.994713863712369
0.939276330128428
1
1
1
1
1
1
1
0.979242078344087
1
1
0.823088936194281
1
1
1
0.990386777277258
1
1
1
1
1
1
0.830225522555421
1
1
0.969877443759846
1
1
1
1
1
0.942028142143616
1
1
1
0.971046397472442
1
0.936034343490195
1
1
1
1
1
1
1
1
1
0.909292255925319
1
0.96913073541365
1
1
1
0.952840867403942
1
1
1
1
0.991938936903971
1
1
1
1
1
1
0.986622676142027
1
1
1
1
1
1
1
1
1
1
1
1
1
1
1
0.967225260155229
1
1
1
1
1
1
0.963041709064805
1
1
1
1
1
1
1
0.891209319804914
1
1
0.995089833251744
0.987438762089131
1
1
1
1
1
0.9074291340775
0.935428932446099
1
1
0.956314684521954
1
1
1
1
1
0.901201010300025
1
1
1
1
1
1
0.993363849018906
1
1
0.969201112086042
1
1
1
1
1
1
0.989338067407392
1
1
1
1
1
1
1
1
0.932407774867071
1
1
1
1
0.987438762089131
1
0.979598900758431
1
1
1
1
1
0.992726516052
1
1
1
1
0.968601430170155
1
0.99712264242905
1
1
1
1
0.968676996028271
1
1
1
1
0.990456274732933
1
1
1
1
0.995753393173517
0.958314644572358
1
1
1
0.954337623338201
1
0.844349366952016
1
1
1
1
1
0.968358996128774
1
1
1
1
1
0.940293743926467
0.976365804364041
1
1
0.995089833251744
1
0.963785122129
0.944235610027443
1
1
1
1
0.827831729715444
1
0.978390566519759
1
1
1
0.86588913428528
0.958944158991707
1
1
1
1
0.835506651827933
1
1
1
1
1
1
1
0.958682234357006
0.955073646286347
1
1
1
1
1
1
1
1
0.979343361957738
1
0.975392286920085
1
1
1
1
1
1
0.94678117269952
1
1
0.957733879414237
1
1
1
1
1
1
0.983677500724849
1
1
1
1
1
1
0.583832441804214
1
1
1
1
1
0.970561147810946
1
1
0.867517766258286
1
1
1
1
1
1
1
0.930726286663412
1
1
1
0.908265567299121
1
1
1
0.977803890893689
1
1
1
1
1
1
1
1
1
1
0.859889249561287
1
1
1
0.987937153394264
1
0.981867108513362
1
0.996054657327528
1
0.942028142143616
1
0.996373477868438
0.860569900586235
1
1
1
1
1
0.857852087912057
1
1
0.97955993131387
1
0.946274883465015
1
1
1
1
1
1
1
1
0.970294540269006
1
1
1
0.99712264242905
0.980347385275158
1
1
1
1
1
1
0.990922916295669
1
1
1
0.976038810340514
1
1
1
1
1
0.96713591746765
1
1
1
1
1
1
1
0.937905457837896
1
1
1
1
0.993977191692533
0.966710947265263
1
1
1
0.995753393173517
0.990386777277258
1
0.97955993131387
1
1
1
1
1
1
1
1
1
1
1
1
1
0.705844355625959
0.956640099558341
1
1
0.992726516052
1
1
1
1
0.967225379495708
1
0.938780213095874
1
1
1
0.899263572778228
1
1
1
1
1
1
1
1
1
1
1
1
0.992422648853531
1
0.999084142519405
0.943463201213208
1
0.98927094280944
1
0.989932364950311
1
1
1
1
1
1
1
1
1
0.929312129275844
1
1
1
1
1
0.990181236544367
1
0.997682622090394
1
1
0.948083337065298
1
0.924548322350496
0.963919979768295
1
1
1
1
0.942241197493859
1
0.753779644299189
0.986255639442634
1
1
1
0.952564243244407
1
1
1
0.919384280626647
0.965778569523868
0.851023979992936
1
1
0.999447582556021
1
1
1
0.994713863712369
0.972451187933994
0.767895674003079
1
0.997003521322775
1
1
1
1
1
1
1
1
1
1
1
1
1
1
1
1
0.924579063097634
1
1
1
0.944223913578784
1
0.936034343490195
1
1
1
1
1
1
1
1
1
1
1
1
1
1
1
1
1
1
1
1
1
1
1
1
1
1
1
1
1
0.922923678657431
1
1
1
1
1
1
0.981469185229354
0.994797438976477
0.985455487299275
1
1
1
1
1
0.943463201213208
0.942028142143616
1
1
1
1
1
1
1
1
1
1
1
1
1
1
1
1
1
0.930726286663412
1
0.897648985129763
1
1
1
1
1
1
1
1
1
1
0.901201010300025
1
1
0.978759406191438
1
1
0.995193187756606
1
1
1
1
1
1
0.876637420442854
1
1
0.967225379495708
1
1
1
1
0.994582464945674
1
1
0.866425330884828
1
1
0.968358996128774
1
1
1
1
0.901390008653795
1
0.9958119247272
1
1
1
1
1
0.950479377554254
1
1
1
1
0.973948646902815
1
1
1
1
1
1
1
0.9560645293886
1
1
1
0.997682622090394
0.960516229641251
1
1
1
0.827813740464
1
1
0.954337623338201
1
1
1
1
1
1
1
1
0.872037901473106
1
1
1
1
1
1
0.73822579497564
1
1
0.971947069303655
1
1
1
0.959358750688014
0.933160077712855
1
1
1
1
1
1
1
0.860569900586235
0.942028142143616
1
1
0.943152229618125
1
1
1
1
1
1
1
0.970833995134459
0.969921545697752
1
1
1
0.994964657491387
1
1
1
1
1
1
1
0.995974498771501
0.974674116046076
1
1
1
1
1
0.955159316219267
1
1
0.987438808023135
1
1
1
0.995364077165025
0.970833995134459
1
1
1
1
0.939016738146626
1
1
1
1
1
0.995193187756606
1
1
1
1
0.994964657491387
0.994069458745853
1
1
1
0.960386149130578
0.945089565909486
1
1
1
0.994878887736513
1
0.997786667187912
1
1
1
1
0.989938840146511
1
1
1
1
0.933883290624931
1
1
0.98275419283656
1
1
1
0.956406037589378
1
1
1
1
0.94191890404431
1
1
1
1
1
0.994964657491387
1
0.994069458745853
1
1
1
0.995510019448217
1
1
1
1
1
1
1
1
0.998963918618684
1
1
1
1
1
1
1
1
1
0.897995756615892
0.956406037589378
1
1
1
0.90053240295359
1
1
1
1
1
1
1
1
1
0.980995658731741
1
0.9074291340775
1
1
1
1
1
1
1
1
1
0.895965017750212
0.954755037255659
1
1
0.990181236544367
1
1
1
0.870192939328333
0.989521576753153
1
1
1
1
1
1
1
0.995638657184218
1
1
1
1
1
1
1
0.876093266626248
1
1
1
1
1
0.948671701795968
0.994797438976477
1
1
0.790307004675034
1
1
1
1
1
1
1
1
1
1
1
1
1
0.901390008653795
1
1
1
1
1
1
1
1
0.98343007844085
1
1
1
1
1
1
0.866302574931998
1
1
1
0.99466559681962
1
0.982107219693801
1
0.9787587031231
1
1
0.98275419283656
1
1
1
1
0.985337607463649
1
1
0.986308811759824
1
0.916447608622801
1
1
1
1
1
1
0.993445835056286
0.944235610027443
0.866543838171786
1
1
1
0.963581789429723
1
1
1
1
1
0.968994102629039
1
1
1
1
1
1
1
1
1
1
1
0.946966567417959
1
1
1
1
1
1
0.908581014886193
0.876093266626248
0.98590631490794
1
1
1
0.902907395830992
1
1
1
1
1
1
1
1
1
1
1
1
1
1
1
1
1
1
1
0.99466559681962
1
1
1
0.944664746079392
1
1
1
1
0.979041627617269
0.989589090254997
1
1
1
1
1
0.995974498771501
1
1
1
1
1
0.92663487582716
1
1
1
1
1
0.990922916295669
0.960576404805545
0.9961039230531
1
1
1
1
0.977498356137446
1
1
1
1
1
0.9961039230531
0.939276330128428
1
0.97499087231057
1
1
1
1
0.986249607222084
1
1
1
0.971046397472442
1
1
0.995697752847185
1
1
0.98275419283656
1
0.786864235987956
1
1
1
1
1
1
1
1
1
1
1
1
0.956698011225992
1
1
1
1
0.989077089206566
1
1
1
1
1
1
1
0.956698011225992
0.997003532302395
0.973407495760109
0.980347385275158
0.830495125326324
1
1
1
1
0.648976256068757
1
1
0.986249607222084
1
0.959691150441052
1
1
1
0.982457617947373
1
1
1
1
1
1
1
1
0.88006392855542
1
0.960386149130578
1
1
1
1
1
1
0.951572149206665
0.90053240295359
1
1
1
1
1
1
1
0.807744295693539
1
1
0.958871454702496
1
1
1
0.989589090254997
1
1
1
0.96992143690723
1
1
1
1
1
1
0.903762934535771
1
1
1
0.999228664252195
1
1
1
0.978215991905115
1
1
1
0.997517337699668
1
1
1
0.983038560146729
1
1
0.921326297947026
1
0.976808091764757
0.997813018303692
1
1
0.999447582556021
0.901201010300025
1
0.9560645293886
0.993944419454416
1
0.467133110590471
1
1
1
1
1
1
0.986255639442634
1
1
1
1
1
1
1
0.939276330128428
1
1
0.955159316219267
1
1
1
1
1
0.987033658441566
1
1
1
1
0.984804045357563
1
0.996668078054572
1
0.963247646127894
1
1
1
1
1
1
1
0.989338067407392
0.941606570733165
1
1
0.965332593051309
1
1
1
0.99705073845693
1
1
1
0.807110088168363
1
1
1
0.943765722621174
0.986035727614739
1
1
1
1
1
1
1
1
0.963247646127894
1
0.971935861242336
1
1
1
1
0.977498356137446
1
1
1
0.901390008653795
0.925540932732385
0.992433510730252
1
1
1
1
0.899231335799623
1
1
1
1
1
1
1
1
1
0.953493316158399
1
1
1
1
1
0.860569900586235
0.710092407265447
1
1
1
0.992959817020278
0.942241197493859
1
1
1
1
1
1
1
0.954337623338201
1
1
1
1
1
1
0.891209319804914
0.979598900758431
1
1
1
1
1
1
0.950479377554254
0.819007974519241
0.989932364950311
1
1
1
1
1
1
1
1
1
1
1
1
1
1
1
1
1
1
1
1
1
0.965081423915089
1
0.945585139231825
1
1
1
1
1
0.929209306055212
1
1
1
1
1
0.979651023207451
1
1
1
1
1
0.863866699461725
1
1
1
1
1
1
1
1
0.954755037255659
1
1
1
1
0.948083337065298
1
1
1
1
0.982457617947373
1
1
1
1
1
1
1
0.958222624275008
0.868905618925671
1
1
1
1
1
1
1
1
0.994582464945674
1
1
1
1
0.997003532302395
1
1
0.985704047980849
1
0.763903047661553
1
1
1
1
1
1
1
0.78266848208675
0.902339775458262
1
1
1
0.9560645293886
1
1
1
1
0.974284386036014
1
0.794700164753342
1
1
0.985829480819726
1
1
1
0.96981356448911
1
1
1
0.913557369567911
0.953493316158399
1
0.992561466926413
1
1
1
1
1
1
1
0.857459693978665
1
1
1
0.922923678657431
0.967107939735609
1
1
1
1
0.665774926568664
1
1
0.943765722621174
1
1
0.98275419283656
1
1
0.997003532302395
1
1
1
1
1
1
1
1
1
0.901390008653795
1
1
1
1
0.987438808023135
1
1
1
0.959013984814088
1
1
1
0.968676996028271
1
1
1
0.997003532302395
1
1
1
1
1
0.970778922948322
1
1
0.949159289683425
1
1
0.998607682199433
1
1
1
1
0.996591174035139
1
0.982353091645217
1
1
1
1
0.956639942027837
1
0.992959817020278
1
1
0.924579063097634
1
1
1
0.990181236544367
1
1
1
1
1
1
0.997354817381273
0.922614743794574
1
0.999084142519405
1
1
1
0.927603427570605
1
1
1
1
1
1
1
0.961931682877456
0.98925075294849
0.680121710724474
1
1
1
1
1
0.982158013841068
1
0.983677500724849
1
0.959691150441052
1
1
1
1
1
1
1
1
1
1
1
1
1
0.93696423492052
1
1
1
0.978390566519759
1
1
1
1
1
1
1
1
1
1
1
1
0.919941233284116
0.99466559681962
1
1
1
1
1
1
1
1
1
1
1
1
0.979699955843081
1
1
1
1
1
0.980017637821855
0.992561466926413
0.978887187689033
1
1
1
1
1
0.960516229641251
1
1
1
1
0.979041627617269
0.892116953247913
1
1
0.946836706283653
0.960312312281808
1
1
1
1
0.991938936903971
0.923538887239349
1
1
1
1
1
1
1
1
1
1
0.986308811759824
1
1
1
1
1
1
1
0.995216565122259
1
1
1
1
1
1
1
0.949864614645165
1
1
0.967791908736881
1
1
0.978213851731905
0.994582445130706
1
0.960312312281808
1
1
0.99712264242905
1
1
1
1
1
1
1
1
1
1
1
0.94191890404431
0.982457617947373
1
1
1
1
1
1
1
1
1
1
0.936034343490195
1
1
1
1
1
1
1
1
1
1
0.972828739407015
1
1
1
1
1
1
1
0.975373039224712
1
1
0.995974498771501
1
1
0.942896628878177
1
1
0.994878887736513
1
1
0.985455487299275
1
0.936799079541537
1
1
1
1
1
1
1
1
1
1
1
1
0.958349613330514
0.993977191692533
1
0.995974498771501
1
1
1
1
1
1
1
1
1
1
1
1
1
1
1
1
1
1
0.996328013003812
1
1
1
1
1
1
1
1
1
1
0.957465625618541
1
1
1
1
0.86588913428528
0.97965457076582
1
0.892116953247913
1
1
0.989932364950311
1
0.939276330128428
1
1
1
1
1
1
0.972828739407015
0.983558947841521
1
1
1
1
1
1
1
1
1
1
1
1
0.959358750688014
1
1
1
1
1
0.999228664252195
1
1
1
0.972639206265851
1
1
1
1
1
0.963581789429723
1
1
1
0.997003532302395
1
1
1
0.997436516206864
0.997813018303692
1
1
1
0.973227838753536
0.920350156242099
1
1
1
1
1
1
0.796368388500969
1
0.963247646127894
1
1
1
1
1
1
1
1
1
1
1
0.993445835056286
1
1
1
1
1
0.970561147810946
1
1
1
1
1
1
1
0.9074291340775
1
1
0.987937153394264
1
1
0.86954716948509
0.820024856559811
0.929312129275844
1
1
1
1
1
1
1
1
1
1
1
1
1
0.909355904158008
1
0.989338067407392
0.591653352357361
1
1
1
1
0.944235610027443
0.991867192150573
1
1
1
1
0.857997492176952
0.960516229641251
1
1
0.836518957191944
1
1
1
1
0.959014133794469
1
1
1
1
0.931558226187277
0.969921545697752
0.986249607222084
1
0.959691150441052
0.997786667187912
0.930763340212579
0.960630829921078
1
1
0.866715516360509
0.867517766258286
0.997354817381273
1
1
1
1
1
1
0.994964657491387
1
1
1
0.895545351011075
1
0.977504441262462
1
1
1
1
0.989589090254997
1
1
1
1
1
1
1
1
1
1
1
0.94586324076345
1
1
1
1
1
1
1
1
1
0.822433768487591
0.998457850873004
1
1
1
1
1
1
0.956314684521954
0.824185289814052
1
1
0.996328013003812
1
1
1
1
1
0.696403973356352
0.85920185642055
1
0.927481281505055
1
0.87921759102443
0.662881738384105
0.876093266626248
1
1
1
0.732923671879375
0.99107739664455
1
0.994582464945674
1
0.705333981605545
0.802649029937047
1
1
1
1
0.994964657491387
1
1
1
1
1
0.9958119247272
0.84166807283795
1
1
1
0.901702224108056
1
0.722237259990848
0.553086636833594
0.718458641414692
0.725209131145979
1
1
0.747795077648835
1
1
1
1
1
1
1
1
0.994582464945674
1
1
0.979699955843081
1
1
1
1
1
1
0.997682622090394
1
0.97499087231057
1
1
1
1
1
1
0.983136745343778
0.964136978969856
1
0.895545351011075
1
1
1
1
1
0.861867842675604
1
0.997652098289284
1
1
1
0.977803890893689
1
1
1
1
1
1
1
1
1
1
1
1
1
1
1
1
0.987438808023135
0.948671701795968
0.943036337455337
0.997652098289284
1
0.995103887440159
1
1
1
0.985753974105481
1
1
1
0.997846997742845
1
1
1
1
1
1
1
1
1
1
0.814893721315715
1
1
1
1
1
1
0.984857131623014
1
1
1
1
1
1
0.968676996028271
1
1
1
1
1
0.863340283978531
0.602555814247843
1
1
1
0.983136745343778
0.984857076479909
1
1
1
1
0.762950232893462
1
1
0.939276330128428
1
1
1
1
1
1
1
1
0.931558226187277
0.942400403442545
1
1
1
1
1
1
1
1
1
1
1
1
1
1
0.901201010300025
1
1
0.987937153394264
1
1
1
0.905363384031549
1
0.995845686808745
0.996719223029493
1
1
0.943854110073626
1
1
1
1
1
1
1
1
1
1
1
1
0.952840867403942
1
1
0.979987985350469
1
0.930726280855942
0.813948342735336
1
1
1
1
1
1
1
1
1
1
1
0.755279867892166
1
1
1
1
1
0.993924398174469
0.977498356137446
0.970021647656351
1
1
0.994713863712369
0.9560645293886
1
1
1
1
1
1
1
1
1
0.835543942622962
0.997682622090394
1
0.96981356448911
1
1
1
1
1
1
1
1
0.959601217226246
1
1
1
1
1
1
1
1
1
1
1
1
1
1
1
0.942896628878177
1
1
0.940293743926467
1
1
1
1
1
1
0.959691150441052
1
1
1
1
1
1
1
1
1
1
1
1
1
1
1
1
1
0.854221630381969
1
0.975373039224712
1
1
1
1
1
1
0.99712264242905
1
1
1
1
1
1
1
1
1
1
1
1
1
1
0.949669419972294
1
0.85989796826092
1
1
1
0.903762934535771
1
1
1
0.9958119247272
0.99466559681962
1
1
1
0.996169542450367
0.985206590141482
1
1
0.9560645293886
0.98275419283656
1
1
1
1
0.872037901473106
1
0.997172104301686
1
0.836179296060886
0.917508587313539
1
1
1
1
1
1
1
0.665774926568664
0.94678117269952
1
1
1
1
1
1
0.994582464945674
1
1
1
0.982337225309876
1
1
1
1
1
0.9560645293886
1
1
1
1
1
1
1
1
1
1
1
1
1
1
0.713747569045437
1
1
1
1
1
1
1
0.873225048353665
1
1
0.996719223029493
1
1
1
1
1
1
0.972492054508854
1
1
0.980738457438356
1
1
1
1
1
1
1
0.981263908049232
0.990153310647226
1
1
0.989932364950311
0.636162411408642
0.961685194908046
1
1
1
0.98927094280944
1
1
1
1
1
1
1
1
1
1
1
0.995974498771501
1
1
1
1
1
1
1
1
1
0.958693179824085
1
1
1
1
1
1
0.960516229641251
1
1
1
1
1
0.986255639442634
1
1
1
1
1
0.992433510730252
1
1
1
1
0.785711146300505
1
1
1
1
0.990181236544367
1
1
1
0.99748028669263
1
1
1
1
1
1
1
1
1
1
1
1
1
1
1
0.906570661730553
0.995638657184218
1
1
1
0.991938936903971
1
1
1
1
1
0.981867108513362
1
1
0.997172104301686
1
1
1
0.984036295081036
0.969058280164766
1
0.962859979851922
1
1
0.933478684008749
1
1
1
1
1
1
1
1
1
1
0.987438762089131
0.805653245174833
1
1
1
1
1
1
1
1
1
1
1
0.981469185229354
1
1
1
1
0.972501155037912
0.964136978969856
1
1
0.997354817381273
1
1
1
0.995882925161736
1
1
1
1
1
0.966710947265263
1
1
1
1
1
1
1
1
1
1
1
1
0.94191890404431
1
0.996328013003812
1
0.959601217226246
0.988929429825258
1
1
1
1
1
1
1
1
1
1
1
0.952564243244407
1
1
0.954466484728752
1
1
0.988118800879026
1
1
0.960312312281808
0.995753393173517
1
1
1
1
1
0.977970326992613
1
1
1
0.996328013003812
0.978620297078376
1
0.954166794708885
0.834154710865975
1
1
1
1
0.98927094280944
0.967791908736881
1
0.994582464945674
1
1
0.901390008653795
0.786999468134329
0.979343361957738
1
0.912504670243026
1
1
1
1
1
1
1
1
1
1
1
1
1
0.999725210221442
1
0.979041627617269
1
1
1
0.990024317151269
1
1
1
1
0.983136745343778
0.920110593300131
0.802502507777546
1
1
1
1
1
1
1
1
1
1
1
1
1
1
1
1
1
1
1
1
1
0.958693179824085
1
0.85989796826092
1
0.857852087912057
0.994713863712369
1
1
0.999084142519405
1
1
1
1
0.919860590993762
0.861663169698354
0.979659653809022
0.988118800879026
1
0.802078668396005
1
1
1
0.959013984814088
1
1
1
0.985385580382512
1
1
1
0.98590631490794
1
0.996373477868438
1
1
1
0.942986565297701
1
1
1
1
1
1
1
1
1
1
1
1
1
1
0.899263220163813
1
0.983539382640786
1
1
1
1
1
1
0.892853867046289
1
1
1
1
1
0.958944158991707
0.943463201213208
1
1
1
1
1
1
1
1
0.946274883465015
1
1
0.959358750688014
1
1
0.86954716948509
1
1
0.891209319804914
1
1
1
1
1
0.985206590141482
1
0.987438762089131
0.990181236544367
0.924579330246392
1
1
1
0.951572149206665
0.955159316219267
1
1
1
1
0.997179395649991
1
0.942241197493859
1
0.979699955843081
1
1
0.980126810951643
1
1
1
1
0.956640099558341
1
1
1
1
0.970778922948322
0.849600052136538
1
0.983136745343778
1
1
1
1
1
1
1
1
1
0.978620297078376
1
1
1
1
1
1
0.997682622090394
0.994069458745853
0.988796650067901
1
1
0.927481281505055
1
0.927603427570605
1
1
0.977498438249267
0.988647565519067
0.913824314129679
1
1
1
1
1
1
1
1
1
1
0.98660422306474
1
1
1
0.981696909965918
1
1
1
1
1
0.937003887658356
0.96966257161259
1
1
1
1
1
0.995193187756606
1
1
1
1
1
1
1
0.995882925161736
1
1
1
1
0.876093266626248
1
0.98343007844085
0.988118800879026
1
1
1
1
1
1
0.790661507867679
1
0.943854110073626
1
0.924579063097634
1
1
1
0.942498058365543
1
0.995974498771501
1
1
1
1
1
0.994582464945674
0.929312129275844
1
1
0.955073646286347
1
1
0.988908780237192
0.95801280361103
1
0.964136978969856
1
1
0.978887187689033
1
1
1
1
1
1
1
1
0.942400403442545
0.994069458745853
1
1
0.927603427570605
1
1
1
1
1
0.911420343960518
1
1
1
0.994755093656519
1
1
1
1
1
0.820668075485764
1
0.996668078054572
0.871343712434667
0.989338067407392
1
0.78531029071136
1
0.971102343031903
1
0.986249607222084
1
1
1
1
1
0.799874126928845
1
1
1
1
1
0.995193187756606
1
1
1
1
1
1
1
0.986255639442634
1
1
1
1
1
1
0.972639206265851
1
1
1
1
1
1
1
1
1
1
1
1
1
0.943801411132756
1
1
0.984036295081036
1
1
1
1
1
1
1
1
1
1
0.958693179824085
1
1
0.924548050093017
0.992330848655626
1
0.958222774572713
0.959013984814088
1
1
1
1
0.938853274192998
1
0.996155357284107
0.932354553421581
0.891209319804914
1
1
0.959854426858027
1
1
1
1
0.890171445925109
1
1
1
1
0.684916377865927
1
1
1
0.927603427570605
1
1
1
1
1
0.984804045357563
1
1
1
1
1
1
1
1
1
1
1
1
0.981867108513362
1
1
1
0.7601181432486
1
1
0.986249607222084
1
1
0.975373039224712
1
1
1
1
1
1
1
1
1
0.963247646127894
1
1
1
1
0.982158013841068
0.958944158991707
0.987937153394264
1
1
1
1
1
0.956314684521954
1
1
1
0.970367122518665
1
1
1
1
1
0.998850459936936
1
1
1
1
0.955073646286347
1
0.896853872309663
1
0.978389356570707
1
0.946966567417959
1
1
0.983677500724849
1
1
0.979699955843081
0.986544107718327
1
1
1
0.997003532302395
1
1
0.896853872309663
1
1
1
1
1
1
0.969046096776249
1
0.965332593051309
0.981867108513362
1
1
1
0.990386777277258
1
1
1
1
1
1
1
1
1
1
1
1
1
1
0.992422648853531
1
1
1
0.961042260194179
1
1
1
0.997786667187912
1
1
0.954332850089013
1
1
1
1
1
1
0.950479377554254
0.987937153394264
0.986544107718327
1
1
0.950479377554254
1
1
1
1
1
1
1
1
1
1
1
1
0.995193187756606
0.970869668586923
1
1
1
0.97955993131387
1
1
1
1
1
1
0.958222624275008
0.987438762089131
0.98590631490794
1
0.901201010300025
1
1
0.988796650067901
0.672117917285653
1
1
0.988002061239383
0.739077124136614
1
1
1
1
1
1
0.816884906060932
0.878471411079057
1
0.86398026630378
1
1
1
0.954337623338201
1
1
1
1
1
1
1
1
1
1
1
1
1
1
0.964136978969856
1
1
1
1
1
0.933274590352673
1
0.988174631467441
1
1
1
1
1
1
1
1
1
1
1
1
0.993977191692533
0.975751437398931
1
1
1
1
1
1
1
1
1
1
1
0.973210886500199
1
1
1
0.996719223029493
1
1
1
0.831542693216729
1
1
1
1
1
1
1
1
1
1
1
1
1
1
1
1
1
1
1
1
1
1
1
1
1
1
1
1
1
1
1
0.947616471051019
1
1
1
1
1
1
0.995845686808745
1
1
1
1
1
1
1
1
0.622996119718577
1
1
1
1
1
1
1
1
0.906570661730553
1
0.985740693477727
1
1
1
1
1
1
1
1
1
1
1
1
1
1
1
1
1
1
1
1
1
0.996328013003812
1
1
1
1
0.972451187933994
1
1
0.96913073541365
1
1
1
1
1
0.946836706283653
1
1
1
1
0.988118800879026
1
1
1
1
0.9961039230531
0.937905457837896
1
1
1
0.969877443759846
1
1
0.995882925161736
1
0.988929429825258
1
1
1
1
1
1
1
1
1
1
1
0.993078724950535
1
1
0.907399160859074
1
0.997682622090394
1
0.876093266626248
1
1
0.830495125326324
1
0.949669419972294
1
1
1
0.783980850647603
1
1
0.960532682954063
1
0.996044061944293
1
1
1
0.970367122518665
1
1
0.878471411079057
1
1
1
1
0.86957358918566
1
1
0.996328013003812
1
1
1
1
1
0.994878887736513
1
1
1
1
0.948411974805207
0.975012715932211
0.981696909965918
1
1
1
1
1
1
0.997099181617193
1
1
1
0.971947069303655
1
0.992433510730252
1
1
0.963695607673034
0.687993689054984
1
0.972639206265851
1
0.98507194782076
0.982457617947373
1
0.942241197493859
0.827831729715444
1
1
0.942986565297701
1
1
1
1
0.950479377554254
1
0.977803890893689
1
1
0.993363849018906
1
1
1
1
0.944454074316562
0.92866279731028
0.823088936194281
0.896260366599213
1
0.901201010300025
1
1
0.946681070255064
0.995193187756606
1
1
1
1
1
0.859426757816838
1
1
1
1
1
1
1
0.971102343031903
1
1
1
1
1
1
1
1
0.969358327018211
0.89035942886744
1
1
1
1
0.96913073541365
1
0.899653080948055
0.866425330884828
1
1
0.964165405638022
1
1
1
0.855324580439154
1
1
1
0.948411974805207
1
1
1
1
1
0.927481281505055
0.994713863712369
1
0.992959817020278
0.904624085954517
1
0.860569900586235
1
0.981867108513362
1
1
1
1
1
1
1
1
1
1
1
1
1
1
1
1
1
1
0.980728637462747
1
1
0.960516229641251
1
0.99466559681962
1
1
1
1
0.933160077712855
1
0.994713863712369
1
1
0.995882925161736
1
1
0.974219742600571
1
1
0.979242078344087
1
1
1
1
1
1
1
1
1
0.78266848208675
0.85989796826092
0.98507194782076
1
1
1
1
1
1
1
1
0.951831725062492
1
1
1
1
1
1
1
1
0.999447582556021
1
0.959014133794469
1
1
1
1
1
1
1
1
1
1
1
1
0.990386777277258
0.878471411079057
0.983136745343778
1
1
0.9961039230531
1
1
1
1
0.967225379495708
1
1
0.992330848655626
1
1
1
0.958349613330514
1
1
1
1
0.997825797869554
1
0.930726286663412
0.949864614645165
1
1
0.992959817020278
1
1
1
1
1
1
1
1
1
1
0.960516229641251
1
1
0.960630829921078
1
1
1
1
0.937905457837896
0.494942403451793
1
0.78266848208675
1
0.938699737365149
0.997003532302395
0.956698011225992
1
1
1
1
1
0.965778569523868
1
0.950479377554254
0.848378182978863
1
0.965081423915089
0.655495723221122
0.963695607673034
1
1
0.982254265401062
1
1
1
1
1
1
1
1
1
1
1
1
1
1
1
1
1
0.997652098289284
0.988929429825258
1
0.985206590141482
1
1
1
1
0.997682622090394
1
1
0.960386149130578
1
1
1
1
1
1
1
1
1
1
1
1
1
1
1
1
1
1
1
1
0.993977191692533
1
0.956698011225992
1
1
1
1
1
1
0.990153310647226
1
1
1
1
1
0.988908780237192
1
1
1
1
1
1
1
1
1
1
0.967791908736881
1
1
1
1
0.995845686808745
1
1
0.966602524738552
1
1
1
1
0.899231335799623
1
1
1
1
1
0.958871454702496
1
1
1
1
1
1
1
1
1
1
0.996169542450367
1
1
1
1
0.992330848655626
0.985380981840848
1
1
1
1
1
1
1
0.866543838171786
1
1
1
1
0.968358996128774
0.959854426858027
1
0.76226100954541
1
0.98927094280944
1
1
1
1
1
1
1
0.832296150438158
1
1
1
1
1
1
1
0.925102837453522
1
1
0.98275419283656
0.892116953247913
1
0.96981356448911
1
1
1
1
1
1
1
1
1
0.992959817020278
1
1
1
1
1
1
0.872037901473106
1
1
1
0.950479377554254
0.997682622090394
1
0.970229935199192
1
1
1
1
0.997003521322775
1
1
1
1
1
1
1
1
1
1
1
1
1
1
1
1
1
1
1
1
1
1
1
1
1
1
1
1
1
1
1
1
1
1
0.956406195961821
0.924193195375629
0.968601430170155
1
1
1
1
1
1
1
1
1
1
1
0.871407314438429
1
1
1
1
1
1
1
1
0.951190616845104
1
1
0.995882925161736
1
1
0.939714176375403
1
1
1
1
0.972492054508854
1
1
1
1
1
1
0.949084455468259
0.925578336335441
1
1
1
1
1
1
1
1
1
1
1
1
1
1
1
1
1
1
0.883163103916022
0.993977191692533
0.682990447471556
1
0.995089833251744
1
0.99466559681962
1
1
1
1
1
1
1
1
1
1
1
1
1
1
0.989932364950311
0.987937153394264
1
1
1
0.945357734269214
1
1
1
1
1
1
1
1
1
1
0.997179395649991
1
1
1
1
1
1
1
1
1
0.989589090254997
1
1
1
1
1
1
1
1
1
0.866425330884828
1
1
1
1
1
1
1
1
1
1
1
1
1
1
1
0.95778623873818
1
1
1
1
1
1
1
0.99912820215559
1
1
1
1
0.901201010300025
0.981867108513362
1
1
1
0.987402983887078
1
1
1
1
0.959691150441052
1
1
1
1
1
1
0.970778922948322
1
1
1
0.979659653809022
1
1
1
1
1
0.987438808023135
0.995845686808745
1
1
1
1
1
0.998457850873004
1
1
1
1
1
1
0.98461400646577
1
0.978215991905115
0.971947069303655
1
1
1
1
1
1
1
1
0.966710947265263
1
1
1
1
0.98927094280944
1
1
1
1
1
0.953493316158399
1
1
1
0.943854110073626
1
1
1
0.949013461050867
1
0.944454074316562
1
1
1
1
1
1
1
1
1
1
1
1
0.96913073541365
0.947616471051019
1
1
1
1
0.876093266626248
1
1
1
1
1
1
1
1
0.871407314438429
1
1
1
0.859889249561287
1
0.949864614645165
0.983173540573422
1
0.993977191692533
1
1
1
0.917683503586587
1
0.987440363897125
0.895545351011075
0.984036295081036
0.933478684008749
1
1
1
1
1
1
0.660942381710801
1
0.98343007844085
1
1
1
1
1
1
0.943463201213208
1
1
1
1
1
1
1
1
1
0.977504441262462
1
0.947334433390568
0.978759406191438
1
1
1
1
1
0.947616048820555
0.979987985350469
1
1
0.883101328238019
0.868905618925671
1
1
1
1
1
1
0.984857076479909
1
0.895545351011075
1
1
1
1
1
0.930321716770858
0.994069458745853
1
1
1
1
1
0.954638720954389
1
1
1
1
1
1
1
1
1
1
1
1
1
1
1
1
1
1
1
0.835545911809485
1
1
1
1
1
1
1
1
1
1
1
0.996668078054572
1
1
0.954466484728752
0.896853872309663
1
0.979041627617269
0.920110593300131
0.961478284608771
0.89665063055705
1
1
1
1
0.996044061944293
1
1
1
1
0.893643428568932
1
1
1
0.959014133794469
1
1
1
1
0.957465625618541
1
1
1
0.98275419283656
0.986014852877198
1
0.867963074695278
0.944235610027443
1
1
1
0.98590631490794
0.994582445130706
1
1
0.899231335799623
1
1
1
0.977707428972464
1
0.878189032025398
0.924193195375629
1
1
1
1
1
0.925364904127178
1
1
0.98590631490794
1
1
1
0.997354817381273
1
1
0.932943611934981
0.944235610027443
1
1
1
1
0.953493316158399
1
1
1
1
0.988929429825258
1
0.951572149206665
1
1
1
0.787348638794297
1
1
1
0.840529917388944
1
1
1
1
1
1
1
1
1
0.740737972336548
0.977504441262462
1
1
1
1
0.986035727614739
1
1
0.826936241580647
1
1
1
0.986622676142027
1
1
1
1
0.86588913428528
0.986255639442634
1
1
1
1
1
1
1
0.668592431399614
1
1
1
1
1
1
1
1
1
1
0.994582445130706
0.924579063097634
1
1
1
0.97650358702758
1
1
1
1
1
1
0.978813960743276
1
1
1
1
0.995753393173517
1
1
1
0.957349207930802
1
1
1
1
1
1
1
1
1
1
1
1
1
1
1
1
1
0.985206590141482
1
1
1
0.990386777277258
1
1
1
1
0.975392286920085
1
1
1
1
0.931558226187277
1
1
1
1
1
0.958222624275008
1
0.995753393173517
1
1
1
1
1
1
1
1
0.999228664252195
1
0.990386777277258
1
0.985206590141482
1
0.981867108513362
1
0.972790593268735
0.857852087912057
1
1
1
1
1
1
0.871407314438429
1
1
1
1
1
1
1
1
1
1
1
1
1
1
1
1
1
1
1
0.881239342615937
1
1
1
1
1
1
1
0.924294101510578
1
1
1
1
1
1
0.942241197493859
1
0.983038560146729
1
0.987937153394264
1
1
1
1
1
1
1
1
1
1
0.899824782334045
1
1
1
1
1
1
1
1
0.873225048353665
1
1
0.944235610027443
0.915892097439776
1
1
1
0.908265567299121
1
1
0.971046397472442
1
1
1
1
1
1
0.970561147810946
1
0.997354817381273
1
1
0.945605648503566
0.807110088168363
0.956639942027837
1
1
1
1
1
0.970294540269006
1
1
1
1
1
0.611713872687741
1
0.977504522907491
1
1
1
1
0.925730031545622
1
0.946271872572611
1
0.859889249561287
0.992330848655626
1
1
1
1
1
0.97965457076582
1
1
1
1
0.959601217226246
1
1
1
1
1
1
1
1
1
1
1
1
1
1
1
1
1
1
1
0.993363849018906
1
1
0.72841976474083
1
1
1
1
1
0.959691150441052
1
1
1
1
1
1
1
1
1
1
0.985804848739543
1
1
1
1
0.995974498771501
0.501769303533854
1
1
0.953493316158399
0.9958119247272
1
1
1
1
1
1
1
0.956698011225992
1
1
1
1
1
1
0.996719223029493
0.946836706283653
0.992726516052
1
1
1
0.997379919452442
1
1
1
1
1
1
1
1
1
0.995510019448217
1
1
0.981696909965918
1
1
1
1
1
1
1
1
1
1
1
1
1
1
1
0.978620297078376
1
1
1
1
1
1
1
0.925764874786139
1
0.925364904127178
0.916447608622801
1
1
0.98925075294849
1
1
1
1
0.992726516052
1
1
1
1
0.818937198503321
1
1
1
1
0.838787743362506
0.683521105303845
0.970367122518665
1
1
1
1
0.930726280855942
1
0.996668078054572
1
0.917683503586587
0.95977045947549
1
1
1
1
1
0.859889249561287
1
1
1
1
1
1
1
1
1
1
1
0.978759406191438
1
1
1
1
0.983136745343778
1
1
1
1
1
1
1
1
0.995638657184218
0.97955993131387
1
1
1
1
1
1
1
1
1
1
0.924193195375629
1
1
0.971046397472442
0.949159289683425
1
1
0.995974498771501
0.989433956577447
1
1
1
1
1
1
1
1
1
1
1
1
1
1
0.992095641117637
1
1
1
1
1
1
0.997436516206864
1
1
1
0.923538887239349
1
1
1
0.979645911337206
1
1
0.998552173736658
1
1
1
1
1
1
1
1
1
0.983342441768769
0.971102343031903
0.967791908736881
1
0.994755093656519
1
0.984857131623014
1
1
0.994713863712369
1
0.961478284608771
1
1
1
1
1
0.983173540573422
1
0.949864614645165
1
1
1
0.977498356137446
1
1
0.986544107718327
1
1
1
1
1
1
1
1
1
1
1
0.990153310647226
0.983173540573422
1
1
1
0.934607146394061
0.992561466926413
1
1
1
1
1
1
1
1
1
1
1
0.981696909965918
0.946836706283653
1
1
1
1
1
1
1
1
1
1
1
1
0.968520342266309
1
1
1
1
0.994608110521919
1
1
1
0.933883290624931
1
1
1
1
0.957733879414237
0.858741174473628
1
0.878471411079057
1
0.904624085954517
1
1
1
0.95977045947549
1
1
0.987438762089131
1
1
1
1
0.949013461050867
1
1
0.954466484728752
1
0.991938936903971
1
1
1
1
0.87921759102443
1
1
0.983677500724849
0.986255639442634
0.844298583208143
1
0.959358750688014
1
1
1
1
1
0.997003521322775
0.997825797869554
1
1
1
0.956406195961821
1
0.977970326992613
1
1
1
1
1
1
0.861233290275531
1
0.888543990284795
0.998850459936936
1
1
1
0.993904003667773
1
1
1
1
0.832476195936039
0.986249607222084
1
1
1
1
1
1
1
1
1
1
0.970778922948322
1
1
0.872037901473106
1
0.987937153394264
0.984036295081036
1
1
1
1
1
1
1
1
1
1
1
0.995638657184218
1
1
1
1
1
1
1
0.988647565519067
1
1
1
1
1
1
0.925102837453522
1
1
1
1
1
1
1
1
0.897648985129763
1
1
1
1
1
0.959893324367268
1
0.954698895900232
1
1
0.993944419454416
1
1
0.986255639442634
1
0.850702651025065
1
1
1
1
1
1
1
1
0.944235610027443
1
1
0.996719223029493
1
1
1
1
1
1
0.971102343031903
1
1
1
1
1
1
0.966602524738552
0.978390566519759
1
1
1
1
0.849600052136538
1
1
1
1
1
1
1
1
0.986255639442634
1
1
0.959164563007197
1
1
1
1
0.773384476083647
1
1
1
1
1
1
1
1
1
1
0.972003049736403
0.990024317151269
1
1
1
1
1
1
0.995974498771501
1
1
1
1
1
0.94678117269952
0.970833995134459
1
1
1
1
1
0.993904003667773
0.990024317151269
1
1
1
1
1
0.956406195961821
1
1
1
0.86954716948509
1
1
1
1
1
1
1
1
1
1
1
0.988647565519067
0.930726286663412
1
1
1
1
1
1
0.997436516206864
1
1
1
0.955214654318414
1
1
0.960386149130578
1
1
1
1
1
1
1
0.990386777277258
0.984804045357563
1
1
1
1
1
1
1
0.98507194782076
1
1
1
1
1
1
1
1
1
1
0.96981356448911
0.96913073541365
1
1
1
0.979041627617269
1
1
1
1
1
1
1
1
0.982337225309876
1
1
0.827805880758288
1
0.987402983887078
1
1
1
1
0.996668078054572
1
1
1
1
1
1
1
1
1
1
1
0.790307004675034
1
1
1
1
1
1
1
1
0.960576404805545
1
1
1
0.979041627617269
0.990386777277258
1
1
1
0.959893324367268
0.982337225309876
1
1
1
1
0.949159289683425
1
0.986035727614739
1
1
1
1
0.995651025399357
0.959854426858027
1
1
1
1
1
1
0.984036295081036
0.959048154632735
1
0.996044061944293
1
1
1
1
1
1
1
1
1
1
1
0.879044777267538
1
0.977504522907491
0.980738457438356
1
1
1
1
1
1
0.997003532302395
1
0.959601217226246
1
1
0.983136745343778
1
1
0.919384280626647
1
1
1
1
1
1
1
1
1
1
1
0.787631336746625
1
1
1
1
1
0.982353091645217
0.984857076479909
1
1
0.861126803474557
1
1
1
1
1
1
1
1
0.955073646286347
1
0.983677500724849
1
0.980874012002812
1
1
1
1
1
1
1
1
1
1
0.985753974105481
0.994582445130706
1
1
1
1
1
0.970561147810946
0.972790593268735
1
1
0.850702651025065
1
1
0.945975033642218
1
1
1
1
1
1
1
1
1
1
0.978003602352586
1
0.982122298441119
1
0.967225379495708
1
1
1
1
1
1
1
1
1
0.925764874786139
0.890171445925109
1
1
1
1
1
0.983558947841521
1
0.502907211088579
1
1
0.968520342266309
1
1
1
1
1
0.983136745343778
0.924022665093937
1
0.992726516052
1
1
1
1
1
0.650760925438542
1
1
1
1
1
1
0.953640134553367
1
0.98927094280944
0.964136978969856
1
1
1
0.989932364950311
1
0.975373039224712
1
1
1
1
1
1
1
1
1
1
0.984857076479909
1
1
1
1
0.964136978969856
0.997354817381273
1
1
1
1
0.987937153394264
1
0.864238317168312
1
1
1
1
1
1
1
1
0.95778623873818
1
1
1
0.890171445925109
0.995974498771501
1
1
1
1
1
1
1
1
0.952564243244407
1
1
1
1
1
1
1
1
1
1
1
1
1
1
1
0.990024317151269
0.958693179824085
0.828303126502687
1
1
1
1
0.986249607222084
0.930726286663412
1
1
1
0.967410212257841
1
1
1
1
1
0.988118800879026
1
1
1
0.968520342266309
1
0.97955993131387
1
1
0.990386777277258
1
1
1
1
1
0.750794176325231
0.830495125326324
0.995364077165025
1
1
1
1
1
0.975012715932211
1
1
1
1
1
0.961931682877456
0.994797438976477
1
0.956314684521954
1
1
1
0.973648631346946
1
1
1
1
1
1
1
1
1
0.996169542450367
1
1
1
1
1
1
1
1
1
0.983173540573422
1
1
1
1
0.912504670243026
1
1
1
1
1
0.979651023207451
1
1
0.994582445130706
0.953493316158399
1
0.993904003667773
1
0.9948867185383
0.949013461050867
1
1
1
0.931558226187277
1
1
0.983173540573422
0.991277379167576
0.960516229641251
1
1
1
1
0.993445835056286
1
0.987438808023135
1
1
1
0.448326168300772
1
0.896853872309663
1
1
1
1
1
1
1
1
1
0.997813018303692
1
1
1
1
0.98590631490794
0.980995658731741
0.986014852877198
0.958174908412848
0.992561466926413
0.948671701795968
1
1
0.917683503586587
1
1
1
1
1
1
0.977498438249267
0.924927564879716
1
1
0.9436743632499
0.77325005143722
0.94233030596523
1
0.956698011225992
1
1
1
0.947616048820555
0.996044061944293
0.904624085954517
0.982457617947373
1
1
0.992433510730252
1
1
0.958124849765374
1
1
1
1
1
1
1
1
1
1
1
1
0.969201112086042
1
1
0.994964657491387
1
1
0.958349613330514
1
1
0.960312312281808
1
1
0.848378182978863
1
1
1
1
0.987833784461748
0.948411974805207
1
1
1
0.958174908412848
1
1
1
1
1
0.866143055362998
1
0.78531029071136
1
1
1
0.962184045698135
1
1
0.860843866770626
1
1
1
1
1
1
1
1
1
1
1
1
1
1
0.949159289683425
1
1
0.899231335799623
1
1
1
1
1
1
1
1
1
0.98343007844085
1
1
1
1
1
1
1
1
1
1
0.962936826545879
1
1
0.983558947841521
1
1
0.949159289683425
1
1
1
0.992422648853531
1
1
1
1
0.994964657491387
1
0.933478684008749
1
1
1
0.994964657491387
1
1
1
0.929312129275844
1
0.958693179824085
0.9958119247272
0.876093266626248
1
1
1
0.990922916295669
1
1
0.999228664252195
1
1
1
1
1
0.996169542450367
0.955073646286347
1
1
0.944454074316562
0.958227856585493
0.999447582556021
1
1
1
0.9961039230531
1
0.98507194782076
0.990922916295669
1
1
1
0.959013984814088
1
0.995974498771501
1
1
1
1
1
0.929312129275844
1
1
1
1
1
1
1
1
1
0.942241197493859
1
0.962973878742657
0.983173540573422
1
1
1
1
1
1
1
1
1
0.958682234357006
1
1
1
1
1
0.99466559681962
1
1
1
0.773384476083647
1
1
1
1
1
1
0.924294101510578
1
1
1
0.866425330884828
1
1
0.978389356570707
1
1
1
1
1
1
1
1
1
1
1
1
1
0.967829643329823
1
1
1
1
0.995996460228845
1
0.970869668586923
1
1
0.977707428972464
0.986249607222084
1
1
0.849600052136538
1
1
0.964136978969856
0.994582445130706
1
1
1
1
0.975373039224712
0.996719223029493
1
1
1
1
1
0.977498438249267
1
1
0.786999468134329
0.878471411079057
1
1
0.989521576753153
1
1
1
1
1
1
1
0.958944158991707
1
1
1
1
1
1
1
1
1
1
0.831568553211244
1
1
1
1
0.989932364950311
1
1
1
1
1
1
1
1
0.971102343031903
1
0.96713591746765
1
1
1
1
0.971947069303655
0.959691150441052
0.984857076479909
1
1
1
1
0.996373477868438
1
1
1
1
1
1
0.966602524738552
1
1
1
1
1
1
1
0.891209319804914
1
0.9958119247272
1
0.896853872309663
0.995103887440159
1
0.78266848208675
1
1
1
1
1
1
1
1
1
0.98461400646577
1
1
1
1
1
1
0.970243958498972
0.986249607222084
1
1
0.98336144901147
1
1
1
1
1
1
1
1
1
1
1
1
1
1
0.987937153394264
1
1
1
1
1
1
1
1
1
1
1
1
1
1
1
1
1
0.860569900586235
0.959014133794469
1
0.973407495760109
1
0.97499087231057
1
1
1
0.974284386036014
1
0.997652098289284
1
1
1
1
1
1
1
1
1
1
1
0.986249607222084
1
1
1
1
1
1
0.978390566519759
0.77325005143722
1
1
1
1
1
0.995089833251744
0.922923678657431
1
1
1
1
1
1
1
0.99081487376872
1
1
1
0.995974498771501
1
1
1
1
1
1
1
1
1
0.952308574922717
1
1
1
1
0.996668078054572
1
0.941606570733165
1
0.949864614645165
1
1
0.977970326992613
0.939600967230659
1
1
0.969921545697752
1
0.789825969597075
1
1
1
1
1
0.956314684521954
1
0.969058280164766
1
1
1
1
1
1
1
1
1
1
0.970229935199192
1
1
1
0.987438808023135
1
1
1
0.988174631467441
0.987438762089131
1
1
1
1
1
1
1
1
1
1
0.830162223455845
1
1
1
0.947895610962938
1
1
1
1
1
0.964895999161128
1
0.941606570733165
1
1
1
0.944235610027443
0.921326297947026
1
1
1
1
1
1
1
1
1
1
1
1
1
1
1
1
1
1
1
1
0.940293743926467
1
1
1
1
1
1
1
1
1
1
1
1
0.971102343031903
1
1
0.933274590352673
0.990922916295669
1
0.697007156145014
1
1
0.621164142756323
1
1
1
0.98471995925031
1
0.758160615429766
1
1
1
1
0.970778922948322
1
0.970778922948322
1
1
1
1
1
1
1
1
1
1
0.977498356137446
0.990181236544367
1
1
0.948083337065298
1
1
1
1
0.983173540573422
0.942986565297701
1
1
1
1
1
0.858813419622589
1
1
1
1
1
1
1
1
1
1
0.993363849018906
0.953493316158399
1
1
1
1
1
1
1
1
1
1
1
1
1
1
1
0.964022684921102
1
1
1
1
0.998124573330851
1
1
1
1
1
1
1
1
1
1
0.963785122129
1
1
1
1
0.998779816859228
1
1
1
1
1
1
1
1
1
1
1
1
1
1
1
1
0.958227856585493
1
1
1
1
1
0.946836706283653
0.930763090049673
1
1
0.997652098289284
1
1
1
1
1
0.96992143690723
1
1
1
1
1
1
1
1
1
1
1
1
0.982802754197673
1
1
1
1
1
1
1
1
1
1
0.876093266626248
0.958693179824085
0.967107939735609
1
1
1
0.861867842675604
1
1
1
0.976365804364041
1
1
1
1
1
1
0.943463201213208
1
1
1
1
1
1
1
1
1
1
0.951831725062492
0.985455487299275
1
0.820668075485764
1
1
1
1
1
1
1
1
1
1
1
0.802078668396005
1
1
1
1
1
1
1
0.958682234357006
1
1
1
1
1
1
1
1
1
1
1
1
1
0.995996460228845
1
0.960576404805545
1
0.988929429825258
0.984804045357563
0.899231335799623
1
1
1
1
0.99466559681962
0.855988345952547
1
1
1
1
1
1
1
1
1
1
1
1
1
1
0.968601430170155
1
1
1
0.958682234357006
1
1
1
1
1
1
0.959014133794469
1
1
1
1
1
1
1
0.942028142143616
1
0.946681070255064
1
1
1
0.995216565122259
1
1
1
1
1
1
1
1
1
1
1
1
1
1
1
1
1
1
1
1
1
0.959014133794469
1
1
1
1
1
0.859426757816838
1
1
1
1
1
1
0.929597441511912
1
1
0.970229935199192
1
1
1
1
1
0.9436743632499
1
1
1
1
1
1
1
0.871407314438429
1
1
0.98336144901147
0.997003521322775
0.963785122129
1
0.965081423915089
1
1
1
1
1
0.99466559681962
1
1
1
1
1
0.906570661730553
1
1
1
1
1
1
0.900641820935529
0.99729240596786
0.891209319804914
1
1
1
0.989433956577447
1
0.877785502685275
1
1
1
1
1
1
0.995638657184218
0.985337607463649
0.997354817381273
1
1
1
0.956639942027837
1
1
1
1
0.986249607222084
1
0.960386149130578
1
1
1
0.86775558740994
1
1
1
1
0.971935861242336
1
1
0.968358996128774
1
1
1
1
0.958124849765374
1
1
1
1
1
0.991164030659769
1
1
1
1
0.94153114088075
1
1
1
1
1
1
1
1
1
1
0.999447582556021
1
1
1
1
1
0.969877443759846
1
1
1
1
1
1
1
1
0.938699737365149
1
1
1
1
1
1
1
1
1
1
1
1
1
1
1
1
0.977498356137446
1
1
1
1
1
1
1
1
1
1
0.999447582556021
1
1
0.981331437405546
1
0.997436516206864
1
1
0.986035727614739
0.873225048353665
0.750794176325231
1
1
1
1
1
1
1
1
1
1
0.958222624275008
1
1
1
0.983565520601359
1
0.8770748442135
1
1
1
1
0.983136745343778
0.861663169698354
0.994964657491387
1
1
1
1
1
1
1
1
1
1
1
1
0.968358996128774
1
1
1
1
1
0.863643945862699
1
1
0.836179296060886
1
1
1
0.983136745343778
0.879044777267538
1
1
1
0.908265567299121
1
1
0.958682234357006
0.860569900586235
1
1
1
1
1
0.976038810340514
1
1
1
0.999447582556021
0.995882925161736
1
1
1
1
0.954305637983453
1
1
1
1
1
0.982122298441119
1
1
1
1
1
1
1
1
1
1
1
1
1
1
1
1
1
1
1
1
0.992561466926413
0.797778417345838
1
1
1
1
1
0.910882286888893
1
1
1
1
1
1
0.890215247445094
0.861663169698354
0.977803890893689
0.997825797869554
1
1
0.958682234357006
1
1
1
1
1
0.87833001203711
1
1
1
1
1
1
1
1
1
1
1
1
1
0.920110593300131
1
1
1
1
1
1
1
1
0.797778417345838
1
1
0.950479377554254
1
1
0.86954716948509
1
1
1
1
1
1
1
1
0.790307004675034
1
1
1
1
1
1
1
0.994713863712369
1
1
1
1
1
1
1
1
1
1
1
1
1
1
1
1
0.969921545697752
1
1
1
1
1
1
1
1
0.881239342615937
1
0.925102837453522
1
1
1
1
1
1
1
0.802078668396005
0.971046397472442
1
1
0.979659653809022
1
1
1
1
1
1
1
1
1
1
1
1
1
1
1
1
0.990827190009144
1
1
1
1
1
1
1
0.925102837453522
1
1
1
0.982457617947373
1
1
0.895965017750212
0.9560645293886
1
1
1
0.983677500724849
1
1
1
1
1
1
1
1
1
1
1
1
1
1
0.830162223455845
0.894679444955239
1
0.963581789429723
1
1
1
1
1
0.860569900586235
1
1
0.923538887239349
1
1
1
1
0.974284386036014
1
1
0.972451187933994
1
1
1
0.924579330246392
0.957733879414237
1
1
1
1
1
1
0.997517337699668
1
0.908265567299121
1
1
0.968601430170155
1
0.988620990322771
1
1
1
0.840529917388944
1
1
1
1
1
1
1
0.994964657491387
1
0.992095641117637
1
1
1
1
1
1
1
1
0.97499087231057
1
1
1
0.963581789429723
0.960386149130578
1
1
1
0.980738457438356
0.600215772380475
1
1
0.970833995134459
1
1
1
1
0.983136745343778
1
1
1
1
0.975012715932211
1
1
1
1
1
0.844349366952016
1
1
1
1
1
1
1
1
1
1
1
1
0.987937153394264
1
1
1
1
1
1
0.915892097439776
1
1
0.955159316219267
1
1
1
1
1
1
1
1
0.901201010300025
1
1
1
1
1
1
1
1
1
1
1
1
0.988908780237192
1
1
1
1
1
1
1
0.923538887239349
1
1
1
1
1
1
1
1
1
1
0.995103887440159
1
1
1
1
1
1
1
1
0.983565520601359
1
1
1
0.902342607008908
0.958227856585493
0.968601430170155
1
1
0.922923678657431
1
1
0.941606570733165
0.860569900586235
1
1
0.971935861242336
1
1
1
1
1
1
0.987302583184232
1
1
0.997621291131894
1
0.967107939735609
0.981696909965918
1
1
1
0.963695607673034
1
1
1
1
0.994582445130706
1
1
1
1
1
1
1
1
1
1
1
1
1
1
1
1
1
1
0.971947069303655
1
1
1
1
1
1
0.834686573596377
1
1
1
1
1
1
1
0.98927094280944
0.938328513587745
0.988908780237192
1
1
1
1
1
0.990922916295669
1
1
1
1
0.909292255925319
0.964136978969856
1
0.798737253413823
1
1
1
1
0.927481281505055
1
1
1
0.992330848655626
1
1
1
1
1
1
1
1
1
1
1
0.956698011225992
1
1
1
1
1
0.778751690537358
1
1
1
1
1
1
1
1
0.958349613330514
1
1
1
0.927603427570605
1
1
1
0.963041709064805
0.973210886500199
1
1
1
1
1
1
0.987067787992589
1
0.997003532302395
1
1
1
0.976808091764757
1
1
1
0.995882925161736
1
1
1
1
1
0.944175384053097
1
1
1
0.980126810951643
0.990181236544367
1
1
0.977504441262462
1
1
1
1
1
1
1
1
0.995638657184218
1
1
1
1
0.970021647656351
1
1
1
0.99748028669263
1
1
1
1
1
1
1
1
0.867517766258286
1
0.971102343031903
1
1
0.831568553211244
0.860843866770626
1
1
1
0.996719223029493
1
1
1
1
1
1
1
1
1
1
1
1
1
0.97499087231057
1
1
1
1
1
0.975751437398931
1
0.990024317151269
0.868905618925671
1
1
0.972451187933994
1
1
1
1
1
1
0.899231335799623
0.945744380412341
1
1
1
1
0.98336144901147
1
1
1
1
1
1
1
0.858741174473628
0.924711586801972
1
1
1
1
1
1
1
1
1
1
1
1
1
1
1
1
0.986035727614739
1
1
0.950479377554254
1
1
1
1
1
1
1
1
1
1
1
0.459346913953756
0.983173540573422
0.979699955843081
0.98507194782076
1
1
1
1
0.983136745343778
0.959691150441052
0.99466559681962
1
1
0.984804045357563
1
1
1
1
0.984857076479909
1
1
1
1
1
0.977970326992613
0.859889249561287
0.949159289683425
1
1
1
1
1
0.997003521322775
0.912504670243026
1
1
1
1
0.970021647656351
1
1
1
1
0.864958884936712
1
1
0.979659653809022
0.964165405638022
0.958838883715338
1
1
1
1
1
0.859889249561287
1
1
1
1
1
0.956406037589378
0.881239342615937
1
0.940293743926467
1
1
0.997379919452442
1
1
1
1
1
1
1
1
1
0.98461400646577
1
1
1
1
0.938853274192998
1
1
1
1
1
1
1
1
0.959854426858027
0.853707296133938
1
0.992433510730252
1
0.975373039224712
1
1
1
1
1
0.76424608698089
1
1
1
1
1
1
1
0.949159289683425
1
1
1
1
1
1
1
0.956314684521954
1
1
1
1
1
1
1
1
1
1
1
0.686324347728715
1
0.893199537112754
0.919860590993762
1
1
1
1
1
1
1
1
1
1
1
1
1
1
1
1
0.96130248368549
0.964895999161128
1
1
0.959051621652596
1
1
1
1
0.99466559681962
0.820668075485764
1
0.96981356448911
1
1
1
1
1
1
1
1
0.979987985350469
1
1
1
1
1
1
1
1
1
1
0.995753393173517
1
1
1
1
1
1
1
1
1
1
1
1
1
1
1
1
1
0.958174908412848
1
1
1
1
1
1
1
0.989521576753153
1
0.960316640905747
1
1
1
1
1
1
1
0.943765722621174
1
1
1
0.990153310647226
1
1
1
0.989433956577447
0.952182898659908
1
1
1
1
0.992959817020278
1
1
1
1
1
1
1
0.96992143690723
0.990827190009144
1
1
1
1
1
1
1
1
1
1
0.959893324367268
0.971593039240209
1
1
1
1
1
1
1
1
1
1
1
1
1
1
1
1
1
0.985804848739543
1
1
1
0.959358750688014
1
1
1
1
1
1
1
1
1
1
1
0.949864614645165
1
1
1
1
1
1
1
1
1
1
1
1
1
1
1
1
1
0.861867842675604
0.892116953247913
1
0.999725210221442
1
0.895545351011075
1
0.983558947841521
1
1
0.84973689825371
1
1
1
1
0.889015791636932
1
1
1
1
1
1
1
1
1
0.908265567299121
1
1
1
1
0.990386777277258
1
1
0.967727561331791
0.99466559681962
0.94191890404431
1
1
1
1
1
1
0.988118800879026
1
1
1
0.980347385275158
1
1
0.952564243244407
1
0.970778922948322
0.77325005143722
1
1
1
1
1
1
1
0.956314684521954
1
1
1
1
1
1
0.959893324367268
1
1
1
0.997003532302395
1
1
1
1
1
1
1
1
1
1
1
1
1
1
1
1
0.996668078054572
1
1
1
0.956698011225992
1
1
1
1
1
1
1
1
1
1
1
1
1
0.968280918069384
1
1
1
1
1
1
1
1
0.958693179824085
1
1
0.984857076479909
1
1
1
1
0.995103887440159
1
0.986622676142027
1
1
1
1
1
1
1
0.860569900586235
1
1
1
1
1
1
1
1
0.992330848655626
0.956639942027837
0.860569900586235
1
1
0.87921759102443
0.943854110073626
0.996328013003812
1
1
1
0.985206590141482
1
1
1
1
1
1
0.96790113335183
1
1
1
1
1
1
1
0.9961039230531
0.954305637983453
1
0.956406195961821
0.972451187933994
1
1
1
1
1
1
1
1
1
1
0.864958884936712
0.992095641117637
1
1
1
0.956406037589378
1
1
1
0.972492054508854
1
0.819007974519241
1
1
1
0.969877443759846
1
1
1
1
1
1
1
1
1
1
1
0.973407495760109
1
0.968601430170155
0.963247646127894
1
0.987438808023135
0.999447582556021
1
1
1
1
1
0.956314684521954
1
0.995364077165025
1
1
1
0.864958884936712
1
1
1
1
1
0.978887187689033
1
1
1
1
0.954305637983453
1
1
0.996668078054572
1
1
1
0.946836706283653
0.986308811759824
1
0.968280918069384
1
1
1
1
1
1
1
0.924548322350496
1
1
0.942400194809788
1
0.993363849018906
1
1
1
1
1
1
0.958871454702496
1
1
1
1
0.98507194782076
1
1
0.979699955843081
1
1
1
0.996338518355139
1
1
0.872037901473106
0.980347385275158
1
0.924579330246392
1
1
1
0.988647565519067
0.993904003667773
1
0.854221630381969
1
1
1
1
1
1
1
1
1
0.924548322350496
1
1
1
1
0.992433510730252
1
1
1
0.940648467278005
1
1
0.973407495760109
1
1
1
1
0.846777823099193
1
1
1
1
1
1
0.976058882637736
1
0.989338067407392
1
1
1
0.984857076479909
1
0.930785579646714
1
1
0.876093266626248
1
1
1
0.949159289683425
1
1
1
1
1
0.896067596423881
1
1
1
1
0.975373039224712
1
0.959691150441052
0.973552133520698
1
1
1
1
0.892116953247913
1
1
1
1
1
1
1
1
1
1
1
1
0.9958119247272
1
1
1
0.992433510730252
1
1
1
1
1
0.9560645293886
0.987937153394264
1
1
1
1
1
1
1
0.995845686808745
0.901390008653795
1
1
1
1
0.98461400646577
1
0.892116953247913
1
1
1
1
1
1
1
1
1
0.978213851731905
1
0.940474421431397
1
1
0.979242078344087
1
1
1
1
1
1
1
1
1
1
1
1
1
0.987438808023135
1
1
1
1
1
1
1
1
1
1
1
0.973948646902815
1
1
1
1
1
1
1
0.963581789429723
0.858741174473628
0.802674384021089
1
1
0.936034343490195
1
1
1
1
1
0.992561466926413
1
1
1
1
1
1
0.971947069303655
1
0.688628000571481
1
0.97955993131387
1
1
0.995364077165025
0.860843866770626
1
1
1
0.956698011225992
0.995845686808745
0.84973689825371
1
0.958174908412848
1
1
1
1
1
1
0.944235610027443
0.944223913578784
1
1
1
1
0.990386777277258
1
1
1
1
1
0.909292255925319
0.992433510730252
1
0.997652098289284
1
1
1
1
1
0.963785122129
1
0.802078668396005
1
1
0.981469185229354
0.967225260155229
0.848378182978863
1
1
1
1
1
1
1
1
1
1
1
0.970021647656351
1
1
1
1
1
0.98336144901147
1
1
1
1
1
1
1
1
1
1
1
0.997786667187912
1
1
1
0.967829643329823
1
1
1
1
1
1
1
1
1
1
1
1
1
0.947334433390568
0.990386777277258
0.939600967230659
1
0.858741174473628
1
1
0.850702651025065
0.916447608622801
1
1
0.970778922948322
1
0.924193195375629
1
1
1
1
0.997003532302395
1
1
0.834686573596377
1
1
1
1
1
1
1
1
1
1
1
0.992330848655626
1
1
1
0.944223913578784
1
0.782295578475093
1
0.969921545697752
0.76424608698089
0.983677500724849
1
0.887632554060982
1
1
0.946271872572611
1
1
1
1
1
1
1
1
1
1
1
1
1
1
1
1
1
1
0.992959817020278
1
1
0.992433510730252
0.978215991905115
1
0.836518957191944
0.9948867185383
1
1
0.943765722621174
1
1
1
1
1
0.917508587313539
1
0.985206590141482
1
1
1
1
1
1
1
1
1
0.983342441768769
1
1
1
1
0.963247646127894
1
1
0.997003532302395
1
1
1
1
0.995753393173517
0.98814412055015
1
0.977707428972464
0.977498356137446
1
1
1
1
1
1
1
1
1
1
1
1
1
1
0.937905457837896
1
1
1
1
0.892116953247913
1
1
1
1
1
1
0.970833995134459
1
0.995510019448217
0.988118800879026
1
1
0.967727561331791
1
1
1
1
1
1
0.958693179824085
1
0.95558460460128
1
1
0.998115825646053
1
1
1
1
1
1
0.924579330246392
1
1
1
1
1
1
1
1
1
1
1
1
1
1
1
0.943463201213208
1
1
1
0.891209319804914
1
1
1
1
0.985704047980849
1
1
1
1
1
1
1
1
1
1
0.945089565909486
1
1
1
1
1
1
0.873225048353665
1
1
1
1
1
1
1
1
0.995216565122259
1
1
0.994899880002765
1
0.993977191692533
1
1
1
0.956314684521954
1
1
0.968265225832786
1
1
1
1
0.975392286920085
1
1
1
1
1
0.982457617947373
0.960516229641251
1
0.98927094280944
1
1
1
1
0.989433956577447
1
1
1
1
1
0.98927094280944
0.996044061944293
1
1
1
0.968601430170155
1
1
0.945357734269214
1
1
1
1
1
1
1
1
1
1
0.903095648092281
1
0.997003532302395
1
1
1
0.96913073541365
0.985206590141482
1
1
1
0.955470796066029
1
0.987963672398248
1
0.989932364950311
1
1
1
1
1
0.996668078054572
1
1
1
1
1
1
1
1
1
1
1
1
0.962859979851922
1
1
1
1
0.983136745343778
0.942400403442545
1
1
1
1
1
0.921326297947026
1
1
0.920110593300131
1
1
1
1
1
1
0.997099181617193
1
1
0.996373477868438
0.997682622090394
1
1
0.986182202964193
0.873225048353665
1
1
1
1
1
1
0.996719223029493
1
0.982253467703772
0.920110593300131
1
1
1
0.802078668396005
0.995089833251744
0.987438808023135
1
1
0.762950232893462
1
0.899970144509891
1
1
0.98660422306474
1
0.949864614645165
1
1
1
1
1
0.98461400646577
1
0.715424799599765
1
0.999275054977415
1
1
1
1
1
0.892116953247913
1
1
1
1
0.950175137019657
0.98275419283656
1
0.978390566519759
1
0.96981356448911
0.849600052136538
1
1
1
1
0.995638657184218
1
1
1
0.818972892343481
0.963785122129
1
1
1
1
1
0.960630829921078
1
1
1
1
1
1
1
1
1
1
1
1
0.923538887239349
1
1
1
1
1
1
1
0.958349613330514
1
1
0.840529917388944
0.987937153394264
1
0.960516229641251
1
1
0.947616471051019
1
0.957465625618541
1
1
1
1
1
1
0.996668078054572
1
1
1
0.972790593268735
1
1
0.883101328238019
1
1
1
1
1
0.846144563656562
0.986035727614739
1
1
1
1
1
1
1
0.973552133520698
1
1
1
1
0.858741174473628
0.822250659805822
1
0.989433956577447
1
1
1
1
1
1
0.956314684521954
1
0.990181236544367
0.970833995134459
1
1
0.981867108513362
1
1
1
0.977498438249267
0.866425330884828
1
1
1
1
1
1
0.972816072508239
0.982122298441119
1
1
1
1
0.956237857636421
1
1
1
1
1
1
1
1
1
1
1
1
1
0.967225379495708
0.992561466926413
1
0.984804045357563
1
1
1
0.958349613330514
1
1
1
1
1
1
0.990386777277258
1
1
1
0.990181236544367
0.975751437398931
1
0.979242078344087
0.850414375168957
1
0.978215991905115
0.973407495760109
1
1
1
0.977970326992613
1
1
1
1
1
1
1
1
1
1
1
1
1
1
0.995089833251744
1
1
0.957326175396539
1
1
1
1
1
1
0.876093266626248
1
1
1
1
1
1
0.94586324076345
1
0.91894187716288
1
0.988908780237192
1
1
1
1
1
1
1
1
0.99466559681962
1
1
0.978389356570707
1
1
1
0.924294101510578
1
1
1
1
1
1
1
1
1
1
1
1
1
1
1
1
1
1
1
1
1
1
1
1
1
1
1
1
1
1
0.946836706283653
0.970987262863314
1
1
1
1
1
1
0.983558947841521
1
1
1
1
1
1
1
1
1
1
1
1
1
1
0.9958119247272
1
1
1
1
1
1
1
1
1
1
1
1
1
1
0.972639206265851
1
0.940613010542897
1
1
1
0.956406195961821
1
1
0.922923678657431
1
1
1
1
1
1
1
0.979699955843081
1
1
1
0.990024317151269
1
1
1
1
1
0.964165405638022
1
1
1
1
1
1
0.937003887658356
1
1
1
1
0.962973878742657
1
1
1
0.987402983887078
1
1
1
1
1
1
1
1
0.954305637983453
0.955159316219267
1
1
0.944223913578784
1
0.910351719394687
1
1
0.995216565122259
0.969046096776249
1
1
1
1
1
1
1
1
1
0.956314684521954
1
1
1
1
1
1
1
1
1
1
1
1
1
1
0.961931682877456
1
1
1
1
1
1
1
1
1
0.962659363529596
1
1
1
1
1
1
1
1
1
1
0.94191890404431
0.994964657491387
0.972492054508854
1
1
1
0.995996460228845
1
1
1
1
1
1
1
1
1
1
1
1
1
1
0.963785122129
1
1
0.994713863712369
1
1
1
1
0.995089833251744
0.994713863712369
1
0.998963918618684
1
1
1
1
0.960516229641251
1
1
0.977498438249267
1
1
1
1
1
1
1
1
1
1
0.983136745343778
1
1
1
1
1
0.996719223029493
1
1
0.861867842675604
1
0.98343007844085
0.987937153394264
1
0.964136978969856
1
1
1
1
1
1
0.655289440501085
0.993977191692533
1
1
0.891209319804914
1
0.960532682954063
1
1
0.700398492153306
1
1
1
0.983136745343778
0.822115822272078
1
0.940613010542897
1
0.692049490131654
1
1
1
0.932354553421581
0.959014133794469
0.967829643329823
0.967225379495708
1
1
1
1
1
1
1
1
1
1
1
1
1
1
0.98336144901147
1
1
1
1
1
1
1
1
1
1
0.713747569045437
1
1
1
1
1
0.986035727614739
1
1
1
1
0.995974498771501
1
1
1
1
0.871407314438429
1
0.96981356448911
1
1
0.876175916406996
1
0.899231335799623
1
0.949630921409474
1
1
1
1
1
1
1
1
1
1
0.958693179824085
1
1
1
1
1
1
0.982457617947373
1
1
1
1
1
0.850702651025065
1
1
0.995845686808745
1
1
1
1
1
0.968601430170155
1
1
1
1
1
1
1
1
1
1
1
1
1
1
1
1
1
1
1
1
1
0.9961039230531
1
0.953493316158399
1
1
0.981469185229354
0.947334433390568
1
1
1
0.989932364950311
1
1
1
0.980874012002812
1
1
1
1
1
0.963581789429723
1
0.990153310647226
1
0.986035727614739
1
0.964136978969856
1
1
1
1
1
0.901201010300025
1
1
1
1
1
1
1
1
1
1
1
1
1
0.972501155037912
1
1
1
0.895545351011075
1
1
1
0.97955993131387
0.873225048353665
1
0.995974498771501
0.96992143690723
1
1
1
1
1
1
1
1
1
1
1
1
1
1
0.980995658731741
0.986544107718327
1
1
1
0.989932364950311
1
0.938853274192998
1
1
1
1
0.943152229618125
1
1
1
0.997354817381273
1
1
1
1
1
1
1
1
0.994797438976477
0.996328013003812
1
1
1
0.924258542300451
1
1
1
1
1
1
1
1
1
1
1
1
0.983136745343778
0.937003887658356
1
1
1
1
1
1
0.990153310647226
1
0.994797438976477
1
0.861663169698354
1
1
1
1
1
1
1
1
0.98343007844085
1
0.962859979851922
0.936034343490195
1
1
1
1
1
0.922614743794574
0.81650912020099
0.602555814247843
1
1
1
1
1
0.992959817020278
1
1
1
1
1
0.831568553211244
0.988118800879026
1
1
1
1
1
0.95977045947549
1
1
0.990386777277258
1
0.995974498771501
0.984857076479909
1
0.993445835056286
1
0.959854426858027
0.972451187933994
1
1
1
1
1
0.949276562423676
1
0.942028142143616
1
1
1
1
1
1
1
1
1
1
1
1
0.866543838171786
1
1
1
1
1
1
1
1
1
1
0.709772922784937
1
1
1
1
1
1
1
1
1
1
0.994157113841661
1
1
1
1
0.952564243244407
1
1
1
1
0.997846997742845
1
0.848378182978863
0.925540932732385
0.767895674003079
0.945089565909486
1
0.927291905804269
0.995974498771501
1
1
1
1
1
0.944235610027443
0.987937153394264
1
1
1
1
0.871407314438429
1
0.952564243244407
1
1
1
1
1
1
1
1
1
1
1
1
1
1
1
0.995974498771501
1
0.938699737365149
1
1
0.971947069303655
1
1
1
1
0.995216565122259
1
1
1
1
1
0.909355904158008
1
1
0.989521576753153
1
1
1
1
1
1
1
1
1
1
1
1
1
0.984036295081036
1
1
1
1
0.917683503586587
1
0.949864614645165
1
1
1
1
1
1
1
0.978631475367414
1
1
0.897925141594443
1
1
1
1
1
1
1
0.997099181617193
0.956237857636421
1
0.960532682954063
1
1
1
1
1
0.997652098289284
1
1
1
1
1
1
0.972816072508239
1
1
1
0.998963918618684
1
1
1
0.876093266626248
1
1
1
0.9958119247272
1
1
1
0.878471411079057
1
1
0.98343007844085
0.995089833251744
1
1
1
0.98507194782076
1
1
1
1
1
1
1
1
0.990181236544367
1
0.963919979768295
1
1
0.982457617947373
1
0.981469185229354
0.983558947841521
1
1
1
1
0.946681070255064
1
1
0.913259425783343
1
0.983565520601359
0.985206590141482
1
1
1
1
1
0.78531029071136
1
1
1
1
0.901201010300025
0.987937153394264
1
1
1
1
1
0.945089565909486
1
1
1
1
0.998779816859228
1
1
0.848378182978863
1
1
1
1
1
1
1
1
0.9961039230531
1
1
0.965494327115322
0.98590631490794
1
1
1
1
1
1
1
0.921197856000574
1
1
1
1
1
0.997813018303692
1
1
1
1
1
1
1
1
1
1
1
0.943036337455337
1
1
1
1
1
1
1
1
0.917508587313539
0.969201112086042
1
1
0.99729240596786
1
0.942986565297701
0.978003602352586
1
1
1
1
1
1
1
1
1
1
1
1
1
1
1
1
0.950479377554254
1
0.96130248368549
1
0.97955993131387
1
1
1
1
0.901201010300025
1
1
1
0.928866703008871
1
0.957465625618541
1
0.996373477868438
0.994713863712369
1
1
0.885445918425118
1
1
1
1
0.958174908412848
1
1
1
1
1
1
0.781985042447941
1
1
1
0.672117917285653
1
1
1
1
1
1
1
1
1
0.970778922948322
1
1
1
1
1
1
1
1
1
1
0.994797438976477
1
1
0.972790593268735
1
1
0.970294540269006
0.987438808023135
1
1
1
1
1
0.975751437398931
1
1
1
1
0.974284386036014
1
1
1
0.978003602352586
1
1
1
1
1
1
0.964136978969856
0.9958119247272
1
1
1
0.861663169698354
1
1
1
1
1
1
1
1
0.973948646902815
0.977707428972464
0.949864614645165
0.902342607008908
0.98590631490794
1
1
0.97955993131387
0.99729240596786
1
1
1
1
1
0.993977191692533
1
0.923553869369059
1
1
1
0.924294101510578
1
1
1
1
1
1
1
1
1
1
1
0.553842261987496
1
1
1
1
0.920110593300131
0.93530854697626
0.945605648503566
1
1
1
1
1
1
1
1
0.964895999161128
1
0.985380981840848
1
1
1
1
1
1
1
1
0.983677500724849
1
0.967225379495708
1
0.896853872309663
0.9560645293886
1
1
1
0.990922916295669
0.944235610027443
0.866543838171786
1
1
1
0.895965017750212
1
1
1
0.997099181617193
1
1
0.891209319804914
1
1
0.968520342266309
1
1
1
1
1
1
0.959893324367268
1
0.995882925161736
1
1
1
1
1
0.984036295081036
1
1
1
0.949864614645165
1
1
1
1
1
0.994582445130706
1
1
1
0.989589090254997
1
0.815047276771165
1
1
0.96097224808089
1
0.859889249561287
0.977504522907491
0.954755037255659
1
0.994797438976477
1
1
1
1
1
1
1
0.901201010300025
1
1
1
1
1
1
1
1
1
1
1
1
1
1
0.954305637983453
1
1
0.974219742600571
1
0.932943611934981
1
0.99107739664455
0.899231335799623
0.997354817381273
1
1
1
1
1
1
1
1
1
1
0.994157113841661
1
1
1
0.934329779079828
1
1
1
1
1
0.449058123161375
0.928731924133357
1
1
1
0.877785502685275
1
0.995882925161736
0.955159316219267
1
1
1
1
1
1
1
1
1
1
1
1
1
0.927603427570605
1
1
1
1
1
1
0.675078596988015
1
0.89035942886744
1
1
1
1
1
0.871402075370542
1
1
1
0.938699737365149
0.901201010300025
0.945089565909486
0.780903923312291
1
0.956698011225992
1
0.86954716948509
1
1
1
1
1
1
1
1
1
1
1
1
1
0.992330848655626
1
1
1
0.866543838171786
1
1
1
1
0.818937198503321
1
1
1
1
1
1
1
1
1
1
0.99107739664455
1
1
1
1
1
1
1
0.993363849018906
0.878471411079057
1
1
1
1
1
1
1
1
1
0.981696909965918
1
1
1
1
1
1
1
1
1
1
1
0.98275419283656
1
1
0.994797438976477
0.948508744468762
1
1
1
1
0.954466484728752
1
1
1
1
1
1
1
1
1
1
1
1
1
1
0.93696423492052
1
0.990181236544367
0.949013461050867
1
1
1
1
1
1
1
1
1
0.987833784461748
1
1
1
1
1
1
1
1
1
1
1
1
1
1
1
1
1
1
0.959893324367268
1
0.883645770287693
1
1
1
1
1
1
1
1
1
1
1
1
1
1
1
1
1
1
1
0.927603427570605
0.830234183897005
1
1
1
1
0.996328013003812
1
1
1
1
1
1
1
0.989433956577447
1
1
1
0.929312129275844
0.989338067407392
0.990386777277258
1
1
1
1
1
1
1
1
1
1
0.85920185642055
1
1
1
0.961685194908046
0.967225260155229
1
1
1
1
1
1
1
1
0.989337973111867
0.978390566519759
0.952564243244407
1
1
1
1
1
1
1
1
1
1
0.920110593300131
1
1
1
0.963247646127894
1
1
1
1
1
1
1
1
0.916244351038773
1
0.951572149206665
1
1
1
0.86954716948509
1
1
1
1
1
1
0.994713863712369
1
0.836953355773607
1
1
1
1
1
1
0.981343670361945
0.990181236544367
1
1
0.962724273763373
1
1
0.984857076479909
1
0.994582445130706
1
1
1
1
1
1
1
0.971947069303655
1
1
0.987438808023135
0.981343670361945
1
1
0.982254265401062
1
1
1
1
1
1
0.989932364950311
1
1
1
1
1
1
0.989433956577447
1
1
1
0.984036295081036
1
1
0.930283969781803
1
0.933478684008749
1
1
1
1
0.98336144901147
1
0.944235610027443
1
1
1
0.996044061944293
1
0.959358750688014
1
1
1
1
1
1
1
0.994582464945674
1
1
1
1
1
1
1
1
1
0.969201112086042
1
0.965962548397608
1
1
1
0.975012715932211
0.96130248368549
1
0.957465625618541
1
1
1
0.904917325579249
1
1
1
1
1
1
1
1
1
1
0.899653080948055
1
1
1
1
1
1
1
1
0.892116953247913
1
1
0.949864614645165
1
0.990386777277258
1
1
1
1
0.866543838171786
0.996373477868438
1
1
1
1
0.959854426858027
1
1
1
1
1
1
0.935428932446099
1
1
1
1
1
1
1
1
1
1
1
1
1
1
1
0.947616048820555
1
0.822433768487591
1
1
1
1
1
1
1
1
1
1
1
1
1
1
0.870151654867121
0.891890008770491
1
1
1
1
1
1
1
1
1
1
0.742002872666666
1
1
0.969201112086042
1
1
1
0.949084455468259
1
1
1
0.960630829921078
0.970561147810946
0.88956085287419
0.866715516360509
0.972639206265851
1
1
1
0.968520342266309
1
1
1
1
0.974284386036014
0.879107617616323
1
1
0.939016738146626
1
0.946681070255064
1
1
1
0.985206590141482
0.995651025399357
0.859426757816838
1
