x
1
1
1
0.996573758350285
1
1
1
1
1
1
1
1
1
0.995530669106923
1
1
1
1
1
1
1
1
1
1
1
1
0.999674515400893
1
1
1
1
1
1
1
0.999689421764274
1
1
0.9999703600297
1
1
1
0.854828120574769
0.999975045675748
1
1
1
1
1
1
1
1
0.937349822869767
1
0.894573673836406
1
1
1
0.999905087918088
1
1
1
0.957845051778561
1
0.939125734722123
1
1
1
0.999809085297011
1
1
1
0.999956122428833
1
1
1
1
1
1
1
0.907808146505971
1
1
1
0.999641511901227
1
1
1
1
1
1
1
1
1
0.999963062954061
0.998009432107618
1
1
1
0.925823994826826
1
1
1
1
1
1
1
1
1
1
1
1
1
1
1
1
1
1
1
0.924676062010424
1
1
0.99989016476033
1
1
1
1
0.654711731471689
0.999872936398287
1
1
1
1
1
1
1
1
1
1
1
1
1
1
1
1
0.927847150052085
1
1
1
1
0.999982125468551
1
1
1
1
1
1
1
1
0.894573673836406
1
1
1
1
1
1
1
1
1
1
1
1
1
1
1
1
1
1
1
1
1
1
1
0.957534429997781
1
1
1
1
1
1
1
1
0.929344723384439
1
1
0.999584158163898
1
0.999878396834349
1
1
1
0.999741239765733
1
0.999991328534792
0.999941630709504
0.999962767110054
1
0.994154571342057
0.992065948734745
1
1
1
1
1
1
1
1
0.9999703600297
0.999613889261074
1
1
0.840036736918122
1
1
1
1
1
1
1
1
1
0.999986211793286
0.999955503433049
1
0.924676062010424
1
1
1
1
1
1
1
1
1
1
1
1
1
1
1
1
1
1
1
0.999872759769269
1
1
1
1
1
1
0.998831723434518
1
1
1
1
1
0.999533015750715
1
1
1
1
1
1
1
0.925466752312975
1
1
1
0.999956459907232
1
1
1
1
1
1
1
0.979531401871171
1
0.963543535539761
1
0.918565777902462
1
1
0.997830519897963
1
0.999962846356908
1
1
1
1
1
1
1
1
1
0.926531406779087
1
1
1
1
1
1
1
1
1
1
1
1
1
0.992796383738995
1
1
1
1
0.996573758350285
1
1
1
1
1
1
1
1
1
1
1
1
1
1
1
1
1
1
1
1
1
0.995686331946967
1
1
1
1
1
1
1
1
1
1
1
1
1
0.999956122428833
1
1
1
0.967427349055994
0.907808146505971
1
1
0.999850122600336
1
0.920600398366973
0.999989575600611
1
1
1
1
1
1
1
1
1
1
0.999584158163898
1
1
1
1
1
1
1
1
0.999735580870149
1
1
1
1
1
1
1
0.999973944935797
1
1
0.999799629351841
1
1
1
0.999297407925006
1
1
1
1
1
1
1
1
1
0.826400861774526
1
1
1
1
1
1
1
1
1
1
1
1
1
1
1
1
1
1
0.948223299043411
0.97211865583408
1
0.999930445444773
1
0.999874960050331
1
1
1
1
1
1
1
1
1
0.929199728424212
1
1
1
1
1
1
1
0.994166886603264
1
1
1
1
1
0.999695789724369
1
0.993999774878856
1
1
1
1
1
1
1
0.998687705258199
1
1
1
1
1
1
1
0.975919477805444
1
1
1
1
1
1
1
1
1
1
1
0.967427349055994
0.999864698506348
1
1
1
1
0.999595793853847
0.855720214475381
0.978711299974143
1
1
1
1
1
1
0.991832276982419
1
1
1
1
1
1
1
1
1
1
0.999990470078871
0.999991079621914
1
1
1
0.999941630709504
1
1
1
1
1
1
1
1
1
0.998009432107618
0.927847150052085
1
1
1
1
1
1
1
0.979038392130483
1
1
0.992796383738995
1
1
0.90088970113299
1
1
1
1
1
1
1
1
1
1
0.99977452056535
1
1
1
1
1
0.999934615121438
0.999990470078871
1
1
1
1
1
1
1
1
1
1
0.99989016476033
1
1
1
1
1
1
1
1
1
1
1
0.999425663754962
0.999904557080885
1
1
1
1
1
1
1
0.93422316756132
1
1
1
1
1
0.94598538080361
1
1
1
1
1
1
1
1
1
1
1
1
1
1
1
1
1
1
1
1
1
1
1
1
0.896957614402533
1
1
1
1
1
0.999924776847161
1
1
1
1
1
0.999963576090783
1
1
1
1
0.98899306517984
1
1
1
1
1
0.848897276874689
1
1
0.99989016476033
0.999482690087808
1
1
1
1
1
0.994154571342057
0.994166886603264
1
1
1
1
1
0.999973944935797
1
1
0.925823994826826
1
1
1
0.999931978319686
1
1
1
1
1
1
1
1
1
1
1
1
1
1
1
1
0.999737025098316
1
1
1
1
0.915143882960826
1
1
1
1
0.994432330732172
0.999559786770755
1
1
1
1
1
1
1
1
1
1
1
1
1
1
1
1
1
1
1
0.998899441653618
1
1
0.999975045675748
1
1
1
0.999669307225802
1
1
1
0.999963576090783
0.994852514504687
1
0.999974992541563
1
1
1
0.999973880274802
1
0.999689421764274
0.894573673836406
1
1
1
0.999910968562961
1
1
1
1
0.993757780938328
1
1
0.998402111346412
0.999880437750845
0.979038392130483
1
1
1
0.98200296855015
1
1
1
1
1
1
0.999978268665273
1
1
1
1
1
1
1
1
1
1
1
1
0.999962846356908
1
1
1
1
1
1
1
1
1
1
1
0.952230808045755
1
1
1
0.9999703600297
1
1
0.999519518481107
1
1
0.999895809629167
1
1
0.950442985263447
1
0.994166886603264
1
1
0.989667081559686
1
1
1
1
1
0.999991098532185
1
1
1
0.919882616202116
1
1
1
0.999674515400893
1
1
1
1
1
0.999771679657106
1
1
0.999971169876843
1
1
1
0.995530669106923
1
1
1
0.993757780938328
1
1
0.999988601188996
0.999999524780294
1
0.999644576818109
1
0.982753227847874
1
1
1
1
1
1
0.994166886603264
1
1
1
0.992065948734745
1
1
1
1
1
1
1
1
0.999949277345706
1
0.999847738423438
1
1
1
1
0.999990470078871
1
1
0.992065948734745
1
0.99967851238844
1
1
1
1
1
1
1
1
1
1
1
1
0.999802091854095
1
1
1
1
1
1
1
0.99967851238844
1
1
1
1
1
1
1
1
1
1
1
1
1
1
1
0.957534429997781
0.99979681110985
1
1
1
1
1
0.954749111557914
1
1
1
0.999930445444773
0.97009265353838
1
1
1
1
1
1
1
1
1
1
1
1
1
1
1
1
0.999408949205534
1
0.999941630709504
1
1
0.999878396834349
1
1
1
1
1
1
1
1
1
1
1
1
1
1
0.896957614402533
1
1
0.999831087298504
1
1
1
1
1
0.999809085297011
0.994852514504687
1
1
1
1
1
0.926531406779087
1
1
0.987647126221977
1
1
1
0.985764985695787
1
0.999991098532185
0.999971169876843
1
1
1
0.895904070777149
1
1
0.908265085835901
1
1
1
0.828354598984306
0.999584158163898
0.999967252865999
1
1
1
1
1
1
0.996551509873917
0.935068312366585
1
1
0.993357238987402
1
1
0.98929325365592
1
0.942876863318865
0.999986211793286
1
0.939003207863728
1
1
1
1
1
0.990322127857647
1
1
1
1
0.999986211793286
1
1
1
1
1
1
0.878010185835014
1
1
1
1
1
0.999990470078871
1
1
0.954654638954117
1
1
0.99994667034044
0.99977452056535
1
0.994852514504687
1
1
1
1
0.920200430465752
1
1
0.992792889296627
1
1
1
1
1
1
1
0.89118098249173
1
1
1
1
1
1
0.848897276874689
1
1
1
1
1
0.999991328534792
1
0.9999703600297
1
1
1
1
1
0.997352339953019
1
1
1
1
1
1
1
1
1
1
1
0.999831087298504
0.998240280099367
0.999224359295818
1
1
1
1
1
1
1
1
1
1
1
1
0.989667081559686
1
1
0.999994784831176
1
1
1
1
1
1
1
1
1
1
0.99978075658359
1
1
1
1
1
1
1
1
1
0.998402111346412
0.925466752312975
1
1
1
1
0.999971169876843
1
1
1
1
1
0.992065948734745
1
1
1
1
1
1
0.996573758350285
1
0.985482798079597
0.971902978851597
1
1
1
1
1
0.992065948734745
1
1
0.992065948734745
1
0.95517614371356
1
1
1
1
1
1
1
1
1
1
1
1
1
1
0.88621175105113
1
0.929344723384439
1
0.999829574273722
1
1
1
0.999973944935797
0.999989575600611
0.894573673836406
1
1
1
1
1
1
1
1
0.994432330732172
1
1
1
1
0.929199728424212
0.868256408126093
0.999878396834349
1
0.999984155861846
0.939125734722123
1
1
1
1
1
1
1
1
1
1
1
1
1
1
1
1
1
1
1
1
1
1
1
0.866043486956378
1
1
1
1
1
1
1
1
1
1
1
1
1
1
1
1
1
1
1
1
1
1
1
1
1
1
1
1
1
0.769643592313612
1
1
1
1
1
1
1
1
1
0.997352339953019
1
1
1
1
1
1
0.907808146505971
1
1
1
1
1
1
1
1
0.950581584788367
1
1
1
1
1
1
0.999950207623551
1
1
0.975919477805444
1
1
1
0.999870081053624
1
1
0.882492595763278
1
1
1
1
0.999975045675748
1
0.929344723384439
0.999875626934475
1
1
1
0.995686331946967
1
1
1
1
1
1
1
0.926531406779087
1
1
0.915567264453125
1
0.950581584788367
1
1
1
1
1
1
1
1
1
0.859894248563849
1
0.950581584788367
0.999974992541563
1
1
1
1
1
0.896757985200128
1
1
1
1
1
0.995725908678184
1
1
1
1
1
1
1
1
1
1
1
1
1
1
1
1
1
1
0.999987865324518
1
1
1
1
1
0.993757780938328
1
1
0.895904070777149
0.998402111346412
1
1
1
1
1
1
1
0.99977452056535
1
0.999950207623551
1
1
1
1
1
1
1
1
0.999874960050331
1
1
0.999751667656352
1
1
1
1
1
1
1
1
1
1
1
1
1
1
1
1
1
0.987053068210161
1
0.999984155861846
1
1
1
1
1
0.983173577587885
1
1
1
1
0.926531406779087
1
1
1
1
1
1
1
0.999990470078871
1
0.868504468702084
1
1
1
0.999994992622628
1
0.992594414682639
1
1
0.999797871595867
1
0.997424547866459
0.93320104466664
1
1
1
1
1
1
1
1
0.954749111557914
1
1
1
0.999874960050331
1
0.999780432743558
1
1
1
1
1
1
1
1
1
0.993176114277799
1
1
1
0.999864698506348
1
0.926531406779087
1
1
1
1
0.999807064955695
1
1
1
1
1
1
1
1
1
1
1
1
0.999955503433049
1
1
1
1
1
1
1
1
1
1
0.896957614402533
1
1
1
1
0.9997967658238
1
1
1
1
0.99975268289783
1
1
1
1
1
1
1
1
1
1
0.94598538080361
1
1
1
1
1
1
1
1
0.999931978319686
0.999978000810161
1
1
1
1
1
1
0.99977452056535
0.992594414682639
1
1
1
1
1
1
1
1
0.998402111346412
1
1
1
1
1
1
1
1
1
1
1
0.999874960050331
1
1
0.999802091854095
0.999944692048851
0.937349822869767
1
0.999950101228448
1
1
1
1
1
1
1
1
1
1
1
1
1
1
1
1
1
1
1
1
1
1
0.979531401871171
1
1
1
1
0.909619487947685
1
1
1
1
1
1
1
1
0.999613889261074
1
1
1
1
0.990322127857647
1
1
1
0.991724773693062
1
1
1
1
1
1
1
0.999991098532185
1
0.974258451893414
0.975869423640989
1
1
1
1
1
1
1
1
1
0.925466752312975
1
1
0.924825449063054
1
1
1
1
1
1
1
1
1
0.999955503433049
1
1
1
1
1
1
0.978271466533576
1
1
1
1
1
0.992796383738995
1
1
1
0.877768035849255
0.999870081053624
1
0.999737025098316
1
1
1
1
1
1
1
1
1
1
1
0.999686760459524
1
1
1
1
1
0.993176114277799
1
1
1
1
1
1
1
1
1
1
1
0.999635546072406
1
1
0.999802091854095
1
0.828354598984306
1
1
1
1
1
1
1
1
1
1
1
1
1
1
1
1
0.989667081559686
0.99989016476033
1
1
0.923774946291201
1
1
1
1
1
1
1
1
1
1
1
1
0.999208873026283
1
1
1
1
1
1
1
1
1
1
1
1
0.999949277345706
1
0.935068312366585
1
0.999963576090783
1
1
1
0.865402055236585
1
0.9999703600297
1
1
1
1
1
0.99989016476033
1
0.999992150542975
1
1
1
1
1
1
1
1
1
1
1
1
1
1
1
1
1
1
1
1
1
1
1
1
0.999991079621914
1
1
1
1
1
1
1
0.996573758350285
1
1
1
1
1
1
1
1
1
1
1
1
0.999864301921813
1
1
1
0.999934615121438
1
1
1
0.999931978319686
1
0.86387534078069
0.669537107741507
1
1
1
1
1
1
1
1
1
0.872597835586217
1
1
0.998768211389665
1
1
1
1
0.999985393629405
1
1
1
1
1
1
1
1
1
1
1
1
1
0.999709981680201
1
1
1
0.999930594161437
1
1
1
1
1
0.999873126841695
1
1
0.899864663690007
1
1
1
1
0.999949277345706
1
1
1
1
1
1
0.925466752312975
1
1
0.975869423640989
0.97009265353838
1
1
1
1
1
1
1
1
1
1
1
1
0.924676062010424
1
1
0.999938858971604
1
1
1
1
1
1
1
1
0.999559363213789
1
1
1
1
1
0.999962767110054
1
1
1
1
1
1
1
1
1
1
0.993757780938328
1
1
1
1
1
1
1
1
1
1
0.999975045675748
1
1
1
1
1
1
1
0.999942022548304
1
1
0.999989575600611
1
1
0.998402111346412
1
1
0.99989016476033
1
1
1
1
1
0.999962846356908
0.975869423640989
1
1
1
1
1
1
1
1
1
0.992594414682639
0.94423429553905
1
1
1
1
1
1
1
1
1
0.999638371768232
1
0.975869423640989
1
1
0.894055126044977
0.9999703600297
0.987053068210161
1
1
1
1
1
1
1
1
0.998687705258199
1
0.864343656132495
1
0.999831087298504
1
1
1
1
1
1
0.999974992541563
0.999989575600611
1
1
1
1
1
1
1
0.99975268289783
1
1
1
1
1
1
1
1
1
1
1
1
1
1
1
1
0.999716677393449
1
1
1
0.999989575600611
1
1
0.999467652629636
0.99978075658359
0.994154571342057
0.999408949205534
1
1
1
1
1
1
1
1
1
1
1
1
1
1
1
1
1
1
0.920600398366973
1
1
1
1
1
1
0.843020009159307
1
1
1
1
1
1
1
1
1
1
1
1
1
1
1
1
1
1
1
0.992065948734745
1
1
1
1
1
0.942876863318865
0.999862249927407
1
1
1
0.999985393629405
1
1
0.999850918958422
0.939125734722123
1
1
1
1
1
1
1
1
1
1
1
1
1
1
0.92035805863385
1
1
1
1
1
1
1
1
1
1
1
1
0.995479026429013
1
0.872597835586217
1
1
0.908730097250574
0.947199910047182
0.999831087298504
1
1
1
1
1
0.9997967658238
1
1
1
1
1
1
1
1
1
1
1
1
1
1
1
1
1
1
1
1
1
1
1
1
0.998767084258849
1
1
1
1
1
0.999559363213789
0.828354598984306
1
1
1
1
1
0.999888582679602
1
1
1
0.999996324579547
1
1
1
1
1
1
1
1
1
1
1
1
0.994874517001683
1
0.999956459907232
1
0.971902978851597
1
1
1
0.996551509873917
1
1
1
1
1
1
0.998687705258199
1
1
1
1
1
0.999556915951905
1
1
0.997424547866459
1
1
0.924676062010424
1
1
1
1
0.923774946291201
1
1
1
1
1
1
1
1
1
1
1
1
1
1
0.98899306517984
1
0.920757292961861
1
1
1
1
1
1
0.997672035603028
1
1
1
1
1
1
1
0.994154571342057
1
1
1
1
1
0.992065948734745
1
1
0.89036292630308
0.93320104466664
1
1
1
1
1
1
1
1
1
1
1
0.999962846356908
1
1
1
1
1
1
1
1
1
1
1
1
1
1
1
1
1
1
0.88016905811568
1
1
1
0.997424547866459
1
1
0.920200430465752
1
0.843020009159307
1
1
0.999984155861846
1
1
1
1
1
1
1
0.989667081559686
1
0.908730097250574
1
1
1
1
1
1
1
0.9999703600297
0.999999524780294
0.999967252865999
1
1
1
1
1
1
1
1
1
1
1
1
1
1
1
1
1
0.821178923455783
1
0.821178923455783
1
1
1
1
1
1
0.952230808045755
1
0.999962846356908
1
1
0.999962767110054
1
1
1
1
0.999978000810161
1
1
1
1
1
1
1
1
1
1
1
0.985764985695787
1
1
1
1
1
1
1
1
1
1
1
1
1
0.996573758350285
0.999904557080885
1
0.97764761422315
0.999878396834349
1
1
1
1
0.994154571342057
1
1
0.999930594161437
1
0.993757780938328
0.999878396834349
1
1
1
1
1
0.974733658006734
1
1
0.999878396834349
1
1
1
1
1
1
1
0.999878396834349
1
1
1
1
0.979038392130483
1
1
1
1
1
1
0.950581584788367
1
1
0.99971353325763
1
1
1
1
1
1
1
1
1
1
1
1
1
1
1
1
1
1
1
1
1
0.999989575600611
0.994166886603264
1
1
1
1
1
0.999959481017681
0.994166886603264
1
1
1
1
1
1
1
1
1
1
1
1
1
0.999996324579547
1
1
1
1
1
1
1
1
1
1
0.999975045675748
1
1
1
1
1
1
1
1
1
1
1
1
1
1
1
0.999985393629405
1
1
1
0.918565777902462
1
0.997672035603028
0.999933660684304
1
1
1
1
1
1
1
0.999960211986972
1
0.998368306926258
1
1
1
1
1
1
1
0.9997967658238
1
0.999970764883499
0.98929325365592
1
1
1
1
1
1
1
1
1
0.999533015750715
1
1
1
1
1
1
1
1
1
1
0.999933660684304
1
1
1
1
1
1
1
1
1
0.997352339953019
1
1
1
1
1
1
0.971902978851597
1
1
0.999874960050331
1
0.999991328534792
1
1
1
0.99971353325763
1
0.952324444747697
1
1
1
1
1
1
0.994874517001683
1
1
1
1
1
0.999930445444773
1
1
1
1
0.999635546072406
1
1
1
1
0.957534429997781
0.999751667656352
1
1
1
1
1
1
0.98200296855015
1
1
1
0.997352339953019
1
1
1
1
1
1
1
1
1
1
0.999709981680201
1
1
1
1
0.995479026429013
1
1
1
0.868256408126093
1
0.919882616202116
1
1
1
1
1
1
1
1
0.994154571342057
1
1
0.999991328534792
0.999817245754343
1
1
1
1
1
1
1
1
1
1
1
1
1
1
1
1
1
1
1
1
1
1
1
1
1
1
1
1
0.999709981680201
0.999962767110054
1
1
0.929344723384439
1
1
1
1
1
1
1
1
1
1
0.921262926131145
0.98899306517984
1
1
1
1
0.999346308473137
1
1
1
0.86387534078069
1
1
1
1
1
1
1
1
1
1
1
1
1
1
1
1
1
1
1
0.971902978851597
1
1
1
0.974258451893414
1
1
0.989667081559686
1
1
1
0.992594414682639
0.999898333896169
1
0.999985393629405
1
0.924676062010424
0.999973944935797
0.999807064955695
1
1
1
1
1
1
0.985764985695787
1
1
1
1
1
1
0.999809085297011
1
1
1
1
1
1
1
1
0.991724773693062
0.799481082293958
0.976288810572104
1
1
1
1
1
0.95744755728494
1
1
0.999669307225802
1
1
1
1
1
0.999998024003443
0.98200296855015
1
1
1
1
1
1
0.999938858971604
1
1
1
0.999938858971604
1
1
1
1
1
1
1
1
1
1
1
1
1
1
1
1
1
1
1
1
1
1
1
1
1
1
1
1
0.974733658006734
1
1
1
0.999971169876843
1
0.999847738423438
1
1
1
1
1
0.999973944935797
1
1
1
1
0.999179201563515
1
1
0.999358603443649
1
1
1
1
1
1
1
0.929344723384439
1
0.999709981680201
0.855720214475381
1
1
1
1
1
1
1
0.993143210415393
1
1
1
1
1
1
1
1
1
1
1
0.992065948734745
1
1
0.995725908678184
1
1
0.999978000810161
1
1
0.999950101228448
1
1
1
1
1
0.999771679657106
1
0.999982125468551
1
0.998009432107618
1
1
1
0.999918599888927
0.828354598984306
0.956427173498009
1
1
1
1
1
1
0.999802092773501
1
1
1
1
1
1
1
1
1
1
0.997304885920142
1
1
1
0.999880437750845
0.995686331946967
1
1
0.999938858971604
1
1
1
1
1
1
0.999847738423438
1
1
0.992796383738995
0.939125734722123
1
1
1
1
1
1
1
1
0.99964858958098
1
1
1
1
1
1
1
0.999549151767374
1
1
1
1
1
0.99997327956814
1
1
1
1
0.999224359295818
1
0.999973944935797
1
1
1
1
1
1
0.998317610630116
1
1
0.999978268665273
1
1
1
1
1
0.999875626934475
1
1
1
0.99975268289783
0.999611752184066
0.896957614402533
1
1
1
1
1
1
1
1
1
1
1
0.99978075658359
1
1
1
1
1
1
1
1
1
1
1
1
0.999905087918088
1
1
0.999955503433049
1
1
1
1
1
1
1
1
1
1
1
1
1
1
1
1
1
1
1
1
1
1
1
1
1
1
1
1
0.979038392130483
1
1
1
1
0.999992150542975
1
1
1
1
1
1
0.999283831912492
0.999641511901227
1
1
0.99989016476033
1
1
1
1
1
1
1
1
1
1
1
1
0.998009432107618
1
1
0.999949277345706
1
1
1
1
1
1
1
1
1
1
1
1
1
1
1
1
1
1
1
1
1
1
0.764709291287424
1
1
1
1
1
0.998009432107618
1
1
0.999751667656352
1
0.954654638954117
1
1
1
1
1
1
1
1
1
1
1
0.99997327956814
1
1
1
1
1
0.951794609704968
1
1
1
0.990468673135973
1
0.961729892406419
1
1
1
1
1
1
1
1
1
1
1
0.92035805863385
1
1
1
0.999987865324518
1
1
0.950581584788367
1
1
1
1
0.999417989029229
1
1
1
1
1
0.999872759769269
0.865402055236585
1
1
1
1
0.959260632059231
1
1
1
1
1
1
1
0.999905087918088
0.929344723384439
1
1
1
1
1
1
1
1
1
1
0.999949277345706
1
1
1
1
1
1
0.999898333896169
1
1
1
1
1
1
1
1
1
1
1
1
1
1
1
1
1
1
1
1
0.999571711300501
1
0.987053068210161
1
1
0.919882616202116
1
1
1
1
1
1
1
1
1
1
1
1
0.999862249927407
1
1
0.999978268665273
1
1
1
1
1
1
1
1
1
1
1
1
1
1
1
1
1
1
1
1
1
1
1
0.999571711300501
1
1
1
1
1
0.938314856259778
1
1
0.996775509546089
1
0.999904916210986
1
1
1
1
1
1
1
1
0.999950207623551
1
1
1
0.999991328534792
1
1
1
1
1
1
1
0.98899306517984
1
1
1
1
1
1
1
1
1
0.999996324579547
1
1
1
1
1
1
1
0.999916454193956
1
1
0.999991079621914
1
1
0.999938858971604
1
1
1
1
0.999977726545313
1
0.993357238987402
1
1
1
1
1
1
1
1
1
1
1
1
1
1
1
1
1
1
1
1
1
1
1
1
1
1
1
1
0.950442985263447
1
1
1
0.999984155861846
1
1
1
1
1
1
1
1
1
1
1
0.865402055236585
0.999986211793286
0.996551509873917
1
0.999973944935797
1
1
1
1
1
1
1
1
1
1
1
1
1
1
1
1
1
0.999942022548304
1
1
0.999904916210986
1
1
1
1
1
1
1
1
1
1
0.999955503433049
1
1
1
1
1
1
1
1
1
1
1
1
1
1
1
1
1
1
0.999533624379304
1
1
1
1
1
1
1
1
1
1
1
1
1
1
0.999730247078538
0.999973944935797
1
1
0.989149960148324
0.999959481017681
1
1
1
1
0.99964858958098
1
1
0.999878396834349
1
1
1
1
1
1
1
1
1
1
1
1
1
1
1
1
1
1
1
1
1
1
1
1
1
1
0.828354598984306
1
1
1
1
1
1
1
0.999990470078871
1
0.978711299974143
1
1
1
1
1
0.999875626934475
1
1
1
1
1
1
1
1
1
1
1
1
1
1
1
1
1
1
1
1
1
1
1
1
1
1
1
1
1
1
0.935068312366585
1
1
0.962388891976686
1
1
1
0.978711299974143
1
1
1
1
1
0.999696508550267
1
1
0.999847738423438
1
1
1
1
1
1
1
0.999584158163898
1
1
1
1
1
1
1
1
1
0.994154571342057
1
1
1
1
1
1
1
1
1
1
0.996580397203588
1
1
1
1
1
0.999807064955695
1
1
1
1
1
1
0.967427349055994
1
1
0.915567264453125
0.99964858958098
1
0.987053068210161
1
1
0.999809085297011
1
1
1
1
1
0.895904070777149
0.999571711300501
1
1
1
1
1
1
1
1
1
0.999956122428833
1
1
1
0.999898333896169
0.999771679657106
1
1
1
1
1
1
1
1
1
1
1
1
1
1
1
1
1
1
1
0.999962846356908
1
1
1
1
0.998402111346412
1
1
1
1
1
1
1
1
1
1
1
1
1
1
1
1
1
0.957845051778561
1
1
1
0.997672035603028
0.996775509546089
1
1
1
1
0.999737025098316
1
1
1
1
1
0.999786787137671
1
1
1
1
0.999990470078871
1
1
1
1
0.996580397203588
0.999635546072406
1
1
1
0.974258451893414
1
1
1
1
1
1
0.935068312366585
1
1
0.99978075658359
1
0.999533015750715
1
1
0.967427349055994
1
1
1
1
1
1
1
1
0.929557457086342
1
1
1
1
1
0.999987865324518
1
0.999992150542975
1
1
1
0.999984155861846
1
1
0.999831087298504
1
1
1
1
1
0.999971169876843
1
1
1
1
1
1
1
1
0.9999703600297
0.999628267124744
0.865402055236585
1
1
1
0.999829574273722
1
1
1
1
1
1
1
1
1
0.999950207623551
1
0.89130082834757
1
1
1
1
1
1
1
1
1
1
1
1
1
0.999973944935797
0.994874517001683
1
1
0.927847150052085
1
1
1
1
1
1
1
1
0.994852514504687
1
1
1
1
1
1
1
1
1
1
1
1
1
1
0.999991079621914
1
1
1
1
1
1
1
1
1
1
1
1
1
1
1
1
1
1
1
1
1
1
1
1
0.93320104466664
1
1
1
1
1
1
1
1
1
1
1
0.999987865324518
1
0.996775509546089
1
0.98929325365592
1
1
0.971902978851597
1
1
1
1
1
1
1
0.999970764883499
1
1
1
1
1
0.948223299043411
1
1
1
0.962388891976686
0.999737025098316
1
1
1
0.929344723384439
1
1
1
0.999982125468551
1
0.980089642490859
1
1
1
1
1
1
1
1
1
1
1
1
0.999967252865999
1
1
1
1
1
0.985482798079597
0.999751667656352
1
1
1
1
0.999873126841695
1
1
1
0.939125734722123
1
1
1
1
1
1
1
1
1
1
1
1
1
1
1
0.997424547866459
0.985676646536287
1
0.995479026429013
0.828354598984306
1
1
1
1
0.996775509546089
1
1
1
1
1
1
0.994166886603264
1
1
1
1
1
0.999916454193956
1
1
1
1
1
0.999949277345706
1
0.999973944935797
1
1
1
1
1
0.999959481017681
1
1
1
1
0.999973944935797
1
1
1
1
1
1
1
1
1
1
1
0.939125734722123
1
1
0.999224359295818
1
1
0.957845051778561
1
0.999644576818109
1
1
1
1
1
1
1
1
1
1
1
0.929557457086342
0.974258451893414
1
1
1
1
0.98899306517984
1
1
1
1
1
1
1
0.978711299974143
1
1
1
1
1
1
1
1
0.660829672239784
1
1
1
1
0.999874960050331
1
1
1
0.967427349055994
1
1
1
1
1
1
1
1
1
1
1
1
1
1
1
1
1
0.999872759769269
1
1
1
1
1
1
1
1
1
1
1
0.985275055953899
1
1
1
1
1
1
1
1
1
0.962388891976686
1
1
1
1
0.840036736918122
1
1
1
1
1
1
1
1
1
1
1
1
1
1
1
0.999959481017681
1
0.89118098249173
0.999994992622628
0.999872759769269
1
1
1
1
1
1
1
0.996580397203588
1
1
1
1
1
1
1
1
0.999962767110054
1
1
0.999963576090783
1
1
1
1
1
0.907808146505971
1
1
1
1
1
1
1
1
0.999974992541563
1
0.9999703600297
1
1
0.975919477805444
1
0.996573758350285
1
1
1
1
1
1
1
1
1
0.994166886603264
1
1
1
0.894055126044977
1
1
1
1
1
1
1
0.907006440115373
1
1
1
0.999873448746622
1
1
1
1
1
1
1
1
1
0.999910968562961
0.999950101228448
0.929344723384439
1
1
1
1
1
1
1
1
1
1
0.999991098532185
1
1
1
1
0.929344723384439
1
1
1
1
1
1
0.982753227847874
1
1
1
1
1
1
0.999991098532185
1
0.929557457086342
0.999362357497149
1
1
1
0.999991098532185
1
1
1
0.882492595763278
1
1
1
0.954749111557914
0.990468673135973
1
1
1
1
1
1
0.94598538080361
0.885904732652281
1
1
1
1
1
1
0.954749111557914
1
0.993757780938328
1
1
1
1
1
1
1
1
0.992594414682639
1
1
1
1
1
1
1
1
1
1
1
1
1
1
0.925466752312975
1
1
1
1
1
0.999888582679602
1
1
1
1
1
0.865402055236585
1
1
1
1
1
0.999691119376625
1
1
1
1
1
1
1
1
0.999831380108583
1
0.895904070777149
1
1
0.999944692048851
1
0.870592355357536
1
1
0.999906179383145
1
1
1
1
1
1
1
0.984611364023776
0.894055126044977
1
1
1
1
1
0.999872936398287
1
1
0.997352339953019
1
1
1
1
0.999977726545313
1
0.999963576090783
1
1
0.912507413667192
1
1
1
1
1
1
1
0.776879687610257
1
1
1
1
0.999709981680201
1
1
1
1
0.94598538080361
1
0.904322249902349
1
1
0.957534429997781
1
1
1
1
1
1
1
0.792026430899088
1
1
1
1
1
1
1
1
1
1
0.999773271562216
1
1
1
1
1
1
1
1
1
1
1
1
0.999559363213789
1
1
0.999924776847161
1
1
0.999973944935797
1
1
1
1
1
1
1
1
1
0.93320104466664
1
1
1
1
1
1
1
1
0.995725908678184
1
1
1
1
1
1
1
1
1
1
1
1
1
1
1
1
1
1
1
0.996573758350285
1
1
1
1
0.999991098532185
1
0.957534429997781
1
1
1
1
0.920600398366973
1
0.999992150542975
1
1
1
1
1
1
0.999977726545313
1
1
1
1
1
1
0.994852514504687
1
1
0.999973944935797
1
1
1
1
1
1
1
1
1
1
1
0.999930594161437
1
0.870204168197904
1
1
1
1
1
1
1
0.999942022548304
1
0.971902978851597
1
1
1
1
1
1
1
1
1
1
1
1
0.999569334465646
0.972879072310429
1
1
1
0.999933660684304
1
1
1
1
1
1
1
1
1
1
1
1
1
0.999991098532185
1
1
1
1
1
0.99989016476033
1
1
1
1
1
1
0.993488618442713
1
0.999635546072406
1
1
0.999569334465646
1
0.997672035603028
0.999970764883499
1
0.999875626934475
1
1
1
0.999924776847161
1
1
1
1
0.999960211986972
1
1
1
0.995725908678184
1
1
1
1
1
1
1
1
1
1
1
1
1
1
1
1
1
1
1
1
1
1
1
1
1
1
1
1
1
1
1
1
1
1
1
1
0.999934615121438
1
1
1
1
1
0.999880437750845
1
1
0.999977726545313
1
1
1
0.957534429997781
1
1
1
1
1
1
1
0.999671032554438
1
1
1
1
1
1
1
1
1
1
1
0.881115729390191
1
1
1
1
1
1
1
1
1
1
0.999967252865999
1
1
1
1
1
1
1
0.957534429997781
1
1
1
1
1
1
1
1
1
1
1
0.996551509873917
1
0.925823994826826
1
1
1
1
1
1
1
1
1
1
1
1
0.999873448746622
1
1
0.993757780938328
1
1
1
1
1
1
1
1
1
1
1
1
1
1
1
1
1
1
0.9999703600297
1
1
1
1
1
0.999991079621914
1
1
1
1
0.94598538080361
1
1
1
1
0.907808146505971
0.990322127857647
1
1
1
1
0.993176114277799
1
0.999872759769269
1
1
1
1
1
1
0.98929325365592
1
1
1
1
1
1
1
1
1
1
1
1
1
1
1
1
1
1
1
0.996551509873917
1
1
1
0.985275055953899
1
1
1
1
1
1
1
1
1
1
1
1
0.971902978851597
1
0.999982125468551
1
1
1
0.991832276982419
1
1
1
1
1
1
1
0.999542155105735
1
1
1
1
1
1
1
1
1
1
1
1
1
1
1
1
1
1
1
1
1
1
1
1
1
1
1
1
1
1
1
1
1
0.894573673836406
1
0.999934615121438
1
1
1
1
1
1
1
1
1
1
1
1
1
1
1
0.999973944935797
0.999376832937208
1
1
1
1
1
0.955235872348541
1
1
1
1
0.94423429553905
1
1
1
0.999527367537453
0.999689421764274
1
1
1
0.93320104466664
1
1
1
1
0.979038392130483
0.988929517108159
1
1
0.999924776847161
0.993176114277799
1
0.999635546072406
1
1
0.999829574273722
1
0.999991328534792
1
1
1
1
1
1
0.999990470078871
1
1
1
1
1
1
1
1
1
1
1
1
1
1
1
1
1
1
0.999817245754343
1
1
1
0.999926338509647
1
1
1
0.914139097921175
1
1
1
1
1
0.998717852148856
0.999910968562961
1
1
1
1
1
1
1
0.936585240569616
1
1
0.999986211793286
1
0.991832276982419
1
1
1
1
0.999579104822449
1
0.999873400299803
1
1
0.997193843864646
0.872597835586217
1
1
1
1
1
1
0.999992150542975
1
1
0.846452036406479
1
1
1
1
1
1
1
1
1
1
0.999977726545313
0.729148396060594
1
1
1
0.864343656132495
1
0.856909015501034
0.655756030204338
1
0.598109803586846
1
1
0.592505492044616
0.929344723384439
0.999426774813155
1
1
1
1
1
1
0.997352339953019
1
1
1
1
1
1
1
1
1
0.999963576090783
1
1
1
1
1
1
1
1
1
0.99975268289783
1
0.92035805863385
1
1
1
1
1
0.914139097921175
1
0.999986211793286
1
0.99975268289783
1
0.98929325365592
1
1
1
1
1
1
1
1
1
1
1
1
1
1
1
1
1
1
1
0.989667081559686
1
0.998402111346412
1
1
1
1
1
1
1
0.999875626934475
1
1
1
1
1
1
1
1
0.840036736918122
1
0.969889178317281
1
1
1
1
1
1
1
1
1
1
1
0.951983275238937
0.999933660684304
1
1
1
1
1
1
0.999741807750626
0.695239523200998
1
1
1
0.975869423640989
0.999975045675748
0.97211865583408
1
1
1
1
1
1
1
1
1
1
1
1
1
1
1
1
1
1
1
1
0.998687705258199
1
1
1
1
1
1
1
1
1
1
0.999669307225802
1
1
0.967427349055994
1
1
1
0.999575534656207
1
0.99978075658359
1
1
1
1
1
1
1
1
1
1
1
1
1
1
1
1
0.999533015750715
1
1
0.999933660684304
1
0.999905120242424
1
1
1
1
1
1
1
1
1
1
1
1
1
1
1
1
1
1
0.957845051778561
0.95744755728494
0.954749111557914
1
1
0.999999524780294
0.94598538080361
1
1
1
1
1
1
1
1
1
1
1
1
1
1
1
1
1
1
1
1
1
1
1
1
1
1
1
1
1
0.999941630709504
0.992796383738995
1
1
1
1
1
1
1
1
1
0.999872759769269
1
1
1
1
1
1
1
1
1
1
1
1
1
1
1
1
1
1
1
1
1
1
1
1
0.999986663387125
1
1
1
1
1
1
1
1
1
1
1
1
1
1
1
1
1
1
1
1
1
1
1
0.999944692048851
0.99971353325763
0.981423578895048
1
1
1
0.992792889296627
1
1
1
1
0.998402111346412
1
1
1
0.997672035603028
0.999955503433049
1
1
0.935068312366585
1
1
1
1
1
1
1
0.993757780938328
1
0.976288810572104
1
1
1
1
1
1
0.9999703600297
1
0.877356753893334
0.97211865583408
1
1
1
1
1
1
1
1
1
1
1
1
1
1
1
1
1
1
1
1
0.978711299974143
1
1
1
1
1
1
1
1
1
1
0.836269870893869
1
1
1
1
1
1
1
0.999584158163898
1
1
1
1
0.908181975566517
1
1
1
1
0.994874517001683
1
1
0.997650710898494
1
1
1
1
1
1
1
0.999419458643175
1
1
1
0.996573758350285
1
0.999873448746622
1
1
1
0.992594414682639
1
1
1
1
1
1
1
1
1
1
0.999722885736899
1
1
1
1
0.924676062010424
1
1
1
1
1
1
0.999773271562216
1
1
1
1
1
0.957845051778561
1
1
1
1
1
0.999970764883499
1
1
1
1
1
0.999224359295818
0.990322127857647
1
1
1
0.999585575247796
1
1
1
1
0.993176114277799
1
1
1
0.999987865324518
1
1
1
1
1
1
1
1
1
1
1
1
1
1
1
0.961729892406419
0.999973944935797
1
1
1
0.999872759769269
0.985764985695787
1
1
1
1
0.975869423640989
1
1
1
1
1
1
1
1
1
1
1
1
0.878241997634968
1
1
1
0.912924208580785
0.999635546072406
1
1
1
1
1
1
0.999575534656207
1
1
1
1
1
1
1
1
1
1
1
1
1
1
1
1
0.929199728424212
1
1
1
1
1
1
1
1
1
1
1
1
1
0.999930445444773
1
1
1
1
1
1
1
1
1
1
1
1
1
1
0.999971169876843
1
1
1
1
1
1
1
1
1
1
1
1
1
1
1
1
1
0.919882616202116
1
1
0.999975045675748
1
1
0.954749111557914
0.998009432107618
1
1
1
1
1
1
1
1
1
0.999986211793286
0.985676646536287
1
1
0.999636253031715
1
1
1
1
0.995530669106923
1
1
0.997352339953019
0.999991328534792
0.872597835586217
1
0.959260632059231
1
1
0.877768035849255
1
1
1
1
1
1
1
1
1
1
1
1
1
0.998009432107618
1
0.990322127857647
1
1
1
1
1
1
1
1
0.999878396834349
1
0.999609092481092
1
1
1
1
1
1
1
1
1
1
1
1
1
0.631142490466766
1
0.999496023048882
1
1
1
1
1
0.975919477805444
1
1
1
0.999599834811345
1
1
1
0.994166886603264
1
1
1
1
0.86387534078069
0.999691119376625
1
1
1
0.840036736918122
1
1
1
0.912924208580785
1
1
1
1
1
1
1
0.992796383738995
1
1
1
1
1
0.999925648882653
1
1
1
1
1
1
1
1
1
1
0.975869423640989
1
1
1
1
1
0.993357238987402
1
1
1
1
1
1
1
1
1
1
1
1
0.999872759769269
0.999611752184066
1
1
1
1
1
1
1
1
0.999916454193956
1
1
1
1
1
1
1
1
0.939125734722123
1
1
1
1
1
1
1
0.975919477805444
0.994166886603264
0.999926338509647
1
1
1
0.999556915951905
0.999635546072406
1
1
1
1
0.999973944935797
1
0.999809085297011
1
0.999955503433049
1
1
0.926531406779087
1
1
1
1
0.920600398366973
1
1
1
1
1
1
1
1
1
1
1
1
1
1
1
1
1
1
1
1
1
1
1
1
1
0.999984155861846
0.992796383738995
1
1
0.989149960148324
1
0.997650710898494
1
1
0.957534429997781
0.975919477805444
0.821178923455783
1
1
1
1
1
1
1
1
1
1
0.963543535539761
1
1
1
0.999970764883499
1
1
1
1
1
1
1
1
1
1
1
1
0.999989575600611
1
1
1
1
1
1
1
0.999973944935797
1
1
1
1
1
1
0.992594414682639
0.997830519897963
1
1
1
1
1
1
0.922719924839694
1
1
1
0.962961954733216
1
1
1
1
1
1
1
1
1
1
1
0.997352339953019
0.954654638954117
1
1
1
1
1
1
1
1
0.935068312366585
1
1
1
1
1
1
1
1
1
1
1
1
0.999999524780294
1
1
0.999934615121438
1
1
1
1
1
0.754922525097428
1
1
1
0.999224359295818
1
0.999963576090783
1
1
1
1
0.929344723384439
1
0.999779952295018
0.993176114277799
1
0.962309270801076
1
1
1
0.978711299974143
1
1
1
1
1
1
1
1
1
1
1
1
1
1
1
1
1
1
1
0.999985393629405
1
1
1
1
1
1
0.985275055953899
1
1
1
1
1
1
1
0.999771679657106
1
1
1
1
1
0.999851315013682
1
1
0.999949277345706
1
1
1
1
1
1
1
1
1
1
0.967427349055994
1
1
0.827737313425763
1
1
0.994003764970371
0.999809085297011
1
0.865402055236585
1
1
0.999519518481107
1
0.999874960050331
1
0.999847738423438
1
1
0.990468673135973
1
1
1
1
0.999850122600336
1
1
1
1
0.997101266624387
1
1
1
0.997650710898494
1
1
1
1
1
1
1
1
1
1
0.872597835586217
1
1
1
1
1
1
1
1
1
1
1
1
1
1
1
1
1
0.99977452056535
1
1
1
1
1
1
1
1
1
0.99994667034044
1
1
1
1
0.915143882960826
0.915143882960826
1
1
1
1
1
1
0.999878396834349
1
1
1
0.94598538080361
1
1
1
0.999982125468551
1
0.994874517001683
1
1
1
1
0.999847738423438
1
1
1
0.999831087298504
1
1
1
1
0.974258451893414
1
1
0.992594414682639
0.999965953498329
1
1
1
1
1
1
0.895904070777149
1
1
1
1
1
1
0.999873400299803
1
0.920200430465752
0.999924776847161
1
1
1
1
1
1
1
1
1
1
1
0.999906179383145
1
1
1
1
1
1
0.999809085297011
1
1
1
1
1
1
1
1
1
1
0.88621175105113
1
1
1
1
1
1
1
1
0.997830519897963
1
1
0.999635546072406
1
1
1
1
1
0.894055126044977
1
1
1
1
1
1
1
1
1
1
1
1
1
1
1
1
1
1
1
0.967427349055994
1
1
1
1
1
1
1
1
1
0.999635546072406
1
1
1
1
1
1
1
0.999638738967919
0.995725908678184
1
1
1
1
1
0.98200296855015
1
1
1
1
1
1
1
1
0.976923988207033
1
1
1
1
1
0.939125734722123
1
1
1
1
1
0.919219914834096
1
0.971902978851597
1
1
1
1
1
1
0.978711299974143
1
1
1
1
1
1
1
1
1
1
0.999905120242424
1
1
1
1
1
1
1
0.987053068210161
1
1
1
1
1
1
1
0.99982348589122
1
1
1
1
1
1
0.975869423640989
1
1
1
1
1
1
1
1
1
1
1
1
1
1
1
1
1
1
1
1
1
1
1
1
0.915567264453125
1
1
1
1
1
1
1
1
1
1
1
1
1
1
1
1
1
1
1
1
1
1
1
0.999977726545313
1
1
1
1
1
1
0.93320104466664
0.855720214475381
1
1
1
1
1
1
1
1
0.992796383738995
1
1
1
1
1
1
1
0.999977726545313
1
1
1
1
1
1
1
0.999895809629167
1
0.962961954733216
1
1
1
0.999809085297011
1
1
1
1
0.994432330732172
1
1
1
1
1
1
1
1
1
0.999949277345706
1
1
1
1
1
1
1
1
1
1
1
1
1
1
1
1
0.999967252865999
1
1
0.962742588155884
1
1
1
0.999689421764274
1
1
0.938314856259778
1
0.999904916210986
1
1
1
0.933375055145959
1
1
0.999996324579547
1
1
1
1
1
1
1
1
0.924825449063054
1
1
1
1
0.999666715685428
1
1
0.989667081559686
1
1
1
1
1
1
1
1
1
1
0.999579104822449
0.993357238987402
0.992796383738995
1
1
0.954749111557914
1
1
1
0.999973944935797
1
1
1
0.999910968562961
1
0.997672035603028
1
1
0.995686331946967
0.671159229638353
1
0.985676646536287
0.86032317813986
0.999965953498329
1
1
0.999809085297011
0.999216183695322
1
1
0.999875626934475
1
1
1
1
0.919882616202116
1
0.990322127857647
1
1
0.998009432107618
1
1
1
1
0.97764761422315
0.877768035849255
1
0.764709291287424
1
0.939125734722123
1
1
1
0.998402111346412
1
1
1
1
1
1
1
1
0.999984155861846
1
1
1
1
0.995686331946967
1
1
1
1
0.99975268289783
1
1
1
0.999905087918088
0.999986663387125
1
0.924825449063054
1
1
1
1
1
0.872597835586217
1
1
0.999930445444773
1
1
1
0.965460910137119
1
1
1
0.99971353325763
1
1
1
1
1
0.989149960148324
1
1
0.999999524780294
0.999779952295018
1
0.999737025098316
1
0.999963576090783
1
1
1
0.914307773391081
1
1
1
1
1
1
1
1
1
1
1
1
1
1
0.990322127857647
1
0.999716677393449
0.999874960050331
1
1
1
1
1
1
1
1
1
1
1
1
1
1
0.993143210415393
1
1
0.999974992541563
1
1
1
1
1
1
1
0.994166886603264
1
0.999390883526674
0.999741543198922
0.999965953498329
1
1
1
1
1
1
1
1
0.999737025098316
1
1
1
1
1
1
1
1
1
1
0.924825449063054
1
1
1
1
1
1
1
1
1
1
1
1
0.999973944935797
1
0.975919477805444
1
1
0.999977726545313
1
1
1
1
0.929344723384439
1
1
0.9999703600297
1
1
1
0.915567264453125
1
1
1
1
0.999992150542975
1
0.999895809629167
0.919882616202116
1
1
0.998009432107618
1
1
1
1
1
1
1
1
1
1
0.998687705258199
1
1
1
1
1
1
1
0.991832276982419
0.675382789431358
1
0.999628267124744
1
0.9997967658238
0.994852514504687
1
1
1
1
1
1
0.995454706220228
0.895904070777149
0.924825449063054
0.914307773391081
1
1
1
0.99994667034044
1
1
0.999559363213789
1
1
1
1
1
1
1
1
1
1
1
1
1
1
1
0.994154571342057
1
1
1
1
1
1
1
1
0.999973944935797
0.957845051778561
1
1
0.935068312366585
1
1
1
1
1
1
1
1
1
1
1
1
1
1
0.992792889296627
1
1
1
1
1
0.999224359295818
1
1
0.999635546072406
1
0.994003764970371
1
1
1
1
1
1
1
1
1
1
1
1
1
1
1
1
1
1
1
1
1
1
1
1
1
0.962388891976686
0.999991328534792
1
0.993143210415393
1
1
1
0.999709981680201
0.895904070777149
1
1
1
1
1
0.987053068210161
1
0.999809085297011
1
1
1
1
1
1
1
1
1
1
1
1
1
1
1
1
1
1
1
1
1
1
0.999571711300501
1
1
1
1
1
1
1
0.945723919215022
1
0.999975045675748
0.998767084258849
1
1
1
1
1
1
1
1
1
1
1
1
1
1
0.999873126841695
1
1
0.999878396834349
0.929344723384439
1
1
1
1
1
1
1
1
1
1
1
1
1
1
1
1
1
1
0.894573673836406
0.996775509546089
1
0.950442985263447
1
1
1
0.999925648882653
1
1
1
0.954654638954117
1
1
1
1
1
1
1
1
1
1
1
1
1
1
1
1
1
1
1
1
1
1
1
1
1
1
1
1
1
1
1
1
1
1
1
1
1
1
1
1
1
1
1
1
1
1
0.912924208580785
1
1
1
1
1
1
1
1
1
1
1
1
0.99997327956814
1
0.993757780938328
1
1
1
1
1
1
1
1
1
1
1
1
1
1
1
0.962742588155884
0.999992150542975
1
1
1
1
1
1
1
1
1
1
0.999482690087808
1
1
1
1
1
1
0.769643592313612
0.999989575600611
0.998340266841503
1
0.998402111346412
1
1
1
1
1
1
1
1
1
1
1
1
1
1
1
1
0.999986211793286
0.985764985695787
1
1
1
0.999994992622628
1
1
1
1
1
1
1
1
1
1
0.992065948734745
1
1
1
1
1
1
1
1
1
0.999942022548304
1
1
1
1
1
1
1
1
1
1
1
1
1
1
1
1
1
0.999864698506348
1
1
1
1
1
1
1
0.907808146505971
1
1
1
1
1
1
1
1
1
1
1
1
1
0.978711299974143
1
1
1
0.995725908678184
0.999971169876843
1
1
1
0.999874960050331
1
1
1
1
1
1
1
1
1
1
0.962388891976686
1
1
0.999906179383145
1
1
1
0.926531406779087
0.948223299043411
1
1
1
1
1
1
1
1
1
1
1
0.999942022548304
1
1
0.993143210415393
1
0.999967252865999
1
1
1
1
1
1
1
1
1
1
1
0.999955503433049
1
1
1
1
1
0.918565777902462
1
0.951794609704968
1
1
0.974370957270086
1
1
1
1
1
1
1
1
0.995725908678184
1
1
1
1
1
1
1
1
1
1
0.999533015750715
1
1
1
0.919882616202116
1
1
1
1
1
1
1
1
1
1
1
1
0.999735580870149
1
0.999635546072406
1
0.999283831912492
0.997424547866459
1
0.950581584788367
1
0.999926338509647
0.92035805863385
1
0.951983275238937
0.999933660684304
0.999575534656207
0.955485292005778
1
1
0.999977726545313
1
1
0.769643592313612
1
1
1
0.920200430465752
1
1
1
1
0.999872759769269
1
0.998402111346412
1
1
1
1
1
1
1
0.999962846356908
1
1
1
1
1
1
1
1
0.914307773391081
1
1
1
1
1
1
1
1
1
1
1
1
1
1
1
1
1
1
1
0.999189335081436
0.997352339953019
1
1
1
1
1
0.999904916210986
1
1
1
1
0.999874960050331
1
1
1
1
1
1
1
1
1
1
1
1
1
0.999989575600611
1
1
1
1
1
0.983892700385301
1
1
1
1
1
1
0.989667081559686
1
1
1
0.929344723384439
1
0.996775509546089
0.999669307225802
0.951983275238937
0.999417989029229
1
0.975485336970017
1
1
0.999991079621914
1
1
1
1
0.885904732652281
1
1
1
0.999635546072406
1
1
1
1
0.999847738423438
1
1
1
0.957845051778561
0.999778278558283
1
0.919055128882902
0.999831087298504
1
1
1
1
0.999999524780294
1
1
0.94598538080361
1
0.999671032554438
1
0.999950207623551
1
0.938314856259778
1
1
1
0.98929325365592
1
1
0.999831380108583
1
1
1
1
1
1
0.994154571342057
1
1
0.925466752312975
0.999864698506348
1
1
1
1
0.895904070777149
1
1
1
1
0.993488618442713
1
1
1
1
1
1
1
1
1
0.840036736918122
1
1
1
1
1
1
1
1
1
0.754922525097428
0.999956459907232
1
1
1
1
1
1
1
0.999697389324145
1
1
1
1
1
1
1
1
0.894055126044977
0.999975045675748
0.999559363213789
1
1
1
1
1
1
0.885871606919389
1
1
1
1
1
1
1
1
1
1
0.999999524780294
0.999873400299803
1
1
1
0.972879072310429
1
1
0.999635546072406
1
1
1
0.999831087298504
1
1
1
1
0.999989575600611
1
1
1
1
1
1
1
1
1
1
1
1
1
1
1
1
1
1
1
1
1
0.992796383738995
1
1
1
1
1
1
1
1
0.999978268665273
1
1
1
0.993176114277799
0.99982949362859
1
1
1
1
1
1
1
0.998009432107618
1
1
1
0.999999524780294
1
1
1
1
1
1
0.999982125468551
1
0.99997327956814
1
1
1
0.954654638954117
0.961729892406419
1
0.994874517001683
1
0.999669307225802
1
1
0.92035805863385
1
1
1
1
1
1
1
1
1
1
1
1
1
1
1
1
1
1
1
1
1
1
1
1
1
1
0.999998670643543
0.999674515400893
1
1
1
1
1
1
0.999880437750845
1
0.999930445444773
1
1
1
1
1
1
0.999984155861846
1
1
1
1
1
0.999926338509647
1
1
1
1
1
1
1
1
0.999689421764274
1
1
0.999802092773501
0.951794609704968
1
1
1
0.999926338509647
1
1
1
1
1
1
1
1
1
0.991113413524598
1
0.999686760459524
0.99989016476033
1
0.828354598984306
1
0.915567264453125
1
1
1
1
1
0.99994667034044
1
1
1
1
0.999669307225802
1
1
0.996775509546089
0.999904916210986
1
1
1
0.999390883526674
1
0.999780432743558
1
1
1
1
1
1
1
1
0.98929325365592
1
1
1
1
0.999779890887607
1
1
0.924825449063054
1
1
1
1
1
1
1
1
1
1
0.988929517108159
1
0.974733658006734
1
1
1
1
1
1
0.6374091543631
1
1
1
1
1
0.957845051778561
1
1
1
1
1
1
1
1
1
1
1
1
1
1
1
0.994154571342057
0.719339634718811
1
0.859894248563849
1
1
1
1
1
1
1
1
1
1
1
0.980089642490859
1
1
1
1
1
1
0.998402111346412
1
1
1
0.999992150542975
1
0.991724773693062
1
1
1
1
1
1
1
0.999994784831176
1
1
0.999955503433049
1
1
1
1
1
1
1
1
1
1
1
1
1
1
1
1
0.950581584788367
1
1
1
1
1
1
1
1
0.828354598984306
0.963972117596185
1
1
0.999942022548304
1
1
1
1
1
1
1
1
1
1
1
1
1
1
1
0.93787026618148
0.918565777902462
1
1
1
1
1
1
0.999982125468551
1
0.999888582679602
0.999910968562961
1
1
1
1
1
0.929199728424212
1
1
1
0.974258451893414
1
1
1
1
1
1
1
1
1
1
1
1
1
1
1
1
1
1
1
1
1
0.993176114277799
1
1
1
1
1
1
0.999986211793286
1
1
1
1
1
1
1
0.94598538080361
0.983173577587885
1
1
1
1
1
1
0.999735580870149
0.999973944935797
1
0.999584158163898
0.848793604110772
1
1
1
1
1
1
1
0.999874960050331
1
1
1
0.999435713509113
1
1
1
1
1
1
0.999864698506348
1
1
1
0.878241997634968
0.993357238987402
1
1
1
1
1
1
1
1
1
1
1
0.98899306517984
1
1
1
1
1
1
1
1
1
1
0.920200430465752
0.996551509873917
1
0.954749111557914
1
1
0.999974992541563
1
0.872597835586217
1
1
1
0.99977452056535
1
1
1
1
1
1
1
0.999403640897706
1
1
1
1
1
1
0.999878396834349
0.999955503433049
1
1
1
0.999467652629636
0.997424547866459
1
1
1
1
1
1
1
1
0.821178923455783
1
1
0.995530669106923
0.999751667656352
1
1
1
1
1
1
1
1
1
1
1
1
1
1
1
1
1
1
1
1
1
0.999641511901227
1
1
1
1
0.999870081053624
0.999872759769269
1
1
1
0.999779952295018
1
1
1
1
1
0.792026430899088
0.999924776847161
1
1
1
1
0.999930445444773
1
1
0.999809085297011
1
0.907808146505971
1
1
1
1
1
0.957845051778561
1
1
0.996551509873917
1
1
1
1
1
1
1
1
1
0.999992150542975
1
1
1
1
1
0.991113413524598
1
1
1
1
1
1
1
1
0.999799629351841
0.996775509546089
1
0.999906179383145
1
1
1
1
1
0.999990470078871
1
1
1
1
1
1
1
1
1
1
1
1
0.999864698506348
1
1
1
1
1
1
1
0.99967851238844
1
1
1
1
1
1
1
1
1
1
1
1
1
1
1
1
1
0.978711299974143
1
0.985275055953899
1
1
1
1
0.982753227847874
1
1
1
1
1
1
1
1
0.982753227847874
1
1
1
1
1
1
1
0.995084107830791
1
1
1
1
1
1
1
1
0.855720214475381
1
1
1
1
0.999584158163898
1
1
0.926531406779087
1
1
1
1
1
1
1
1
1
1
1
1
1
1
1
1
0.999997356298626
1
1
1
1
1
0.914307773391081
1
1
1
1
1
1
1
1
0.996551509873917
0.975919477805444
1
1
1
1
1
1
1
0.999984155861846
1
1
1
1
1
1
1
1
1
0.937349822869767
0.999874960050331
1
1
1
1
1
1
0.9999703600297
1
1
1
1
1
0.999905120242424
1
1
1
1
1
1
1
0.999942022548304
1
1
1
1
1
1
1
1
1
1
1
1
1
1
1
1
1
1
1
1
1
1
0.999802092773501
1
1
1
1
1
1
0.999971169876843
1
1
1
1
1
1
0.895904070777149
1
1
1
1
1
1
1
0.989667081559686
0.967427349055994
1
0.957845051778561
1
1
1
1
0.906246778912009
1
1
1
1
1
1
1
1
1
1
0.999918599888927
1
0.999802092773501
1
1
1
1
1
1
1
1
1
1
1
1
1
1
1
1
1
1
1
1
1
1
1
1
1
1
1
1
1
1
1
1
1
1
0.915943688088912
1
1
1
1
1
1
1
1
0.92035805863385
1
1
1
1
0.996573758350285
1
1
1
1
0.996775509546089
1
1
0.999906179383145
1
1
1
0.975869423640989
1
1
1
1
0.999963576090783
1
1
1
1
1
1
1
0.999949277345706
0.952324444747697
1
0.997672035603028
1
1
0.999982125468551
1
1
1
1
1
1
1
1
1
1
0.98899306517984
0.999831087298504
1
1
1
1
1
1
0.996573758350285
1
0.999579104822449
1
1
0.957845051778561
1
1
1
1
1
1
1
1
1
0.999802092773501
1
1
1
1
0.840036736918122
1
1
1
1
1
1
1
1
1
0.746638551642312
0.99966921832267
1
1
1
1
1
1
1
0.929344723384439
1
1
1
0.919882616202116
1
1
1
1
1
1
1
1
1
1
0.999809085297011
0.997352339953019
1
1
0.999670811690732
1
1
1
1
1
1
1
1
1
0.999930594161437
0.999735580870149
1
1
1
1
1
1
1
1
1
1
1
1
1
1
1
1
1
1
1
1
1
0.990322127857647
0.99967851238844
1
1
1
1
1
1
1
0.997650710898494
1
0.6374091543631
1
1
1
1
1
1
1
1
1
1
1
1
1
1
1
1
1
1
1
1
1
1
1
1
0.999875626934475
1
0.999985393629405
0.918565777902462
1
1
1
1
1
1
1
1
1
1
1
1
1
1
1
1
0.999985393629405
1
1
1
1
0.999669307225802
0.999991328534792
1
1
1
1
0.971902978851597
1
0.998368306926258
1
1
1
1
0.999977726545313
1
1
1
1
1
1
1
0.999850122600336
1
1
1
1
1
1
1
1
1
0.999797871595867
1
1
1
1
1
1
1
1
1
1
1
1
1
1
1
0.985764985695787
0.985764985695787
0.974370957270086
1
1
1
1
0.957845051778561
1
1
1
1
0.872597835586217
1
1
1
1
0.999977726545313
1
1
1
1
1
1
0.990322127857647
1
1
0.999986211793286
1
1
1
1
1
0.999189335081436
0.999764432972801
0.999991079621914
1
1
1
1
1
1
1
1
0.993488618442713
1
1
0.984611364023776
1
1
0.975919477805444
1
1
0.999709981680201
0.868256408126093
1
1
1
1
1
1
1
1
1
0.999987865324518
1
1
1
1
1
1
1
1
1
0.999985393629405
0.780374462982226
1
1
1
0.999202734099144
1
0.694764197066177
1
1
1
1
1
1
1
0.939003207863728
1
1
1
0.999991098532185
0.999930594161437
0.997424547866459
1
1
0.983173577587885
1
1
1
1
0.985764985695787
1
0.970471501240673
1
1
0.997672035603028
1
0.975919477805444
1
1
1
0.997193695632909
1
0.935068312366585
1
1
1
1
1
0.992065948734745
1
1
0.995084107830791
0.993757780938328
1
0.975869423640989
1
1
0.996551509873917
1
0.848897276874689
0.99994667034044
0.998009432107618
0.870592355357536
1
1
1
1
1
1
1
1
0.999686760459524
0.99977452056535
0.959260632059231
1
1
0.983173577587885
1
0.995084107830791
1
0.957845051778561
1
1
1
0.855720214475381
0.998767084258849
0.999780432743558
1
1
1
1
1
1
0.951983275238937
0.999895809629167
1
1
1
1
1
1
1
1
1
1
1
0.999998024003443
1
1
1
1
0.926531406779087
0.999559363213789
1
1
1
1
1
0.995084107830791
0.980089642490859
1
1
1
1
1
1
1
1
0.988929517108159
1
1
1
1
1
1
1
1
1
1
1
1
1
1
1
1
1
1
1
1
1
1
1
1
1
1
1
1
1
1
1
1
0.895904070777149
1
1
1
1
1
0.993357238987402
1
1
1
1
1
1
1
1
1
1
1
1
1
1
0.999584158163898
0.950581584788367
1
0.954654638954117
1
1
0.983173577587885
1
1
1
0.999584158163898
1
0.937349822869767
1
1
0.999992150542975
1
0.840036736918122
1
0.999875626934475
1
1
1
1
1
1
1
1
0.999986211793286
1
1
1
1
0.999956459907232
1
1
0.992594414682639
1
1
1
0.999874960050331
1
1
0.999904557080885
1
1
0.972154338952441
1
1
0.999584158163898
0.929344723384439
1
0.993176114277799
1
1
0.999956459907232
1
1
1
0.924825449063054
1
0.999977726545313
1
1
1
1
1
0.954654638954117
1
1
1
1
1
1
1
1
1
1
1
1
0.997830519897963
1
1
0.999874960050331
1
0.999978268665273
0.999878396834349
1
1
1
1
1
1
1
1
1
0.999999524780294
1
1
1
1
0.500734118182869
1
1
1
1
1
0.99979681110985
1
1
1
1
1
1
1
1
1
1
1
1
1
1
0.999916454193956
1
1
1
1
1
0.954749111557914
1
1
1
1
1
1
0.987053068210161
1
1
1
1
1
1
0.90088970113299
1
1
1
0.999984155861846
1
1
1
1
0.999895809629167
1
0.99978075658359
0.950442985263447
1
1
1
0.942876863318865
0.999686760459524
1
1
1
1
1
1
1
1
1
1
1
1
1
1
1
1
1
1
1
1
1
1
1
1
0.99964858958098
1
1
1
1
1
1
1
1
1
1
1
1
1
1
1
0.984611364023776
1
1
1
1
1
1
0.996551509873917
1
1
1
1
0.994166886603264
1
1
1
1
1
1
1
1
1
1
1
1
1
1
0.999669307225802
1
0.992065948734745
1
0.895904070777149
1
0.999802091854095
0.999768193585278
1
1
1
1
1
1
1
1
1
0.999874960050331
1
0.999962767110054
1
1
1
1
0.995084107830791
0.957845051778561
1
1
0.999864698506348
1
1
1
1
1
1
1
1
1
1
1
1
1
1
0.975869423640989
1
1
1
1
1
1
1
1
1
1
1
1
1
1
1
1
1
0.894573673836406
0.899864663690007
1
1
1
1
1
1
1
0.99967851238844
1
0.9999703600297
1
1
1
1
1
1
0.99994667034044
1
1
1
1
1
1
1
0.999999524780294
1
1
1
1
1
1
1
1
1
1
0.997672035603028
0.828354598984306
1
1
1
1
1
1
1
1
1
1
1
0.993757780938328
1
1
1
1
1
1
1
1
0.999705042618656
0.995454706220228
1
1
1
1
1
1
0.907808146505971
1
0.919882616202116
1
1
1
1
1
1
0.999997356298626
0.98899306517984
1
1
1
1
1
1
0.978711299974143
1
1
1
1
1
1
1
1
1
1
1
1
0.999938858971604
1
1
1
1
1
1
1
0.985764985695787
1
1
1
1
1
1
1
1
1
1
1
0.084827833890905
1
0.999797871595867
1
0.86387534078069
0.999970764883499
1
1
1
1
0.999584158163898
1
0.99966921832267
1
1
1
1
0.991832276982419
1
1
1
1
1
1
1
1
1
1
1
1
1
1
1
1
1
1
1
1
0.999611752184066
1
1
1
1
1
1
1
1
1
1
1
1
1
1
1
0.868504468702084
0.999962767110054
1
0.999549582611864
1
1
1
1
1
1
0.999709981680201
1
0.953314794181648
1
1
1
1
0.99977452056535
1
1
1
1
1
0.999910968562961
1
1
1
0.865402055236585
1
1
0.999934615121438
0.996573758350285
1
1
1
1
0.999977726545313
1
0.996775509546089
1
1
1
0.907808146505971
1
1
1
1
1
1
1
1
1
1
1
1
1
1
1
1
1
1
1
1
1
1
1
1
1
1
1
1
1
1
1
0.999737025098316
1
1
1
1
0.999991098532185
1
1
1
1
1
1
1
1
1
1
0.93320104466664
1
1
1
1
1
1
1
1
1
1
1
1
1
1
1
1
1
1
1
1
1
0.97211865583408
1
1
1
1
1
0.924825449063054
0.992792889296627
1
1
0.992065948734745
0.999949277345706
1
1
0.991832276982419
1
1
1
1
1
1
1
1
1
1
1
1
1
1
0.980089642490859
1
0.998402111346412
1
1
1
1
1
1
1
1
0.919882616202116
0.99989016476033
0.985676646536287
1
1
1
0.999862249927407
1
1
1
0.993143210415393
1
1
0.999973944935797
1
1
1
1
1
1
1
1
1
1
1
1
1
1
1
1
1
1
1
1
1
1
1
1
1
1
1
1
1
0.999283831912492
1
1
1
1
1
1
1
1
1
1
1
1
1
1
1
1
1
1
1
1
0.999962846356908
1
1
1
1
0.999978000810161
1
1
1
1
1
1
1
1
1
1
1
1
1
1
0.999949277345706
1
1
1
1
1
1
1
0.999934615121438
1
1
1
0.979531401871171
1
1
1
1
1
1
1
1
1
1
1
1
1
0.996775509546089
0.979531401871171
1
0.929199728424212
1
1
1
0.999990470078871
1
1
1
1
1
1
1
1
1
1
1
1
1
1
1
1
1
1
1
1
1
1
1
1
1
1
1
0.995479026429013
1
1
1
1
1
1
1
1
1
1
1
1
0.995725908678184
1
1
1
1
1
0.999971169876843
1
1
1
1
0.865402055236585
1
1
1
1
1
1
0.948223299043411
1
1
1
1
1
0.999991079621914
1
1
1
1
1
0.952324444747697
1
1
1
1
1
1
0.999584158163898
1
0.999802091854095
0.878241997634968
1
1
1
1
1
1
1
1
1
1
1
1
1
1
1
1
1
0.999671032554438
1
1
1
1
1
1
0.999847738423438
1
1
1
1
1
1
1
1
1
1
1
1
1
1
1
1
1
1
1
1
1
1
0.985676646536287
1
1
1
1
1
1
1
1
1
1
0.999613889261074
1
1
1
1
0.9999703600297
1
1
1
1
1
1
1
1
0.99989016476033
1
1
1
1
1
1
1
1
1
1
1
1
1
1
1
0.999931978319686
1
1
1
1
1
1
0.926531406779087
1
0.963972117596185
0.915567264453125
1
1
1
1
1
1
1
1
1
1
0.999978268665273
1
1
1
1
1
1
0.999312023301325
1
1
1
1
1
1
1
1
1
1
0.999959481017681
1
1
1
0.826400861774526
1
1
1
1
1
1
1
0.962742588155884
1
1
1
1
1
1
1
1
1
1
1
1
1
1
1
1
1
1
0.999906179383145
1
1
1
0.962309270801076
1
0.999613889261074
1
1
1
1
1
1
0.972154338952441
1
1
1
1
0.999864698506348
1
1
1
1
1
1
1
0.920757292961861
1
1
1
1
1
1
1
1
1
1
1
1
0.95744755728494
1
1
0.972879072310429
1
1
1
1
1
1
1
1
1
1
1
1
1
1
1
1
1
1
1
1
1
1
1
1
1
1
1
1
1
1
1
0.998865908304404
0.951794609704968
1
0.998767084258849
1
1
1
1
1
1
1
1
0.952324444747697
0.997352339953019
1
0.999751667656352
1
1
1
1
1
1
1
1
1
1
0.918565777902462
1
1
1
1
1
1
1
1
1
1
1
1
1
1
0.999671032554438
1
1
1
0.999989575600611
1
1
1
1
1
1
1
1
0.99977452056535
0.995530669106923
0.999965953498329
1
1
1
1
1
1
1
1
1
1
1
1
1
1
1
1
1
1
1
1
1
1
1
1
1
1
1
0.981423578895048
1
0.999851315013682
1
1
1
1
1
1
1
0.999674515400893
1
1
1
1
1
0.859894248563849
0.999956459907232
1
1
1
1
0.999991098532185
1
1
1
1
1
1
1
1
0.967427349055994
1
1
1
1
1
1
1
0.999771679657106
1
1
1
1
1
1
1
1
0.991724773693062
1
1
0.985764985695787
1
1
1
1
1
1
1
1
1
1
1
0.998767084258849
1
1
0.844380073811903
0.999179201563515
1
0.94598538080361
1
1
1
1
1
0.999613889261074
1
1
0.999895809629167
1
1
1
1
1
1
1
1
1
1
1
1
0.97211865583408
1
1
1
1
1
1
0.994154571342057
1
0.972154338952441
1
1
0.999831087298504
1
1
1
1
1
1
1
1
1
1
1
1
1
1
1
1
1
1
1
1
1
1
1
1
1
1
1
1
0.99967851238844
0.999847738423438
1
0.999931978319686
1
1
1
1
1
0.993357238987402
1
1
0.999874960050331
1
0.999878396834349
1
1
0.999346308473137
1
0.999998024003443
1
1
1
1
1
1
1
1
1
1
1
1
0.999970897830825
1
1
1
1
1
0.985764985695787
1
1
1
1
1
1
0.999691119376625
1
1
0.999584158163898
1
1
1
1
1
1
1
1
0.963543535539761
1
1
1
1
1
1
1
1
1
1
1
1
1
1
1
1
1
1
1
1
0.974733658006734
1
1
1
1
1
1
1
1
1
1
0.998767084258849
1
1
1
1
0.999799629351841
1
1
1
1
1
1
1
0.999778278558283
1
1
1
1
0.999482690087808
1
1
0.999735580870149
0.999797871595867
1
1
1
1
1
1
1
1
1
1
1
1
0.994154571342057
1
0.993143210415393
0.992594414682639
1
1
1
1
1
1
1
1
0.998009432107618
1
1
1
1
1
1
0.785831786185888
1
1
1
1
1
0.997424547866459
1
1
1
1
1
0.987053068210161
1
1
1
1
1
1
1
1
1
1
1
1
1
1
0.999974992541563
1
1
1
1
1
1
1
1
1
1
1
1
0.999691119376625
0.929344723384439
1
1
1
1
1
1
0.999771679657106
1
1
1
1
1
1
1
1
1
1
1
1
1
1
1
0.999942022548304
1
1
1
1
1
1
0.997672035603028
1
1
1
1
1
1
1
0.866043486956378
1
1
1
0.99978075658359
1
1
1
0.979531401871171
1
1
1
1
1
1
1
0.999905087918088
1
1
0.999998024003443
1
1
0.979038392130483
1
1
1
1
1
1
1
1
1
1
1
0.989667081559686
1
0.99978075658359
1
1
1
1
1
0.994852514504687
1
1
1
1
1
1
0.9999703600297
1
1
1
1
0.999751667656352
1
1
1
1
1
1
1
1
1
1
1
1
0.899864663690007
1
1
1
1
0.999482690087808
1
1
1
1
0.999971169876843
1
1
0.997830519897963
1
1
1
1
1
1
1
1
1
1
0.99977452056535
1
1
0.994003764970371
1
1
1
1
0.975919477805444
1
1
1
0.999895809629167
1
1
1
1
1
1
0.999669307225802
1
1
1
1
1
0.99977452056535
1
1
1
0.996775509546089
1
1
1
0.999611752184066
0.999829574273722
1
1
1
1
1
1
1
1
1
1
1
1
1
1
1
1
0.99989016476033
1
0.957534429997781
1
1
1
0.979531401871171
0.962388891976686
1
1
1
1
1
1
1
0.997180113133371
0.999975045675748
1
0.999975045675748
1
1
1
1
0.974258451893414
0.967427349055994
0.998009432107618
0.989667081559686
1
1
1
1
1
1
0.999974992541563
1
1
1
1
1
0.999950101228448
0.995454706220228
0.99982949362859
1
1
1
1
1
0.994166886603264
0.999628267124744
1
1
1
1
0.999880437750845
1
1
1
1
0.896957614402533
1
1
0.926531406779087
0.984611364023776
0.865402055236585
1
1
1
1
1
1
1
1
1
1
1
1
0.999780432743558
1
0.915143882960826
1
1
0.999987865324518
1
1
1
1
1
1
1
1
1
1
1
1
1
1
1
1
1
1
1
1
1
1
1
1
0.988601611281026
1
0.999999524780294
1
1
1
1
1
1
1
0.999762859421188
1
1
1
1
1
1
1
0.999888654641445
1
1
1
1
1
1
1
0.999963576090783
1
1
1
1
1
1
1
1
1
1
1
1
1
0.906246778912009
0.993999774878856
1
1
1
1
1
1
1
1
1
1
0.926531406779087
1
1
1
1
1
1
0.999635546072406
1
1
0.999918599888927
1
1
1
1
0.997352339953019
1
1
1
1
1
1
1
1
1
1
1
1
1
1
1
1
1
1
1
1
1
1
1
1
1
1
0.999991095101038
1
1
1
1
1
1
1
1
1
1
1
1
0.999962846356908
0.985275055953899
1
1
1
1
1
1
1
0.999895809629167
1
1
1
1
1
1
0.999738971366506
1
1
1
1
1
1
1
1
1
1
0.999971169876843
0.896757985200128
1
0.956427173498009
1
1
1
1
1
1
0.915567264453125
1
1
1
0.995686331946967
0.985764985695787
1
1
1
0.999963576090783
1
1
1
1
1
0.895904070777149
0.999802091854095
1
1
1
1
1
0.999635546072406
1
1
1
1
1
1
1
1
1
1
0.999878396834349
1
1
1
1
1
0.999870081053624
1
1
1
1
1
1
1
1
1
1
1
0.912924208580785
1
1
1
1
1
1
1
1
1
1
0.98899306517984
1
1
1
1
1
1
1
0.939125734722123
1
1
1
1
1
0.957534429997781
1
1
1
1
1
1
1
1
1
1
1
1
1
1
1
1
1
0.962961954733216
1
1
1
1
0.999977726545313
1
0.979531401871171
0.951983275238937
1
0.999797871595867
1
1
1
1
1
1
0.993488618442713
1
1
1
0.999985393629405
1
1
0.999797871595867
1
1
1
1
0.999978000810161
1
1
1
1
1
1
1
1
1
1
1
1
1
1
1
1
0.994166886603264
1
0.993176114277799
1
1
1
1
1
1
1
1
1
1
1
1
1
1
0.999986211793286
1
1
1
1
1
1
1
1
0.996573758350285
1
1
1
1
1
1
1
1
1
1
1
1
1
1
1
1
1
0.975919477805444
1
1
1
1
0.999941630709504
1
1
0.998767084258849
1
1
1
1
1
1
1
1
1
0.894573673836406
1
1
1
1
1
1
1
1
1
0.866043486956378
0.894573673836406
1
1
1
0.872597835586217
0.993757780938328
0.999994784831176
1
1
0.994497050882207
1
1
1
1
1
1
0.908265085835901
1
1
1
1
1
1
1
0.999977726545313
0.895904070777149
1
1
0.957534429997781
1
1
1
1
1
1
1
1
1
1
0.896957614402533
0.999924776847161
1
1
1
0.92035805863385
1
1
0.935068312366585
1
0.993757780938328
0.721521299610728
1
1
1
1
1
1
1
1
1
0.999967252865999
1
1
1
1
1
1
1
1
0.999956122428833
1
0.999874960050331
1
1
1
1
1
1
1
1
1
1
1
1
0.999482690087808
1
1
1
1
1
1
1
1
0.999671032554438
0.960914770495454
1
1
1
0.994852514504687
1
1
1
0.999809085297011
0.992796383738995
1
0.908265085835901
1
1
1
1
1
0.863289307200259
1
1
1
1
1
1
1
1
1
1
1
1
1
0.999997356298626
1
1
1
1
0.999955503433049
1
1
1
0.999496023048882
1
1
1
1
1
0.920757292961861
0.999965953498329
1
0.999926338509647
1
1
1
1
1
1
0.999527367537453
1
1
1
1
1
1
1
1
1
0.784716258385604
1
1
1
1
0.998009432107618
1
1
1
0.878010185835014
1
1
0.985676646536287
1
1
1
1
0.999542155105735
1
1
0.992065948734745
1
1
1
1
1
1
1
1
1
1
1
1
0.999691119376625
1
0.899864663690007
1
1
1
0.999904916210986
1
0.999978268665273
1
1
1
0.894573673836406
1
1
1
1
1
1
0.957845051778561
0.98200296855015
1
1
1
1
1
1
1
1
1
1
1
1
1
1
1
1
1
0.994166886603264
1
1
1
0.997352339953019
1
1
1
1
1
1
1
1
1
1
1
1
1
1
0.974733658006734
0.999584158163898
1
1
1
1
1
1
0.895904070777149
1
1
1
1
1
1
1
1
1
0.957534429997781
1
1
1
1
1
0.999880437750845
0.975919477805444
1
0.97211865583408
1
1
1
0.99977452056535
1
1
1
1
1
1
1
1
1
1
1
1
1
0.99997327956814
1
1
1
0.963543535539761
1
1
1
1
1
1
1
0.99975268289783
0.920200430465752
1
1
1
0.86387534078069
1
1
1
1
1
1
1
1
1
1
1
1
1
1
1
1
0.999962846356908
1
0.974258451893414
0.999991079621914
1
1
1
1
0.999874960050331
1
1
0.996580397203588
0.999950101228448
1
1
0.994432330732172
1
1
1
0.99978075658359
1
1
1
1
1
0.9999703600297
1
1
1
1
1
0.951794609704968
0.999989575600611
1
1
1
1
1
1
1
0.872597835586217
1
1
1
1
0.999955503433049
0.939125734722123
0.90088970113299
1
1
1
1
1
1
1
1
1
1
1
1
1
1
1
0.999390883526674
1
1
1
1
1
1
1
1
1
1
1
1
1
1
1
1
1
0.999595793853847
1
1
1
1
1
1
1
1
1
1
1
1
1
0.907808146505971
0.996573758350285
0.999571711300501
1
0.999611752184066
1
1
0.999741239765733
0.999851315013682
1
1
0.997650710898494
1
0.942876863318865
1
1
1
1
0.994852514504687
1
1
1
1
1
1
1
1
1
1
1
1
1
0.999906179383145
0.993757780938328
1
0.999967252865999
1
0.999930594161437
1
0.86032317813986
1
1
0.999762859421188
0.975919477805444
1
1
1
1
0.999807064955695
1
1
1
1
1
1
1
1
1
1
1
1
1
1
1
1
1
1
0.997352339953019
1
1
1
1
1
0.999741807750626
1
1
1
0.920757292961861
1
1
1
1
1
1
1
1
1
1
1
1
1
1
1
1
1
0.999998024003443
1
1
1
1
1
1
1
0.999686760459524
1
1
1
1
1
0.99989016476033
1
0.987053068210161
1
1
1
1
0.989667081559686
1
1
1
1
1
1
1
1
1
1
0.97211865583408
1
1
1
1
1
1
1
1
1
1
1
0.999967252865999
1
0.999990470078871
0.992594414682639
1
1
0.915143882960826
1
1
1
1
1
1
1
1
0.999519518481107
1
1
0.994166886603264
1
1
1
1
1
1
1
1
1
1
1
1
1
1
1
1
1
1
1
1
1
1
1
1
1
1
0.999709981680201
0.878010185835014
1
1
1
0.992594414682639
1
1
1
1
0.978711299974143
1
1
1
1
1
0.924676062010424
1
1
1
1
1
1
0.924825449063054
1
1
1
1
1
1
1
1
0.999989575600611
1
1
0.997424547866459
1
1
1
1
1
1
1
1
0.999802091854095
1
1
1
1
0.999962767110054
1
1
1
1
1
0.985764985695787
1
1
0.994432330732172
1
1
1
1
1
1
1
1
1
1
0.999998670643543
0.998402111346412
1
1
1
0.974733658006734
1
1
1
1
1
1
0.999904916210986
1
1
1
1
0.950581584788367
1
0.999799629351841
1
1
1
1
1
0.962388891976686
1
1
1
1
0.999862249927407
1
0.999975045675748
1
0.993757780938328
1
1
1
1
1
1
1
1
1
1
1
1
1
1
1
1
1
1
0.999613889261074
1
1
1
1
0.978711299974143
0.999408949205534
1
1
1
1
1
0.97211865583408
1
1
0.99967851238844
1
1
1
1
1
1
0.999686760459524
1
1
0.994166886603264
0.999874960050331
1
1
0.855720214475381
1
1
1
1
1
1
1
0.994852514504687
1
1
0.939003207863728
1
1
1
1
0.999990470078871
1
1
1
1
1
0.803508447898954
1
1
1
1
0.999584158163898
1
1
1
1
1
1
1
0.999595067711806
1
0.99997327956814
1
1
1
1
1
0.918565777902462
1
1
1
1
1
1
1
0.999962846356908
1
1
0.999779890887607
1
1
1
1
0.993176114277799
1
1
1
1
1
1
1
1
0.999955503433049
1
0.999809085297011
1
1
1
1
1
1
1
1
1
1
1
1
0.942876863318865
1
1
1
1
1
1
1
0.999737025098316
1
1
0.999467652629636
1
1
0.975919477805444
1
1
1
1
0.99967851238844
1
1
1
1
1
1
0.999686760459524
0.978711299974143
1
1
1
0.974258451893414
1
0.944242934808419
1
1
1
1
1
0.961729892406419
1
1
1
1
1
1
1
1
1
1
1
1
1
0.999569334465646
0.89118098249173
1
0.999973944935797
1
1
1
1
1
1
1
1
0.989667081559686
1
1
1
0.999878396834349
1
1
1
0.99977452056535
0.999809085297011
1
0.923774946291201
1
1
1
1
1
1
1
1
1
1
0.992792889296627
1
1
1
1
1
1
1
1
1
1
1
1
1
0.999904557080885
0.999987865324518
1
0.999874960050331
1
1
1
0.999671032554438
1
1
1
1
1
1
0.994852514504687
1
1
1
1
1
1
0.999978000810161
1
1
1
1
1
1
1
0.993143210415393
1
1
1
1
1
1
1
1
1
1
1
1
1
1
0.999987865324518
1
1
0.993999774878856
1
1
1
1
1
1
1
1
1
1
1
0.93320104466664
1
0.999771679657106
1
0.999284176794127
1
0.998687705258199
1
1
1
1
1
1
1
1
0.999990470078871
1
1
1
1
1
0.999847738423438
0.89130082834757
1
1
1
1
1
1
1
1
1
1
1
1
1
1
1
1
1
1
1
1
1
1
1
1
1
1
1
1
1
1
0.999584158163898
1
1
1
1
1
1
1
0.999864698506348
1
1
1
1
1
1
1
1
1
1
1
1
1
1
0.989667081559686
1
1
1
1
1
1
1
1
1
1
1
1
1
1
0.999941630709504
1
0.929557457086342
1
1
1
0.99966921832267
1
1
1
1
1
1
1
1
1
1
1
1
1
1
0.999963576090783
0.957845051778561
1
1
1
1
0.999905087918088
1
1
1
1
1
1
0.86387534078069
1
1
1
1
0.999533015750715
1
1
1
0.999595793853847
1
1
1
1
1
1
1
1
0.999709981680201
0.912924208580785
1
1
0.999875626934475
1
0.878241997634968
1
1
1
0.999888582679602
1
1
1
1
1
1
1
1
0.929557457086342
0.974258451893414
1
1
1
1
1
1
1
1
1
1
1
1
1
1
1
0.999970764883499
1
1
1
1
1
1
1
1
1
1
1
1
1
1
1
1
0.951794609704968
1
1
0.894573673836406
0.999989575600611
1
1
1
1
1
1
1
1
1
1
1
1
1
1
1
1
0.985275055953899
1
1
1
1
1
1
0.999942022548304
0.97764761422315
1
1
1
1
1
1
1
1
1
1
1
1
0.999585575247796
1
1
1
1
1
0.999297407925006
1
1
1
1
1
0.974258451893414
1
1
1
1
1
0.9999703600297
1
1
1
1
1
1
1
1
1
1
1
1
1
1
1
0.999991079621914
1
1
1
1
1
1
1
1
1
1
1
1
0.93422316756132
1
0.929557457086342
1
0.845067447490809
1
1
1
1
0.999689421764274
0.872597835586217
0.999904557080885
0.999970764883499
1
1
1
1
1
0.999906179383145
1
1
1
1
1
1
1
0.95744755728494
1
1
1
1
1
1
1
1
1
1
0.998831723434518
1
1
1
1
1
0.999924776847161
1
1
1
1
1
1
1
1
1
0.99966921832267
1
0.999831087298504
1
1
1
1
0.999802091854095
0.989667081559686
0.999875626934475
1
1
1
1
1
1
1
1
1
1
1
1
1
1
1
1
1
0.967427349055994
1
1
1
1
1
0.934781292060359
1
1
0.962388891976686
1
1
1
1
1
1
1
1
1
1
1
1
1
1
1
1
1
1
1
1
1
1
1
1
1
1
1
0.999991328534792
1
0.963543535539761
1
1
0.999978000810161
1
1
1
1
0.996573758350285
1
1
1
1
1
1
1
1
1
1
1
1
1
0.974258451893414
1
0.94598538080361
0.999730247078538
1
1
1
1
1
1
1
1
1
1
1
0.899864663690007
1
0.998767084258849
1
1
1
1
0.999611752184066
0.999933660684304
1
1
0.920200430465752
1
1
1
1
1
1
0.993757780938328
0.987053068210161
1
1
1
1
1
1
1
1
1
1
1
1
1
1
1
1
1
1
1
1
1
0.914307773391081
1
1
1
1
1
1
1
1
1
0.999595793853847
1
0.999934615121438
1
1
1
1
1
0.999992150542975
0.993757780938328
1
1
1
0.999390883526674
1
1
1
1
1
1
1
1
1
1
1
1
0.978711299974143
0.999730247078538
1
1
1
1
1
1
0.967427349055994
1
1
1
0.956427173498009
1
0.963543535539761
1
1
1
1
1
1
0.999955503433049
1
0.952230808045755
0.993999774878856
1
1
0.999990470078871
1
1
1
0.656957329999444
1
1
1
1
1
1
0.997352339953019
1
1
1
1
1
0.89036292630308
0.999978000810161
1
0.878241997634968
1
1
1
0.991113413524598
1
1
0.999977726545313
1
0.989667081559686
0.997830519897963
1
1
1
0.999938858971604
0.999831087298504
1
1
1
1
1
0.99979681110985
1
0.999925648882653
1
1
1
1
1
1
1
0.999373788231113
1
1
1
1
0.894573673836406
1
1
1
1
1
1
1
1
1
1
0.999101572856815
1
1
1
1
1
0.929344723384439
1
1
1
1
0.999924776847161
1
1
1
1
0.866043486956378
1
1
1
1
1
1
1
0.863032683657079
0.915943688088912
0.899864663690007
1
1
0.996573758350285
1
1
1
1
0.999735580870149
0.999864698506348
1
1
1
1
1
0.929199728424212
1
0.920600398366973
1
1
1
1
1
1
1
1
1
1
0.997830519897963
1
1
1
1
0.999977726545313
1
1
1
1
0.99994667034044
1
1
0.99975268289783
1
1
1
1
1
0.999579104822449
1
0.989149960148324
1
1
1
1
1
1
1
0.999809085297011
1
0.976923988207033
1
1
1
1
1
1
0.999978268665273
0.975485336970017
1
1
1
0.999864301921813
1
0.999635546072406
1
1
1
1
1
1
1
1
1
1
0.944242934808419
1
1
0.999930445444773
0.999643436849067
1
1
1
0.999991328534792
0.89130082834757
1
0.999930445444773
1
1
0.992065948734745
1
1
1
1
1
1
1
1
1
1
1
0.999997356298626
1
1
1
0.99975268289783
1
1
1
1
1
1
1
1
0.999949277345706
1
1
1
1
1
1
1
1
0.992594414682639
1
1
1
1
0.999569334465646
1
0.993757780938328
1
0.999991328534792
1
1
1
1
0.975919477805444
0.997672035603028
0.999965953498329
0.999831087298504
1
1
1
0.999965953498329
0.999611752184066
1
1
1
1
0.754922525097428
0.999970764883499
1
1
1
1
1
0.951151148743975
1
1
1
1
0.99967851238844
1
1
1
1
1
1
0.899864663690007
1
1
1
1
1
1
1
1
1
1
1
1
1
0.999802092773501
1
1
0.994154571342057
1
1
0.999641511901227
1
1
1
1
1
1
0.929557457086342
1
0.999425663754962
1
1
1
1
1
1
0.999829574273722
1
1
1
1
1
0.999802092773501
1
1
1
1
1
1
1
1
1
1
1
1
1
1
1
1
1
0.9999703600297
1
0.999918599888927
1
1
1
0.995530669106923
0.999956122428833
1
1
1
1
1
1
1
1
1
1
1
1
1
1
1
0.759954224646631
1
1
1
1
1
1
1
1
1
1
1
1
1
1
0.997672035603028
1
1
0.999071360884585
1
1
1
1
1
1
1
1
1
1
1
0.675882594747528
1
0.914139097921175
1
0.999742796149058
1
1
1
1
1
1
1
1
0.972154338952441
0.99977452056535
1
1
1
1
1
1
1
1
1
1
1
1
1
0.999831087298504
1
1
0.999956122428833
0.999874960050331
1
1
1
1
1
0.999904557080885
1
1
1
1
1
1
1
1
1
1
1
1
1
1
0.999962767110054
1
1
1
1
1
0.985482798079597
1
1
1
1
1
1
1
1
0.918565777902462
1
0.999751667656352
1
0.993488618442713
0.98899306517984
1
1
0.999977726545313
0.999727216410011
1
1
1
1
0.999991079621914
1
1
1
1
1
1
1
1
1
1
1
1
1
1
1
1
0.999931978319686
0.729148396060594
0.99978075658359
1
1
0.999873448746622
1
0.919219914834096
0.999730247078538
1
1
1
1
1
1
1
1
0.924676062010424
1
1
1
1
1
1
1
1
0.947199910047182
1
0.998687705258199
1
0.999669307225802
1
0.999847738423438
0.94598538080361
1
1
1
0.98899306517984
1
0.915567264453125
1
1
1
0.999864301921813
0.999802092773501
0.997424547866459
1
0.994852514504687
1
1
0.999802091854095
1
1
0.918565777902462
1
1
1
1
1
1
1
1
1
1
1
1
1
1
0.994874517001683
1
1
1
1
1
1
1
1
1
0.999984155861846
1
1
1
0.999878396834349
1
1
1
1
0.994003764970371
1
0.995454706220228
1
1
1
1
1
1
1
1
1
1
1
0.999847738423438
1
1
1
0.989667081559686
1
1
1
1
1
1
1
1
1
1
1
1
1
0.999956122428833
0.999669307225802
0.999373788231113
1
1
1
0.999991328534792
1
1
1
1
1
1
1
1
1
1
1
1
1
1
1
1
0.999283831912492
1
1
1
0.576328579424507
0.784716258385604
1
1
1
0.951794609704968
1
1
0.924825449063054
1
1
1
1
1
1
1
1
1
1
1
1
1
1
1
1
1
1
1
1
1
0.999878396834349
1
1
0.999938858971604
1
1
1
0.999741543198922
1
1
1
1
1
0.999635546072406
1
1
0.967427349055994
1
1
1
1
1
1
1
1
1
1
1
1
1
0.999831087298504
1
0.992065948734745
1
1
1
1
1
1
1
0.999722885736899
1
1
1
1
1
1
1
1
1
1
1
0.999751853335824
1
1
1
1
1
1
1
0.998402111346412
0.912924208580785
1
1
1
1
1
1
1
1
1
1
0.993357238987402
1
1
1
1
1
1
1
1
1
1
0.999906179383145
1
1
0.998402111346412
0.999888654641445
1
1
1
1
1
1
1
1
1
1
1
1
1
1
1
1
1
1
1
1
1
0.999971169876843
0.999938858971604
1
1
1
1
1
1
1
1
1
0.991113413524598
1
1
1
1
1
1
1
1
1
1
0.999669307225802
1
1
1
1
1
1
1
0.996580397203588
1
0.999779952295018
1
1
1
1
1
1
1
1
1
1
1
1
1
1
1
0.999641511901227
1
1
1
1
1
1
1
1
1
1
1
1
1
1
1
1
0.999938858971604
0.9999703600297
1
1
1
0.942876863318865
1
0.993176114277799
1
1
0.999916454193956
1
1
1
1
1
1
1
0.90088970113299
1
1
1
1
1
1
1
1
1
0.974733658006734
1
1
1
0.999408949205534
0.98899306517984
0.999571711300501
1
1
1
1
1
1
1
1
1
1
1
1
1
1
0.999950207623551
1
1
1
1
1
1
1
1
1
1
1
1
1
1
0.920600398366973
1
1
1
1
1
1
0.997672035603028
1
1
1
1
1
1
1
1
0.999864698506348
1
1
1
1
1
1
1
1
0.999991079621914
1
1
1
1
1
1
0.942876863318865
0.985275055953899
0.999862249927407
1
1
0.999895809629167
1
1
0.995479026429013
1
1
0.999990470078871
1
1
1
0.999973944935797
1
1
1
1
1
1
1
1
1
1
0.991724773693062
1
1
0.877768035849255
1
0.859894248563849
0.998767084258849
1
1
1
0.997650710898494
1
0.999831087298504
1
1
1
0.999987865324518
1
1
1
1
1
1
1
1
1
0.999994784831176
1
0.991724773693062
1
0.866043486956378
1
1
1
1
1
1
1
1
1
1
1
0.999933660684304
0.999595793853847
1
1
1
1
1
0.991799635249127
1
1
1
1
1
1
0.999689421764274
1
1
1
0.97009265353838
1
1
1
1
1
1
1
1
1
1
1
0.93320104466664
1
0.999986211793286
1
1
1
0.997650710898494
0.999797871595867
1
1
0.999950207623551
1
1
1
1
1
1
1
1
1
1
1
1
1
1
1
1
1
0.934781292060359
1
1
1
1
0.996551509873917
1
1
0.999779890887607
1
1
1
1
1
1
1
1
1
1
1
1
1
1
1
1
0.912507413667192
0.906246778912009
1
1
1
1
1
1
1
1
1
1
0.999637026650848
1
0.896957614402533
0.999998024003443
1
1
1
1
0.985764985695787
1
1
0.924676062010424
0.999997356298626
0.999371656059418
1
0.991113413524598
1
1
0.995725908678184
1
1
0.99831904088362
1
1
1
0.999071360884585
1
1
1
1
1
1
1
1
0.996551509873917
0.998687705258199
0.920600398366973
1
