x
0.997823128454057
1
1
1
1
1
1
1
1
1
0.996051297238502
1
1
0.991956659783853
1
1
1
1
0.997271975297171
1
1
1
1
1
1
1
0.990612237825376
1
1
1
0.987638827240486
0.960497327370875
0.998853976346309
1
0.995098392939127
0.868340921719035
1
0.999735042189965
1
0.99783212127165
1
0.990954301194049
1
1
1
1
1
0.970596370053472
1
1
1
1
1
0.993835789263661
1
1
1
1
1
1
1
0.998343148363599
1
0.996230305420024
1
0.980385560174151
1
1
1
1
1
0.987778507676304
0.997029675333694
0.99672370289801
1
1
1
1
1
0.993829633081223
1
1
1
0.994360677877242
1
1
1
1
1
1
1
1
1
1
0.984542505867621
1
1
1
1
1
1
0.999684101548127
1
1
1
1
0.935471740553492
1
1
1
1
1
1
1
1
1
1
1
0.995098392939127
1
1
1
1
0.991758574933535
1
1
0.966168083202431
0.930777538516408
1
1
1
1
1
1
1
1
0.991598880519304
1
1
1
1
1
0.983402107364636
0.999766030326734
0.935419594304236
1
1
1
1
1
1
1
1
1
1
1
1
1
1
1
1
1
1
1
1
1
1
0.99583344389246
1
1
1
0.997951814213483
1
1
1
0.996731001332786
1
1
0.999636844338048
1
1
0.995776553307488
0.997751843595703
1
1
1
1
1
1
1
1
0.996325990711249
1
1
0.994201004518171
1
0.998445462856057
1
0.997122633448665
1
0.960677923779584
1
0.999672012609717
0.988943542537537
0.987638827240486
1
1
1
1
1
1
1
1
1
1
1
0.999985128369912
0.995268212211634
1
1
0.990826768617968
1
1
1
1
1
0.998343148363599
1
1
1
1
0.993257398505175
1
0.99583344389246
1
1
0.994292891734218
1
1
1
1
1
1
1
1
1
0.994115142899382
1
1
1
1
1
1
0.994560894824508
1
1
1
1
1
1
1
1
1
1
1
0.998787492418884
1
1
1
1
1
1
1
1
0.993388937235418
1
1
1
0.989034638211021
0.999578405835442
1
1
1
1
1
1
0.891292252166483
1
0.995221148277853
1
0.995348149701472
1
1
0.962557626592884
1
0.989286205076358
1
0.996731001332786
1
1
1
1
0.990826768617968
1
1
1
1
1
1
1
1
1
1
1
1
1
1
0.999636844338048
1
0.969566672204884
1
0.998434931335039
0.99583344389246
1
1
1
1
1
0.98383706463739
1
1
1
1
1
1
1
1
1
1
1
1
1
1
1
1
1
1
1
1
1
0.999792359630154
1
1
1
0.99981757134181
1
1
1
1
1
0.920108606150603
1
1
1
1
0.995242769799429
0.995362099195197
1
1
1
1
0.997440582472485
1
1
1
1
1
1
1
1
1
1
0.996285278810854
1
1
1
1
1
1
1
1
1
1
0.998434931335039
0.997243196655861
1
1
1
1
1
1
1
1
1
1
1
1
1
1
0.992001787126978
1
1
0.996285278810854
1
1
1
0.990624161776837
1
1
1
1
1
1
1
1
1
1
1
1
1
1
1
0.993888601871929
1
1
0.999774910803804
0.980161419498696
1
0.976821052536777
1
0.999603757125725
1
0.997308205277483
1
1
1
1
1
1
1
0.994602284064893
1
1
1
1
1
1
1
0.999710222548924
1
1
1
1
1
0.932061466252987
1
1
1
1
1
1
1
1
1
0.998434931335039
1
1
1
1
1
1
1
1
0.999374997626974
1
1
1
1
1
1
0.814593190926891
1
1
1
1
0.997195164770236
1
1
1
1
0.996065270665691
1
0.998862698467245
1
1
1
0.992266499750192
1
0.868194678245339
0.891441661688577
1
0.993113293312181
0.991240365183865
1
1
1
1
1
1
1
1
0.997046899883237
1
1
1
1
0.982934374516455
1
1
1
1
1
1
1
1
0.984542505867621
0.98205768179928
1
1
1
1
1
1
1
0.974790523126402
1
1
0.991709407242081
1
1
0.993762705185671
1
1
1
1
1
0.994292891734218
1
1
1
1
0.99783212127165
0.997029675333694
1
1
0.999565435757293
1
1
0.992385289349524
1
0.998933591255316
1
1
1
1
1
1
0.977606012345854
1
0.998677343790515
1
1
1
0.999904852842972
1
1
1
1
1
1
1
0.99484033502654
0.997023834432683
0.997906447155233
1
1
1
1
1
0.996037600467012
1
1
1
1
1
1
0.995712483948599
1
1
1
1
1
0.996230305420024
1
1
1
1
1
1
1
1
1
1
1
1
1
1
1
0.997195164770236
1
1
0.99274705699013
1
1
1
1
1
1
1
1
1
1
1
0.998434931335039
1
1
1
1
0.989801396047907
1
1
1
1
1
0.99280402317912
1
0.998434931335039
1
0.999727544499696
0.983998767604443
1
1
1
1
0.99969200779463
0.99957661908468
1
1
1
1
1
0.999596418165662
1
1
1
1
1
1
0.986827259931181
1
0.998891854606506
0.891292252166483
1
1
1
1
1
1
1
1
1
1
1
1
1
1
1
0.999578405835442
1
1
1
1
0.996824987228018
1
1
0.994268562873539
0.995583812773289
1
1
1
1
1
1
1
1
1
1
1
1
1
1
1
1
1
0.998853976346309
0.814593190926891
0.832018124299445
0.99739438130406
1
0.991709407242081
1
1
1
0.999841591185796
1
1
1
0.998626060895565
1
0.99448787232922
1
1
1
1
0.995572457387409
1
0.997547516351182
0.994631265677206
1
0.99966337615696
1
0.920108606150603
1
1
1
1
0.99966337615696
1
1
0.997823128454057
1
0.976938066393407
1
0.900977738157039
1
1
1
1
1
1
0.995874015489784
1
0.939434774631268
1
1
1
1
1
1
1
1
1
1
1
1
0.989034638211021
1
0.994012220359356
0.995307419315218
1
1
1
1
0.98954639907811
1
1
1
0.995015442590334
1
1
1
0.999985128369912
0.99929498999067
1
1
1
1
0.997600318031433
1
1
0.950960527227673
1
0.999654835400084
0.999605054730142
1
0.999735042189965
1
1
1
1
1
0.998522366246235
1
0.999985128369912
1
1
1
1
1
1
1
1
1
0.972909502190338
1
0.958540844612438
1
1
0.999679728259128
1
1
1
0.994810721914057
1
1
1
0.999654835400084
1
1
0.932285438314569
1
1
1
1
1
1
1
1
1
1
1
0.999728076490083
1
1
1
1
1
1
1
1
1
1
1
1
1
1
1
1
1
1
1
0.98638994069983
1
1
1
1
1
1
1
1
0.995542566440861
1
1
1
1
1
1
1
1
0.998980248110542
1
1
0.999636844338048
1
1
1
1
0.99664584924967
1
1
1
1
1
1
1
1
1
1
1
1
1
1
1
1
0.992258959083244
1
1
1
1
1
1
1
1
1
0.982934374516455
0.957711520645349
1
1
1
1
1
1
1
0.99969200779463
1
1
1
0.991563408100679
1
1
1
1
0.99448787232922
1
0.987778507676304
1
1
1
0.960497327370875
1
1
1
1
1
1
1
1
1
1
1
1
0.994235851769668
0.99484033502654
1
1
1
1
1
1
1
1
0.996408812561634
1
1
1
1
1
1
0.997271975297171
1
1
0.985406156553971
1
1
1
1
1
1
0.999578405835442
1
1
1
0.997023834432683
1
1
0.993862952751971
1
1
1
0.992452039666943
0.995638259772495
1
0.998343148363599
1
1
1
1
1
0.993972004604199
0.997046801535869
1
1
0.95520383126414
1
1
0.988007929021321
0.999623326718049
0.997410567165916
0.999684101548127
1
0.996230305420024
1
1
1
1
1
0.991758574933535
1
1
1
1
1
1
1
1
1
1
1
0.992258959083244
1
0.995408232815615
1
1
1
0.997046899883237
1
0.998420514899136
0.997751843595703
1
0.98383706463739
0.918049419193936
0.996963398815117
1
0.99966337615696
1
1
1
1
1
1
1
1
1
1
1
1
1
0.996065270665691
1
0.902474648171771
1
1
1
1
1
1
0.990981371819284
0.961720828416465
1
1
1
1
0.999578405835442
1
0.999646628347409
1
0.999843249265576
1
0.997540615665996
1
0.997380641026999
1
1
1
1
1
1
1
1
1
1
1
0.996824987228018
0.97515901393445
0.997380641026999
1
1
1
1
1
1
1
1
1
1
1
1
0.999710222548924
1
0.958715367542786
0.997563360463087
1
1
1
1
1
1
1
1
1
1
0.997951814213483
1
1
1
1
1
1
1
1
1
0.997342152497413
0.995103063535317
1
1
1
1
0.999596418165662
1
1
1
1
1
1
1
1
1
1
1
1
0.999608808676389
1
1
0.998383090039342
1
1
1
1
1
1
1
1
0.999636844338048
1
1
1
1
1
1
1
1
1
0.997046801535869
1
1
1
1
1
1
0.995916973355148
1
0.995912751601643
1
1
1
1
1
0.999735042189965
0.984951956616574
0.994542545802227
1
1
1
1
1
1
1
1
1
1
1
1
1
0.99362818735722
0.995554334812232
1
1
0.997823128454057
0.996731001332786
1
1
1
1
1
1
1
1
1
0.985692362024922
1
1
1
1
1
1
1
1
0.999180377990506
1
1
1
1
0.99459013486004
1
1
1
1
1
1
1
1
1
1
1
1
1
1
1
1
1
1
1
1
1
1
0.991060310300779
1
1
1
1
0.890449765612675
1
0.981883429389177
1
0.999803322089249
1
1
1
1
1
1
1
0.997316703965434
1
1
1
1
1
1
1
1
1
1
1
1
1
1
1
0.998642239243944
1
1
1
1
1
1
0.986827259931181
1
1
1
1
1
1
0.970498273717094
1
1
0.991340154093521
1
1
1
1
0.991956659783853
1
0.997023834432683
0.888559500658907
1
1
1
0.918049419193936
1
1
1
1
1
1
0.994718990021715
1
1
1
0.995593666939189
1
0.998380448312658
1
1
1
1
1
1
1
1
1
0.991598880519304
1
1
0.988886905587444
1
1
1
1
1
0.99448787232922
1
1
1
1
1
0.99583344389246
1
1
1
1
1
1
1
1
1
1
1
1
1
1
1
1
0.762244836755259
1
1
1
1
1
0.781274482840246
0.874415002601644
0.999985128369912
1
1
0.996420536266678
0.998137184323921
1
1
1
1
1
1
1
0.997951814213483
1
0.989987161115956
1
1
0.999890253711457
1
1
1
1
0.999238603532347
1
1
0.994323604737465
0.998731800624672
1
1
1
1
1
1
1
1
1
1
1
1
1
1
1
1
1
1
1
0.997823128454057
1
1
1
1
1
0.975417435455481
1
1
1
1
0.997058464917624
1
1
1
1
1
1
1
1
1
0.991567851351888
0.997308205277483
1
1
0.968204800791465
1
1
1
1
1
1
1
0.995526493485145
1
0.997136078242415
1
1
1
1
1
1
0.998731800624672
1
1
1
1
1
0.983599043637341
1
1
1
1
0.984542505867621
1
1
1
0.997070476809835
0.999710222548924
1
1
0.471465525398005
0.99783212127165
1
1
1
1
1
1
0.95363676765903
1
0.996725165670974
0.992458895286511
1
1
1
1
0.999578405835442
1
1
1
1
1
1
0.999623326718049
1
1
1
1
1
1
1
1
1
1
1
1
1
1
1
0.994988612227601
1
0.99631410459822
1
1
1
1
1
1
1
1
1
1
1
0.997023834432683
1
0.998174348960122
0.998137184323921
1
1
1
1
1
1
1
1
1
1
1
1
1
1
0.993888601871929
1
1
1
1
1
1
1
1
1
1
1
1
1
1
1
0.976821052536777
1
0.995731891878227
1
1
1
1
1
0.995218989412339
0.972476328244822
0.992452039666943
1
1
0.99650884014236
0.99192259771763
1
1
1
1
1
1
1
0.997563360463087
1
1
1
1
1
1
1
1
1
1
0.89992994144126
1
0.985406156553971
1
1
1
1
1
0.998642239243944
1
1
1
0.939434774631268
1
1
1
0.993662645845645
0.992051003972795
1
1
1
1
1
0.994012220359356
1
0.990425753865589
1
1
1
1
1
1
0.994323604737465
0.997046899883237
1
1
1
1
1
1
1
1
1
1
1
1
0.991598880519304
1
1
0.99484173354061
0.9208115876319
1
0.999985128369912
1
1
1
0.998862698467245
1
1
0.99192259771763
1
1
1
1
0.998222608247063
1
0.671043239083406
1
0.994268562873539
1
1
0.992207570595646
1
1
1
1
0.997576457196675
1
1
1
0.996811243630172
1
1
1
1
1
1
1
1
1
1
1
1
1
1
1
1
1
1
1
1
0.999672012609717
1
1
1
1
1
1
1
0.99631410459822
1
0.988977371280999
0.996848607093913
0.993665540767264
1
1
1
1
1
1
1
1
1
1
0.998175155122354
1
1
1
1
0.996420536266678
1
0.999623326718049
0.998174348960122
1
1
1
1
1
1
1
1
1
0.988977371280999
1
1
1
1
1
1
1
1
1
1
1
0.962281194044911
0.993105770865113
1
1
1
1
1
1
1
0.996325990711249
1
1
1
1
1
1
0.997633605321714
0.99981757134181
1
1
1
1
1
1
1
0.997480558171143
1
1
1
1
1
1
1
1
1
1
1
1
1
1
1
1
0.998237413950468
1
1
1
1
0.99192259771763
1
1
0.997823128454057
1
1
1
1
1
1
1
0.999728076490083
1
1
1
1
0.998853976346309
1
1
1
1
1
1
1
1
1
1
1
0.996811243630172
1
1
1
0.988247682516762
1
0.991563408100679
0.970778601560469
1
1
1
1
1
1
1
1
0.998249042246567
0.994201004518171
1
1
1
0.99929498999067
1
1
1
1
1
1
1
1
1
1
1
1
1
1
1
1
1
0.99567008840209
0.993662645845645
0.998254514790498
1
0.984563391570469
1
1
1
1
1
1
1
1
1
1
0.99933027196328
1
0.996014370262194
0.937847843134815
1
1
1
1
1
1
1
1
0.998174348960122
0.998420514899136
0.958295021469041
1
1
1
1
0.99484033502654
1
1
1
1
0.973259603854292
1
1
0.995171875681154
1
1
0.98551675139171
1
1
1
1
1
0.99957661908468
1
1
1
0.969566672204884
1
1
0.999792359630154
1
1
1
1
1
1
1
1
1
1
0.95868399533289
1
0.999646628347409
1
1
1
1
0.994416758898134
1
1
1
1
1
0.988886905587444
1
1
0.957583838010273
1
1
1
1
0.998677343790515
1
0.992925502025374
0.997654261580471
1
0.997380641026999
0.997046899883237
1
1
0.998902556978485
1
1
1
1
1
1
0.998658888372281
1
1
1
1
1
1
1
1
1
1
0.664365083313066
1
1
1
1
1
1
1
1
1
0.909074572212663
1
1
1
1
0.999591492052941
0.999679728259128
1
1
1
1
1
1
1
1
1
0.998626060895565
1
1
0.99591752838943
0.997308205277483
1
1
1
0.998306555447126
1
1
0.994470184302908
0.996014370262194
1
1
1
1
1
1
1
0.995348149701472
1
0.998254514790498
1
1
1
1
1
0.998151245905476
1
1
1
1
1
1
1
1
0.903167294850852
1
1
1
0.997563360463087
1
1
1
0.99801965690171
0.999641432673845
0.991559492539331
1
1
1
1
0.99739438130406
1
1
1
1
1
0.969041824017502
1
1
0.918049419193936
1
1
1
1
0.995015442590334
1
1
1
1
1
1
0.990578438284406
0.996079896563943
1
1
1
1
1
1
1
1
1
1
1
1
1
1
1
1
1
1
0.999608808676389
1
1
1
1
1
1
1
1
1
1
1
1
1
0.893364597268903
0.996557664719814
1
1
1
1
1
1
0.994886875826432
1
1
1
1
1
1
1
0.994104450983288
1
1
1
1
1
1
1
0.997169703511067
1
1
1
1
0.993862952751971
1
0.997547516351182
1
1
0.997590116962604
0.993143489392518
1
0.997712194587245
1
1
1
1
0.996887113546092
0.994014948529651
1
0.995776553307488
1
1
1
1
1
1
1
1
1
1
1
1
1
1
1
1
1
1
1
0.893452700808583
1
1
1
1
1
1
1
0.99459013486004
1
1
1
1
1
1
0.963735079219142
1
1
1
0.978941598265389
1
1
1
1
1
1
1
0.989548265562868
1
1
1
1
0.939434774631268
1
0.987633421984383
0.669062782177768
0.998742931822601
1
1
1
0.99192259771763
1
1
1
1
1
1
0.998222608247063
1
1
1
1
1
0.996182685193036
1
1
1
1
1
0.995287796314059
1
1
1
1
0.997185975750774
1
1
1
1
1
1
1
1
1
1
1
1
0.999938191195275
1
0.987638827240486
0.969954037604735
0.998660479743782
1
1
1
0.999180377990506
1
1
0.984542505867621
1
1
1
1
1
1
1
1
1
1
1
1
1
1
1
1
0.999727544499696
0.995699654933342
1
1
0.997271975297171
1
1
1
1
1
1
1
1
1
1
0.997466333430781
1
1
1
1
1
1
1
1
1
1
1
0.999596418165662
1
1
1
1
1
1
0.781274482840246
1
0.997712194587245
0.997101983473711
1
0.995545625309995
1
0.994999816056461
0.995015442590334
1
0.998137184323921
0.997540615665996
1
1
1
1
1
1
0.999710222548924
1
0.993321489180468
1
1
1
1
1
1
1
0.999710222548924
0.999374997626974
1
1
1
1
1
0.997958315123012
1
0.995942598762679
1
1
1
1
1
1
1
1
1
1
1
1
0.992486956417416
1
1
1
1
1
0.988943542537537
0.996202954846506
1
1
1
1
0.995542566440861
1
1
1
1
0.97887570842187
1
1
1
1
1
1
1
1
1
1
1
0.999938191195275
1
1
1
1
1
1
1
1
1
1
1
1
1
1
0.99567008840209
1
0.965451100611442
0.998626060895565
1
1
1
1
0.999578405835442
0.989597622536309
1
1
1
1
0.998477389547758
1
1
1
1
1
0.99796750975495
1
1
0.998343148363599
1
1
1
1
0.962557626592884
1
1
0.998343148363599
1
1
1
1
0.980161419498696
1
1
1
1
1
1
0.998835090223638
1
1
1
1
0.923174428031722
1
0.997540615665996
1
1
1
1
1
1
1
1
1
1
1
1
1
0.999578405835442
1
1
1
0.997852800630392
0.999641432673845
0.999623326718049
1
1
1
1
0.918758431837549
0.999699651254209
1
1
1
1
1
1
1
1
1
1
1
1
1
0.900977738157039
1
1
1
1
1
1
1
1
1
1
0.994810721914057
1
1
1
1
1
1
1
1
1
1
1
1
1
1
0.99192259771763
1
0.995221148277853
1
1
0.99664584924967
1
1
0.9687961970203
0.99672370289801
1
1
1
1
1
1
0.987957082379631
1
0.99127369865179
1
1
1
1
1
1
1
0.997768131572351
1
0.992813090470767
0.991758574933535
1
1
1
1
1
0.998306555447126
1
1
1
1
1
1
1
1
1
1
1
1
1
1
0.987638827240486
1
1
1
1
1
1
1
1
1
0.998151245905476
1
1
1
0.999782729507504
1
1
0.998742931822601
0.868340921719035
1
0.998343148363599
1
1
1
1
1
1
1
0.703006638759628
1
1
1
1
1
1
0.9687961970203
1
1
0.994988612227601
1
1
0.981603941144253
1
1
1
1
0.995171875681154
1
1
1
1
0.998254514790498
0.999803322089249
0.994560894824508
1
1
1
1
1
0.900977738157039
1
1
1
0.997316703965434
1
1
1
1
1
1
1
1
1
1
0.995348149701472
1
1
1
1
0.996659831713902
1
1
1
0.989269811552605
1
0.996285278810854
1
0.942896622161155
1
1
1
1
1
1
1
1
1
1
0.927636046824327
1
1
1
1
1
1
1
1
1
1
0.996182685193036
1
1
1
1
1
1
1
1
1
1
1
1
1
1
1
1
1
0.996848607093913
1
1
1
0.995218989412339
1
0.994771211120658
1
1
1
1
1
1
1
1
1
0.989801396047907
1
1
1
1
0.982078965994791
1
1
1
0.992199295310963
1
1
1
1
1
1
0.999565245821616
1
1
1
1
1
0.992925502025374
1
1
1
1
1
1
0.998306555447126
1
1
1
0.998383090039342
1
1
0.99957661908468
1
1
1
0.994470184302908
0.968204800791465
1
0.969566672204884
1
1
0.99981757134181
0.945273921091059
1
0.998380448312658
1
1
1
1
0.998230187361926
1
1
1
1
1
1
1
1
1
1
0.94503282585153
1
1
1
1
1
0.990826768617968
1
1
1
1
1
1
1
1
1
0.995348149701472
1
1
1
1
1
1
0.981603941144253
1
0.995638259772495
1
1
1
1
0.977515419006729
1
1
1
0.976810882958607
1
1
0.991423716859006
0.997951814213483
1
1
1
1
1
1
1
1
1
1
1
1
0.997654261580471
1
1
1
1
1
1
1
1
1
1
1
0.997195164770236
1
1
1
0.999565435757293
0.95363676765903
0.995712483948599
1
1
1
1
1
0.999623326718049
1
1
0.989801396047907
1
0.988409393033379
1
1
1
1
1
1
1
1
1
1
0.997466333430781
1
0.995368420297106
0.995055775381908
1
1
1
1
1
1
1
1
1
1
1
1
1
1
1
1
1
1
1
1
1
1
1
1
1
0.991956659783853
1
1
0.996509849989935
1
0.891292252166483
1
1
1
0.990575565794933
1
1
0.997823128454057
0.997316703965434
1
1
1
0.976821052536777
0.991830288935806
0.963877370305838
1
1
1
1
1
0.999623326718049
0.997058464917624
1
0.997023834432683
1
1
1
1
1
1
1
1
0.971262468572762
1
1
1
1
0.985622919194008
1
1
1
1
1
1
1
1
1
0.995218989412339
1
1
0.993158325793717
0.997023834432683
1
1
1
1
1
1
1
1
1
1
1
1
1
0.997480558171143
0.994292891734218
1
0.887629734173503
1
1
1
1
1
0.994771211120658
1
0.997029675333694
1
1
1
1
0.999693644525592
1
1
1
1
1
1
1
1
1
0.992207570595646
1
1
1
1
1
0.978941598265389
1
1
1
0.997046801535869
0.998653465093043
1
1
1
1
1
1
1
1
1
1
0.942401882217378
0.996824987228018
0.99783212127165
1
1
1
0.999774910803804
1
1
1
1
0.993631098760623
1
1
1
0.978941598265389
1
1
1
1
1
1
1
1
1
1
1
1
0.994560894824508
1
1
1
1
1
0.997023834432683
1
1
1
1
1
1
1
0.973806408652553
1
1
1
1
0.971826610230296
1
0.996079896563943
1
1
1
0.998175155122354
1
1
1
1
1
1
0.993321489180468
1
1
1
1
1
1
1
1
0.99650884014236
1
1
1
1
1
1
0.997852800630392
1
1
0.992266499750192
1
1
1
1
1
1
0.999626812287014
1
1
1
1
1
1
1
1
1
1
1
1
1
0.998477389547758
1
0.990285375612645
1
1
1
1
1
0.984542505867621
1
1
0.994201004518171
1
0.998642239243944
1
0.999710222548924
1
1
1
1
0.994416758898134
1
1
1
1
0.99341389694404
0.997136078242415
0.998891854606506
0.894644002322618
1
0.997342152497413
0.950171002373734
1
1
1
0.888559500658907
1
0.942437195992377
1
1
1
1
1
0.998420514899136
1
1
1
1
0.914514266240934
0.994292891734218
1
1
1
0.998030058526108
1
0.997898773107952
1
1
1
1
1
1
1
0.995542566440861
1
1
1
0.999791281995408
1
1
1
1
1
0.897478641557405
1
1
1
1
1
1
1
0.98551675139171
1
1
1
1
1
1
1
1
1
0.998960931441225
1
0.983521560021556
1
1
1
1
1
1
0.977517903760271
1
1
0.971133322766756
1
1
1
1
1
1
0.998343148363599
1
1
1
1
1
1
1
1
1
1
0.996242176251165
1
0.98954639907811
1
1
0.99502933786051
1
1
1
1
1
1
1
0.999890253711457
1
1
1
0.969140924683709
0.997185975750774
1
1
0.99334617917369
1
1
1
1
1
1
1
1
1
1
1
1
1
1
1
1
0.998420514899136
1
0.945480295795114
1
1
1
1
0.997408237762944
1
1
1
1
1
0.938623885289626
1
1
0.94503282585153
1
0.976938066393407
1
1
1
1
1
1
1
1
1
1
1
1
0.99981757134181
0.95868399533289
1
1
1
1
1
1
1
1
1
1
0.995912751601643
1
1
1
1
1
1
1
1
1
1
1
1
1
0.973806408652553
1
1
0.998151245905476
1
1
0.888559500658907
1
1
1
1
0.999904852842972
1
0.990425753865589
1
1
1
1
1
1
1
1
1
0.99192259771763
1
1
1
1
0.994814667472373
1
1
0.997380641026999
1
1
1
1
0.99650884014236
1
0.993974180399095
1
1
1
0.868194678245339
1
1
1
0.999374997626974
1
1
1
1
1
1
1
1
1
1
0.999605054730142
0.996051297238502
0.999565435757293
0.994470184302908
1
0.999679728259128
1
1
1
1
1
1
0.995451915630254
1
1
0.999890253711457
1
1
0.914514266240934
1
1
0.999782729507504
1
1
1
1
0.978853238724389
1
0.993515197198426
1
1
1
1
0.993631098760623
1
1
0.893452700808583
0.994991334191396
1
1
1
0.995386861092827
1
1
1
1
1
0.903167294850852
0.989801396047907
1
0.999735042189965
1
1
1
1
0.997951814213483
0.602205412857314
1
1
1
1
1
1
1
1
1
1
0.998642239243944
1
1
1
0.99237555944378
0.999735042189965
1
1
1
1
1
1
0.900977738157039
1
0.994278351177775
1
0.998343148363599
0.998787492418884
1
1
1
1
1
1
1
1
1
1
1
1
1
0.993802315348699
1
1
1
1
1
0.997540615665996
1
1
1
1
1
1
0.993720934458031
1
1
1
1
1
1
0.988886905587444
0.997342152497413
0.95868399533289
1
1
1
1
1
0.995816994337446
0.98551675139171
1
1
1
1
1
1
0.99981757134181
1
1
1
1
1
1
1
1
1
1
0.996963398815117
1
0.991154353490851
1
1
1
1
1
1
1
1
1
1
0.99567008840209
1
1
0.997271975297171
1
1
0.997712194587245
0.998497109595846
1
1
1
0.998710698302138
1
1
1
1
0.996420536266678
1
1
1
1
1
1
1
0.994175401814595
1
1
1
1
1
1
1
0.996840217065752
1
0.999684101548127
1
1
1
1
1
0.994012220359356
1
1
1
1
0.997023834432683
1
1
1
1
1
0.935471740553492
1
0.9958762143697
1
1
1
0.998174348960122
0.999938191195275
1
1
0.997408237762944
1
1
1
0.900977738157039
1
0.99591752838943
1
1
1
1
1
0.996731001332786
1
1
1
1
1
1
1
0.866358661233071
1
1
0.989625517695166
1
1
1
0.972476328244822
0.957416182579246
1
1
1
1
1
1
1
1
0.978479465054387
1
1
0.855853986545259
1
1
1
1
1
1
1
0.988873090860626
1
1
1
1
0.997598597377552
1
1
1
1
1
1
1
0.999985128369912
1
1
1
1
1
1
0.994886875826432
1
1
0.998677343790515
1
1
1
0.988977371280999
0.994416758898134
1
1
1
1
0.995451915630254
1
1
1
1
1
0.997823128454057
1
1
1
1
1
1
1
1
1
0.997046801535869
0.995638259772495
1
1
1
0.998497109595846
1
1
1
1
1
1
0.995942598762679
1
1
0.997214829594239
1
0.994984841690994
1
1
0.998306555447126
1
1
1
0.99362818735722
1
1
1
1
0.994542545802227
1
1
1
1
1
1
1
0.988977371280999
1
1
1
0.996014370262194
1
1
1
1
1
1
1
1
0.999903047602199
1
1
1
1
1
1
1
1
0.999904852842972
0.993998482993681
0.997193159032054
1
1
1
0.762244836755259
1
1
1
1
1
1
1
1
1
0.918049419193936
1
0.992458895286511
1
1
1
1
1
1
1
1
1
0.973259603854292
0.995908464893456
1
1
0.999735042189965
0.990425753865589
1
1
0.945313472176142
0.997693746625925
1
1
1
1
1
1
1
0.99981757134181
1
1
1
1
1
1
1
0.99502933786051
1
1
0.997123969615612
1
1
0.991351608604872
0.997046899883237
1
1
1
1
1
0.995912751601643
1
1
1
1
1
1
1
0.99321804370154
1
1
0.99484173354061
1
1
1
1
1
1
1
1
1
1
1
1
1
1
1
1
1
1
1
0.988977371280999
1
1
1
0.992266499750192
1
1
1
1
1
1
1
1
1
1
0.988886905587444
1
1
1
1
1
0.994280044845616
1
1
0.98638994069983
1
1
1
1
1
0.995348149701472
1
1
1
1
1
0.978941598265389
1
1
1
1
1
1
1
1
1
1
1
0.995268212211634
0.987638827240486
1
1
1
1
1
0.957711520645349
0.998731800624672
0.993158325793717
1
1
1
0.957416182579246
1
1
1
0.995712483948599
1
1
1
0.999938191195275
1
1
1
1
1
1
1
1
1
1
1
0.998664604879851
1
1
0.994741196247349
1
1
1
1
1
1
1
1
1
1
1
1
1
1
1
1
1
1
0.970498273717094
1
1
1
1
1
0.989034638211021
1
0.999726005050435
1
1
1
1
0.99801965690171
1
1
1
1
1
1
0.994513065695536
1
1
1
1
0.998658888372281
1
0.998787492418884
1
1
1
0.995218989412339
1
1
0.988977371280999
1
1
1
1
0.990981371819284
1
1
1
1
1
1
1
1
1
1
1
1
0.999938191195275
0.996072271294417
1
1
1
0.95520383126414
1
1
1
1
1
1
1
1
0.999565435757293
0.996509849989935
0.993972004604199
0.950552805836295
1
1
1
1
0.984435717846301
1
1
1
1
1
1
1
0.99459013486004
1
1
1
1
1
1
1
1
1
1
1
0.995572457387409
1
1
1
1
1
1
0.995116974764352
1
1
1
1
1
1
1
1
1
1
1
0.985067898703476
1
1
1
1
1
1
1
0.988943542537537
1
1
1
1
1
1
0.997897574228697
1
1
1
0.993888601871929
1
1
1
0.939434774631268
1
1
1
1
0.991709407242081
1
1
1
1
0.866347877197315
1
0.995427514880035
0.978078338749824
1
1
1
1
0.99765015523059
1
1
0.997151694479874
1
1
1
1
1
1
1
0.987633421984383
0.962557626592884
1
0.998787492418884
1
1
1
1
1
0.994513065695536
1
1
0.99484173354061
1
1
1
1
1
0.991705786527268
1
1
1
1
0.998477389547758
1
0.999641432673845
1
0.994022430930984
1
1
1
1
1
1
1
1
0.995242769799429
1
1
1
1
1
1
1
1
1
1
0.938496370512942
1
1
1
1
0.998359048875802
1
1
1
1
1
1
1
1
0.985067898703476
0.985622919194008
1
1
1
1
1
0.997029675333694
1
1
1
0.994014948529651
0.990724378048213
1
1
1
1
0.998343148363599
0.995348149701472
1
1
1
1
1
1
0.990575565794933
1
1
0.995218989412339
1
1
1
1
1
1
0.463316791626591
1
1
1
0.997316703965434
1
1
1
0.997718204093409
1
1
1
0.997547516351182
0.983590457094069
1
1
1
1
1
1
0.996420536266678
0.990285375612645
1
1
1
1
1
1
1
0.993358492174764
1
1
1
1
1
1
1
1
1
0.993972004604199
1
1
1
1
1
1
1
1
1
1
1
1
0.993762705185671
1
0.994039773803615
1
1
1
1
1
0.968710627230222
1
1
1
1
1
0.99362818735722
1
1
1
1
1
1
1
1
1
1
1
1
1
1
0.993554657603581
1
0.995776553307488
1
1
0.976938066393407
1
0.99376561199441
1
1
1
1
1
1
1
1
1
1
0.978479465054387
1
1
1
1
1
1
1
1
1
1
1
1
1
1
1
1
1
0.9941227875282
1
0.627234062222876
1
1
1
1
1
1
1
0.990067540657658
0.944145105368558
1
1
1
1
1
1
1
1
1
1
0.880142423793474
1
1
1
1
1
1
0.997308205277483
1
1
1
0.993628629173587
1
1
0.998215527224853
1
1
1
1
1
1
1
0.741856356170084
1
1
1
0.9947995316062
0.986315012142666
1
1
1
1
0.517738087956365
1
1
0.995015442590334
1
1
0.998497109595846
1
1
0.999735042189965
1
1
1
0.995699654933342
1
1
1
1
1
0.994012220359356
1
1
1
1
0.998477389547758
1
1
1
0.994014948529651
1
1
1
0.990425753865589
1
1
1
0.999596418165662
1
1
1
1
1
0.997951814213483
1
1
1
1
1
0.999605054730142
1
1
1
1
1
1
0.996811243630172
1
1
1
1
0.997779834088874
1
0.999374997626974
1
1
0.984742288953028
1
1
1
1
1
1
1
1
1
1
0.999623326718049
0.96917329536831
1
0.99957661908468
1
1
0.996848607093913
1
1
1
1
1
1
1
1
0.978479465054387
0.998853976346309
1
1
1
1
1
1
0.997394531364349
1
0.998717601643721
1
0.998742931822601
1
1
1
1
1
1
1
1
1
1
1
1
0.994988612227601
0.974790523126402
1
1
1
0.990182747272146
0.999578405835442
1
1
1
1
1
1
1
1
1
1
1
0.99237555944378
0.98638994069983
0.999841591185796
1
1
1
1
0.998477389547758
1
1
1
1
1
0.992925502025374
0.994154002766453
1
1
1
1
1
0.977637923150824
1
0.992536284143126
1
0.98843324151089
1
1
1
0.99858984670327
1
1
1
1
1
0.997151694479874
1
1
0.997547516351182
0.995098392939127
1
0.471465532254809
1
1
1
1
1
1
1
1
1
1
1
1
1
1
0.993888601871929
1
1
1
1
1
1
1
0.997440582472485
1
1
1
1
1
1
1
0.995638259772495
1
1
0.997214829594239
1
1
1
1
1
1
1
1
0.999679728259128
1
1
1
0.997600318031433
1
1
1
1
1
1
1
1
0.999238603532347
1
1
1
1
1
1
1
1
1
1
0.993012376813538
1
1
1
1
1
1
1
1
1
1
0.988007929021321
1
1
1
1
1
1
0.996202954846506
0.999890253711457
1
1
0.999970933631427
1
1
1
1
1
0.998626060895565
1
1
0.969566672204884
1
0.810209039548382
1
1
1
1
1
1
1
1
1
1
1
1
1
0.998151245905476
1
1
1
1
1
1
1
0.996824987228018
1
1
1
1
1
1
1
1
1
1
1
1
0.999693644525592
1
1
1
1
1
0.997440582472485
1
1
1
1
0.996731001332786
1
1
1
1
0.994712805534637
0.989801396047907
1
0.995776553307488
1
1
1
1
0.994602284064893
1
1
1
1
1
1
1
1
1
1
1
1
1
1
1
1
1
1
1
1
1
1
1
1
1
1
0.994991334191396
1
1
1
1
1
1
1
1
0.970488281546295
1
1
1
1
1
1
1
0.998477389547758
1
0.999726005050435
1
1
1
1
1
1
1
1
1
1
0.891292252166483
0.983899889214363
1
0.983402107364636
1
1
1
1
1
1
1
1
1
1
1
0.984951956616574
1
1
1
1
1
0.989625517695166
1
1
1
1
1
1
1
0.99967574208094
1
1
0.998626060895565
1
1
1
0.928318657724656
0.997195164770236
1
1
1
1
1
1
1
1
1
1
1
1
1
1
1
1
0.834711917400902
1
1
1
1
0.997195164770236
1
1
1
1
1
1
0.998445462856057
1
1
0.911781895851967
0.994201004518171
1
1
1
0.997358134171642
1
1
1
1
0.868340921719035
0.991074926689286
0.998477389547758
1
0.998626060895565
0.99957661908468
1
1
1
1
0.947722086264884
0.998731800624672
0.999565435757293
1
1
1
1
0.99796750975495
1
0.998151245905476
1
0.99567008840209
1
0.99362818735722
1
0.988766269346885
1
1
1
1
1
1
1
1
1
1
1
1
1
1
1
1
0.814593190926891
1
1
1
0.99663702712584
1
1
1
1
1
0.987937690104634
1
1
1
1
1
1
1
0.998222608247063
0.731333531635447
1
1
0.999629222302154
1
0.980854927845139
1
1
0.998862698467245
1
1
1
0.859100031734142
1
1
1
1
1
1
1
1
0.933620153110647
1
0.988977371280999
1
1
1
1
1
1
1
1
1
1
1
1
1
0.99969200779463
0.977583812049479
1
1
1
0.990761026013695
1
0.569991589168294
0.971216293246306
0.43723047965826
0.977584541442047
1
1
0.971840035502722
1
1
1
1
1
1
1
1
0.997342152497413
1
1
0.99192259771763
1
1
1
1
1
1
0.998787492418884
1
0.998642239243944
1
1
1
0.997193159032054
1
1
0.999092502492894
0.996138240499078
1
0.997768131572351
1
1
1
1
1
0.993824641876588
1
0.999623326718049
1
1
1
0.988766269346885
1
1
1
1
1
1
1
1
1
1
1
1
1
1
1
1
0.998306555447126
1
0.993105770865113
0.99957661908468
1
0.999374997626974
1
1
1
0.994175401814595
1
1
1
0.942896622161155
1
1
1
1
1
1
1
1
1
1
0.874415002601644
1
1
1
1
1
1
1
1
1
1
1
1
0.983521560021556
1
1
1
1
1
1
0.914143521465983
1
1
1
1
0.998420514899136
0.993257398505175
0.971409300502938
1
1
1
1
1
1
0.995242769799429
1
1
1
1
1
1
1
1
0.975417435455481
1
1
1
1
0.999238603532347
1
1
1
1
1
1
1
1
1
1
1
1
1
1
1
1
0.98205768179928
0.997857824380527
1
0.997410567165916
0.999728076490083
1
1
0.996840217065752
1
1
1
1
1
1
1
1
1
1
1
1
0.993762705185671
1
1
0.988007929021321
1
0.976938066393407
0.91859333548536
1
1
1
1
1
1
1
1
1
1
1
1
1
1
1
1
1
1
0.997169703511067
0.995526493485145
1
1
0.997654261580471
0.995348149701472
1
1
1
1
1
1
1
1
1
0.641371478583959
1
1
0.99801965690171
1
1
1
1
1
1
0.998434931335039
1
0.993321489180468
1
1
1
1
1
1
1
0.988247682516762
0.99341389694404
1
1
1
1
1
1
0.996408812561634
1
1
1
1
1
1
1
1
1
1
1
1
1
1
1
1
1
1
1
1
1
1
0.998891854606506
1
1
1
1
0.945313472176142
1
1
1
1
1
1
1
1
1
1
1
1
1
1
1
1
1
1
1
1
1
1
1
0.958715367542786
1
0.709153616862709
1
1
1
0.990919817585278
1
1
0.998853976346309
0.999623326718049
0.998151245905476
1
1
1
0.997136078242415
1
1
0.996811243630172
1
0.998787492418884
1
1
1
1
0.99459013486004
1
1
1
0.903123844363103
1
1
1
1
1
1
0.99980366735717
1
0.824475830172545
0.971133322766756
1
0.997440582472485
1
1
1
1
0.997123969615612
1
1
1
0.983521560021556
1
1
1
1
1
1
1
1
1
0.998174348960122
1
1
1
1
1
1
1
1
1
1
0.990536332913032
1
1
1
1
1
1
1
0.995526493485145
1
1
0.999679728259128
1
0.996579048744867
1
1
1
1
1
1
1
0.997540615665996
1
1
1
1
1
1
1
0.873113642889736
0.99858984670327
1
1
0.999636844338048
1
1
1
1
1
0.992813090470767
1
1
1
1
1
1
1
1
1
1
0.968672963159337
0.999636844338048
1
1
1
1
1
1
0.99981757134181
1
1
0.998420514899136
0.941665972321889
1
1
1
1
1
1
1
1
1
1
1
0.957583838010273
1
1
1
1
1
0.997258159556186
0.988873090860626
1
1
1
0.896318542127766
1
1
1
1
0.999629222302154
1
1
1
0.997712194587245
1
1
1
1
1
1
1
1
1
1
1
1
1
1
1
1
1
1
1
1
0.993631098760623
1
1
1
1
1
1
1
1
0.999693644525592
1
1
1
0.990182747272146
0.995218989412339
1
0.994741196247349
1
1
1
1
1
1
1
0.994201004518171
1
1
1
1
1
1
0.991351608604872
1
1
1
1
1
1
1
1
1
1
1
0.99341389694404
1
1
1
1
0.993631098760623
0.99765015523059
1
1
0.999623326718049
1
1
1
0.999672012609717
1
1
1
1
1
1
1
1
1
1
1
1
1
1
1
1
1
1
1
1
0.999728076490083
1
0.995731891878227
0.957583838010273
1
1
1
1
1
1
1
1
1
1
1
0.99459013486004
1
1
0.994886875826432
1
1
1
1
1
1
1
1
1
0.958715367542786
1
1
0.996509849989935
1
1
1
0.999636844338048
0.984594160905894
1
0.993720934458031
0.911944394254308
1
1
1
1
0.998249042246567
1
1
0.997046899883237
0.999641432673845
0.999803322089249
0.994716079069769
0.924054593748093
0.995572457387409
1
1
1
1
1
0.998677343790515
1
1
1
1
1
1
1
1
1
0.984951956616574
1
0.995542566440861
1
1
1
1
1
1
1
1
0.998891854606506
0.997046801535869
0.939541435561809
1
1
1
1
1
1
1
1
1
1
1
1
1
0.989490377706282
1
0.878347321065934
1
1
1
1
1
0.998222608247063
1
1
1
1
0.984542505867621
1
1
0.999605054730142
1
1
1
1
0.9947995316062
1
0.997951814213483
1
1
0.991423716859006
1
1
1
0.994014948529651
1
1
1
0.999633816199127
1
1
1
0.993888601871929
0.997029675333694
1
1
1
1
0.995139025731187
1
1
1
1
1
1
1
1
1
1
0.999346255108621
1
1
1
1
1
0.988520505772684
1
1
1
1
0.998434931335039
1
0.994458603802245
1
1
1
1
1
0.995570051930454
1
1
1
1
1
1
1
1
1
0.976617274443523
1
1
0.980161419498696
1
1
1
1
1
0.995218989412339
1
1
1
1
1
1
1
1
0.999904852842972
0.980872478786834
1
1
1
0.995242769799429
1
1
1
1
1
0.999646628347409
1
0.994581794009869
1
0.995853285300668
1
1
0.997693746625925
1
1
1
1
0.99556937485683
1
1
1
1
0.998039214454575
0.993918209444128
1
0.998710698302138
1
1
1
1
1
1
1
1
1
0.986827259931181
1
1
1
1
1
1
0.998742931822601
0.997046899883237
0.994470184302908
1
1
0.859100031734142
1
0.997058464917624
1
1
1
0.999238603532347
0.992031659655291
1
1
1
1
1
1
1
1
1
1
1
1
1
1
0.994154002766453
1
1
1
1
1
0.999727544499696
0.994886875826432
1
1
0.946031878106095
1
1
1
1
1
1
1
1
1
1
0.999646628347409
1
1
1
1
1
1
0.997008005047617
0.991709407242081
1
1
1
1
1
1
0.609040395417187
1
0.994886875826432
1
1
1
1
1
0.99967574208094
1
0.999641432673845
1
1
1
1
1
0.998030058526108
0.997633605321714
1
1
0.999841591185796
1
1
0.999603757125725
0.995451915630254
1
1
1
1
0.991709407242081
1
1
1
1
1
1
1
1
0.995026553237917
0.984951956616574
1
1
1
1
1
1
1
1
1
1
1
1
0.997598597377552
1
0.998853976346309
1
1
1
1
0.995712483948599
1
0.945273921091059
0.999578405835442
1
0.903167294850852
1
0.989625517695166
1
1
1
1
0.998175155122354
1
1
0.869914691614356
1
1
1
1
1
0.996014370262194
1
1
1
1
1
1
1
1
1
1
1
1
1
1
0.992511792743362
1
1
1
1
1
1
1
0.991154353490851
1
1
1
1
1
0.957434969399881
1
1
0.939434774631268
1
1
1
1
1
1
1
1
1
1
0.998626060895565
1
1
1
0.999654835400084
1
0.983998767604443
0.996408812561634
1
1
1
1
0.994445679060116
1
0.998174348960122
0.978822657917008
0.995942598762679
1
1
1
1
1
1
1
0.955528259233157
1
1
1
1
1
1
1
1
1
1
1
1
1
0.921985168707268
0.998420514899136
1
1
1
1
0.996065270665691
1
1
1
1
1
0.999766030326734
1
1
1
1
1
0.991058771883465
1
1
0.999938191195275
1
1
0.997475724331614
1
1
1
1
1
1
1
1
1
0.988539698977354
1
1
1
1
1
0.994988612227601
1
1
1
1
1
1
0.998174348960122
1
1
1
1
1
1
1
0.999985128369912
1
0.987633421984383
1
1
1
1
0.99650884014236
1
0.996230305420024
1
0.997101983473711
1
1
1
1
0.998553763864162
1
1
0.991956659783853
1
1
0.927636046824327
1
1
1
1
1
1
1
1
1
1
1
1
1
1
1
1
1
1
1
1
1
1
1
1
1
1
1
1
1
1
1
1
1
0.99484173354061
1
1
1
0.996509849989935
1
1
1
1
1
1
1
1
1
1
1
1
1
1
0.998891854606506
1
1
1
0.996065270665691
1
1
1
1
1
0.994560894824508
1
1
1
1
1
1
1
0.983402107364636
1
1
1
0.939434774631268
1
1
1
1
1
1
0.982934374516455
0.998445462856057
0.994154002766453
1
0.996138240499078
1
1
0.988886905587444
0.607896036893232
1
1
1
0.682877475410448
1
1
1
1
1
1
1
0.998731800624672
1
0.986660446697529
1
1
1
1
1
1
1
1
1
1
1
1
1
1
1
1
1
1
1
1
1
1
1
1
0.997718204093409
1
1
1
1
1
0.994988612227601
1
1
1
1
1
1
1
1
1
1
1
1
1
0.970498273717094
1
1
1
1
1
1
1
0.986827259931181
1
1
1
0.999710222548924
1
1
1
1
1
1
1
1
0.998717601643721
1
0.998445462856057
1
1
1
1
1
1
1
1
1
1
1
1
1
0.996242176251165
1
1
1
1
1
1
1
1
1
1
0.995451915630254
1
1
1
1
1
1
1
1
1
1
1
1
1
1
0.995408232815615
0.998684807254141
1
1
1
1
1
1
1
0.999641432673845
0.932940489518876
1
0.992464712402585
1
1
1
0.997547516351182
0.99518383446418
1
1
1
1
1
1
1
1
1
1
0.996325990711249
0.997475724331614
1
1
1
1
0.999614485868465
1
1
1
1
0.997693746625925
1
1
0.999890253711457
1
0.968710627230222
1
1
1
0.995287796314059
1
1
1
1
0.997008005047617
1
1
1
1
0.999672012609717
1
1
0.999565435757293
1
1
1
1
1
1
0.994268562873539
1
1
1
1
1
1
1
1
1
1
1
0.95520383126414
1
1
1
0.995362099195197
0.998477389547758
0.988912523732164
0.996065270665691
1
1
0.95327921692908
1
0.969041824017502
1
1
1
0.802840518766653
1
1
0.891292252166483
1
0.998030058526108
1
1
1
0.996731001332786
1
1
0.994014948529651
1
1
1
1
0.932267880178909
1
1
0.999684101548127
1
1
1
1
1
0.998383090039342
1
1
1
1
0.993105770865113
0.990182747272146
1
1
1
0.997547516351182
1
1
1
0.99966337615696
1
1
1
1
1
1
1
1
0.985622919194008
0.979933755226523
1
0.983409371567311
1
1
0.998420514899136
1
0.996840217065752
0.993215692157407
1
1
1
1
1
1
1
0.994012220359356
1
1
1
1
0.997258159556186
1
1
1
1
0.96625974721086
0.991420484472555
1
0.98639225255677
1
1
1
1
1
0.997380641026999
1
0.976938066393407
1
1
1
0.996202954846506
1
1
0.998030058526108
1
1
1
1
1
1
1
1
1
0.99650884014236
1
1
1
0.97944616814211
0.810209039548382
1
0.99502933786051
1
1
0.996963398815117
1
1
0.99484173354061
1
1
0.98551675139171
1
1
1
0.695230794368512
1
1
1
0.994063676798488
1
1
1
1
1
0.859100031734142
1
1
0.998030058526108
0.933930716886768
1
0.993862952751971
1
0.998175155122354
1
1
1
0.993620007613263
1
1
1
1
1
1
1
1
1
1
1
1
0.996811243630172
1
1
1
0.648336137341008
0.998497109595846
1
1
1
1
1
1
0.958540844612438
1
0.998030058526108
1
1
0.999679728259128
1
0.978008910709331
0.986315012142666
1
1
0.992464712402585
1
1
1
1
1
1
1
0.999596418165662
1
0.991192793196233
1
0.993888601871929
1
1
1
1
1
1
1
1
0.993835789263661
1
1
1
1
1
1
1
1
0.999710222548924
1
1
1
1
1
1
1
1
1
1
1
1
1
0.866347877197315
0.999710222548924
1
0.998862698467245
1
1
0.999766030326734
1
1
1
1
0.995572457387409
1
1
1
1
1
1
0.994266884805018
1
1
1
1
0.997958315123012
1
1
1
1
1
0.988977371280999
1
1
1
1
1
1
1
1
1
1
0.998626060895565
1
1
0.994925405988455
1
1
1
1
1
1
1
1
1
0.995570051930454
0.999605054730142
1
1
1
1
1
1
0.996182685193036
1
1
0.994855086636265
1
1
1
0.988310214951026
1
1
0.994409299332343
1
1
1
1
1
1
1
1
1
1
1
1
1
1
1
0.999578405835442
1
0.999654835400084
0.998249042246567
1
1
1
1
1
0.999623326718049
1
1
1
1
1
1
1
1
1
1
1
1
1
1
1
1
1
1
0.990612237825376
1
1
1
1
1
0.997136078242415
1
1
0.994716079069769
1
1
1
1
1
0.998862698467245
1
1
1
1
1
0.999596243104266
1
1
1
1
1
1
1
1
1
1
0.99783212127165
1
1
1
1
0.997600318031433
1
1
0.994022430930984
1
1
1
0.995368420297106
0.996848607093913
1
1
1
1
1
0.94066396738125
1
0.994458603802245
1
1
1
1
1
1
1
1
0.997958315123012
1
1
1
1
0.999596418165662
1
1
1
1
1
1
1
1
0.994266884805018
1
1
1
1
1
0.900977738157039
1
0.93627767178194
1
1
0.997046899883237
1
1
1
1
1
0.999672012609717
0.897923571936389
1
1
1
1
1
1
1
0.810245639050726
1
1
0.998626060895565
0.99567008840209
1
0.99801965690171
1
1
1
1
1
1
1
1
1
1
1
1
1
1
1
1
0.995268212211634
1
1
0.955528259233157
0.995526493485145
0.998717601643721
1
0.977419772870631
1
1
1
0.997600318031433
0.999565245821616
1
1
1
1
1
1
1
1
1
0.99631410459822
1
1
1
1
1
1
1
1
1
1
0.998862698467245
1
1
1
1
1
1
1
1
1
1
1
1
1
0.996081992318674
0.99801965690171
0.996824987228018
1
1
0.999596418165662
1
1
1
1
1
0.996065270665691
1
1
0.996051297238502
1
1
1
1
1
1
1
1
1
0.992464712402585
1
0.99981757134181
1
1
0.814593190926891
1
1
0.998434931335039
1
0.991758574933535
1
1
1
1
1
1
0.99448787232922
0.947722086264884
1
1
1
1
1
1
1
1
1
1
1
0.999727544499696
0.980887372860691
1
1
1
1
1
0.982830422384407
0.998030058526108
0.977606012345854
1
0.997823128454057
1
0.984542505867621
1
1
1
1
1
1
1
1
1
1
1
1
1
1
0.999596418165662
0.998710698302138
1
1
1
1
1
1
1
1
1
1
1
1
0.912423935114177
1
0.999904852842972
1
1
1
1
1
1
1
1
1
0.998787492418884
1
1
0.995638259772495
1
1
1
1
1
1
1
1
1
1
1
1
1
1
0.998380448312658
1
1
1
1
1
1
1
0.995545625309995
1
1
1
1
1
1
1
0.99858984670327
1
1
1
1
1
0.998658888372281
1
1
1
0.997547516351182
0.999605054730142
1
1
1
1
1
1
1
1
1
1
1
1
1
1
1
1
1
1
1
1
0.998174348960122
0.99801965690171
1
1
1
1
1
1
1
1
1
1
1
1
0.998343148363599
1
0.991457824089101
0.985848286814264
1
0.988007929021321
1
1
1
1
1
1
0.981603941144253
1
1
1
1
0.97887570842187
1
1
1
1
1
1
1
0.988113769968158
1
1
1
1
1
0.900977738157039
1
0.969140924683709
1
1
1
1
1
1
1
1
1
1
1
1
0.99796750975495
1
0.993102607078843
1
1
1
1
1
1
1
1
1
1
1
1
1
1
1
1
0.995116974764352
1
0.994886875826432
1
0.993814901688341
0.996014370262194
1
0.99796750975495
1
0.859100031734142
1
1
0.996182685193036
0.9687961970203
1
1
1
1
0.999735042189965
0.995287796314059
1
0.986660446697529
1
0.998249042246567
1
0.994104450983288
1
1
1
1
0.993802315348699
1
1
1
1
1
1
1
1
1
0.990891000891916
1
0.995362099195197
0.997308205277483
1
1
1
1
1
0.993102607078843
0.987638827240486
1
1
0.95327921692908
0.997394531364349
1
1
1
1
1
1
1
1
1
1
1
1
1
1
0.992412686495125
0.998137184323921
1
1
1
1
1
0.971133322766756
1
1
1
0.957583838010273
0.998175155122354
1
1
0.995554334812232
1
1
1
1
1
1
1
1
1
1
0.984951956616574
1
1
1
1
1
1
1
1
1
1
1
1
0.99966337615696
1
1
0.994458603802245
0.997046801535869
1
0.937847843134815
1
1
1
1
1
1
1
0.998408946519221
1
1
1
1
0.990205920144778
1
1
1
1
1
1
1
1
0.996079896563943
1
1
1
0.998497109595846
0.99280402317912
1
0.940006052604097
0.99801965690171
1
1
1
0.995534708971048
0.997258159556186
1
1
1
1
0.996903544611495
1
0.988943542537537
1
0.945273921091059
0.997101983473711
1
1
0.988873090860626
1
1
0.993383195085781
1
1
1
1
1
1
1
1
1
0.996502381648059
0.997271975297171
1
1
1
1
0.997023834432683
1
1
1
1
0.991705786527268
1
1
1
1
0.99631410459822
0.948532979400573
1
1
1
0.992991108792866
1
1
1
1
1
1
1
1
1
1
1
1
1
1
1
0.998175155122354
1
1
0.932285438314569
1
1
1
1
1
1
1
1
1
1
0.993662645845645
1
1
0.997123969615612
1
1
1
1
1
1
0.993972004604199
1
1
1
1
1
1
1
1
0.960497327370875
1
1
1
0.977517903760271
1
1
1
1
1
0.99969200779463
1
1
1
1
1
1
1
1
1
1
1
1
1
1
1
1
1
1
1
1
1
1
1
1
1
1
1
0.993888601871929
1
1
1
0.999737545284267
1
1
1
1
1
1
1
1
0.99981757134181
0.968218781572783
1
1
1
1
1
1
1
0.997917553518432
1
1
1
0.984542505867621
1
1
1
1
0.957583838010273
1
0.999641432673845
1
0.994771211120658
1
0.998677343790515
1
1
0.927316253453562
1
0.94503282585153
1
1
1
1
0.996642074519675
1
1
1
1
1
1
1
1
1
1
1
1
1
0.937847843134815
1
1
1
1
1
0.703006638759628
1
1
1
1
1
0.990761026013695
0.992464712402585
0.992655427589756
1
1
1
1
1
1
0.995098392939127
1
1
1
0.99858984670327
1
1
1
1
1
1
1
1
1
1
1
1
0.922482701249586
1
1
1
1
1
1
0.99583344389246
1
1
0.997058464917624
1
1
1
1
0.961720828416465
1
1
0.997046801535869
1
1
1
1
1
1
1
1
0.999904852842972
1
1
1
0.974769251221728
0.996202954846506
1
1
1
1
1
0.985284943954179
1
1
1
1
0.997023834432683
0.986262936936467
1
0.989286205076358
1
1
1
1
1
1
0.955270323128559
1
1
0.99981757134181
1
1
1
1
1
0.991457824089101
1
1
1
1
1
1
1
0.994201004518171
1
1
1
1
1
1
1
1
1
1
0.98383706463739
1
1
1
1
1
0.997123969615612
1
1
1
1
1
1
1
1
0.998306555447126
1
1
1
1
1
1
1
1
1
1
0.9687961970203
1
1
0.891706621267814
1
1
0.998259274121223
1
1
0.995572457387409
0.999578405835442
1
1
1
1
1
1
1
0.998497109595846
1
0.976821052536777
1
1
1
1
1
0.99502933786051
0.997440582472485
1
1
1
0.98638994069983
1
0.991758574933535
1
1
1
1
1
1
1
0.998151245905476
1
1
0.994810721914057
1
1
1
1
1
1
1
1
1
1
1
1
1
1
1
0.988539698977354
0.997633605321714
1
1
1
1
1
1
1
1
0.998237413950468
0.969918622197668
1
1
0.999938191195275
1
1
1
1
1
1
1
1
1
1
1
1
0.999766030326734
1
0.653464747506957
0.871394837715122
0.995218989412339
1
1
1
1
1
1
0.999596418165662
1
0.958540844612438
0.94066396738125
1
1
1
1
1
1
1
1
1
0.998174348960122
1
1
1
1
1
1
1
0.99796750975495
1
1
1
1
0.998174348960122
1
1
1
1
1
1
1
1
1
1
1
0.996065270665691
1
1
1
0.99966337615696
1
1
1
1
0.997600318031433
1
1
0.996230305420024
0.971133322766756
1
1
0.999672012609717
0.999565245821616
1
1
1
0.999565435757293
1
0.997070476809835
1
1
1
1
1
1
1
1
1
1
1
1
1
1
1
0.99981757134181
1
1
1
1
1
1
1
0.991723443988401
0.991015426125246
1
0.999608808676389
1
1
0.989453961577143
1
1
1
1
1
1
1
0.989625517695166
0.997214829594239
1
1
1
0.993972004604199
1
1
0.992385289349524
1
0.996081992318674
0.991956659783853
1
0.995810515228075
1
1
0.957583838010273
1
0.99583344389246
1
1
1
1
1
1
0.993576763678986
1
1
1
1
1
1
1
1
1
1
1
1
0.998149210077943
1
1
1
0.99376561199441
0.992385289349524
1
1
1
1
1
1
1
1
0.99198655019944
1
1
0.991709407242081
0.99502933786051
1
1
1
1
1
1
1
1
1
1
1
1
0.997023834432683
1
1
1
1
0.958540844612438
1
1
1
0.994855086636265
1
1
1
1
1
0.994513065695536
1
0.996065270665691
0.985848286814264
0.945273921091059
1
1
1
1
1
1
1
1
1
1
1
1
1
1
1
1
0.995427514880035
1
1
1
1
0.964152923540613
0.999938191195275
1
0.999603757125725
0.994810721914057
1
1
1
1
1
1
1
1
0.99969200779463
0.997654261580471
1
1
0.962557626592884
0.994235851769668
1
1
1
1
1
1
1
1
1
1
1
0.987638827240486
1
1
1
1
0.995242769799429
1
1
0.997380641026999
0.975603600574826
0.998434931335039
1
1
1
1
1
1
1
1
1
1
0.997169703511067
1
1
0.995682747270919
1
0.998497109595846
0.988007929021321
1
0.996731001332786
1
1
1
1
1
1
1
1
1
1
1
1
1
1
1
1
1
1
1
0.986827259931181
1
1
1
1
0.957416182579246
1
1
1
1
1
1
1
1
1
1
1
1
1
1
0.99765015523059
1
0.995731891878227
1
1
0.996557664719814
1
1
0.994771211120658
1
1
0.998546819695153
1
1
1
1
0.999803322089249
1
1
1
1
0.999693644525592
1
1
1
1
1
1
1
0.94066396738125
1
1
1
1
1
1
0.958519541338235
0.987638827240486
1
1
1
1
0.994115142899382
1
1
1
1
1
1
1
1
0.99192259771763
0.998434931335039
1
0.995143092972358
1
1
1
1
0.987488255423193
0.999374997626974
1
1
1
1
1
1
1
1
1
0.993881794684215
1
1
1
1
1
1
1
1
1
1
1
1
1
0.972476328244822
0.988766269346885
1
1
1
1
1
0.957583838010273
0.998853976346309
1
1
1
1
1
1
1
1
1
0.996072271294417
1
1
0.999626812287014
1
1
1
1
1
1
1
1
0.998853976346309
0.998538050262325
1
1
1
1
1
1
0.999578405835442
1
1
1
1
1
1
0.996230305420024
1
1
1
1
1
1
1
0.999728076490083
0.999022351650686
1
0.998383090039342
1
1
1
1
0.994811119004458
0.998149210077943
1
1
1
1
1
1
0.994416758898134
1
1
0.978941598265389
0.997540615665996
0.997347903063247
1
1
1
0.988766269346885
1
1
1
1
1
1
1
1
0.983521560021556
1
1
0.887619362502669
1
0.99591752838943
1
1
1
1
1
1
1
0.995810515228075
1
1
1
1
1
1
1
1
0.927761534104639
1
1
1
1
1
1
1
1
0.994712805534637
1
1
1
0.991015426125246
0.999654835400084
1
1
1
1
0.939434774631268
1
1
0.998862698467245
1
0.973806408652553
1
0.998787492418884
1
1
1
1
0.998343148363599
0.995139025731187
1
1
1
1
1
1
0.94503282585153
0.9474013892975
1
0.998030058526108
1
1
0.999728076490083
1
1
1
1
1
1
1
1
0.944890648953103
1
0.988766269346885
1
1
1
1
1
1
1
1
1
1
1
1
0.999938191195275
1
1
0.984307105265732
1
1
1
1
1
1
1
1
1
1
1
0.990612237825376
1
1
1
1
1
0.998254514790498
1
1
1
0.99933027196328
0.996182685193036
1
1
1
1
1
1
1
1
1
0.998477389547758
1
0.99631410459822
1
1
1
1
1
1
1
1
1
1
0.994581794009869
0.997598597377552
0.99416051970474
1
0.653464747506957
1
1
0.984594160905894
0.997271975297171
1
1
1
1
1
0.983998767604443
0.995545625309995
1
1
1
1
1
1
1
1
1
0.989801396047907
1
0.996824987228018
1
0.999841591185796
1
1
1
1
1
1
1
1
0.999841591185796
0.899472885951387
0.946563527777655
0.990425753865589
1
1
1
1
1
1
0.978991982229724
1
1
0.995218989412339
1
1
1
1
1
0.998626060895565
0.9995918710279
1
0.98638994069983
1
1
1
1
1
1
1
1
1
1
1
1
0.976821052536777
1
0.992464712402585
1
1
1
1
1
1
0.99801965690171
1
1
1
1
1
1
1
1
1
1
0.992536284143126
1
1
1
1
0.995348149701472
0.999565435757293
1
1
1
1
0.999603757125725
1
0.977159383459257
1
1
1
1
1
1
1
1
0.996182685193036
1
1
1
1
0.999565435757293
1
1
1
1
1
1
1
1
0.995268212211634
1
1
1
1
1
1
1
1
1
1
1
1
1
1
1
0.998787492418884
0.998626060895565
0.620023189558973
1
1
1
1
0.998853976346309
0.998642239243944
1
1
1
0.995638259772495
1
1
1
1
0.999710222548924
0.962557626592884
1
1
1
1
1
0.988766269346885
1
1
1
1
1
1
1
1
0.987319696051402
0.925358424457453
1
1
1
1
1
1
0.991015426125246
1
1
0.994771211120658
1
1
0.98551675139171
0.997563360463087
1
0.998230187361926
1
1
0.995348149701472
0.990981371819284
1
1
1
1
1
1
1
1
1
1
1
1
1
1
1
1
1
1
1
0.994470184302908
1
1
1
1
1
1
1
0.997151694479874
1
1
0.995362099195197
1
0.950552805836295
0.998030058526108
0.998980248110542
1
0.993576763678986
1
0.998933591255316
0.983998767604443
0.988977371280999
1
1
1
1
1
1
0.995731891878227
1
1
0.940953894909676
1
1
0.997046899883237
1
1
1
1
1
0.977266493978891
1
0.996079896563943
1
1
1
1
1
0.999684101548127
1
1
0.994984841690994
0.999672012609717
1
1
1
1
0.99192259771763
0.985284943954179
0.990493824961468
0.983402107364636
0.997654261580471
0.992051003972795
1
1
1
1
1
1
1
1
0.999605054730142
1
0.897923571936389
1
1
0.972909502190338
0.994675763485724
0.995477991628665
1
0.999603757125725
1
1
1
0.998519313661654
0.996014370262194
0.925325155836387
0.998497109595846
1
1
0.997906447155233
1
1
0.994379069352297
0.997058464917624
1
1
1
1
1
1
1
1
1
1
1
0.990891000891916
1
1
0.997654261580471
0.99247314412865
1
1
1
1
0.994201004518171
1
0.984951956616574
1
0.918758431837549
1
1
1
0.918049419193936
1
1
1
1
0.985622919194008
1
1
1
1
1
0.990647452369613
1
0.903167294850852
1
1
1
0.969545326285899
1
1
1
1
1
1
1
1
1
1
1
1
1
1
1
1
1
0.975417435455481
1
1
0.995348149701472
1
1
1
1
1
0.987957082379631
1
1
1
0.992536284143126
1
1
1
1
1
1
1
1
1
1
0.99583344389246
0.998835090223638
1
0.99672370289801
1
1
0.971133322766756
1
1
1
0.994716079069769
1
1
1
1
1
1
1
1
0.980887372860691
1
0.997046899883237
1
1
1
0.997600318031433
1
0.998477389547758
0.999735042189965
0.994201004518171
1
1
1
1
1
1
0.99192259771763
1
1
1
0.999938191195275
1
0.988977371280999
1
1
1
0.957416182579246
1
0.999565245821616
0.998731800624672
0.998980248110542
1
0.99969200779463
1
0.992464712402585
0.990182747272146
1
1
1
0.996065270665691
1
0.99957661908468
1
1
1
1
1
1
1
1
1
1
1
1
0.992925502025374
1
1
0.999803322089249
1
0.995055775381908
1
1
1
0.998477389547758
1
1
1
1
1
1
0.900977738157039
1
1
1
1
1
1
1
0.844794209248018
1
1
1
1
1
1
1
1
0.992655427589756
1
1
1
1
1
1
0.996963398815117
1
1
1
1
1
1
1
0.972476328244822
1
1
1
1
1
0.996285278810854
1
1
1
1
0.997917553518432
1
0.918049419193936
1
1
0.98390539316825
0.998626060895565
1
1
0.999774910803804
1
1
1
0.998151245905476
1
1
1
1
0.99801965690171
0.999565435757293
1
1
1
1
1
0.99672370289801
0.999904852842972
1
1
0.994886875826432
1
1
0.99783212127165
1
1
1
1
1
1
1
1
1
1
1
1
1
1
1
1
1
1
1
1
1
1
1
1
1
1
1
1
1
1
1
1
1
1
0.980887372860691
1
1
1
1
0.989625517695166
0.999238603532347
0.95868399533289
1
1
1
1
0.999985128369912
1
1
1
1
1
1
1
1
1
1
1
0.997101983473711
1
1
1
1
0.99957661908468
1
1
0.997563360463087
1
0.992031659655291
1
1
1
1
1
1
1
1
1
0.999022351650686
1
1
1
1
1
1
0.994360677877242
1
1
1
0.997101983473711
1
1
1
1
1
1
1
1
1
0.94503282585153
1
1
1
1
0.998175155122354
1
1
1
1
0.994292891734218
1
1
1
1
1
1
1
1
1
1
1
1
0.99610279855236
0.99502933786051
1
0.989987161115956
1
1
1
1
1
0.995348149701472
1
0.999629222302154
1
1
1
1
1
1
0.987153655527254
1
1
1
1
0.998343148363599
1
1
0.999374997626974
1
1
1
1
0.991120669626577
1
1
1
1
1
1
1
1
1
1
1
1
1
1
1
1
1
1
0.999629222302154
1
1
1
1
1
1
1
1
0.959028413379968
0.995545625309995
1
1
1
1
1
1
0.994560894824508
1
0.995526493485145
1
1
0.987778507676304
0.995682747270919
1
1
1
0.990182747272146
0.894667343979833
1
1
1
1
1
1
1
0.99765015523059
1
1
1
1
1
1
1
1
1
1
0.985406156553971
1
1
1
0.998306555447126
1
1
1
1
0.998626060895565
1
1
1
1
1
1
1
1
1
1
0.977494905249826
1
1
1
0.992199295310963
0.957583838010273
1
1
1
1
0.994458603802245
1
0.995659625212274
1
1
0.927386300139653
0.997540615665996
0.971409300502938
1
1
0.999841591185796
1
1
1
1
1
1
1
1
1
1
1
1
1
1
1
1
1
0.996887113546092
1
1
1
1
1
1
1
1
1
1
1
1
0.988247682516762
1
1
0.988907278511595
0.989949231198335
1
0.873038391672268
1
1
1
1
1
1
0.997046801535869
1
0.799886624591793
1
1
1
1
1
1
0.997169703511067
1
1
1
1
1
1
1
0.995242769799429
1
1
0.997347903063247
0.999565245821616
1
1
0.972476328244822
1
1
1
0.992207570595646
1
0.979919081385889
1
0.993802315348699
1
1
1
1
1
1
1
1
1
1
1
1
1
1
0.997852800630392
0.9958762143697
1
1
1
1
0.99783212127165
1
1
1
1
1
1
1
1
1
1
0.995839251888709
1
1
1
1
0.999374997626974
1
1
1
1
1
1
1
1
1
1
1
1
1
1
1
1
1
1
1
1
1
1
0.999626812287014
1
1
1
1
1
1
1
1
1
0.970498273717094
1
1
1
1
0.997958315123012
0.99463527432161
0.990162756213535
1
1
0.999636844338048
1
1
1
0.852343012918397
1
0.987778507676304
1
1
1
1
1
1
1
1
1
1
1
1
1
1
0.997380641026999
1
1
0.987542407355901
1
1
1
0.99929498999067
1
0.994014948529651
1
0.98383706463739
0.999654835400084
1
1
0.995307419315218
1
1
1
0.984594160905894
1
1
0.999578405835442
1
1
1
0.996051297238502
1
1
1
1
1
1
1
1
1
1
1
0.992300053675653
1
1
1
1
1
1
1
1
1
1
1
1
1
0.993814901688341
1
1
1
1
1
1
1
1
1
1
1
1
1
1
1
1
1
1
1
1
0.939434774631268
0.99934018982062
1
0.994235851769668
1
1
0.998445462856057
0.997151694479874
1
1
1
1
0.998151245905476
0.993102607078843
1
1
1
1
1
1
0.989453961577143
1
1
1
1
1
1
1
0.997410567165916
1
1
1
0.888559500658907
1
1
1
1
1
0.852343012918397
0.994175401814595
1
1
1
1
1
1
0.991758574933535
1
1
0.993631098760623
1
1
0.999726005050435
0.998151245905476
1
1
1
1
1
1
1
1
1
1
1
1
1
1
1
1
1
1
1
1
1
0.995171875681154
1
1
1
1
1
0.994409299332343
1
1
1
1
1
1
0.992567548553468
1
1
0.995139025731187
0.98170776200917
1
1
1
1
1
0.950552805836295
1
1
1
1
1
1
0.995570051930454
1
1
0.996824987228018
0.999565435757293
0.994925405988455
1
1
1
1
1
1
1
1
1
0.9687961970203
1
1
1
0.932940489518876
1
1
1
1
1
1
0.997547516351182
0.999735042189965
0.998980248110542
0.993974180399095
1
1
0.99981757134181
1
1
1
1
1
1
1
1
1
0.9941227875282
0.999985128369912
1
1
1
1
1
1
1
1
1
1
0.999690071182364
1
1
1
0.986669072354164
1
1
1
1
0.995368420297106
1
1
0.998445462856057
1
1
1
1
1
1
1
1
1
1
0.918049419193936
1
1
1
1
0.997576457196675
1
1
1
1
1
0.994266884805018
1
0.991956659783853
1
1
1
1
1
1
1
1
0.992207570595646
1
1
1
1
1
1
1
1
0.993802315348699
1
1
1
1
1
1
1
1
1
1
1
1
1
1
1
1
0.997951814213483
1
0.968710627230222
0.994136222248411
1
1
1
1
1
1
1
0.999726005050435
1
1
0.987957082379631
1
1
1
1
0.998343148363599
1
1
1
1
1
1
0.996557664719814
1
1
1
1
1
1
1
1
1
1
1
0.9921228419034
1
1
1
1
0.998677343790515
1
0.984542505867621
1
1
1
1
1
1
1
1
1
1
1
1
0.998477389547758
1
1
1
1
1
1
1
1
0.978834307069294
1
0.994892566009266
1
0.998891854606506
0.927545599360298
1
1
1
0.899472885951387
1
1
0.978941598265389
1
0.99783212127165
1
1
1
1
0.9958762143697
1
1
1
0.999641432673845
0.999710222548924
1
1
1
1
1
1
1
1
1
1
0.997751843595703
1
1
0.980161419498696
1
1
1
1
1
1
1
1
1
1
1
1
1
1
1
1
1
0.992385289349524
0.990919817585278
1
1
1
1
1
0.91053308542718
1
1
1
1
1
1
0.987421212448678
0.987292668827925
0.991457824089101
1
1
1
0.918758431837549
1
1
1
1
1
0.97341205621682
0.997342152497413
1
0.995699654933342
1
1
1
1
1
0.991457824089101
1
1
1
1
0.99650884014236
1
1
1
1
1
1
1
1
0.99313551196429
1
1
1
1
1
1
1
1
1
1
1
1
1
1
1
1
1
1
1
0.991709407242081
1
1
0.996014370262194
1
1
1
1
1
1
1
1
1
1
1
1
1
1
1
1
1
1
1
1
1
1
1
1
1
0.731333531635447
1
1
1
1
1
1
1
1
1
1
0.996230305420024
1
1
0.997308205277483
1
0.99313551196429
0.989286205076358
1
1
1
1
0.998137184323921
1
0.997466333430781
1
1
1
1
1
1
0.999180377990506
1
1
1
1
1
1
1
1
1
1
1
1
1
1
0.814593190926891
0.998980248110542
0.991015426125246
1
1
0.998677343790515
1
1
1
1
1
0.993720934458031
1
1
1
1
1
0.997563360463087
1
1
0.999321189000471
1
1
0.995368420297106
1
1
1
1
1
1
1
1
0.99783212127165
1
1
1
1
0.998312455342909
1
1
1
1
1
1
0.859100031734142
0.968204800791465
1
1
1
1
1
1
0.999672012609717
1
0.96625974721086
1
1
0.999281627975563
1
0.995221148277853
1
1
1
0.990118016998354
1
1
1
1
1
1
1
0.988977371280999
1
0.998626060895565
1
1
1
1
1
1
1
1
1
1
1
1
0.996848607093913
0.995572457387409
1
0.984594160905894
1
0.996811243630172
1
1
1
0.991457824089101
1
1
0.998553763864162
1
1
1
1
1
1
0.992266499750192
1
1
1
1
1
0.731333531635447
1
1
1
1
1
1
0.988310214951026
1
1
1
1
1
0.998359048875802
1
1
1
1
1
1
0.762244836755259
1
1
1
1
1
0.994712805534637
1
1
1
1
1
0.996025764430387
1
1
1
1
1
1
1
1
1
1
1
1
0.998420514899136
1
1
1
1
1
1
1
0.997540615665996
1
1
1
1
1
1
1
1
1
1
1
1
1
1
1
0.950171002373734
1
1
1
0.990624161776837
1
1
1
0.990981371819284
0.968218781572783
0.997271975297171
1
1
0.993012376813538
1
1
1
1
1
1
0.996079896563943
1
1
1
1
1
1
0.995015442590334
1
1
0.999565245821616
1
1
1
1
1
1
0.94066396738125
1
1
1
1
1
1
1
1
1
1
1
1
1
1
1
1
1
0.998408946519221
1
1
1
1
1
0.983409371567311
1
1
1
1
1
1
0.9947995316062
1
1
1
1
1
1
1
0.993972004604199
0.936498696678411
1
1
1
1
1
1
1
1
1
0.997058464917624
1
0.952594731764473
0.995942598762679
1
1
1
1
1
1
0.973463003189409
0.999626812287014
1
1
0.999626812287014
1
1
0.984924375698184
1
1
1
1
1
1
1
1
1
1
1
1
1
1
1
0.988977371280999
1
1
1
1
1
1
1
0.995682747270919
1
1
0.99416051970474
0.997169703511067
1
1
1
1
0.986315012142666
1
1
1
1
1
1
0.979919081385889
1
1
0.991758574933535
1
1
0.993361932890896
1
1
1
0.999726005050435
1
1
1
1
1
0.970498273717094
1
0.999626812287014
1
0.999890253711457
0.999766030326734
1
1
1
1
1
1
1
1
1
1
1
0.999641432673845
1
1
1
1
0.994012220359356
1
1
1
1
1
1
1
1
1
1
1
1
1
1
0.94066396738125
1
1
1
1
1
1
1
0.999646628347409
1
1
0.998249042246567
1
1
1
1
1
1
1
1
1
1
0.997195164770236
1
1
0.995139025731187
1
1
0.995572457387409
1
0.998677343790515
1
1
1
0.997058464917624
1
1
1
1
1
1
1
0.99448787232922
1
0.994716079069769
1
1
0.997029675333694
1
0.993215692157407
1
1
1
1
1
1
0.927636046824327
1
0.997169703511067
1
1
1
1
1
1
1
0.999578405835442
1
1
1
1
1
1
1
1
0.996725165670974
0.996285278810854
1
1
0.900977738157039
0.99929498999067
1
1
1
1
1
1
1
1
1
1
1
1
1
1
1
1
0.998359048875802
0.997123969615612
0.99981757134181
1
0.998497109595846
1
1
1
1
0.993888601871929
1
1
1
1
1
0.987945607121672
0.996182685193036
0.971133322766756
1
1
1
1
1
1
1
1
1
1
1
1
1
1
1
0.997046801535869
0.993969032093508
1
1
1
1
0.996081992318674
1
1
1
1
1
1
1
1
1
1
1
1
1
0.991015426125246
0.995242769799429
1
1
1
1
1
1
1
1
1
1
1
1
0.998497109595846
1
1
1
1
0.993762705185671
1
1
1
1
1
1
1
1
1
0.990285375612645
1
0.998408946519221
1
0.999890253711457
1
1
1
1
1
1
1
1
1
1
1
1
1
1
1
1
1
1
1
1
1
0.998710698302138
1
0.997547516351182
1
1
1
1
1
1
1
1
1
0.477381359746856
1
0.990110086438861
0.993113293312181
1
1
1
1
1
1
1
1
1
1
0.996824987228018
1
1
1
1
1
1
1
1
1
0.981603941144253
1
1
1
1
1
0.911781895851967
1
0.997029675333694
1
1
1
1
1
1
1
1
0.983521560021556
1
1
1
1
1
1
1
1
1
1
0.998408946519221
1
1
1
0.868194678245339
1
1
1
1
1
1
1
1
1
1
1
1
0.992535868484888
0.985067898703476
1
1
1
1
1
1
1
0.99801965690171
1
1
1
1
1
1
1
1
1
0.996202954846506
1
1
1
0.999596243104266
1
1
1
1
0.992567548553468
1
1
1
1
0.988977371280999
1
1
1
0.995143092972358
1
1
1
0.985622919194008
1
1
1
1
1
1
1
1
1
1
0.998980248110542
0.995776553307488
1
1
1
1
1
0.996408812561634
1
1
1
1
1
1
1
1
1
1
1
1
0.987633421984383
1
1
1
1
1
1
1
1
1
1
1
1
1
1
1
1
1
1
1
1
1
1
1
1
1
1
0.991240365183865
1
1
1
1
1
1
1
1
1
0.996014370262194
1
0.993829633081223
1
0.997951814213483
1
1
0.911821359763734
1
1
1
1
1
1
1
1
1
1
1
1
1
1
0.830118182981233
1
1
1
1
0.999641432673845
1
0.981603941144253
0.994513065695536
0.984542505867621
0.995268212211634
1
1
1
1
1
1
1
1
1
1
1
1
1
0.993835789263661
1
1
1
1
0.995853285300668
1
1
1
1
1
0.998902556978485
1
1
1
1
1
1
0.996025764430387
1
1
1
1
1
0.999684101548127
1
1
1
1
1
1
1
1
1
1
1
1
1
1
0.999629222302154
1
0.999238603532347
1
1
1
1
1
1
1
1
1
1
1
1
1
0.999684101548127
1
1
1
1
1
1
1
1
1
1
0.99858984670327
1
1
1
1
0.983402107364636
1
1
1
1
1
1
1
1
1
1
1
1
0.99556937485683
1
0.996079896563943
1
1
1
1
1
1
1
0.995015442590334
0.995839251888709
1
1
0.974182580409677
1
0.999904852842972
1
1
1
1
1
1
1
1
1
1
0.993662645845645
1
1
1
1
1
1
1
0.999646628347409
1
1
0.996051297238502
0.997600318031433
1
1
1
1
1
1
1
1
1
1
1
1
1
1
1
1
1
1
1
0.992207570595646
1
0.988037133468461
1
1
1
0.939434774631268
1
1
1
1
1
1
1
1
1
1
1
0.978008910709331
1
1
0.918049419193936
1
0.998497109595846
0.999904852842972
1
1
1
1
1
0.998445462856057
1
0.997852800630392
1
1
1
0.993383195085781
1
1
1
1
1
0.993972004604199
1
1
0.994741196247349
0.687181763285963
1
1
1
0.999605054730142
0.999565435757293
1
1
0.994581794009869
0.969566672204884
1
1
1
1
1
1
1
1
1
0.990843730397538
1
1
0.996579048744867
1
1
1
1
1
1
1
1
0.988247682516762
1
1
1
1
1
1
1
0.95868399533289
0.609040395417187
1
1
1
1
1
1
0.957583838010273
1
1
1
1
1
0.998497109595846
0.993576763678986
1
0.914514266240934
1
1
1
1
1
1
1
1
1
0.993215692157407
1
1
1
1
1
1
1
1
0.993388937235418
1
1
1
1
1
1
1
1
1
1
1
1
1
1
1
1
0.999565245821616
1
1
1
1
1
1
0.974182580409677
0.98954639907811
0.999803322089249
1
1
1
1
1
1
1
1
1
0.999792359630154
1
1
1
1
0.99796750975495
1
1
0.900977738157039
1
1
1
1
0.995776553307488
1
0.987778507676304
1
1
1
1
1
1
1
1
1
1
0.99957661908468
1
1
1
0.997048186881601
1
1
1
1
1
1
1
1
1
1
1
1
1
1
0.99801965690171
1
1
1
1
1
0.999938191195275
1
0.996420536266678
1
1
1
1
1
1
1
1
1
0.99796750975495
1
0.964939012434457
1
1
0.969566672204884
0.999803322089249
0.998477389547758
1
0.971133322766756
1
1
1
0.997751843595703
1
1
1
1
1
0.998230187361926
1
1
1
1
1
1
1
0.962557626592884
1
1
1
1
1
1
1
1
1
1
1
0.996079896563943
0.998653465093043
1
1
1
0.99448787232922
1
1
1
1
1
1
1
1
1
1
1
1
1
1
0.821148706064208
1
1
1
1
0.997316703965434
1
1
1
1
0.998343148363599
0.997633605321714
0.914143521465983
0.996557664719814
0.985284943954179
1
1
0.9941227875282
1
1
1
0.99929498999067
0.99165954104338
1
1
0.997408237762944
1
0.999608808676389
1
1
1
1
1
1
1
1
1
1
1
1
1
1
0.994201004518171
1
0.991351608604872
1
1
0.99341389694404
0.99567008840209
1
1
1
1
1
1
1
1
1
1
0.9958762143697
1
0.994886875826432
1
1
1
1
1
0.997540615665996
1
1
1
1
1
1
1
1
1
1
1
1
1
1
1
1
1
1
1
1
1
1
1
1
1
1
1
1
1
0.997394531364349
0.999605054730142
0.993665540767264
1
0.996081992318674
1
1
0.911821359763734
0.984742288953028
1
1
0.997600318031433
1
0.99672370289801
1
1
1
1
0.999565435757293
1
1
0.998237413950468
1
1
1
1
1
1
1
1
1
1
1
1
1
1
1
0.982934374516455
1
1
1
0.984924375698184
0.866438884808708
1
1
1
1
1
0.927628869774605
1
1
1
0.999985128369912
1
0.997122633448665
1
1
1
1
1
1
1
1
1
1
1
1
0.997712194587245
1
1
1
0.987957082379631
1
0.927545599360298
0.988977371280999
1
1
0.994136222248411
1
1
1
1
1
0.995554334812232
1
0.998249042246567
1
1
1
1
1
1
1
1
1
1
1
1
1
1
1
1
1
0.999596418165662
1
1
1
1
1
0.998383090039342
1
0.98383706463739
1
1
1
1
0.999843249265576
1
1
1
0.927316253453562
1
1
1
1
1
1
1
1
1
1
1
1
1
1
1
1
1
1
0.937847843134815
1
0.997440582472485
1
1
1
1
1
1
1
1
1
1
0.998175155122354
1
0.994115142899382
1
1
0.999985128369912
1
1
1
1
1
1
1
1
1
1
1
1
1
1
1
1
1
1
1
0.995408232815615
1
1
0.995659625212274
1
1
1
1
0.993974180399095
1
1
1
0.97887570842187
1
1
1
1
1
1
1
1
1
1
0.995408232815615
1
1
1
1
1
1
1
1
1
1
1
1
1
1
1
0.998522366246235
1
1
0.998137184323921
1
0.997563360463087
1
1
1
0.998658888372281
1
1
1
1
1
1
1
0.989949231198335
1
1
1
1
1
0.999603757125725
0.998710698302138
1
0.992536284143126
1
1
1
1
1
1
1
1
1
1
1
0.997958315123012
1
1
1
0.999785355529604
1
1
0.855853986545259
1
1
1
0.993361932890896
1
1
1
1
0.998538050262325
1
0.944145105368558
1
0.999565245821616
1
1
1
1
1
1
1
1
0.995765148963169
1
0.95868399533289
1
0.999684101548127
1
1
1
1
1
0.999672012609717
1
1
1
1
1
1
1
0.89604246194999
1
1
1
1
0.994409299332343
1
1
1
1
0.998477389547758
1
1
1
1
1
1
0.980009678163421
1
1
1
1
1
1
1
1
1
0.99980366735717
1
1
1
0.998230187361926
1
1
0.997185975750774
0.99591752838943
1
1
1
1
1
1
1
1
0.993012376813538
0.999841591185796
1
1
1
1
0.998151245905476
1
1
1
0.988784192533728
1
0.982373716784733
1
1
0.99765015523059
1
1
1
1
1
1
1
0.998175155122354
1
0.979788260223885
1
0.993972004604199
1
1
1
1
1
0.995572457387409
1
1
1
1
0.974182580409677
0.998710698302138
1
0.991758574933535
1
0.998254514790498
0.994280044845616
1
1
1
1
0.999654835400084
1
1
1
0.992526940014101
0.995699654933342
0.984594160905894
1
1
0.992464712402585
1
1
1
1
1
1
1
1
1
1
0.993113293312181
1
1
1
0.998254514790498
1
1
1
1
1
0.998862698467245
1
1
1
1
0.992761088551137
1
1
1
0.998420514899136
1
0.994409299332343
1
0.996848607093913
1
1
1
1
1
1
0.999699651254209
1
1
1
1
1
1
0.731333531635447
1
1
1
1
1
1
0.998306555447126
1
1
1
1
1
1
1
0.888559500658907
1
1
1
1
0.997394531364349
0.555986760288359
1
0.999728076490083
1
1
1
1
1
1
1
1
0.99981757134181
0.987957082379631
1
1
1
1
1
1
0.997195164770236
0.994581794009869
1
0.993620007613263
1
1
1
1
0.997466333430781
0.997029675333694
1
1
1
1
0.98983736448058
1
1
1
1
1
1
1
1
1
1
1
1
1
1
0.997654261580471
1
0.999938191195275
1
1
1
1
1
1
1
1
1
1
0.99957661908468
1
1
1
0.999782729507504
1
1
0.969566672204884
0.990285375612645
1
0.991457824089101
1
0.992464712402585
1
1
0.986315012142666
1
1
1
1
1
1
1
1
1
1
1
1
1
1
1
1
1
0.991563408100679
1
1
1
1
1
1
0.99591752838943
1
1
1
1
0.995699654933342
1
1
1
0.884736538003552
1
1
1
1
1
1
1
1
1
1
0.992385289349524
1
1
1
1
1
0.997046801535869
0.994039773803615
1
1
1
1
1
1
1
1
1
1
1
1
1
1
1
1
1
1
1
1
1
1
1
1
1
1
1
1
1
1
0.99631410459822
1
1
1
1
1
0.938496370512942
1
0.99801965690171
1
1
1
1
1
0.994445679060116
1
1
1
1
1
1
1
1
0.999782729507504
1
1
1
1
1
1
1
1
1
1
1
0.998249042246567
1
1
0.987153655527254
1
0.997408237762944
1
1
1
0.994786714330942
1
1
1
1
1
1
1
1
1
1
0.99341389694404
1
1
1
1
0.998420514899136
1
1
1
1
0.900977738157039
1
1
1
1
1
1
0.99237555944378
1
1
1
1
0.993105770865113
1
1
1
0.995526493485145
1
1
1
1
1
0.991573079165347
1
1
0.995942598762679
0.995408232815615
1
1
1
1
0.991278549502808
1
1
0.997048186881601
0.973259603854292
1
1
1
1
1
1
1
1
1
0.998343148363599
1
1
1
1
1
1
1
1
1
1
1
1
1
1
0.983168050939516
1
1
0.973359629556396
1
1
1
1
1
1
0.993802315348699
1
1
1
1
1
1
1
0.944145105368558
1
1
0.996202954846506
0.997958315123012
0.988520505772684
1
1
1
1
1
1
1
1
1
1
1
1
1
1
1
1
1
1
1
1
1
0.997046899883237
1
0.973259603854292
1
1
1
0.997906447155233
1
1
1
1
1
1
0.998434931335039
1
1
0.997169703511067
1
1
1
1
1
1
1
1
1
1
0.998434931335039
1
1
1
1
1
0.99966337615696
1
1
1
1
0.991705786527268
0.999092502492894
1
0.997122633448665
1
1
1
1
1
1
0.874108373494763
1
1
1
0.995348149701472
1
0.985406156553971
1
1
1
1
1
1
0.998175155122354
1
1
0.995015442590334
1
1
1
1
1
0.814593190926891
0.99631410459822
0.996065270665691
0.99567008840209
1
1
1
1
1
1
1
1
1
1
1
1
0.996811243630172
1
1
1
1
1
1
1
1
1
1
1
1
0.986669072354164
1
1
1
1
1
1
1
1
1
1
0.99966337615696
1
1
1
1
0.995242769799429
1
0.997101983473711
1
1
0.950552805836295
1
0.995572457387409
1
0.995139025731187
1
1
0.994771211120658
1
1
1
1
1
1
1
0.998222608247063
1
1
1
1
1
0.999238603532347
0.999879154694811
1
1
1
1
1
1
1
1
1
1
0.97887570842187
1
1
1
0.997195164770236
1
1
1
0.997598597377552
1
1
1
1
1
1
1
1
1
1
1
1
1
1
1
1
1
0.999735042189965
1
1
1
1
0.99192259771763
1
1
1
1
0.999605054730142
1
1
1
1
1
1
1
1
1
0.99650884014236
1
0.998174348960122
1
0.998862698467245
1
0.99567008840209
0.993012376813538
1
1
1
1
1
1
1
1
1
1
1
1
1
0.997046899883237
1
1
1
1
0.994235851769668
1
1
1
0.994988612227601
1
1
1
1
1
1
1
0.985622919194008
1
1
1
1
1
0.999374997626974
1
1
1
1
1
1
1
1
0.98383706463739
0.993972004604199
1
1
1
0.999626812287014
1
0.993102607078843
1
1
1
1
0.96917329536831
1
1
1
0.999679728259128
1
1
0.99672370289801
1
1
1
1
1
0.992385289349524
1
1
1
1
0.990954301194049
1
1
1
1
0.98551675139171
1
1
1
1
1
1
1
0.998717601643721
0.998237413950468
1
1
1
1
1
1
0.998853976346309
1
0.997958315123012
1
0.955528259233157
1
0.995942598762679
1
1
1
1
1
1
0.991705786527268
1
0.994323604737465
1
1
1
0.997563360463087
1
1
1
0.968954038397616
0.982482313757876
1
1
1
1
1
0.997958315123012
1
1
1
1
1
0.993554657603581
1
1
0.996502381648059
1
1
1
0.985848286814264
1
1
0.999626812287014
1
0.999904852842972
0.993158325793717
1
1
1
1
0.99783212127165
1
1
1
1
1
0.992655427589756
1
0.995139025731187
1
1
1
1
1
1
1
0.997897574228697
1
1
1
1
0.993665540767264
1
1
1
1
1
1
1
0.995526493485145
1
1
0.889863291994099
1
1
1
1
1
0.996848607093913
1
1
1
1
1
1
1
1
1
1
1
1
1
1
0.888559500658907
1
0.993105770865113
0.988732674681181
0.976702837036167
0.994175401814595
1
0.942376343013876
0.999654835400084
1
1
1
1
0.993631098760623
0.99929498999067
1
1
1
1
1
1
1
0.994741196247349
1
1
1
1
1
0.999238603532347
1
1
1
1
0.992300053675653
1
1
1
1
1
1
0.997193159032054
1
1
0.98390539316825
1
1
1
1
1
1
1
1
1
1
1
1
1
0.996963398815117
1
1
1
1
1
1
0.947722086264884
1
1
1
1
1
1
0.987638827240486
0.973806408652553
1
1
1
0.859100031734142
1
0.998731800624672
1
1
1
1
1
1
1
0.989832588547163
1
1
1
1
1
1
0.923811278801987
1
0.995731891878227
1
0.99969200779463
0.992991108792866
1
0.98843324151089
1
1
0.999565435757293
1
1
0.99957661908468
1
1
1
1
1
1
0.996138240499078
1
1
1
0.999596418165662
1
1
1
0.994925405988455
1
1
1
0.999626812287014
1
1
1
1
1
1
0.994810721914057
0.999802112924775
1
1
0.996079896563943
0.992536284143126
1
1
1
1
0.999791281995408
1
0.999904852842972
1
1
1
0.976938066393407
1
1
1
0.997342152497413
1
0.998835090223638
1
1
1
1
0.99362818735722
1
1
0.944145105368558
1
0.997344102675311
0.994771211120658
1
1
1
1
1
0.903167294850852
1
1
1
1
1
0.999938191195275
1
1
1
1
1
0.998731800624672
1
1
1
1
0.999737545284267
1
1
0.99955939779482
1
1
1
1
1
0.996963398815117
1
1
0.999726005050435
1
1
0.997185975750774
1
1
1
1
1
1
0.995015442590334
1
0.997072602780563
1
1
1
1
1
0.999985128369912
0.988113769968158
1
1
1
1
1
0.996963398815117
1
1
1
1
1
1
1
1
1
1
1
1
1
0.990843730397538
0.992266499750192
1
1
1
1
0.978941598265389
0.937847843134815
1
1
0.991956659783853
0.94066396738125
1
1
1
1
1
1
1
1
1
1
1
1
0.99502933786051
1
1
0.984589311268561
0.992266499750192
1
1
1
1
0.995712483948599
1
1
1
0.958540844612438
1
0.997466333430781
1
0.999726005050435
0.997958315123012
1
1
0.989414402594586
1
1
1
1
0.920108606150603
1
1
1
1
1
1
0.971313217327256
1
1
1
0.916965183129456
1
1
1
1
1
1
1
1
1
1
1
1
1
1
1
1
1
1
1
1
1
1
1
0.997271975297171
1
1
1
0.998477389547758
1
1
1
1
1
0.997122633448665
1
1
1
1
1
1
1
1
0.987633421984383
1
1
1
1
1
1
0.99664584924967
0.99981757134181
1
1
1
0.963877370305838
1
1
1
1
1
1
1
1
0.996325990711249
0.987153655527254
0.994458603802245
0.997718204093409
0.994268562873539
0.987957082379631
1
1
1
1
1
1
1
1
0.997380641026999
1
0.986262936936467
1
1
1
0.99967574208094
1
1
1
1
1
1
1
1
0.971998934941568
1
0.998892154962468
0.977840469157737
1
1
1
0.994631265677206
0.99567008840209
0.990652940783314
0.99274705699013
1
1
1
1
1
1
1
1
1
1
0.979142445991879
1
1
1
1
1
1
0.905478020535459
1
1
1
1
1
1
0.995942598762679
1
1
1
0.989801396047907
0.997101983473711
0.99610279855236
1
1
1
0.973259603854292
0.997271975297171
0.98638994069983
1
0.999679728259128
1
1
0.996230305420024
1
1
0.99664584924967
1
1
1
1
1
1
0.997023834432683
1
0.99966337615696
1
1
1
1
1
0.988007929021321
1
1
0.756943230142653
0.996285278810854
1
1
1
1
1
0.997917553518432
1
1
1
0.998230187361926
1
1
1
1
0.978941598265389
1
0.997394531364349
0.99334617917369
0.993720934458031
1
1
1
1
1
1
1
1
1
0.99567008840209
1
1
1
0.999636844338048
0.997600318031433
1
1
1
1
1
1
1
1
1
0.995218989412339
1
1
0.978008910709331
1
0.991723443988401
1
0.903167294850852
0.997466333430781
0.999626812287014
1
1
1
1
1
1
1
1
1
1
0.998862698467245
0.994470184302908
1
1
0.993105770865113
1
0.992991108792866
1
1
0.98551675139171
1
1
1
1
1
0.756943230142653
1
0.999710222548924
1
1
1
1
1
1
1
1
1
1
1
1
0.993158325793717
1
1
1
1
1
1
1
1
1
1
1
1
0.900977738157039
1
1
1
0.947684779700527
1
1
1
1
1
1
0.929131163158277
1
0.998306555447126
1
0.99610279855236
1
1
1
1
1
1
1
1
1
1
1
0.998254514790498
1
0.999629222302154
1
1
1
0.99459013486004
1
1
1
0.695230794368512
1
1
1
1
1
1
1
1
1
1
1
0.722606313607177
1
1
1
1
1
1
1
0.988977371280999
1
1
1
1
1
1
1
1
1
1
0.994771211120658
1
1
1
1
1
1
1
1
1
1
1
0.998477389547758
1
1
1
0.974790523126402
1
1
1
1
1
1
1
1
1
1
1
1
0.99663702712584
1
1
1
1
1
1
0.971826610230296
1
1
0.99845515425395
1
1
1
1
1
1
0.957583838010273
1
1
1
1
1
1
1
1
1
1
1
1
1
0.995348149701472
1
1
1
0.993631098760623
1
1
1
0.995218989412339
1
1
1
1
1
1
1
1
1
1
1
1
1
1
1
1
1
0.993321489180468
1
1
1
1
0.984541830954395
1
1
1
1
0.999629222302154
1
1
1
1
1
1
1
0.999641432673845
1
1
1
0.996811243630172
0.999608808676389
1
1
1
1
1
1
1
1
1
1
1
1
1
1
1
1
1
1
1
1
1
0.999890253711457
1
1
1
1
1
0.994323604737465
0.830118182981233
0.95363676765903
1
1
1
1
1
1
1
1
1
1
1
1
0.918049419193936
1
1
1
1
1
1
1
1
0.989220695853667
1
1
1
1
1
0.994631265677206
1
1
1
1
1
1
0.998137184323921
1
0.939541435561809
1
1
1
1
1
1
0.997600318031433
0.999710222548924
1
1
0.979919081385889
1
1
1
1
0.999374997626974
1
1
1
1
1
1
0.997600318031433
0.985622919194008
0.994115142899382
1
0.998658888372281
0.99929498999067
1
1
0.994741196247349
1
1
0.997852800630392
1
1
1
0.999970933631427
1
1
1
0.99934018982062
1
1
1
1
1
1
0.988873090860626
1
1
0.992917707825978
1
0.990826768617968
0.997598597377552
1
1
1
1
1
0.997475724331614
1
1
1
1
1
1
1
1
1
1
1
1
1
0.997906447155233
1
1
1
0.993835789263661
1
1
1
1
1
0.990891000891916
1
1
1
1
1
0.991240365183865
0.994581794009869
1
0.9958762143697
1
1
1
0.990433563744876
1
1
1
1
1
1
1
1
1
1
0.958295021469041
1
1
1
1
1
1
0.998677343790515
1
1
1
1
0.995287796314059
1
1
1
1
1
1
1
1
1
0.978008910709331
1
1
1
1
1
1
1
1
1
1
1
1
1
1
1
1
1
0.935419594304236
1
0.995218989412339
1
1
0.992925502025374
1
1
0.993291810078875
1
1
1
1
1
1
1
1
1
1
1
1
1
1
1
1
0.653464747506957
1
1
1
1
1
1
1
1
1
1
1
0.886400508027041
1
0.99280893418751
1
1
1
1
0.991559492539331
0.999596243104266
1
1
0.995638259772495
0.989625517695166
0.84247040382005
1
0.987153655527254
1
1
0.994458603802245
0.995912751601643
1
0.980663428726616
0.997046899883237
1
0.999841591185796
0.999200046450307
1
1
0.994266884805018
1
0.994235851769668
1
1
1
0.99944506380666
1
0.99459013486004
1
