x
0.99964753404292
1
1
1
1
1
1
1
1
1
0.996567043951194
1
1
1
1
1
0.996621508164409
1
1
1
1
1
1
1
1
1
0.965031910552372
1
1
1
0.992007557606799
1
0.999840097094575
0.99316643083212
1
0.999515155194034
1
0.998065897038569
1
0.992758533754941
1
1
0.996190256559115
1
1
1
1
0.892540086159065
1
1
1
0.968912812532641
1
1
1
1
0.996480185920586
0.999577741176555
1
1
1
0.995714052921728
1
1
1
0.925537336695295
1
0.987806877568953
1
1
1
0.999843244275089
0.992933263409229
0.99694387164016
1
1
1
1
1
0.988513562957748
1
1
1
0.974955093811954
1
1
1
1
1
1
1
1
1
0.998878563408545
0.999864048959493
1
0.998481984169476
1
0.936946305628189
1
1
0.997264506773061
1
1
1
1
1
1
1
1
1
1
1
1
1
1
1
1
0.989708502081721
1
0.999030048976256
1
1
0.999945634939102
1
1
1
0.951026995855978
1
0.960040312554299
1
1
1
1
1
1
0.963094691726407
0.998935529523883
1
1
1
1
0.997160163897435
0.996650695310486
0.999766169429665
1
1
0.990199720140899
1
0.996847779414765
1
1
1
0.999643171898624
1
0.998711523860868
1
1
1
1
1
1
1
1
1
1
1
0.993700332982277
0.998501012742299
1
1
1
1
1
1
0.990323347077743
1
1
0.996860317654914
1
1
1
0.998269390493679
1
1
1
1
1
1
1
1
0.990323347077743
1
0.997584998859637
1
1
1
1
1
1
0.937204961491652
1
1
1
0.992007557606799
1
0.999897768054114
1
1
1
1
1
1
1
1
1
0.998594506244058
0.979441767471367
1
1
1
1
1
1
1
1
1
1
1
1
1
0.996064452033874
1
0.991573886645117
0.998477962342167
1
0.98676940692331
1
1
1
1
1
1
1
1
1
0.976958629072602
1
1
1
1
1
1
0.984794255690265
1
1
1
1
1
1
0.941845816689714
1
1
1
0.998511193639223
0.995487113960185
0.991499423057315
1
1
1
1
1
1
0.996994572435577
0.965031910552372
1
1
1
0.999801905662549
0.997009246185681
1
1
1
1
1
1
0.999726324143285
1
1
1
1
1
1
1
1
0.999924079301643
1
1
1
1
1
1
0.965968064043588
1
1
0.998999507900159
1
1
1
1
1
1
1
1
1
1
1
1
1
0.996038369096507
1
0.99491520552822
1
1
0.997214805795825
1
0.999134208226104
1
1
1
1
1
0.999030048976256
1
1
1
1
1
1
1
0.99853623546274
1
1
1
0.998993302638422
1
1
1
1
1
1
1
1
1
0.997431803753154
1
1
1
1
1
0.987504932685964
1
1
1
0.996027386760105
1
1
1
1
1
0.991416348668007
1
0.999253323315951
0.99491520552822
1
1
1
1
1
1
1
0.927161590214021
0.992809271895227
1
1
1
1
1
1
1
1
0.997793778642186
1
1
1
1
1
1
1
1
1
1
0.961733188874983
1
1
1
0.861512563289823
1
1
0.969415825340366
1
1
0.998279109642379
1
1
1
1
1
1
1
1
1
1
1
1
1
1
1
0.999253323315951
1
1
1
0.999910737520088
1
1
0.981624335715991
1
1
0.999609691709979
1
1
1
0.99259616164157
1
1
1
1
1
1
1
0.984855300107759
1
1
1
1
1
1
1
0.998847901246061
1
1
1
1
1
0.937768425700797
1
0.9852852438137
0.937204961491652
1
1
1
1
1
1
0.995316283282375
1
1
1
1
1
0.999134208226104
1
0.995316283282375
0.999601945846885
1
1
1
1
0.994416063304753
1
0.965721145582828
1
1
1
0.994753944557318
1
1
1
1
1
0.987256878029937
1
0.997567929824049
1
1
1
1
1
0.999119745703434
1
1
1
0.991742876885783
1
0.96241789497288
1
1
1
1
1
1
0.999628546639273
1
1
1
1
1
1
1
1
1
1
1
1
1
0.999630020898915
0.999766169429665
1
1
1
1
1
1
1
0.98496543871928
1
1
1
1
1
1
1
1
1
1
1
0.996567043951194
1
0.998594703605972
1
1
1
1
1
1
0.999203451212113
1
0.99579145958237
0.999864048959493
1
0.999630020898915
1
1
1
1
1
1
0.896028340532996
1
1
1
1
1
0.998446040884267
1
1
0.979176889533724
1
1
1
1
1
0.990931758164105
1
1
1
1
1
1
1
0.922735843805946
1
1
1
1
1
1
1
1
1
1
1
0.992678372070062
1
1
1
0.998589099157756
1
1
1
1
1
1
1
0.96020972283867
1
1
1
0.99694387164016
1
1
0.967620486134957
1
1
1
1
1
0.996480185920586
1
1
1
1
1
0.998878563408545
1
1
1
1
0.999924079301643
1
1
1
1
1
0.980388751937729
1
1
0.998753542483545
0.971410238270414
0.981825520182109
1
1
1
1
0.997214805795825
0.996729506435294
1
1
1
1
1
0.996673475696451
1
1
0.944659479031433
1
1
1
1
1
0.998753542483545
0.981201068577527
1
1
1
1
0.998477962342167
1
1
1
1
1
1
1
1
1
1
0.996860317654914
0.988210729753729
1
0.98369183866548
1
0.994480798439089
1
1
0.999165008357811
0.968912812532641
1
1
1
1
1
1
1
1
1
1
1
1
1
1
1
1
1
1
0.967776393188259
0.999425448286112
0.992007557606799
1
0.999165008357811
1
1
1
0.994416063304753
0.999778094628487
1
1
0.999607236181096
0.997214805795825
0.969956916900508
1
1
1
1
1
0.994821141537258
0.987222821841514
0.988151342313949
1
0.99762139722146
1
0.999757048304391
1
1
0.998269390493679
1
0.997832894854636
1
1
0.999992867778349
0.987806877568953
0.980078134174668
1
0.980732932353786
1
1
1
1
1
1
0.983285469400926
0.99694387164016
0.993803454837348
1
1
1
1
1
1
1
1
1
1
1
1
0.999801905662549
1
0.991861525001547
0.987090413773619
1
1
1
1
1
0.998481984169476
1
1
1
1
1
1
1
0.994041227587049
1
0.989222775032544
1
1
0.995110544953842
1
1
1
1
0.997264506773061
0.996860317654914
1
0.996621508164409
1
1
1
0.998711523860868
1
0.999630020898915
1
1
1
0.98771611585821
1
0.999678833692905
1
1
1
1
0.999247813668423
1
1
0.999192191609571
1
1
1
1
1
1
0.997763423667717
0.986548548879124
1
1
0.996650695310486
1
1
0.956703158444679
0.999600371766576
1
0.993660604575274
1
0.965958954573971
1
1
1
1
1
1
0.996599116975591
1
1
0.999643171898624
1
1
1
0.999134208226104
1
1
1
1
1
1
1
0.995946840664008
1
1
0.999134208226104
1
0.999599313960272
1
1
0.998594506244058
1
0.998674125046441
1
1
1
1
1
1
1
1
1
1
1
1
0.990621789632855
1
1
0.996673475696451
1
1
1
1
0.998674125046441
1
1
1
1
0.997264506773061
1
1
1
1
1
1
1
1
1
1
0.996622661671937
0.961672401830175
1
1
0.998589099157756
1
1
0.99906292100929
1
1
0.999134208226104
0.981060712285603
0.958378910414493
1
1
1
1
1
1
1
1
1
1
0.998589099157756
0.979254154485492
1
1
1
1
0.98911925042043
1
0.986665483200588
1
1
0.996480185920586
0.99977346557968
1
1
1
1
1
0.998487968857888
1
1
1
1
1
1
0.989544597090947
1
1
1
1
1
1
1
1
1
0.991061286685123
1
1
1
1
1
1
0.99528297395225
1
1
1
1
1
1
1
1
1
0.996860317654914
1
1
1
0.99257519595126
1
1
0.979931806005856
1
1
1
0.977182077208999
0.999618558314601
1
0.995082730417382
1
1
1
1
1
0.999929331639243
0.990323347077743
1
1
1
1
1
1
1
1
0.998888916221029
1
0.994416063304753
1
1
1
1
0.999887471664304
0.999387929646568
1
1
1
1
0.999897768054114
1
1
1
1
1
1
1
1
0.989159632517348
1
1
1
0.999608054487757
1
0.996971239217349
0.99579145958237
1
1
0.986458833004613
1
1
0.996753504841065
1
1
1
1
1
1
1
1
1
1
1
1
1
0.989708502081721
1
0.916815457124744
1
1
1
1
1
1
0.969415825340366
0.999437762928674
1
1
1
1
0.998594506244058
1
0.998594506244058
1
1
1
0.995110544953842
1
1
1
1
1
1
1
1
1
1
1
1
1
1
0.887941582128814
0.999605376661459
1
1
1
1
1
1
1
1
1
1
1
1
0.997264506773061
1
0.974428281458901
0.999628546639273
0.993139062785525
1
1
1
1
1
1
1
1
1
0.992933263409229
1
1
1
1
1
1
1
1
1
1
0.980438553627853
1
0.997189532838086
1
1
1
1
1
1
1
1
1
1
1
1
0.999140177206345
1
1
0.999897768054114
1
0.998920583158692
1
1
1
1
1
1
0.996729506435294
1
1
0.996673475696451
1
1
1
1
1
1
1
1
1
1
1
1
1
1
1
1
1
1
0.992678372070062
1
0.967649695864571
1
1
1
1
0.999864048959493
0.979260207173492
1
1
1
1
1
1
1
1
0.997044467462304
1
1
1
1
0.983945160607824
0.973252611234684
0.994673036344657
1
0.999734898511565
0.995522132365138
1
1
1
1
1
1
1
1
1
1
1
1
1
1
1
0.998092621574456
1
1
1
1
1
1
1
1
1
1
1
1
1
1
1
1
1
1
1
0.998850820664286
1
1
1
1
1
1
1
1
1
1
1
1
1
0.998501012742299
1
0.908206884842271
1
1
1
0.990343017224903
1
1
1
1
1
1
1
0.999915389922452
1
1
1
1
1
1
0.990678254336389
1
1
1
1
1
1
1
1
1
1
1
1
1
1
1
1
0.965182468367633
1
1
1
1
1
0.999825313804253
0.998864082414626
1
0.955719930784298
1
1
1
0.998319951837205
0.999929331639243
1
0.995522132365138
1
1
1
1
1
1
1
1
1
1
1
1
0.992708792103395
1
1
1
1
0.998443311086796
1
1
1
1
1
1
1
1
1
0.970446017459314
1
0.995110544953842
0.999954208171392
1
1
1
1
1
1
1
1
0.996797895631995
1
1
1
1
1
1
1
1
1
1
0.999483891162527
1
1
1
1
1
1
1
1
0.957326531893418
0.999999662906625
0.99964753404292
0.999030048976256
1
1
1
0.915648767969263
1
1
1
0.990173588140698
0.999993633265372
1
1
1
1
1
1
1
0.99528297395225
1
1
1
1
1
1
1
1
1
0.996480185920586
1
1
0.984476733379375
1
1
1
1
0.999140177206345
1
1
1
1
1
1
1
1
1
1
1
1
1
0.987504932685964
1
0.999992173222346
1
1
1
1
1
0.975281357560131
1
0.99579145958237
1
1
0.998269390493679
1
1
1
1
1
1
1
1
1
0.955537443358873
0.992708792103395
1
1
0.982369178489704
1
0.999954208171392
1
1
0.992989618623031
1
0.99999052749215
0.988773511596772
1
1
1
1
1
1
1
1
0.990343017224903
1
1
1
1
1
0.998743948919765
1
1
1
1
0.999993633265372
1
0.99875318058032
0.992678372070062
0.989159632517348
0.996599116975591
1
1
0.870407385083722
0.992933263409229
1
1
1
1
1
0.93874887798423
0.982364797550407
1
0.999778094628487
0.994714456915073
0.999030048976256
1
1
1
1
1
1
1
1
0.996064452033874
1
0.998319951837205
1
1
1
1
1
1
1
1
1
1
1
1
1
0.987783307397981
1
0.98358266609365
1
0.988210729753729
0.996682072696988
1
1
0.999897768054114
1
1
0.998080004961468
1
1
1
1
0.991959781803614
1
0.99660585025664
1
1
1
1
1
1
1
0.999936946890753
1
0.998501012742299
1
1
0.998711523860868
1
0.99579145958237
0.999974066382943
1
1
1
1
1
1
1
1
1
1
1
1
1
1
1
1
1
0.973813711985494
1
1
1
1
1
0.993126143618834
0.973606412342896
0.968129549841826
1
0.991067296153984
1
0.996098451415896
0.99257519595126
0.999643171898624
1
0.999910737520088
1
1
1
0.999998481396148
0.998477962342167
1
1
0.998511193639223
1
1
1
1
1
1
0.99843272664512
1
0.991048179756769
1
1
1
1
0.999917486515797
0.996622661671937
1
1
1
0.992297363980965
1
1
1
1
0.997129267652293
1
1
1
0.992297363980965
1
0.99418467132684
1
0.999836702346448
1
1
1
1
1
1
0.984207954437679
0.999992867778349
1
0.996971239217349
0.999607236181096
1
1
0.988513562957748
0.999793575035997
1
1
1
1
1
0.961961220033919
1
0.999370626991204
0.987504172021203
0.995495566902136
1
0.997832894854636
1
1
1
1
1
1
0.996038369096507
1
1
1
1
1
1
1
1
0.999906004054341
1
1
1
0.996755570507908
1
1
1
1
0.999348809219556
1
0.979260207173492
1
1
1
1
0.998501012742299
1
1
1
1
1
1
0.997462811880598
1
1
1
1
1
1
0.99762139722146
1
0.998594703605972
1
1
1
1
1
1
1
1
0.989708502081721
1
0.999605376661459
0.990389483283883
0.999380376366993
0.997642471200116
1
1
1
1
1
0.999247813668423
1
1
1
0.995487113960185
0.998993302638422
1
0.998594703605972
1
0.990621789632855
1
0.996729506435294
0.998878563408545
1
1
0.973813711985494
1
1
1
1
1
1
0.999601945846885
1
1
1
1
1
0.874510249720544
1
1
1
1
1
1
0.993920425037472
1
1
1
1
1
0.993803454837348
0.99866127753316
1
1
0.994708160670648
1
1
1
0.989544597090947
0.992708792103395
1
1
1
1
1
1
1
0.986705734386617
1
1
1
0.999675544595513
1
1
1
1
1
1
1
1
1
1
1
1
1
1
0.998776090574849
1
1
0.998935529523883
0.999936946890753
1
1
1
1
1
1
1
1
1
1
0.996650695310486
1
1
1
1
1
1
1
1
0.998589099157756
1
0.99440691574728
1
0.971590913864161
1
1
1
1
1
1
1
0.999711294285802
1
0.995662331013268
0.892540086159065
1
1
1
1
1
0.998850820664286
1
1
1
1
1
1
0.961276089088736
1
0.957026733082262
1
1
0.996190256559115
1
1
1
1
1
1
1
1
1
1
1
1
0.999279234910528
0.990199720140899
0.997201855154296
0.996622661671937
1
0.981825520182109
1
1
1
1
1
0.97415897063149
1
1
0.989708502081721
1
0.92145175895986
0.999836702346448
1
0.999801905662549
1
1
1
1
1
0.991363784052148
0.96773414550557
1
0.995082730417382
0.994687153707373
0.958378910414493
1
1
1
1
0.992475861736004
0.980078134174668
1
1
1
0.997477086731803
1
1
0.992809271895227
1
1
0.981201068577527
1
1
1
0.987587682812944
1
0.996650695310486
1
1
0.992989618623031
1
1
1
0.997201855154296
1
0.999851339301503
0.993241615001363
1
1
1
1
1
1
1
1
1
0.998080004961468
1
1
1
1
0.992066366013587
1
1
1
1
1
0.996038369096507
1
1
0.996218211718272
1
1
1
1
0.995487113960185
1
1
0.999628546639273
1
0.99964753404292
0.999996339754758
1
1
0.996480185920586
1
1
1
1
1
1
1
1
1
1
1
1
1
1
1
1
0.996048852432635
0.937768425700797
1
0.994480798439089
1
1
1
1
1
1
1
0.999932706321993
1
0.99487756434379
1
1
0.98369183866548
0.998888916221029
0.986665483200588
1
0.999244097804564
1
1
1
1
0.998743948919765
1
1
1
1
0.994734384541962
1
0.999974066382943
1
1
0.995714052921728
1
1
0.996038369096507
0.99964753404292
1
1
1
1
1
1
1
0.996797895631995
1
0.994821141537258
1
1
1
1
1
0.999599313960272
1
1
1
1
1
0.996516118758784
1
1
0.927578609309244
1
0.997119933848148
1
0.999605376661459
1
1
0.974616737097574
0.992880869758053
0.99762139722146
1
1
1
1
1
0.999823561688875
1
1
1
1
0.995825737889274
1
1
1
0.999675544595513
1
1
1
1
0.991416348668007
0.999370626991204
1
1
1
1
1
0.943106252162077
0.995152206547753
1
1
1
1
1
1
1
1
1
1
1
1
1
1
1
1
1
1
1
1
1
1
1
1
0.99528297395225
1
1
1
1
0.996342635400009
1
1
0.96490460149387
0.996797895631995
1
1
1
1
1
1
0.994734384541962
1
1
1
1
1
1
1
1
1
1
1
1
1
1
1
0.998443311086796
1
1
1
1
0.979176889533724
0.995313263293561
1
1
1
0.975792536931884
1
1
0.999997375174146
1
1
0.999600371766576
1
0.985580035894186
0.989159632517348
1
0.992088664756234
1
1
1
1
1
1
1
1
1
1
1
1
1
1
1
1
1
1
1
1
1
0.999991550827094
1
1
1
1
1
0.980666637759685
0.977182077208999
1
0.960101166104717
1
1
1
0.969456592829087
1
1
1
1
1
1
0.994821141537258
1
1
1
1
0.967767014156386
1
1
1
1
1
1
1
1
1
1
1
1
0.999945245490006
1
1
1
0.999994468287967
1
1
0.995976609141829
1
1
1
1
1
0.988513562957748
1
1
0.999614641242589
1
1
0.991573886645117
1
1
1
1
0.974148158733795
1
1
0.99853623546274
1
1
1
1
1
1
1
1
1
1
1
1
1
1
1
1
1
0.997369516605121
0.999643171898624
1
1
1
1
1
1
1
1
1
0.996729506435294
1
1
1
1
0.998546961439673
0.996860317654914
1
1
0.975818743502746
0.998279109642379
1
1
1
1
1
1
1
1
1
1
1
0.999851339301503
0.999924079301643
0.99257519595126
1
1
1
1
1
1
1
1
1
1
1
0.996847779414765
1
1
1
1
1
1
0.999045038449571
1
1
0.992880869758053
1
0.990771956249248
1
0.942949028978435
0.992989618623031
1
0.999992173222346
0.996345525025133
1
1
1
1
1
1
0.997264506773061
1
1
1
1
1
1
1
1
1
0.997214805795825
0.999996339754758
0.999823561688875
1
1
1
1
0.999998481396148
1
0.996682072696988
0.996621508164409
1
1
1
1
1
1
1
1
1
0.947280520736123
1
0.950079119807065
1
1
1
1
1
1
0.985390111373292
1
0.992066366013587
1
1
1
1
1
1
1
0.997763423667717
1
1
0.99866127753316
1
1
1
1
1
1
1
1
0.995714052921728
1
0.998850820664286
1
1
1
1
1
1
0.99875318058032
1
1
1
1
1
0.992678372070062
1
0.965416359968899
1
1
1
1
1
0.996621508164409
0.925266795181013
0.999483891162527
1
1
0.998594506244058
0.994708160670648
1
1
1
1
1
0.993725078106753
1
0.999998481396148
1
1
1
1
1
1
1
1
1
1
0.998594703605972
1
1
1
1
1
0.994708160670648
0.998864082414626
1
1
0.993491459183566
1
1
0.975694281683803
1
1
1
1
1
1
1
1
1
1
1
1
1
1
1
1
1
1
1
1
1
0.999992173222346
0.996608116512788
0.997431803753154
0.999030048976256
1
1
1
0.985340196888966
1
0.998594703605972
1
1
1
1
1
1
1
1
1
1
1
0.997462811880598
1
1
1
1
1
1
1
0.992758533754941
1
1
1
0.996190256559115
1
1
1
1
1
1
1
1
1
1
1
1
1
1
0.997381006487623
1
1
1
1
0.990621789632855
1
0.999816679612484
1
1
1
1
1
1
1
1
0.992692915282168
1
1
1
1
1
1
1
1
1
0.984855300107759
1
0.996098451415896
1
1
1
1
1
1
0.999607236181096
1
1
1
1
1
1
1
1
0.999929331639243
1
1
1
1
1
0.999903857289255
1
1
1
1
1
0.994480798439089
0.993139062785525
1
1
0.99999052749215
1
1
1
1
1
1
0.998260996555773
0.976469445700655
1
1
1
1
1
0.999643171898624
1
1
1
0.946965186334959
1
1
1
1
1
1
0.991814413122135
1
1
0.983626546818873
1
1
0.999771701193046
1
1
1
1
0.987307552504259
1
1
1
1
1
0.988163333030565
0.983834124496993
1
1
1
1
1
0.980428821539276
1
1
1
0.999999662906625
0.994041227587049
1
1
1
1
1
0.978613046269486
0.987417987641864
1
1
1
1
1
1
1
1
1
1
1
1
0.966543593718529
1
1
1
1
1
1
1
1
1
1
1
1
1
0.985464879424485
0.981825520182109
1
1
1
1
1
1
1
1
1
1
1
1
1
1
1
1
1
1
1
1
1
1
1
1
0.998501012742299
1
1
0.991363784052148
0.999836702346448
1
1
0.993740210204682
1
0.996038369096507
1
1
1
1
1
1
1
1
1
0.999811950965727
1
1
0.984794255690265
1
1
1
1
1
1
0.999675544595513
1
1
1
0.999671712645065
1
1
1
1
1
1
1
0.996048852432635
1
1
1
1
1
1
1
1
1
1
1
1
0.989914020670967
0.996729506435294
1
1
1
1
0.987851350951156
1
0.996048852432635
1
0.992809271895227
0.996621508164409
1
1
1
1
1
1
1
0.999607236181096
0.999954183244847
1
1
1
1
1
0.990343017224903
1
1
1
1
0.998711523860868
1
1
1
0.998252059332295
0.970446017459314
0.926615570748476
1
1
1
1
1
0.994821141537258
1
1
0.990323347077743
1
1
1
1
1
0.995313263293561
0.999577741176555
1
0.989159632517348
1
1
1
1
0.999609691709979
0.96020972283867
1
1
0.980297759802801
1
1
0.987152401600398
1
1
1
0.997431803753154
0.999897768054114
1
1
1
1
1
1
1
1
1
1
1
1
1
1
0.995316283282375
1
1
1
1
1
0.99440691574728
1
1
1
0.997119933848148
0.999253323315951
0.998674125046441
1
1
0.999836702346448
1
1
0.998594506244058
1
1
0.999811950965727
1
1
1
0.867610798334337
1
1
0.999370626991204
1
1
1
1
1
1
1
1
1
1
1
1
1
1
1
1
1
0.991573886645117
1
1
1
1
1
1
1
1
1
1
1
1
1
0.987222821841514
1
1
0.996124987724876
1
1
0.989914020670967
1
1
1
1
1
0.97415897063149
1
0.996650695310486
0.999734898511565
1
1
1
1
0.983895011770662
0.967906440942007
0.971396843296066
1
1
1
1
1
0.996729506435294
0.99316643083212
1
0.991667935280389
1
1
1
1
0.986705734386617
1
1
1
0.890468417227549
1
1
1
0.988163333030565
0.986981165646143
1
1
0.999645183919605
1
1
1
1
1
1
0.990389483283883
1
1
1
0.990389483283883
1
1
1
1
1
1
1
1
1
1
1
1
1
0.999600371766576
0.994664159575108
1
0.998660751911448
1
1
1
1
1
0.996755570507908
1
0.993491459183566
0.998095046399081
1
0.999617462558612
1
0.998065897038569
1
1
1
1
1
1
0.95332145541814
1
1
1
1
1
0.991061286685123
1
1
0.999577741176555
1
1
0.998501012742299
0.991363784052148
0.989183632799688
1
1
1
1
1
1
1
1
1
1
0.971396843296066
0.992708792103395
0.994821141537258
1
1
1
0.973918916326942
1
1
1
1
0.992539285307738
1
1
1
1
1
1
0.999910737520088
0.999030048976256
1
1
1
1
1
1
1
1
0.986061308708852
1
1
1
1
1
0.990389483283883
1
1
1
1
1
1
1
1
1
1
1
1
1
1
0.994416063304753
1
1
0.999773556161412
1
1
1
1
1
1
1
0.987090413773619
1
1
1
1
1
1
1
1
1
1
1
1
1
1
1
0.99999052749215
1
1
1
1
1
1
1
1
1
0.998594506244058
1
1
1
1
1
1
1
1
0.972128100027819
1
0.996860317654914
1
1
0.99487756434379
1
0.941845816689714
1
1
1
1
1
1
1
1
0.992809271895227
1
0.992758533754941
1
0.997009246185681
1
1
1
1
1
1
1
1
1
0.999906004054341
0.999993633265372
0.994753944557318
0.922735843805946
1
1
0.959616947575798
1
1
1
1
1
1
1
1
1
1
1
0.995316283282375
1
1
1
1
1
0.998799065179604
0.991067296153984
1
1
1
1
0.999618558314601
0.99259616164157
1
1
1
1
0.961061747749137
1
0.999801905662549
1
1
1
0.98676940692331
0.986061308708852
1
1
1
1
0.922735843805946
1
1
1
1
0.999203451212113
1
1
0.980350438711717
0.990389483283883
1
1
1
1
1
1
1
1
1
1
0.999903857289255
1
1
1
1
1
1
0.999466174660402
0.999134208226104
1
0.999382825219964
1
1
1
1
1
1
1
1
0.99875318058032
1
1
1
1
0.897066858927513
1
1
1
0.979260207173492
1
0.999675544595513
1
1
0.994734384541962
1
1
1
1
1
1
0.998477962342167
0.993725078106753
1
1
1
1
1
1
1
1
1
1
1
1
1
1
1
1
1
1
1
1
1
1
0.995082730417382
1
0.998753542483545
1
0.999147058260118
1
0.999726324143285
1
0.997214805795825
1
1
1
1
1
1
0.956703158444679
1
1
0.999867437864079
1
0.974428281458901
1
1
1
1
1
1
1
1
1
1
1
1
0.996599116975591
0.996755570507908
1
1
1
1
1
0.994821141537258
0.995313263293561
1
1
1
0.992088664756234
1
1
1
1
1
1
1
1
1
1
1
1
1
0.975181261045103
1
1
0.999608054487757
1
1
0.999609691709979
1
1
1
0.999600371766576
1
1
0.991687994806762
1
1
1
1
1
1
1
1
1
1
1
1
0.998594703605972
0.940473746750177
0.999380376366993
1
1
1
1
1
1
1
0.990238604271793
1
0.961961220033919
1
1
1
0.975634715713006
1
1
1
1
1
1
1
0.998776090574849
1
1
1
1
1
1
0.998319951837205
0.98369183866548
0.997009246185681
0.999963812651358
1
1
1
1
1
1
1
1
1
1
1
1
1
1
0.998491786071475
1
1
0.997264506773061
1
1
1
1
0.999899452928459
1
1
0.975281357560131
1
1
1
0.983945160607824
0.989708502081721
1
1
0.996064452033874
1
1
1
0.993226051785101
1
1
1
0.975019792273506
1
0.998226457127497
1
1
0.997431803753154
1
1
1
1
0.994821141537258
0.909498344459478
1
1
1
0.999793575035997
1
1
1
1
1
1
0.99316643083212
1
1
1
0.979254154485492
0.996860317654914
1
1
1
1
1
1
0.999609691709979
1
0.967620486134957
1
1
0.995976609141829
1
1
1
1
1
1
1
1
1
1
1
1
0.998594703605972
1
1
1
1
0.998501012742299
1
0.992880869758053
1
1
1
0.998511193639223
1
1
0.981526972814798
1
1
1
1
1
1
0.999974066382943
0.999773556161412
0.996218211718272
1
1
1
1
1
0.993241615001363
0.999524906509784
1
1
1
1
1
1
0.998847901246061
1
1
1
1
1
1
1
1
1
1
1
1
0.999682108009591
1
1
1
1
1
1
1
1
1
1
0.990389483283883
1
1
0.99259616164157
1
1
0.999599313960272
1
1
1
1
0.997799783373665
1
0.985034932130863
0.999502369532259
1
0.990931758164105
1
1
1
1
1
1
1
1
1
1
1
1
1
1
1
0.987222821841514
1
0.998888916221029
1
1
1
1
1
0.989549708103608
1
1
1
1
0.998674125046441
1
1
1
1
1
0.999956643569932
1
0.996682072696988
1
1
1
0.997567929824049
0.996971239217349
1
1
0.988151342313949
0.98911925042043
1
0.986494892792292
1
1
0.994734384541962
1
1
1
1
1
1
0.984207954437679
1
1
1
1
1
1
0.997944495532833
1
1
0.999692135953715
1
1
1
0.982369178489704
0.999302509290343
1
1
1
1
1
1
1
1
0.999524906509784
1
0.984885170919977
0.973606412342896
1
1
1
1
1
1
1
0.992297363980965
0.999711294285802
1
1
1
1
1
1
1
1
1
1
1
0.997119933848148
0.934184526362527
1
1
1
1
1
1
1
1
0.994673036344657
1
1
1
0.999864048959493
0.996207935075124
1
1
1
1
0.979176889533724
1
1
1
1
1
1
1
1
1
1
0.999994468287967
0.999700893157084
1
1
1
0.991959781803614
0.988210729753729
1
1
1
0.99491520552822
1
0.996621508164409
1
1
1
1
1
1
1
0.993725078106753
1
1
1
1
0.99660585025664
1
1
1
0.983834124496993
1
1
1
1
0.984207954437679
1
1
1
1
1
1
1
0.999864048959493
1
1
1
1
1
1
1
1
1
0.998546961439673
1
1
0.997751716398482
1
1
1
1
1
1
1
1
0.997264506773061
0.953745968480549
1
1
1
1
1
1
1
1
1
1
1
1
1
1
1
1
0.977748564514259
1
0.999793575035997
0.986756740866871
1
1
1
1
1
1
1
0.968678022293766
1
1
1
0.991710053434836
1
1
1
0.992645058082517
1
1
1
1
1
1
1
1
1
0.952040328747376
1
1
1
1
1
0.991861525001547
1
1
0.999993633265372
1
1
1
1
1
1
0.998023016842601
1
1
0.993514808069307
1
1
1
1
1
1
1
1
1
1
1
1
1
1
1
1
1
1
1
1
1
1
1
1
1
1
0.998965095968442
1
1
1
0.999992867778349
1
0.99232808325402
1
0.99232808325402
1
1
0.995316283282375
1
1
1
1
1
1
1
1
1
0.992778092310165
1
1
1
1
1
1
0.999630020898915
0.994480798439089
0.993226051785101
1
1
1
1
1
1
1
0.999897768054114
1
0.999645183919605
0.999247813668423
1
1
1
1
1
1
1
1
1
1
1
0.999968595553546
1
1
1
1
1
1
0.995841233107593
1
1
1
1
1
1
1
1
0.990552133443749
1
1
1
1
1
1
1
1
1
1
1
1
1
1
1
0.999995371123701
0.986458833004613
1
0.979176889533724
0.981526972814798
1
1
1
1
0.999811950965727
0.998260996555773
0.998589099157756
1
1
1
1
0.998888916221029
1
1
1
1
1
0.973265813180419
1
1
1
1
0.99316643083212
0.992007557606799
0.984794255690265
0.997214805795825
1
1
1
1
0.999778094628487
0.999983615886594
1
1
1
1
0.998847901246061
0.994664159575108
1
1
1
0.998546961439673
0.994687153707373
1
0.995714052921728
1
1
1
1
0.99853623546274
1
0.999915389922452
1
1
0.996994572435577
1
1
1
1
1
1
1
1
1
1
1
1
1
0.979260207173492
0.995638596113738
0.979931806005856
1
1
1
0.991687994806762
1
1
1
1
1
1
1
0.999279234910528
0.996753504841065
0.999675544595513
1
0.960651543088962
1
1
1
1
0.913746495027414
1
1
0.995082730417382
1
1
1
1
1
0.995082730417382
1
1
0.99875318058032
1
1
1
1
1
1
1
0.998674125046441
1
1
1
1
1
1
0.986579308617727
0.998920583158692
1
1
1
1
1
1
1
0.997953340204185
1
1
1
1
1
1
0.995487113960185
1
1
1
0.999675544595513
1
0.996345525025133
1
1
1
1
0.991774014646961
1
1
1
0.999996674277389
1
1
1
0.992692915282168
1
1
1
0.996621508164409
0.996098451415896
0.998477962342167
1
1
1
1
0.999515155194034
0.994475199933138
0.973193806956864
0.999748902283353
1
1
0.998446040884267
1
0.999140177206345
0.990621789632855
1
1
1
1
1
1
1
1
0.999836702346448
0.996048852432635
0.999887471664304
0.994687153707373
1
1
1
1
1
0.998799065179604
1
1
0.997021479424497
1
1
1
1
1
0.999985006469736
1
1
1
1
0.995976609141829
1
0.996621508164409
1
0.986458833004613
1
1
1
1
1
1
1
0.99762139722146
0.986061308708852
1
1
1
1
1
1
1
1
1
1
1
1
1
1
0.984207954437679
0.995082730417382
1
1
0.999030048976256
1
1
1
0.999643171898624
1
0.986756740866871
0.987504932685964
0.990238604271793
1
1
1
1
0.992615814493063
1
1
1
1
0.95670668055127
1
1
1
1
0.995638596113738
0.993126143618834
1
1
1
1
1
1
0.984265592097867
1
1
0.991363784052148
1
1
1
0.999773556161412
1
0.983162623867633
0.861861471482015
1
1
1
0.999630020898915
0.997322312535093
1
1
0.964434528117368
1
1
1
0.990343017224903
0.99992589328403
1
1
1
1
1
1
0.993740210204682
0.96906543098007
1
1
1
1
1
1
0.998279109642379
0.913746495027414
1
1
1
1
1
1
1
1
1
0.999916212999504
1
1
1
1
1
1
0.984855300107759
1
1
1
1
1
0.980130633381796
1
0.998832153735981
1
0.999030048976256
1
1
1
1
1
1
1
0.999678833692905
1
0.999511194548607
0.991667935280389
1
1
1
1
1
1
0.998487968857888
1
1
1
0.998864082414626
1
1
0.967401038060317
1
0.990173588140698
1
1
0.999466174660402
1
0.987152401600398
1
1
1
1
1
1
1
1
1
1
0.999871427124978
0.984794255690265
1
1
0.998511964394059
1
1
0.999133722332283
1
1
0.99999052749215
1
1
1
1
0.998319951837205
1
1
0.999906004054341
1
0.998095046399081
1
1
1
1
1
1
1
0.963732199186876
0.999601496043837
1
1
1
0.991667935280389
1
1
1
1
0.990931758164105
1
0.997149153427232
1
1
1
1
1
1
0.996345525025133
1
1
1
0.990085635514609
0.990389483283883
1
1
1
1
1
1
1
1
1
1
1
1
1
0.977182077208999
1
1
1
1
1
0.871137840158854
0.998487968857888
1
0.986705734386617
1
1
0.996274088625781
1
1
0.996608116512788
1
1
1
0.98771611585821
1
1
0.999030048976256
1
1
0.991061286685123
1
1
1
1
1
1
1
1
1
0.99866127753316
1
1
0.999851339301503
1
1
1
1
1
1
1
1
1
0.99528297395225
1
1
0.999755223926526
1
1
1
1
1
1
1
0.999992867778349
1
1
1
1
1
1
1
1
0.999630020898915
1
1
1
1
1
1
1
1
1
1
1
1
1
0.997462811880598
0.999382825219964
1
1
0.985034932130863
1
1
0.992645058082517
1
1
1
1
1
1
1
0.980732932353786
0.994687153707373
1
1
1
1
1
1
0.9842182017728
1
0.996274088625781
1
1
1
1
1
1
1
1
1
1
1
1
1
1
1
1
1
1
1
1
0.999539294754938
1
1
1
1
1
1
1
0.999954183244847
1
1
1
0.997642471200116
0.999630020898915
0.993740210204682
1
1
1
1
0.995638596113738
1
1
1
1
1
0.996038369096507
1
1
1
1
1
1
0.999348809219556
0.999994468287967
0.999945245490006
0.99875318058032
0.999609691709979
1
1
1
0.996274088625781
1
1
1
1
0.991814413122135
0.992678372070062
1
1
0.993700332982277
0.989708502081721
1
0.930277922569553
1
1
0.985580035894186
0.99579145958237
1
1
1
1
1
1
1
1
1
1
0.999929331639243
1
1
1
1
1
1
1
0.999994468287967
1
1
1
1
1
1
1
0.991061286685123
1
1
0.992708792103395
1
1
0.992615814493063
0.999605376661459
1
1
1
1
0.996729506435294
1
1
1
1
1
1
1
1
1
1
1
1
1
1
1
1
1
1
1
1
1
1
1
0.971410238270414
1
1
1
1
1
1
1
1
1
1
1
1
1
1
1
1
1
0.979931806005856
0.994480798439089
1
1
1
1
1
0.988773511596772
1
1
0.994673036344657
1
1
0.996064452033874
1
1
1
1
1
1
1
1
1
1
1
1
1
1
1
0.999991001805186
1
0.997431803753154
1
1
1
1
1
0.996345525025133
1
1
1
1
1
1
1
1
1
1
1
1
0.998319951837205
1
1
1
1
1
0.999608054487757
1
1
1
1
1
1
1
1
0.999140177206345
0.987783307397981
1
1
0.990199720140899
1
0.998711523860868
0.996729506435294
1
1
1
1
1
1
1
1
1
1
1
1
1
1
1
1
1
1
1
1
1
1
1
1
1
1
1
0.998477962342167
0.996064452033874
0.998776090574849
1
1
0.986756740866871
1
1
1
1
1
0.996682072696988
1
1
1
0.997431803753154
1
0.999030048976256
1
1
0.998080004961468
1
1
1
0.973788585741378
0.990621789632855
1
1
0.999643171898624
1
1
1
0.945840362781304
1
0.986665483200588
0.998487968857888
1
1
1
1
1
1
1
1
1
1
1
1
1
1
1
1
0.999692135953715
1
1
1
1
1
0.99853623546274
1
1
1
0.998594703605972
0.99660585025664
1
1
0.979176889533724
0.99843272664512
1
1
1
1
1
1
1
1
1
1
1
1
1
1
0.999514020729934
1
0.99762139722146
0.96863271739694
1
1
1
1
1
1
1
0.999030048976256
1
1
0.998491786071475
0.996027386760105
1
1
1
0.987504172021203
1
1
1
0.987806877568953
1
1
1
1
0.973372950487616
0.999843244275089
0.994789677781943
1
1
0.998065897038569
0.96020972283867
1
1
1
1
1
0.997431803753154
1
1
1
1
0.993139062785525
1
0.999993633265372
1
0.990199720140899
1
1
1
0.999823561688875
1
1
1
1
1
1
1
1
1
1
1
1
0.985464879424485
1
1
1
0.971590913864161
1
1
1
1
1
1
1
1
1
0.945084457126483
0.993833899128193
1
1
1
1
1
0.998589099157756
1
0.951026995855978
1
1
0.996650695310486
1
0.973788585741378
1
1
1
0.882824825511784
0.999223826441583
1
1
1
0.999202249569181
0.914765008151794
1
1
1
1
0.91516032146181
1
1
1
1
0.902918144203534
1
1
1
1
0.998546961439673
1
1
0.998487968857888
1
1
0.985034932130863
0.997832894854636
0.880673288141243
1
1
1
0.957682116010608
1
0.854128711949318
1
1
1
1
1
0.860258386065351
0.995152206547753
1
1
0.998511193639223
1
1
1
1
0.999998481396148
0.999954183244847
0.998850820664286
0.998189812637472
1
1
1
1
1
1
0.99660585025664
1
0.992880869758053
1
1
1
0.987587682812944
1
1
0.998197190773691
0.990323347077743
1
0.998799065179604
1
1
1
1
1
0.975792536931884
1
0.997832894854636
1
1
1
0.993803454837348
1
1
1
1
1
1
0.999134208226104
1
1
0.999483891162527
1
0.996621508164409
1
1
0.99875318058032
1
1
0.963245306633557
0.985109258717244
1
1
0.99964753404292
1
1
1
0.992809271895227
1
1
1
0.993371278810824
1
1
1
1
1
1
1
1
1
1
0.942807300263136
1
1
1
1
1
1
0.998657933609578
0.998546961439673
1
1
1
0.992539285307738
0.999801905662549
0.999387929646568
1
1
1
1
1
0.937204961491652
0.92213226585269
1
1
1
1
0.996098451415896
0.999348809219556
1
1
1
0.981189731861949
1
1
0.986061308708852
1
1
1
1
1
1
1
1
0.999755223926526
1
1
1
1
0.995487113960185
1
1
1
1
1
1
1
1
1
1
1
1
1
1
1
1
0.958750085568656
0.986731578684871
1
0.998999507900159
0.996753504841065
1
1
1
1
1
1
1
1
1
1
1
1
1
0.999370626991204
1
0.981624335715991
1
1
1
1
0.974428281458901
0.905938612823016
1
1
1
1
1
1
1
1
1
1
1
0.998220554470617
0.999030048976256
1
1
1
1
0.99491520552822
0.99694387164016
0.99906292100929
1
1
0.999617462558612
1
1
1
1
1
1
1
1
1
1
0.926918580304229
1
1
0.99316643083212
1
1
1
1
1
1
0.994753944557318
1
0.99649267933959
1
1
1
1
1
1
1
0.987077274200141
0.996038369096507
1
1
1
1
1
1
1
1
1
0.983834124496993
1
1
1
1
1
1
1
1
0.996124987724876
1
1
1
1
0.99866127753316
1
1
1
1
1
0.994687153707373
1
1
1
1
0.941804103380214
0.999643171898624
1
1
1
1
1
1
1
0.998080004961468
1
1
1
1
1
1
1
1
1
1
1
1
1
1
1
0.973743003703455
1
1
1
1
0.982044610515144
1
1
0.996027386760105
0.996673475696451
1
1
1
1
0.999630020898915
0.998189812637472
0.99875318058032
0.99259616164157
1
0.999840097094575
1
1
1
1
0.984207954437679
1
1
1
0.998347313387572
0.952995727080262
1
1
1
1
1
0.998319951837205
1
0.873281370411388
1
1
0.999995371123701
1
1
1
1
0.999996339754758
1
1
1
0.996207935075124
1
1
1
1
1
1
1
1
0.998711523860868
1
1
1
1
1
1
1
1
1
1
1
0.924033694345905
1
1
1
1
1
1
1
0.99906292100929
0.98676940692331
1
0.997264506773061
1
1
1
1
1
1
1
1
1
1
1
1
1
1
1
1
1
1
1
1
1
0.996673475696451
0.980558052031969
0.979260207173492
1
1
1
0.999936946890753
1
1
1
1
1
1
1
1
1
1
1
1
1
1
1
1
1
1
0.997264506773061
1
1
0.996274088625781
1
1
1
1
1
1
0.995063066292762
1
1
1
1
1
0.998657933609578
1
1
1
1
1
1
1
1
1
1
0.887455179493989
1
1
1
1
0.996860317654914
1
1
1
0.999991001805186
1
1
1
1
1
1
1
1
1
1
1
1
1
1
1
0.999380515339281
0.996753504841065
1
1
1
0.986579308617727
0.995082730417382
1
1
1
1
1
1
1
0.996860317654914
0.999247813668423
1
1
0.991710053434836
0.990173588140698
1
0.997201855154296
1
1
0.987152401600398
1
1
1
0.992741893477815
0.987806877568953
1
1
1
1
1
0.999279234910528
0.960371229319117
1
1
1
0.998776090574849
1
1
1
1
1
0.999134208226104
1
1
1
1
1
1
0.98369183866548
0.998674125046441
1
1
0.997264506773061
1
0.992758533754941
1
0.999283200898489
1
1
1
1
1
0.99992589328403
1
0.998477962342167
1
1
1
1
1
0.998481984169476
1
1
1
1
0.982942585971256
1
1
1
1
0.999906004054341
1
1
1
1
1
1
1
1
1
1
1
1
1
1
0.997322312535093
1
1
0.996218211718272
1
1
0.989549708103608
0.999734898511565
1
1
1
1
1
1
1
1
0.998481984169476
0.996729506435294
0.988100930424304
1
0.973665934693567
0.979125040029119
1
1
1
1
1
0.998999507900159
1
0.999617462558612
0.999539294754938
0.991061286685123
1
0.99945851226413
1
1
0.945641426879515
1
1
1
0.995976609141829
1
1
1
1
1
1
1
1
1
0.999992867778349
1
0.995313263293561
1
1
1
1
1
1
1
1
1
0.997937000616368
0.95210083087255
1
1
1
1
1
1
1
1
1
1
1
1
1
0.938875050766814
1
0.900014260849688
1
1
0.999134208226104
1
1
0.994708160670648
1
0.947181358595777
1
0.999022383974399
0.999999662906625
1
1
0.996608116512788
1
1
1
1
1
0.998920583158692
0.992615814493063
0.999906004054341
1
1
1
1
1
1
0.998481984169476
1
1
1
1
1
1
0.998657933609578
1
0.998847901246061
1
1
1
0.980297759802801
1
1
1
1
1
1
1
1
1
1
0.995082730417382
1
1
1
0.999119745703434
1
0.999867437864079
0.998935529523883
1
1
1
0.995487113960185
1
0.992809271895227
1
1
1
1
1
0.98369183866548
0.98676940692331
1
1
1
1
1
1
1
1
0.999626800374225
1
1
0.980078134174668
1
1
1
1
0.994687153707373
0.993126143618834
1
1
1
1
1
1
1
1
0.999748902283353
0.999682108009591
1
1
1
0.9842182017728
0.988773511596772
1
1
1
1
0.996608116512788
1
0.987504172021203
0.922735843805946
0.997381006487623
1
1
0.998999507900159
1
1
1
0.998935529523883
0.988151342313949
1
1
1
1
0.992708792103395
0.974148158733795
1
1
1
1
1
1
1
1
1
1
1
0.999675544595513
1
1
1
1
1
1
0.996027386760105
0.999994468287967
0.999963812651358
1
1
1
1
0.997584998859637
1
1
0.995110544953842
0.997799783373665
1
1
1
1
1
1
1
1
1
1
1
0.993740210204682
1
1
1
0.999974066382943
1
0.99853623546274
1
1
1
0.969956916900508
0.987256878029937
1
1
1
1
1
0.999864048959493
1
1
1
1
1
1
1
0.996621508164409
1
1
1
1
0.990485278320549
1
0.996516118758784
0.999916212999504
1
1
1
1
1
1
1
1
1
1
0.999192191609571
1
1
1
1
0.999140177206345
0.996650695310486
1
1
1
1
1
0.999999662906625
1
1
0.998753542483545
0.991667935280389
1
1
0.995714052921728
0.982942585971256
1
0.996797895631995
1
1
0.998657933609578
1
0.998850820664286
1
1
1
1
1
1
1
0.999998481396148
1
1
0.997496970556167
1
1
1
1
1
1
1
1
1
0.999993633265372
1
0.997567929824049
1
1
1
1
0.990323347077743
0.998065897038569
1
0.998594506244058
1
0.999524847069514
1
0.997160163897435
1
0.995082730417382
1
1
0.994708160670648
1
1
0.999588024771235
1
1
1
1
1
0.999601945846885
1
1
1
1
1
1
1
0.999916212999504
1
1
1
1
1
1
0.999711294285802
1
1
1
1
1
1
1
0.999147058260118
1
1
1
1
1
1
1
1
1
1
1
1
1
1
1
1
1
1
1
0.995487113960185
1
1
0.963535557156465
1
1
0.987020944647304
0.992741893477815
1
0.988513562957748
1
1
0.975792536931884
1
1
0.977140933517561
0.996682072696988
1
1
0.982695507901861
1
1
1
1
1
1
1
1
1
1
1
1
1
0.992758533754941
1
1
1
1
1
0.995638596113738
1
1
1
1
0.989159632517348
1
1
1
1
1
1
1
1
1
0.99853623546274
1
0.978146531930773
1
1
0.999279234910528
1
1
0.994821141537258
1
1
1
1
1
1
1
1
1
0.995431890650019
1
1
1
1
1
1
0.99487756434379
1
1
1
1
1
0.999279234910528
1
1
1
1
1
1
1
1
1
0.995313263293561
1
1
1
1
0.990238604271793
1
1
1
0.99316643083212
1
1
1
1
0.997799783373665
1
1
0.996064452033874
0.999165008357811
1
0.957026733082262
1
0.999203451212113
1
1
0.998674125046441
1
1
1
1
1
1
0.965182468367633
1
1
0.997369516605121
1
1
1
0.997214805795825
1
1
1
1
1
1
1
1
1
1
1
1
1
1
1
1
1
1
1
1
1
0.99853623546274
0.997462811880598
1
1
1
1
1
1
1
1
1
0.991061286685123
0.999279234910528
0.997381006487623
1
1
1
1
1
1
1
1
0.989183632799688
1
0.999948753810837
1
1
1
1
0.999600371766576
0.986756740866871
1
1
1
0.999903857289255
1
1
1
1
1
1
0.999524906509784
0.999607236181096
0.996755570507908
1
0.990323347077743
1
1
0.997763423667717
1
0.992615814493063
1
0.994734384541962
1
1
1
1
1
1
1
1
0.995692220018076
1
1
1
1
1
1
1
1
1
1
1
1
1
1
1
1
1
1
1
1
1
1
1
1
1
1
0.976461836772122
1
0.994789677781943
1
1
1
0.997793778642186
0.999793575035997
1
0.996274088625781
1
1
1
1
1
0.999605376661459
0.994464412557476
1
1
1
1
1
1
1
1
1
1
1
1
1
1
1
0.997214805795825
1
1
1
1
1
1
1
1
0.998260996555773
1
0.998878563408545
1
1
1
1
1
1
1
1
1
1
1
1
1
0.999380376366993
1
1
1
1
1
1
1
1
0.999954183244847
1
0.988151342313949
1
1
1
1
1
1
0.997496970556167
1
1
1
0.999303988410735
1
1
1
0.989159632517348
0.929431366142522
1
1
1
1
1
1
1
1
0.949309123955472
1
0.997044467462304
1
1
1
0.987504172021203
0.974148158733795
1
1
1
1
1
1
1
1
0.997381006487623
1
0.992678372070062
0.994480798439089
1
1
1
1
0.999897768054114
1
1
1
1
0.992645058082517
1
1
0.999778094628487
1
0.97415897063149
0.998487968857888
1
1
0.99418467132684
1
1
1
1
0.999954208171392
1
1
1
1
0.997462811880598
0.999626800374225
1
0.996608116512788
1
0.991870244255534
1
1
1
1
1
1
1
1
1
1
1
1
1
1
1
1
1
1
1
0.959616947575798
1
0.99660585025664
1
0.999618558314601
1
1
1
1
0.999899452928459
1
1
1
0.971186631706156
1
1
0.998559235441571
1
0.999997375174146
1
1
1
0.991363784052148
1
1
0.99906292100929
1
1
1
1
0.998959941055011
1
1
1
1
1
1
1
1
0.995082730417382
1
1
1
1
0.99649267933959
1
0.996328029902379
1
1
0.993700332982277
1
1
1
0.999203451212113
1
1
1
0.999876326574609
1
0.999773556161412
1
1
0.986981165646143
1
1
1
0.952236186822251
0.999996674277389
0.995063066292762
0.998594703605972
0.992741893477815
1
1
1
0.999549442121504
1
1
1
1
1
1
0.999387929646568
1
1
1
1
1
1
1
1
1
1
1
1
0.996682072696988
1
1
0.985580035894186
0.999671712645065
1
0.999899452928459
1
1
1
0.979931806005856
1
1
0.999915389922452
1
1
1
1
1
1
1
1
1
0.990552133443749
1
1
1
1
1
1
1
1
1
1
1
0.999964211463599
0.987417987641864
1
1
0.983895011770662
1
1
1
0.948584609820554
1
1
0.999678833692905
1
1
1
1
1
1
1
1
1
0.999994468287967
0.999956643569932
1
0.999380376366993
1
0.995063066292762
1
1
1
0.981624335715991
1
1
1
1
1
0.999502369532259
1
1
1
1
1
1
0.99528297395225
1
1
1
0.998482120768163
0.996274088625781
1
1
1
1
1
1
0.999971305419271
1
1
1
1
1
1
0.986756740866871
1
1
1
0.997381006487623
1
1
1
1
1
1
1
0.998594506244058
1
1
0.998671534438362
1
1
1
1
1
1
1
1
0.998776090574849
1
1
1
1
1
1
1
1
1
0.996860317654914
1
1
1
1
1
1
1
1
1
1
1
1
1
0.998373924027048
0.997264506773061
1
1
1
1
0.999283200898489
0.999643171898624
1
1
1
1
1
1
0.998594506244058
1
1
1
0.979120892931033
1
1
1
1
0.999998481396148
1
1
0.990343017224903
1
1
1
1
1
1
1
1
1
1
1
1
1
0.998753542483545
1
1
1
1
1
1
1
0.991008991168566
0.970392119357273
1
0.998350485559863
1
0.991911709574271
0.996608116512788
1
1
1
1
1
1
0.9842182017728
1
0.99418467132684
1
1
0.987090413773619
1
1
1
1
1
1
1
1
1
1
1
1
1
1
1
1
1
1
1
1
1
1
0.997264506773061
0.996218211718272
1
1
1
1
1
1
1
1
1
0.991667935280389
1
1
1
1
1
1
1
1
1
1
1
1
1
1
0.994714456915073
1
1
1
1
1
1
1
0.99491520552822
0.987806877568953
1
0.999983615886594
1
1
1
0.999279234910528
1
1
1
1
1
0.999279234910528
1
0.974148158733795
1
1
1
1
1
1
1
1
0.994041227587049
1
1
1
1
0.993139062785525
0.998847901246061
1
1
1
1
1
0.990173588140698
1
1
1
1
1
1
0.991067296153984
1
1
1
1
1
1
1
1
1
1
1
1
1
1
1
0.99762139722146
0.980599634857219
1
1
1
1
1
1
1
0.992989618623031
1
1
1
1
0.995976609141829
1
1
0.879876585804379
1
1
1
1
1
1
1
1
0.997264506773061
1
1
1
1
1
1
1
1
0.99959559184391
1
1
0.997567929824049
0.991667935280389
1
0.995110544953842
1
1
1
1
0.993126143618834
1
0.998546961439673
1
1
0.999994468287967
1
1
1
1
1
1
0.980666637759685
0.991742876885783
1
1
0.987307552504259
0.997369516605121
1
1
1
0.998993302638422
1
0.993491459183566
0.997009246185681
1
1
1
1
1
1
1
1
1
0.991861525001547
1
1
1
1
1
1
1
1
1
1
1
1
1
1
1
1
1
1
1
1
1
1
1
1
0.994475199933138
1
0.994041227587049
1
1
0.996860317654914
1
1
1
1
1
0.990485278320549
1
1
0.98369183866548
1
1
1
1
1
1
1
1
1
1
1
0.997751716398482
1
1
1
1
1
1
0.999837335650835
1
1
1
1
1
1
1
0.972234514511525
0.956466096192206
1
1
1
1
1
1
1
1
0.999030048976256
1
1
0.969956916900508
1
1
1
1
1
1
1
0.999998481396148
0.986533932258036
1
0.999998481396148
0.999678833692905
0.999605376661459
1
1
1
1
0.999887471664304
1
1
1
1
1
0.99866127753316
0.998935529523883
1
1
0.998446040884267
0.994673036344657
1
1
1
1
1
1
1
1
1
1
1
1
0.998511964394059
1
0.997264506773061
1
1
1
1
0.999954183244847
1
1
1
1
0.998197190773691
1
1
0.98771611585821
1
1
1
1
1
1
0.987504172021203
1
1
1
0.998864082414626
1
1
1
0.994821141537258
1
1
1
1
1
1
1
0.994664159575108
1
1
1
1
1
1
1
0.994789677781943
1
1
1
1
1
0.99491520552822
1
1
1
0.99418467132684
1
1
1
0.999030048976256
0.995976609141829
1
1
1
1
1
1
0.997496970556167
1
1
1
1
1
1
0.999607236181096
1
1
0.994673036344657
1
0.973918916326942
1
1
1
1
1
1
1
1
1
1
1
0.997369516605121
1
0.999836702346448
0.999876326574609
1
0.999836702346448
1
1
1
1
1
1
0.999771701193046
1
1
1
1
1
1
1
1
1
1
0.990931758164105
1
0.998978521085045
1
0.998279109642379
1
1
1
1
1
1
1
1
0.998993302638422
0.995841233107593
1
1
1
1
1
1
1
1
1
0.979176889533724
0.988116626699972
1
1
1
1
1
1
1
1
1
1
1
1
0.983834124496993
1
1
1
0.988513562957748
1
0.987307552504259
0.999996674277389
0.963094691726407
0.99964753404292
1
0.99440691574728
1
0.999192191609571
1
0.999906004054341
1
0.999387929646568
1
1
1
1
0.998446040884267
0.987307552504259
1
0.920202652366862
1
0.999922415636904
1
1
1
1
1
1
0.997793778642186
1
1
1
1
1
1
1
1
1
0.99232808325402
1
0.993241615001363
0.998443311086796
1
1
1
1
0.999030048976256
1
0.999811950965727
0.998589099157756
1
0.999380515339281
0.993241615001363
1
1
1
1
1
1
0.996038369096507
1
0.990678254336389
1
1
1
1
1
0.933588729358163
1
1
1
1
1
1
0.975281357560131
1
1
1
0.996516118758784
0.994789677781943
1
1
0.958913833776363
1
1
1
1
1
1
1
1
1
1
0.999996339754758
0.951026995855978
1
1
1
1
0.907926568412211
0.999867437864079
1
1
1
0.999247813668423
1
1
1
1
0.990485278320549
1
1
1
1
0.983945160607824
1
1
1
1
1
1
0.99853623546274
1
1
1
1
1
1
1
1
1
1
1
1
0.996682072696988
1
1
1
0.995316283282375
1
1
0.932021771122693
0.99694387164016
1
1
1
1
0.999617462558612
1
1
0.994416063304753
1
0.980666637759685
1
1
1
1
0.996345525025133
1
1
0.992297363980965
1
1
0.968912812532641
1
1
1
1
1
1
0.998446040884267
1
1
0.99082437442855
0.995825737889274
1
1
1
1
1
1
1
1
1
0.999922415636904
1
0.994475199933138
1
1
0.989159632517348
0.999393408637082
1
1
1
0.961961220033919
1
1
1
1
0.99875318058032
1
1
1
1
1
0.992297363980965
1
1
1
1
0.99487756434379
1
1
0.998671534438362
1
1
1
1
1
1
1
1
0.990678254336389
0.999906004054341
0.980744497529356
1
1
0.999864048959493
1
1
1
0.848815055218527
1
1
0.997044467462304
1
1
1
1
1
1
1
0.999997375174146
1
1
1
1
0.999755223926526
1
1
1
1
1
0.997462811880598
0.997496970556167
1
1
1
1
0.999601945846885
1
1
1
0.973918916326942
0.992809271895227
1
1
1
1
1
1
1
1
1
1
1
1
1
0.998546961439673
1
1
0.996124987724876
1
1
1
1
1
1
1
1
1
1
1
1
0.998065897038569
0.973372950487616
1
1
1
0.998501012742299
1
0.980297759802801
1
1
1
1
1
0.999915389922452
1
0.999887471664304
1
1
1
1
0.998888916221029
1
0.999963812651358
1
1
1
1
0.946965186334959
1
1
1
0.990895377471196
1
1
0.990771956249248
1
1
1
1
1
1
1
1
1
1
1
1
1
1
1
1
1
1
1
0.999655241932841
1
1
1
1
0.998850820664286
0.93874887798423
0.996516118758784
1
1
1
1
1
1
1
0.988163333030565
1
0.987020944647304
1
0.996480185920586
1
1
1
1
0.999970351108119
1
1
1
1
0.999140177206345
0.999971305419271
1
1
1
1
1
1
1
1
0.987222821841514
1
1
0.99259616164157
0.999837335650835
1
1
1
0.988362382331582
1
1
1
1
1
1
1
1
1
0.986494892792292
1
1
0.994687153707373
1
0.992475861736004
0.997678502684082
0.984476733379375
1
1
1
1
1
1
1
1
1
1
0.99257519595126
0.896790190032957
1
0.992007557606799
0.973265813180419
1
1
1
0.992519910499919
1
0.946819881772878
0.999370626991204
0.983626546818873
1
0.999643171898624
1
1
1
1
0.994510383515811
1
1
1
1
0.998092621574456
1
1
0.988773511596772
1
1
1
1
1
1
1
1
1
1
0.99998869773633
1
0.993139062785525
1
1
1
1
1
1
0.87085749412076
1
1
1
1
1
1
1
1
1
1
1
1
1
1
1
1
0.995313263293561
1
1
0.900014260849688
1
0.999748902283353
0.896129414469893
1
0.977748564514259
0.99257519595126
1
1
0.99528297395225
1
1
1
1
1
0.997799783373665
1
1
1
1
1
1
0.998847901246061
0.991861525001547
0.999998481396148
1
1
1
1
1
0.992692915282168
1
1
1
1
1
1
1
1
1
1
0.999985006469736
1
1
1
1
1
1
1
1
1
1
1
1
1
1
1
0.999732953126796
0.999778094628487
1
0.995522132365138
1
1
1
1
0.967776393188259
1
1
0.999244097804564
1
1
1
1
1
1
1
0.99999052749215
1
1
1
0.998711523860868
0.973411488067776
1
1
1
1
0.917899480930681
0.997354097286179
0.990199720140899
0.998487968857888
1
1
1
0.999899452928459
1
0.998065897038569
1
1
1
1
1
1
1
1
1
1
1
1
0.996971239217349
1
1
1
1
1
1
1
0.994821141537258
1
1
1
0.998594703605972
1
1
1
1
1
1
1
1
1
0.996608116512788
0.999968595553546
1
0.987417987641864
1
1
1
0.997214805795825
1
1
1
1
0.99259616164157
1
1
1
0.999626800374225
1
1
0.999748902283353
0.996650695310486
1
1
0.983834124496993
0.998446040884267
1
0.990343017224903
0.886503625461889
1
1
1
1
1
1
1
0.999279234910528
1
1
1
0.998610701961886
0.998594703605972
1
1
1
1
1
0.994480798439089
1
1
1
0.970446017459314
0.991710053434836
1
0.997462811880598
1
1
0.992297363980965
1
1
1
1
1
1
0.991687994806762
1
0.995110544953842
1
0.999992173222346
1
1
1
1
0.999991550827094
1
1
1
1
1
1
1
0.999916212999504
1
0.997322312535093
1
1
1
0.993139062785525
1
1
0.997044467462304
1
1
1
1
1
1
1
1
1
1
1
0.995976609141829
0.999936946890753
1
1
1
0.96020972283867
0.999617462558612
1
1
1
1
1
1
1
1
0.960040312554299
1
1
0.996342635400009
1
1
1
1
1
1
1
1
1
1
1
1
1
1
1
1
1
1
1
0.998776090574849
1
1
0.981624335715991
1
1
1
1
1
0.986061308708852
1
1
0.999911525150566
1
1
1
1
1
0.990085635514609
0.933183002849129
0.995487113960185
1
1
1
1
0.999524906509784
1
1
0.99906292100929
1
0.98358266609365
1
1
1
1
0.961733188874983
1
1
0.994673036344657
0.999165008357811
0.999328514386064
1
1
1
1
1
1
1
1
1
1
1
0.996038369096507
0.98358266609365
1
1
1
1
1
1
1
1
0.885597073131419
1
0.998920583158692
0.995313263293561
1
0.99491520552822
1
0.996190256559115
0.983945160607824
1
1
0.999700893157084
0.875964884345257
0.995976609141829
1
1
1
1
1
0.999437762928674
1
1
1
1
0.992615814493063
1
1
0.980666637759685
1
1
0.999836702346448
1
0.990621789632855
1
1
1
1
1
1
1
1
1
1
0.998864082414626
1
1
1
1
1
1
0.996971239217349
0.998935529523883
0.99998869773633
1
1
1
1
1
1
1
1
1
1
1
1
1
0.967906980913921
1
1
1
1
1
0.991959781803614
1
1
1
1
1
1
1
1
1
0.999262302491755
1
1
1
1
1
0.997322312535093
1
1
0.992708792103395
1
1
1
1
1
1
1
1
1
0.986458833004613
1
1
1
1
0.999954183244847
1
0.999757048304391
0.99232808325402
1
1
1
1
0.973918916326942
1
1
1
1
1
1
1
1
0.996755570507908
0.994753944557318
1
0.989723063491465
1
1
1
1
0.92454689757947
0.999700893157084
1
1
1
1
1
0.99866127753316
1
0.979583444864739
1
0.968912812532641
0.995316283282375
1
1
1
1
1
1
0.997119933848148
1
1
1
0.998501012742299
1
1
0.999993040476799
1
1
1
1
1
1
0.994687153707373
1
1
1
1
1
1
1
1
1
0.986705734386617
1
1
1
1
1
1
1
1
1
1
1
0.995976609141829
1
1
1
1
1
1
1
0.997009246185681
1
1
1
0.999466174660402
1
0.998799065179604
0.993740210204682
1
1
1
1
1
1
1
0.996621508164409
0.998878563408545
1
0.99487756434379
1
1
1
1
0.93607708654222
0.997044467462304
1
1
1
1
1
1
0.997189532838086
1
1
1
1
0.99440691574728
1
1
1
0.993803454837348
1
1
1
1
1
1
1
1
1
1
1
1
1
0.99906292100929
1
1
1
1
0.996847779414765
1
1
1
1
1
1
1
1
1
1
1
1
1
1
1
0.998481984169476
1
1
1
1
0.983834124496993
1
1
1
0.99232808325402
0.998446040884267
0.979441767471367
1
1
0.990389483283883
0.991814413122135
1
0.998864082414626
1
1
0.999755223926526
1
0.998260996555773
1
1
1
0.999134208226104
0.996480185920586
1
1
1
1
1
1
1
0.991814413122135
0.999655241932841
1
1
1
1
0.999748902283353
1
1
1
1
1
1
1
1
0.948584609820554
1
0.999945634939102
0.99316643083212
1
1
1
1
1
1
0.996650695310486
1
0.97766405514128
1
1
1
1
1
1
1
0.999607236181096
1
1
1
1
0.992708792103395
1
1
1
1
1
1
1
1
1
1
0.99579145958237
1
1
1
0.938875050766814
0.983834124496993
1
0.999954183244847
1
1
1
1
1
0.993126143618834
1
0.994687153707373
1
0.993700332982277
1
1
1
1
1
1
1
1
1
1
0.99906292100929
0.999992173222346
0.985109258717244
1
0.917307888491505
1
1
1
0.993939936934697
1
1
0.999262302491755
1
1
1
0.984855300107759
1
1
1
1
0.998850820664286
1
1
1
1
0.999801905662549
1
0.995110544953842
1
0.99257519595126
1
1
1
1
1
1
1
0.991870244255534
0.990199720140899
0.965276482385081
0.999964211463599
0.997189532838086
1
1
1
1
0.992933263409229
1
1
1
1
1
1
1
1
1
1
1
0.934462535704366
1
1
1
1
1
1
1
0.842662844982121
1
1
1
1
1
0.999247813668423
1
1
0.997381006487623
0.991363784052148
0.998511193639223
1
1
0.996650695310486
1
0.993139062785525
1
1
1
0.998481984169476
1
1
1
1
1
1
1
1
1
1
1
1
0.996729506435294
0.998487968857888
0.999140177206345
1
1
0.995714052921728
1
0.926644976045244
1
1
1
1
1
1
1
1
1
1
1
1
0.999716477053802
0.996608116512788
1
1
1
1
1
1
1
1
0.979120892931033
1
1
1
1
1
1
1
1
1
1
1
1
1
1
1
0.995316283282375
0.995063066292762
0.917899480930681
1
1
1
1
0.994789677781943
0.998999507900159
1
1
0.990173588140698
1
1
1
1
1
1
0.999963812651358
1
1
1
0.991363784052148
1
0.999884959244466
1
1
1
1
1
1
1
1
1
0.946819881772878
1
1
1
1
1
1
0.999924079301643
1
1
1
1
1
0.981752239995073
0.999614641242589
1
0.999840097094575
1
1
0.995522132365138
0.966323985343065
0.999370626991204
1
1
1
1
1
1
1
1
0.999993633265372
1
1
1
1
1
1
1
1
1
1
1
1
1
1
0.981189731861949
1
0.878638882376349
1
1
1
0.98358266609365
1
0.999655241932841
1
0.990621789632855
1
0.996124987724876
1
0.999992173222346
0.980732932353786
0.99999052749215
1
1
0.999825313804253
1
1
1
1
0.999279234910528
1
0.946819881772878
1
1
0.999992867778349
1
0.997369516605121
1
1
1
1
1
0.990931758164105
1
1
1
1
1
0.996599116975591
1
1
0.974327032649808
0.999203451212113
1
1
1
1
0.998657933609578
0.999812274031251
0.980388751937729
0.988100930424304
0.999997375174146
0.965031910552372
1
1
0.965416359968899
1
1
1
1
1
1
0.99440691574728
0.994086226224885
1
1
1
0.973252611234684
1
1
1
1
1
1
0.980498910606359
0.999994468287967
0.982364797550407
0.996027386760105
1
0.998511193639223
0.999995371123701
0.967401038060317
1
0.996567043951194
0.999778094628487
1
1
1
1
1
1
1
1
1
1
1
0.992692915282168
1
1
0.999773556161412
1
1
0.980080964342543
0.999483891162527
1
0.989708502081721
1
1
0.974955093811954
0.981201068577527
1
1
0.999247813668423
1
1
1
1
1
1
1
1
1
1
1
0.937799652685988
1
0.998482120768163
1
1
1
0.999771701193046
1
1
1
1
1
1
0.991742876885783
1
1
1
1
1
1
1
1
1
1
0.999977802574371
1
1
0.995522132365138
1
1
1
1
1
0.992066366013587
1
1
1
1
1
0.999887471664304
1
1
1
1
1
1
1
1
1
0.996345525025133
0.998993302638422
1
1
1
0.978106732419088
1
1
1
1
1
0.973411488067776
1
1
0.999773556161412
1
1
1
1
1
0.999630020898915
1
1
1
0.993491459183566
1
0.995714052921728
0.998065897038569
0.987504172021203
1
0.99906292100929
1
0.997189532838086
1
1
0.996755570507908
1
1
1
0.995638596113738
1
0.999970351108119
0.9992778126993
1
1
0.999302509290343
0.982369178489704
1
1
1
1
0.997751716398482
1
1
0.999945634939102
1
1
1
1
1
0.997431803753154
1
1
1
1
1
1
1
1
1
1
1
1
0.996218211718272
1
1
0.989549708103608
1
0.982745279695712
0.996038369096507
1
1
0.995714052921728
1
1
1
1
1
1
1
1
1
0.998477962342167
1
1
1
1
1
1
0.868425327096798
0.877570173381774
1
1
1
1
1
1
1
1
1
1
1
1
0.999454916113498
1
1
1
1
1
1
1
0.974236503180093
1
1
1
1
1
1
1
1
1
1
0.999999662906625
1
1
1
1
1
1
1
1
0.976958629072602
1
1
0.990931758164105
1
1
1
1
1
0.99528297395225
0.997264506773061
1
1
1
1
1
0.997584998859637
0.999897768054114
1
0.91935277858354
1
1
1
0.994480798439089
1
1
1
1
1
1
1
1
1
1
1
1
1
1
0.998935529523883
1
1
1
0.968912812532641
1
1
1
1
0.996729506435294
1
1
1
1
1
1
1
1
0.999692135953715
1
1
1
1
1
1
0.999732953126796
1
0.999916212999504
1
1
1
1
0.999897768054114
1
1
1
1
1
1
0.988923017092987
0.998546961439673
1
1
1
1
1
1
0.996797895631995
1
0.999897768054114
1
0.991363784052148
0.999608054487757
0.998674125046441
0.94424705037151
1
1
1
1
1
1
1
1
1
1
1
1
1
0.999678833692905
1
1
1
0.997369516605121
1
1
0.99316643083212
1
1
1
1
1
1
1
1
1
1
1
1
1
1
0.998878563408545
1
1
1
1
0.98676940692331
1
1
1
1
0.965031910552372
1
1
1
1
1
1
1
1
0.991861525001547
1
0.999732953126796
1
0.99579145958237
1
1
1
0.992678372070062
1
1
1
1
1
0.999134208226104
1
1
0.999711294285802
1
1
1
1
0.994753944557318
1
1
0.999630020898915
1
1
1
1
0.972799371268259
1
1
1
1
1
0.999734898511565
0.975317252824984
1
1
1
0.999626800374225
1
1
1
0.994041227587049
1
1
1
0.998594506244058
1
1
1
1
1
1
1
1
1
1
1
1
1
1
0.998594506244058
1
0.98676940692331
1
1
1
1
0.991067296153984
1
1
1
0.992376284163283
1
1
1
1
1
1
1
0.999840097094575
1
0.996797895631995
1
1
1
1
1
1
1
1
1
1
1
1
1
1
0.995063066292762
1
1
1
0.995316283282375
1
1
1
1
1
1
1
1
1
1
1
0.940633395739204
0.999954183244847
0.995152591190693
1
0.979254154485492
0.997381006487623
0.998501012742299
1
1
1
0.988210729753729
1
1
1
1
0.999675544595513
1
0.999422006054685
1
1
0.993514808069307
1
1
1
1
1
1
1
1
1
1
1
1
1
1
1
1
1
1
1
1
1
1
1
1
1
1
1
1
1
1
1
1
1
0.968575847036474
0.999387929646568
1
0.870584583065265
1
1
0.882821782278746
1
1
1
0.990552133443749
1
0.870426351117974
1
1
0.999140177206345
1
1
1
0.999778094628487
1
1
1
0.986548548879124
1
1
1
1
1
1
1
0.998847901246061
1
0.998487968857888
0.999977802574371
1
1
1
0.993803454837348
0.999985006469736
1
1
1
0.996599116975591
1
1
1
1
1
1
1
1
1
1
1
1
1
1
0.990931758164105
0.998935529523883
1
1
1
1
1
1
1
1
1
1
1
1
1
1
0.982942585971256
1
1
1
1
0.999773556161412
1
1
1
1
1
1
1
1
1
1
0.99418467132684
1
1
1
0.998197190773691
0.999897768054114
1
1
1
1
1
1
0.999897768054114
1
1
0.995841233107593
1
1
1
1
1
1
0.982369178489704
1
1
1
1
0.999999662906625
1
0.965031910552372
1
1
0.997751716398482
0.995313263293561
1
1
0.976469445700655
1
1
1
0.998487968857888
1
1
1
1
1
1
1
1
1
1
1
1
0.99964753404292
0.99853623546274
1
1
1
0.999678833692905
1
0.998999507900159
0.999991001805186
0.988210729753729
0.995976609141829
1
1
1
1
1
1
1
1
0.999783513237038
1
1
0.999539294754938
1
0.99440691574728
1
0.987587682812944
1
1
1
1
1
1
1
1
1
1
0.988151342313949
1
1
1
1
1
1
1
1
1
1
1
1
1
1
0.96773414550557
1
1
1
1
1
0.999134208226104
1
1
1
0.998993302638422
1
0.999303988410735
1
1
1
1
1
1
1
1
0.993196326240756
0.999991001805186
0.998594703605972
1
1
1
1
0.990323347077743
1
1
1
1
1
1
1
1
1
1
1
1
1
1
0.998935529523883
1
1
1
1
1
0.992708792103395
1
0.998864082414626
1
0.999609691709979
1
1
0.94749823192963
1
1
0.999382825219964
0.987417987641864
1
1
1
1
1
1
0.999836702346448
0.999609691709979
1
1
1
1
1
1
1
1
1
1
1
1
1
1
0.998546961439673
1
1
1
1
1
1
1
1
1
1
0.999599313960272
1
0.992741893477815
0.994480798439089
1
1
1
0.998501012742299
0.980744497529356
1
1
1
1
1
1
0.968678022293766
1
1
0.988927217842621
1
1
0.98771611585821
1
1
0.974428281458901
1
1
1
1
1
1
1
0.987587682812944
1
1
0.992708792103395
0.997264506773061
1
1
0.974766811456928
1
1
1
1
1
1
1
0.992066366013587
1
1
0.997751716398482
0.956703158444679
1
1
1
1
1
1
1
0.998594506244058
1
0.961961220033919
1
1
1
1
0.958378910414493
1
1
1
1
1
1
0.996860317654914
0.997381006487623
1
1
1
1
1
1
1
1
1
0.995487113960185
1
1
1
1
1
0.926593925037987
1
1
1
1
0.992678372070062
1
1
0.994708160670648
1
0.998850820664286
1
1
0.991911709574271
1
1
1
1
1
1
1
1
1
1
1
1
1
1
1
1
0.985390111373292
1
0.999945245490006
1
1
1
1
1
1
1
1
1
1
1
0.994708160670648
1
1
1
1
1
0.989183632799688
1
1
1
1
1
1
1
1
1
1
1
1
1
1
1
1
1
1
0.988362382331582
1
0.999678833692905
1
1
1
1
1
1
0.999203451212113
1
1
1
1
1
1
1
0.998260996555773
1
1
1
1
1
1
1
1
1
1
1
1
1
1
1
1
1
1
1
1
1
1
0.998589099157756
0.994708160670648
1
0.999617462558612
1
1
1
1
1
1
1
1
1
1
1
1
1
1
1
0.998594703605972
1
0.998260996555773
0.998965095968442
1
1
0.932021771122693
1
0.988151342313949
1
1
0.948584609820554
1
1
1
0.992778092310165
1
1
0.999871427124978
1
0.993491459183566
1
1
1
1
0.993514808069307
1
1
0.980744497529356
1
0.996673475696451
0.998487968857888
1
1
1
0.990199720140899
1
1
1
1
1
1
1
1
0.999382825219964
1
1
1
1
1
1
1
1
1
1
1
1
1
1
1
1
1
0.999994468287967
0.96773414550557
1
1
1
1
1
0.938141746192625
1
1
1
0.998594703605972
1
1
1
0.956466096192206
0.999823561688875
0.999700893157084
1
1
0.991048179756769
1
1
1
1
1
1
0.999614641242589
1
0.992809271895227
1
1
1
1
1
0.991710053434836
1
1
1
1
0.990931758164105
0.999140177206345
1
1
1
1
1
1
1
0.972066965899714
1
1
0.98771611585821
1
1
1
1
1
1
1
1
1
1
1
0.917644117637532
1
1
1
1
0.998657933609578
0.999974066382943
1
0.999992867778349
1
1
1
1
1
1
1
1
1
1
1
1
1
1
1
1
0.997160163897435
1
1
0.999483891162527
1
0.999303988410735
1
1
1
0.999380515339281
1
1
1
1
1
1
1
1
1
0.997129267652293
0.993514808069307
1
1
0.99440691574728
0.992880869758053
1
1
1
1
1
1
0.999994468287967
1
0.990552133443749
1
1
1
1
1
1
0.996994572435577
1
0.998776090574849
1
1
1
1
1
0.969456592829087
1
1
1
0.995714052921728
0.998477962342167
1
1
0.993514808069307
0.992007557606799
1
1
1
1
1
1
1
1
1
1
1
1
1
1
0.999628546639273
1
1
0.902592869625795
0.953745968480549
1
0.990621789632855
1
1
1
1
1
0.988281579295655
1
1
1
1
1
1
1
1
1
1
0.998999507900159
1
1
1
0.966543593718529
0.999422006054685
1
1
1
1
1
1
0.998446040884267
1
0.971590913864161
1
1
0.992758533754941
1
1
1
1
1
0.974616737097574
1
1
0.998511193639223
0.99853623546274
1
1
1
1
1
0.996274088625781
1
1
1
1
1
1
1
1
0.992758533754941
1
1
1
0.990895377471196
0.997705931941602
1
0.986458833004613
1
0.996622661671937
0.996821946494088
1
1
0.991870244255534
1
1
0.994673036344657
1
0.999279234910528
1
1
0.936507157103514
1
1
1
0.967649695864571
1
1
1
0.947652314406457
1
1
1
1
1
1
1
1
1
1
1
1
0.994789677781943
1
0.99866127753316
1
0.99853623546274
1
1
0.957026733082262
1
1
0.998279109642379
1
1
1
0.999954183244847
1
1
1
1
0.992088664756234
1
1
1
1
1
1
1
1
1
1
1
1
0.994753944557318
1
1
1
1
1
1
1
0.997496970556167
1
1
1
1
1
1
1
1
1
1
0.999992173222346
0.998711523860868
1
1
1
1
1
1
1
0.945939121870661
1
1
1
0.952236186822251
1
0.996622661671937
1
1
0.967620486134957
1
1
0.98369183866548
0.979583444864739
1
1
0.990199720140899
1
1
1
1
1
1
0.979583444864739
1
1
0.997119933848148
1
1
1
1
1
1
0.986494892792292
1
1
1
1
0.999630020898915
1
1
1
1
1
1
0.983110889211546
1
1
1
1
1
1
1
1
1
1
1
0.999876326574609
1
1
1
1
1
1
0.975317252824984
0.998501012742299
1
1
1
1
1
1
0.999922415636904
0.998919926357827
1
0.999996339754758
1
1
1
1
1
1
1
1
1
0.985464879424485
0.990389483283883
1
0.908206884842271
1
1
1
1
0.965958954573971
0.997751716398482
1
1
0.997119933848148
1
1
1
1
1
1
1
1
1
1
1
0.996274088625781
1
0.99875318058032
0.992708792103395
1
1
1
1
1
1
1
1
1
1
1
0.979260207173492
1
1
0.976958629072602
1
1
1
1
0.980428821539276
1
1
1
1
1
1
1
0.999524906509784
1
0.996860317654914
0.99232808325402
1
1
0.999626800374225
1
1
1
0.996753504841065
1
1
1
1
1
0.999515155194034
1
1
1
0.998443311086796
0.996729506435294
1
1
0.999924079301643
1
0.997214805795825
1
1
1
1
1
1
0.996673475696451
1
1
1
1
0.990343017224903
1
1
1
1
1
1
1
1
1
1
1
1
1
1
1
1
1
0.968678022293766
1
0.998065897038569
1
1
0.997751716398482
1
1
0.999165008357811
1
1
1
1
1
1
1
1
1
1
0.996345525025133
1
1
0.999524906509784
1
1
1
0.998776090574849
0.998878563408545
0.988513562957748
1
1
0.993725078106753
1
1
1
1
1
1
1
0.9866450057975
1
0.987504172021203
1
1
0.994821141537258
1
0.963535557156465
1
0.992297363980965
1
1
1
0.992539285307738
1
1
0.992933263409229
1
1
1
1
1
1
1
0.997214805795825
1
1
1
1
1
1
0.995638596113738
1
0.992758533754941
0.988210729753729
1
1
0.995881280008037
0.993939936934697
1
1
1
1
1
1
1
0.927764693092371
1
0.998657933609578
0.999963812651358
1
1
1
1
0.996027386760105
0.995638596113738
0.999970351108119
0.998080004961468
1
0.994708160670648
1
1
1
1
1
1
1
1
1
1
0.999783513237038
0.990678254336389
1
1
1
1
1
1
0.998594506244058
1
1
1
1
1
1
1
1
1
0.992088664756234
0.972234514511525
1
1
0.992933263409229
1
0.984335119732159
0.998501012742299
0.999678833692905
1
1
1
1
1
1
1
1
1
0.984855300107759
1
1
0.993241615001363
1
1
0.999601945846885
1
1
0.998546961439673
0.998589099157756
1
1
1
1
1
0.998753542483545
1
0.998594703605972
1
1
1
1
1
1
1
1
1
1
1
1
1
1
0.999991001805186
1
1
1
1
1
1
1
0.998246422404719
1
1
1
1
1
1
1
1
1
1
0.998546961439673
1
1
1
1
0.999840097094575
1
0.987504172021203
1
1
1
1
1
1
1
1
1
0.854900114348593
1
0.96241789497288
0.967620486134957
1
1
1
1
1
1
1
1
1
1
1
1
0.998477962342167
1
1
1
0.989159632517348
0.989549708103608
1
1
1
1
1
1
1
0.99999052749215
1
1
0.992645058082517
1
1
1
1
1
1
1
1
0.999884959244466
1
1
1
1
1
1
1
1
1
1
0.999605376661459
1
1
1
0.990986536099422
1
1
1
1
1
1
1
1
1
1
1
1
0.999867437864079
1
1
1
1
0.991870244255534
1
1
1
1
1
0.896129414469893
1
1
1
1
0.938493221234476
1
1
1
1
1
1
0.996274088625781
0.999643171898624
1
0.998501012742299
0.998065897038569
1
1
0.964419715807066
1
1
1
1
1
1
0.997201855154296
1
1
1
0.986981165646143
1
1
1
1
0.994708160670648
1
1
1
1
0.953629932604926
0.990238604271793
1
1
1
1
1
1
1
1
1
1
1
1
1
1
1
1
1
0.994708160670648
1
0.999945634939102
0.94424705037151
1
1
0.973372950487616
1
1
1
1
0.999801905662549
1
1
1
1
1
1
1
1
0.998487968857888
1
1
1
1
1
1
1
1
1
1
1
1
1
1
1
1
0.996682072696988
1
0.999991001805186
1
0.9842182017728
1
0.995825737889274
1
1
1
1
1
1
1
0.970397183107223
1
1
1
1
1
1
1
1
1
0.999514020729934
1
1
1
1
1
1
0.991048179756769
0.994664159575108
0.999608054487757
1
1
1
1
1
1
1
0.996124987724876
1
1
1
0.999936946890753
1
0.999502369532259
1
1
0.992615814493063
1
1
1
1
1
1
1
1
0.997799783373665
1
1
1
1
1
1
1
1
0.988163333030565
1
1
1
0.998319951837205
1
1
1
1
1
1
1
1
1
1
1
1
1
1
0.996608116512788
1
1
1
1
1
1
1
1
0.996860317654914
1
1
1
1
1
1
1
1
0.988281579295655
1
1
1
1
1
1
1
1
1
1
1
0.996064452033874
1
0.987454740744871
1
1
0.999995371123701
1
0.998189812637472
1
0.998546961439673
1
1
1
1
1
0.979931806005856
1
1
1
1
1
1
1
1
1
0.982942585971256
0.993226051785101
1
1
0.959616947575798
0.988210729753729
1
1
1
1
0.997044467462304
1
1
1
1
1
1
1
1
0.999303988410735
1
1
1
1
1
1
1
1
0.99617991458262
0.993139062785525
1
1
1
1
1
1
1
1
1
1
0.968129549841826
1
1
1
1
0.98676940692331
1
1
0.9992778126993
0.999903857289255
0.998446040884267
1
1
1
1
1
1
1
1
1
1
0.999924079301643
1
1
1
1
1
0.999812274031251
1
0.993139062785525
1
1
0.99487756434379
0.996860317654914
1
1
1
1
1
0.996027386760105
1
0.999970351108119
1
1
1
0.968912812532641
1
1
1
1
1
0.999906004054341
1
1
1
1
0.9992778126993
1
1
0.997264506773061
0.999539294754938
1
1
0.989708502081721
1
1
0.997201855154296
1
1
1
1
1
1
1
0.993660604575274
1
1
0.999040778953603
1
1
1
1
1
1
1
1
0.986494892792292
1
1
1
1
0.996098451415896
1
1
0.998657933609578
1
1
1
0.994708160670648
0.998477962342167
1
0.99847751001666
1
1
1
1
1
1
1
0.996038369096507
0.998993302638422
0.999948753810837
1
1
1
1
1
1
1
1
1
1
1
1
1
1
0.999630020898915
1
1
1
0.994714456915073
1
1
1
1
1
1
1
0.987661618877098
1
1
0.996608116512788
1
1
1
1
1
1
1
1
1
0.996098451415896
1
1
1
0.988923017092987
1
1
1
1
0.973265813180419
1
0.991710053434836
1
1
1
0.982942585971256
1
1
1
1
1
1
0.996994572435577
0.980350438711717
1
1
1
1
0.991667935280389
0.998864082414626
0.999757048304391
1
1
1
1
1
1
1
1
1
1
0.997431803753154
0.999303988410735
1
1
0.999700893157084
1
1
1
1
1
1
1
1
1
1
1
1
0.999793575035997
1
1
0.991861525001547
1
0.998487968857888
1
1
0.99660585025664
1
1
1
1
1
1
0.994789440994612
1
1
1
1
0.998443311086796
1
0.967776393188259
1
1
1
1
1
1
0.973193806956864
1
1
1
0.99316643083212
1
1
1
1
1
0.994687153707373
0.999030048976256
1
1
1
1
1
1
0.998189812637472
1
1
1
0.994464412557476
1
1
1
1
1
1
1
0.996797895631995
0.983945160607824
0.979122930981096
1
1
0.968912812532641
0.998511193639223
1
1
1
1
0.999628546639273
1
1
1
1
1
1
0.997160163897435
1
0.998578033097167
1
0.999801905662549
1
1
0.999991550827094
1
1
1
1
0.999279234910528
0.992758533754941
0.937204961491652
0.991959781803614
0.988100930424304
1
1
1
1
1
1
1
0.999549442121504
1
1
0.979441767471367
0.998776090574849
0.998319951837205
1
1
1
1
1
0.958063469405391
1
1
0.996621508164409
1
1
1
1
1
0.987222821841514
1
1
1
1
1
1
0.981624335715991
1
1
1
1
1
1
1
1
1
1
1
0.987222821841514
1
1
1
1
1
1
1
1
1
1
1
1
1
1
1
0.997201855154296
1
1
1
1
1
1
1
1
1
1
1
1
1
1
1
1
1
1
1
0.99617991458262
0.996847779414765
0.980666637759685
1
0.993241615001363
1
1
0.987074288288083
0.969456592829087
1
1
0.992645058082517
1
1
1
1
1
1
0.996729506435294
1
1
1
1
1
1
0.999247813668423
1
1
1
1
1
1
1
0.996753504841065
1
0.999924079301643
1
0.999771701193046
1
0.955719930784298
1
0.999711294285802
0.996906682665866
0.995714052921728
1
1
1
1
0.982364797550407
1
1
1
0.99762139722146
1
0.994464412557476
1
1
1
1
1
1
1
1
1
1
1
1
0.999617462558612
1
1
0.999991550827094
0.999811950965727
1
0.936946305628189
0.999605376661459
0.99866127753316
1
0.979176889533724
1
1
1
1
1
1
0.998080004961468
1
1
1
1
1
1
1
1
1
1
0.995313263293561
1
1
1
1
1
1
1
0.997431803753154
1
1
1
1
1
1
1
0.999783513237038
1
1
1
0.998935529523883
0.997431803753154
1
1
1
0.949309123955472
1
1
1
1
1
1
0.98496543871928
1
1
1
1
0.991959781803614
1
1
1
1
1
1
1
1
1
1
1
1
0.990771956249248
1
1
1
1
1
1
0.995976609141829
1
0.983285469400926
0.998477962342167
1
1
1
1
1
1
1
1
1
1
1
1
1
1
1
1
1
1
1
1
1
1
1
1
0.988513562957748
1
1
1
0.990931758164105
1
1
1
1
0.997763423667717
1
0.999140177206345
1
1
0.998753542483545
1
1
1
1
1
0.987307552504259
1
1
1
1
1
1
1
1
1
1
1
1
1
1
1
0.999991001805186
1
1
1
1
0.999991001805186
0.999134208226104
1
1
1
1
1
0.997705931941602
0.998589099157756
1
1
1
0.993196326240756
1
1
1
1
1
0.995487113960185
0.995063066292762
1
1
1
1
1
1
0.996650695310486
1
1
0.998711523860868
1
0.999793575035997
0.999910737520088
0.999970351108119
1
1
1
0.996622661671937
1
1
1
1
1
1
0.973606412342896
1
1
1
1
0.99528297395225
1
0.959781467126467
1
0.998594506244058
1
1
1
0.994041227587049
1
0.99853623546274
1
1
1
1
1
1
0.996599116975591
0.998487968857888
1
1
1
1
0.997264506773061
1
1
1
1
1
1
1
0.998755721938861
1
0.999140177206345
1
1
0.986260075375324
1
1
1
1
1
0.992475861736004
0.998594703605972
1
1
1
1
0.974236503180093
1
1
0.996682072696988
1
1
1
1
1
1
1
1
0.991363784052148
0.997751716398482
0.996971239217349
1
1
1
1
0.998589099157756
1
1
1
1
1
1
0.999887471664304
1
0.990199720140899
1
1
1
0.963094691726407
1
0.997799783373665
1
1
0.976796779457962
1
0.914108789268277
1
1
0.991959781803614
1
1
1
1
0.985464879424485
1
1
0.999279234910528
1
1
1
0.996038369096507
1
1
0.999793575035997
1
1
0.9992778126993
1
1
1
1
1
0.994708160670648
1
1
1
0.998269390493679
1
1
0.999134208226104
1
1
0.996753504841065
1
1
1
0.952995727080262
1
0.987454740744871
1
1
0.996516118758784
1
0.987256878029937
1
1
1
1
1
1
1
1
0.997642471200116
1
1
1
0.992758533754941
1
1
1
1
1
0.995063066292762
1
0.979176889533724
1
1
0.980438553627853
0.998878563408545
1
0.998197190773691
0.99660585025664
1
1
1
0.992088664756234
1
1
1
1
1
1
1
0.997567929824049
1
0.999370626991204
1
0.998878563408545
1
1
1
1
0.998477962342167
1
1
0.946819881772878
0.997369516605121
1
1
1
1
1
0.998511193639223
1
0.983895011770662
1
1
1
1
0.988513562957748
0.998964407796201
1
0.996729506435294
1
1
1
1
1
1
0.999607236181096
1
0.999748902283353
0.999924079301643
1
1
0.994673036344657
1
1
1
1
0.988210729753729
1
0.974766811456928
1
1
1
1
0.990389483283883
0.993139062785525
1
1
1
1
1
1
1
1
1
1
1
1
1
1
1
1
1
1
1
0.999991001805186
1
1
1
1
1
0.999380376366993
1
1
1
1
1
1
0.998065897038569
1
1
1
0.998319951837205
0.991363784052148
1
1
0.962776366276942
1
0.999867437864079
0.999812274031251
1
1
1
1
1
1
1
1
1
1
1
1
1
1
1
1
1
1
0.999993633265372
1
1
1
1
1
1
1
1
1
0.987504172021203
1
1
1
1
0.995692220018076
1
1
1
1
1
0.997369516605121
1
1
1
1
1
1
1
1
1
1
1
0.993725078106753
1
1
0.992088664756234
0.965968064043588
1
1
0.998589099157756
1
1
1
1
1
1
1
1
1
1
1
1
1
1
1
1
1
1
1
0.99853623546274
1
1
1
1
1
1
1
0.99906292100929
1
1
1
1
1
1
1
0.995825737889274
1
1
0.998993302638422
0.998993302638422
1
0.988116626699972
1
1
1
1
1
1
1
1
0.998319951837205
0.998776090574849
1
1
1
1
1
1
1
1
1
1
0.996755570507908
1
1
0.986494892792292
1
0.979120892931033
1
1
1
0.984335119732159
1
1
0.971410238270414
1
1
1
1
1
1
1
0.997381006487623
1
1
1
0.994708160670648
0.99487756434379
1
1
1
1
1
1
1
1
1
1
1
0.967489247172143
1
1
1
1
0.980130633381796
1
0.998487968857888
1
0.988163333030565
1
1
1
1
1
0.933403902924526
1
1
0.990931758164105
0.987504172021203
1
1
0.999524906509784
1
0.961672401830175
1
1
0.999617462558612
0.966543593718529
1
1
1
1
1
1
1
1
0.982942585971256
0.998197190773691
1
1
1
1
1
1
1
1
1
1
1
1
1
1
0.981825520182109
1
1
0.881216096353245
1
1
1
1
1
1
0.983945160607824
1
1
1
1
1
1
1
0.985464879424485
1
1
1
0.999998481396148
0.993196326240756
1
1
1
1
0.995063066292762
1
1
1
1
1
1
1
1
1
1
0.986665483200588
0.998674125046441
1
1
1
1
1
0.996971239217349
1
1
1
0.999617462558612
0.999630020898915
1
1
1
1
1
1
1
1
0.933330637960393
1
1
1
1
1
1
1
1
1
1
1
0.99660585025664
1
1
1
1
1
0.997214805795825
1
1
0.987090413773619
1
0.999906004054341
1
1
1
1
1
1
1
1
1
0.99808926177108
1
1
0.998546961439673
0.991959781803614
1
0.995881280008037
1
1
1
1
1
1
0.996480185920586
1
1
1
1
0.845738031774509
1
1
1
0.969456592829087
1
1
1
0.999985006469736
1
1
1
1
1
0.99660585025664
1
1
1
1
1
0.998269390493679
1
0.993139062785525
1
1
1
1
1
1
1
1
1
1
1
1
1
1
1
1
1
1
1
1
1
0.996753504841065
1
1
1
1
0.987783307397981
1
1
1
1
0.970397183107223
1
0.997705931941602
0.997264506773061
0.980350438711717
1
1
0.999165008357811
1
1
1
1
1
1
1
0.999607236181096
1
1
1
1
1
0.998260996555773
0.994789677781943
1
1
1
1
1
0.999948753810837
1
1
0.99694387164016
1
0.999910737520088
1
1
1
0.99316643083212
1
1
1
0.999599313960272
0.999812274031251
1
1
1
1
0.998993302638422
1
1
1
1
1
1
1
1
0.999502369532259
1
1
1
1
0.998674125046441
1
1
0.999936946890753
0.99617991458262
1
1
1
1
1
1
1
0.988210729753729
1
1
1
1
1
1
1
1
1
0.995063066292762
1
0.997705931941602
0.981526972814798
1
1
1
1
0.991959781803614
1
1
1
1
1
1
0.987806877568953
1
0.999991550827094
1
1
1
1
0.988513562957748
0.991687994806762
1
0.998711523860868
0.984335119732159
1
1
1
1
1
1
0.996729506435294
0.987077274200141
1
1
1
1
1
1
1
1
1
0.988210729753729
1
1
0.999655241932841
1
0.986548548879124
1
1
1
1
0.999897768054114
1
0.97766405514128
1
1
1
1
1
1
0.999793575035997
0.986061308708852
0.996650695310486
1
1
0.993725078106753
1
1
1
1
1
0.99964753404292
0.996621508164409
1
1
1
0.94424705037151
1
1
1
1
0.999983615886594
1
1
1
1
1
1
1
0.998260996555773
0.967620486134957
1
1
0.999247813668423
1
1
1
0.994708160670648
1
1
1
0.957026733082262
1
0.997705931941602
1
0.999954183244847
1
1
1
1
0.999916212999504
0.99866127753316
0.980744497529356
0.969834431201346
1
1
0.999994468287967
1
1
0.991008991168566
1
0.908352636970727
1
1
1
1
1
0.999600371766576
1
1
1
0.998711523860868
1
1
0.996048852432635
1
0.987152401600398
1
1
1
0.986756740866871
1
1
0.997009246185681
1
1
0.996755570507908
1
0.999970351108119
1
0.980297759802801
1
1
1
1
1
1
0.980438553627853
1
0.980350438711717
1
1
1
1
1
1
1
0.960997629915221
1
1
1
1
0.979583444864739
1
1
1
1
1
1
1
0.991061286685123
1
1
1
1
1
1
1
1
0.990173588140698
1
1
1
1
0.999279234910528
1
1
1
1
0.993226051785101
1
1
1
1
0.99992589328403
1
1
0.95788205072747
0.923579225832948
0.992741893477815
1
1
0.998065897038569
1
1
1
1
1
0.992708792103395
0.996274088625781
1
1
1
1
0.986579308617727
1
0.988281579295655
1
1
1
1
1
0.998260996555773
1
1
1
1
0.996064452033874
1
1
1
1
0.997431803753154
1
0.98676940692331
1
1
0.999692135953715
1
1
0.995152206547753
1
0.999700893157084
1
1
1
0.991499423057315
1
1
1
1
0.993139062785525
1
1
1
1
0.997021479424497
1
0.996853647291914
1
1
1
1
1
1
1
1
1
1
1
0.99959559184391
1
1
1
0.999954183244847
1
1
1
1
1
0.961961220033919
1
1
1
1
1
0.998559235441571
1
1
0.97766405514128
1
0.996729506435294
0.96976995994087
1
1
1
1
1
1
1
0.996673475696451
1
1
1
1
1
1
0.993126143618834
1
0.999675544595513
1
0.997264506773061
1
1
1
0.987222821841514
1
1
1
0.997264506773061
1
1
0.991742876885783
0.993700332982277
1
1
0.996342635400009
0.999992173222346
1
1
1
1
1
1
1
1
1
1
0.99762139722146
1
0.999283200898489
0.999678833692905
1
1
1
1
1
1
1
1
1
1
0.996218211718272
1
1
1
1
1
0.945930707423349
1
1
1
1
1
1
0.928093394979815
1
1
1
1
1
1
1
1
1
1
1
1
1
1
1
1
0.998319951837205
1
1
0.975694281683803
1
1
1
1
1
0.992708792103395
1
1
0.996847779414765
1
1
0.987090413773619
0.996064452033874
1
1
0.999954183244847
1
1
0.983162623867633
1
0.967620486134957
1
1
1
1
1
0.996608116512788
0.999388973717687
1
1
1
1
1
0.994041227587049
1
1
1
1
0.998092621574456
1
1
1
1
1
1
1
1
1
0.993196326240756
1
1
0.996729506435294
1
0.999549442121504
0.999811950965727
1
1
0.996328029902379
1
1
1
1
1
1
0.999871427124978
1
1
1
1
1
1
0.990485278320549
1
0.992741893477815
0.90436027840794
1
1
1
1
1
0.990931758164105
1
1
1
0.999244097804564
1
0.990621789632855
1
0.996608116512788
0.999628546639273
1
1
1
1
1
1
1
1
1
1
0.999030048976256
1
1
1
1
1
0.974327032649808
1
0.870584583065265
1
1
1
1
1
1
1
1
0.999244097804564
0.99694387164016
1
1
1
1
1
1
1
1
1
1
1
1
1
1
1
1
1
0.994753944557318
1
1
1
1
1
0.990238604271793
1
1
1
1
1
1
0.998511193639223
1
0.998252059332295
1
1
1
1
1
0.992066366013587
0.99257519595126
1
1
1
1
1
1
1
1
1
0.99875318058032
1
1
1
0.993740210204682
1
0.997322312535093
1
1
1
1
0.999387929646568
1
1
1
1
1
1
0.999600371766576
1
1
1
1
1
0.961672401830175
1
1
1
1
1
1
1
1
0.995869617885224
1
1
0.960964219434909
1
1
1
0.988151342313949
0.992678372070062
0.976461836772122
0.989472700785036
1
1
1
1
1
1
0.999608054487757
1
0.993700332982277
1
1
1
1
1
1
1
1
0.919974461961985
1
0.998197190773691
1
0.991667935280389
1
0.999706011332816
0.9992778126993
1
1
1
0.999851339301503
0.992615814493063
1
1
1
1
0.997477086731803
0.995825737889274
1
1
0.997462811880598
1
1
1
0.999030048976256
1
0.990199720140899
1
1
1
1
1
1
1
1
0.996729506435294
1
1
1
1
1
0.999867437864079
1
1
0.957326531893418
1
1
1
1
1
1
1
1
1
1
0.995714052921728
1
0.972649923728786
1
1
0.993371278810824
1
0.98358266609365
0.999867437864079
0.978613046269486
1
0.999999662906625
1
1
1
1
1
1
1
0.99257519595126
1
0.990323347077743
1
0.998847901246061
0.995825737889274
1
1
1
1
1
1
1
1
1
0.995152206547753
1
1
0.997160163897435
0.990552133443749
1
1
0.998226457127497
0.993126143618834
1
1
1
1
1
1
1
1
1
1
1
1
0.997381006487623
1
1
0.973918916326942
1
0.965031910552372
1
1
0.999577741176555
0.981120845934052
0.955719930784298
1
1
1
1
1
0.996753504841065
0.994734384541962
1
1
1
1
1
1
1
1
1
1
1
0.996342635400009
1
0.992645058082517
1
1
1
1
1
1
1
0.995714052921728
0.998592955383672
1
0.999645183919605
1
1
1
0.999380515339281
1
1
1
0.984335119732159
0.994416063304753
0.999618558314601
0.94573635574847
1
0.998197190773691
1
0.993226051785101
1
1
0.998594703605972
1
1
1
1
1
1
1
1
0.992933263409229
1
0.996729506435294
1
1
1
1
1
1
1
0.937204961491652
1
1
1
1
1
1
1
1
1
1
1
0.926615570748476
1
1
1
1
1
1
1
1
0.988163333030565
1
1
1
1
1
1
1
1
1
0.996098451415896
1
1
1
1
1
1
1
1
1
1
1
0.99491520552822
1
1
0.999998481396148
1
1
1
1
1
1
1
1
1
1
1
1
1
1
1
1
1
1
1
1
0.973265813180419
1
1
1
1
1
1
1
1
1
0.996755570507908
1
1
0.987504932685964
1
1
1
1
1
1
1
1
1
1
0.9992778126993
1
1
1
0.989183632799688
1
1
1
0.992088664756234
1
0.998743948919765
1
1
1
1
1
1
1
1
1
0.998501012742299
1
1
1
1
1
0.976958629072602
1
1
1
1
1
1
1
1
1
1
1
1
1
1
1
1
1
1
1
1
1
0.994041227587049
0.996860317654914
1
1
1
0.999515155194034
0.99875318058032
1
1
1
1
1
1
0.976958629072602
1
1
1
0.982942585971256
0.998674125046441
1
1
1
1
0.992758533754941
1
1
0.998477962342167
0.981526972814798
1
0.990529339453498
0.971590913864161
0.950825525062484
1
1
1
1
1
1
1
1
0.996682072696988
1
1
1
0.987454740744871
1
1
1
1
1
1
1
1
1
1
0.984335119732159
1
1
1
0.9822576171144
1
1
1
1
1
1
1
1
1
1
1
1
1
0.999887471664304
1
0.994821141537258
1
1
1
1
1
1
0.998657933609578
1
0.999998481396148
1
1
1
1
1
1
0.99579145958237
1
0.999223826441583
1
0.997567929824049
0.999778094628487
1
1
1
1
1
0.999999662906625
1
1
1
1
1
0.998546961439673
1
0.999601945846885
1
1
0.997119933848148
1
1
1
0.999801905662549
1
1
0.95670668055127
1
0.960101166104717
0.999628546639273
1
1
1
0.993139062785525
1
0.992758533754941
1
1
1
0.999605376661459
1
0.980078134174668
1
1
1
1
1
1
1
0.999991001805186
1
0.999903857289255
1
0.989723063491465
1
1
1
1
1
0.999945634939102
1
1
1
0.999643171898624
1
1
0.98771611585821
1
1
1
1
1
0.981752707058516
1
1
1
1
1
1
0.997021479424497
1
1
1
0.975634715713006
1
1
1
1
1
1
0.997369516605121
1
1
1
1
1
1
1
1
1
1
0.994041227587049
1
1
1
0.987504932685964
1
1
0.999549442121504
1
1
1
1
1
0.998594703605972
0.975792536931884
1
1
1
1
1
1
1
0.939287996836623
1
1
1
1
0.999963812651358
1
1
1
1
0.988855750823665
1
0.99853623546274
1
1
1
1
1
1
1
1
1
1
1
1
0.997953340204185
0.934462535704366
1
1
1
1
1
1
1
1
1
1
1
1
0.972234514511525
0.999811950965727
1
1
1
0.973411488067776
1
1
1
0.987256878029937
0.999711294285802
0.880943289662573
0.999964211463599
1
1
1
0.995841233107593
0.999706011332816
1
1
1
1
1
0.942895740132301
1
1
1
1
0.999511194548607
1
1
1
0.997044467462304
1
0.989723063491465
1
