x
0.999650880791547
1
1
1
1
1
1
1
1
1
0.998879184557192
1
1
0.996265374038188
1
1
1
1
0.99970706494744
1
1
1
1
1
1
1
0.996673407330694
1
1
1
0.991984339927931
0.965939664759172
0.999636907145314
0.99996345104461
0.999011704778093
0.88463288027235
1
0.999895265842984
1
0.999469039693174
1
0.995336301793094
1
1
1
1
1
0.987184233963627
1
1
1
1
1
0.998266715153486
1
1
1
1
1
1
1
0.999578363134976
1
0.999211651130975
1
0.992603457665979
1
1
1
1
1
0.98811089970329
0.999413520939831
0.999394421465512
1
1
1
1
1
0.998669656612549
1
1
1
0.99795992032779
1
1
1
1
1
1
1
1
1
1
0.997720544763089
1
0.99997026567772
1
1
1
1
0.999733672111243
1
1
1
1
0.947875340284082
1
1
1
1
1
1
1
1
1
1
1
0.999011704778093
1
1
1
1
0.993014376935012
1
1
0.987773868693933
0.94736574118082
1
1
1
1
1
1
1
1
0.99840477913336
0.99989840616768
1
1
1
1
0.986992704843021
0.999883365078649
0.94282573760672
1
1
1
1
1
1
1
1
1
1
0.999946077183251
1
1
1
1
1
1
1
1
1
1
1
0.999397116114809
1
1
1
0.999495193794635
1
1
1
0.999250405127157
1
1
0.999865615446217
1
1
0.999429532948809
0.999435633923888
1
1
1
1
1
1
1
1
0.99930773745946
1
1
0.99896615930205
1
0.999644277223573
1
0.999697448970823
1
0.985812071805181
1
0.999879478316651
0.988585796283359
0.991984339927931
1
1
1
1
1
1
1
1
1
1
1
0.999956805289739
0.999258071064202
1
1
0.996800672182996
1
1
1
1
1
0.999578363134976
1
1
1
1
0.997542552834778
1
0.999397116114809
0.999934483458607
1
0.998970684719545
1
1
1
1
1
1
1
1
1
0.998856629936666
1
1
1
1
1
1
0.999288390081297
1
1
1
1
1
1
1
1
1
1
0.999879699344554
0.999618153521235
1
1
1
1
1
1
1
1
0.997118327282514
1
1
0.999877407572005
0.994335462642636
0.999725867887675
1
0.999911589999669
1
1
1
1
0.904108427498896
1
0.999189578074014
1
0.999188249964915
1
1
0.981656125652215
1
0.992078637208651
1
0.999250405127157
1
1
1
1
0.996800672182996
1
1
1
1
1
1
1
1
1
1
1
1
1
1
0.999865615446217
1
0.984019841232198
1
0.999770293560107
0.999397116114809
1
1
1
0.999934483458607
1
0.9868777384379
1
1
1
0.999888209291453
1
1
1
1
1
1
1
0.999984705999727
1
1
1
0.99987472663659
1
1
1
1
1
0.999738320744299
1
1
1
0.999913217145881
1
1
1
1
1
0.93263677577186
1
1
1
1
0.999417021842842
0.998770247765592
1
1
1
1
0.999620001148909
1
1
1
1
1
1
1
1
1
1
0.999128156215078
1
1
1
1
1
1
1
1
1
1
0.999770293560107
0.99994899159444
1
1
1
1
1
1
1
1
1
1
1
1
1
1
0.996365378803304
1
1
0.999128156215078
1
1
1
0.994940324830684
1
1
1
1
1
1
1
1
1
1
1
1
1
1
1
0.996541071104667
1
1
0.999672252884734
0.97964969811457
1
0.980864536111495
1
0.999896127175487
1
0.999428345453186
1
1
1
1
1
1
1
0.998902286944116
1
1
1
1
1
1
1
0.999756320499864
1
1
1
1
1
0.946158420623666
1
1
1
1
1
1
1
1
1
0.999770293560107
1
1
0.999890987707315
1
1
1
1
1
0.999324361951976
1
1
1
1
1
1
0.839085325401236
1
1
1
1
0.999680427004618
1
1
1
1
0.999082623169756
1
0.99965861816578
1
1
1
0.99375141935063
1
0.866178825064439
0.898522597289134
1
0.99746179620951
0.992836184892987
1
1
1
1
1
1
1
1
0.999618228537738
1
1
1
1
0.982638969251668
1
1
1
1
1
1
1
1
0.997720544763089
0.900197025337003
1
1
1
1
1
1
1
0.97455707697618
1
1
0.996189928544519
1
1
0.99790535978096
1
1
1
1
1
0.998970684719545
1
0.999875214822547
1
1
0.999469039693174
0.999413520939831
1
1
0.999720306847865
1
1
0.998645668146965
1
0.999952880261248
1
1
1
1
1
0.999961142984498
0.991112146215868
1
0.999582551379994
1
1
1
0.999933622030565
1
1
1
1
1
1
1
0.997907517848231
0.99932978497605
0.99965623199746
1
1
1
1
1
0.999458993436077
1
1
1
1
1
1
0.999384034322129
1
1
1
1
1
0.999211651130975
1
1
1
0.999884192993304
1
1
1
1
1
1
1
1
1
1
1
0.999680427004618
1
1
0.997317858071655
1
1
1
1
1
1
1
1
1
1
1
0.999770293560107
1
1
1
1
0.992483566747911
1
1
1
1
1
0.996520386718971
1
0.999770293560107
1
0.999595026055011
0.982289627124312
1
1
1
1
0.999750091817187
0.999719853523639
1
1
1
1
1
0.999720948773763
1
1
1
1
1
1
0.987251972039358
1
0.999835960472775
0.904108427498896
1
1
1
1
0.99988088690217
1
1
1
1
1
1
1
1
1
1
0.999725867887675
1
0.999886465240245
0.999919734449214
1
0.999402237044997
1
1
0.996471905013904
0.998900120679927
1
1
1
1
1
1
1
1
1
1
1
1
1
1
1
1
1
0.999636907145314
0.839085325401236
0.839594212135215
0.98610369847335
1
0.996189928544519
1
1
1
0.999875806341029
1
1
1
0.999811164881847
1
0.997649314325546
1
1
1
1
0.999191458649924
1
0.999674709432412
0.998603241562283
1
0.999760703555101
1
0.93263677577186
1
1
1
1
0.999760703555101
1
1
0.999650880791547
1
0.975104939828703
1
0.913304732745936
1
0.987090389111469
1
1
1
1
0.999192000561109
1
0.957859114690104
1
1
1
1
1
1
1
1
1
1
1
1
0.994335462642636
1
0.998952518214079
0.997986713396427
1
1
1
1
0.989144821429223
0.999876398697533
1
1
0.998317605614429
1
1
1
0.999956805289739
0.999855776043805
1
1
1
1
0.999446809378631
1
1
0.965144438667632
1
0.999727843442667
0.999731008548273
1
0.999895265842984
1
1
1
0.999902481082371
1
0.999873877383207
1
0.999956805289739
1
1
1
0.99990461483531
1
1
1
1
0.99989840616768
0.978793158246914
1
0.965804744056171
1
1
0.999746181526446
1
1
1
0.997028652014566
1
1
1
0.999727843442667
1
1
0.94929504743378
1
1
1
1
1
1
1
1
1
1
1
0.99978207695304
1
1
0.999884192993304
1
1
1
0.999961142984498
1
1
1
1
1
1
1
0.999951618150061
0.999902481082371
1
0.99990461483531
1
0.998122457502045
1
1
1
1
1
1
1
1
0.999020627748231
1
1
1
1
1
1
0.999937396375222
1
0.99980881194832
1
1
0.999865615446217
1
1
1
1
0.999276734981534
1
1
1
1
1
1
1
1
1
1
1
1
1
1
1
0.99996345104461
0.997172963675894
1
1
0.999992438628351
1
1
1
1
1
0.999937396375222
0.982638969251668
0.960986559184162
1
1
1
1
1
1
1
0.999750091817187
1
1
0.999911589999669
0.997284227441051
1
1
1
1
0.997649314325546
1
0.98811089970329
1
1
1
0.965939664759172
1
1
1
1
1
0.999902481082371
1
1
1
1
1
1
0.998695143734477
0.997907517848231
1
1
1
1
1
1
1
1
0.999606634803999
1
1
1
1
1
1
0.99970706494744
1
1
0.984152084212873
1
1
1
1
1
1
0.999725867887675
1
1
1
0.99932978497605
1
1
0.998305030838871
1
1
1
0.997955173590769
0.999043892925765
1
0.999578363134976
1
1
1
1
1
0.996371273393969
0.99937010145373
1
1
0.966884953641459
1
1
0.992143353005713
0.999723604694204
0.999406573782313
0.999733672111243
1
0.999211651130975
1
1
1
1
0.999953124141455
0.993014376935012
1
1
1
1
1
1
1
1
1
1
1
0.997172963675894
1
0.99909935211939
1
1
1
0.999618228537738
1
0.999566719762334
0.999435633923888
1
0.9868777384379
0.92692501163602
0.999391436772387
1
0.999760703555101
1
1
1
1
1
1
1
1
0.99997026567772
1
1
1
1
0.999082623169756
1
0.894104374174104
1
1
1
1
1
1
0.996236025848833
0.974040775808823
1
1
1
1
0.999725867887675
1
0.999819868568278
1
0.999965895477958
1
0.999737457461504
1
0.999728005471705
1
1
1
1
1
1
1
1
1
1
1
0.999402237044997
0.99330986181655
0.999728005471705
1
1
1
1
1
1
1
1
1
1
1
1
0.999756320499864
1
0.933722424560902
0.99963936462939
1
1
1
1
1
1
1
1
0.999911589999669
1
0.999495193794635
1
1
1
1
1
1
1
0.999946077183251
1
0.999706586412132
0.998955229241105
1
1
1
1
0.999720948773763
1
1
1
1
1
1
1
1
1
0.999971342409017
1
1
0.999786856969497
1
1
0.999690653242558
1
1
1
1
1
1
1
1
0.999865615446217
1
0.903221581776767
1
1
1
1
1
1
1
0.99937010145373
1
1
1
1
1
1
0.998931173092506
1
0.999575382206507
1
1
1
1
1
0.999895265842984
0.997908011198025
0.998290618578163
1
1
1
1
1
1
1
1
1
1
1
1
1
0.998651994857282
0.998786230652365
1
1
0.999650880791547
0.999250405127157
1
1
1
1
1
1
1
1
1
0.994049044862699
1
1
1
1
1
0.999872959658918
1
1
0.999900040039387
1
1
1
1
0.999093102658983
1
1
1
1
1
1
1
1
1
1
1
0.99988088690217
1
1
1
1
1
1
1
1
1
1
0.997688327041526
1
1
0.999927947478962
1
0.890441811620717
1
0.992939762561624
1
0.999838875071562
1
1
1
1
1
1
1
0.99963012471285
1
1
1
1
1
1
1
1
1
1
1
1
1
1
1
0.999811257581496
1
1
1
1
1
1
0.987251972039358
0.977291101543393
1
1
1
1
1
0.973908847612166
0.999999203360392
1
0.996082786520628
1
1
1
1
0.996265374038188
1
0.99932978497605
0.896178505265786
1
1
1
0.92692501163602
1
1
1
1
1
1
0.998144407989361
0.99996345104461
1
1
0.999017148927474
1
0.999801607533557
1
1
1
1
1
1
1
1
1
0.99840477913336
1
1
0.989811278991504
1
1
1
1
1
0.997649314325546
1
1
1
1
1
0.999397116114809
1
1
1
1
1
1
1
0.999879699344554
1
1
1
1
1
1
1
1
0.804028449525177
1
1
0.999892943087557
1
1
0.821420470026226
0.89389298126287
0.999956805289739
1
1
0.999651421377911
0.999681100084517
1
1
1
1
1
1
1
0.999495193794635
1
0.993452780948387
1
1
0.999906251380926
1
1
1
1
0.999864132625198
1
1
0.998690773627041
0.99975175835044
1
1
1
0.999992438628351
1
1
1
1
1
1
1
1
1
1
1
1
1
1
1
0.999650880791547
1
1
1
1
1
0.977644044083167
1
1
1
1
0.999535925697564
1
0.987090389111469
1
1
1
1
1
1
1
0.996587126511478
0.999428345453186
1
1
0.974036661509647
1
1
1
1
1
1
1
0.999546539565648
1
0.999623095374544
1
1
1
1
1
1
0.99975175835044
1
1
1
1
1
0.99967075359553
1
1
1
1
0.997720544763089
1
0.999879699344554
1
0.999658938747402
0.999756320499864
1
1
0.509654220068025
0.999469039693174
1
1
1
1
1
1
0.959051927059508
1
0.999390027184049
0.998578015328311
0.999902481082371
1
1
1
0.999725867887675
1
1
1
1
1
1
0.999723604694204
1
1
1
1
1
1
1
1
1
1
1
1
1
1
1
0.998679453803842
1
0.999180807424443
1
1
1
1
1
1
1
1
1
1
1
0.99932978497605
1
0.999564680466264
0.999681100084517
1
1
1
1
1
1
1
1
1
1
1
0.999961142984498
1
1
0.996541071104667
1
1
1
1
0.999874928695349
1
1
1
0.999735899986595
1
1
1
1
1
1
0.980864536111495
1
0.998204883070315
1
1
1
1
1
0.999195440503147
0.97415857600598
0.997955173590769
1
1
0.999265304393555
0.996183778937127
1
1
1
1
1
1
1
0.99963936462939
0.999892943087557
1
1
0.99989840616768
1
1
1
1
1
1
0.905065931833926
1
0.984152084212873
1
1
1
1
1
0.999811257581496
1
1
1
0.957859114690104
1
1
1
0.998282358343586
0.996760693732761
1
1
1
1
1
0.998952518214079
1
0.99313977965861
1
1
1
1
1
1
0.998690773627041
0.999618228537738
1
1
1
1
1
1
0.999874928695349
1
1
1
1
1
0.99840477913336
0.999902481082371
0.999953124141455
0.998957487483513
0.952141266765607
1
0.999956805289739
1
1
1
0.99965861816578
1
1
0.996183778937127
1
1
1
1
0.999560819854933
1
0.733077963628468
1
0.996471905013904
1
1
0.993355869638218
1
1
1
1
0.999972111728946
1
1
1
0.999389031714312
1
1
1
0.999876398697533
1
1
1
1
1
1
1
1
1
1
1
1
1
1
1
0.999946077183251
0.999879478316651
1
1
1
1
1
1
1
0.999180807424443
1
0.998367055339425
0.999294935402204
0.998269604884207
1
1
1
1
1
1
0.999888209291453
1
1
1
0.999561532879172
0.999992438628351
1
1
1
0.999651421377911
1
0.999723604694204
0.999564680466264
1
1
1
1
1
1
1
1
1
0.998367055339425
1
1
1
1
1
1
1
1
1
1
1
0.975955801102548
0.99781871566974
1
1
1
1
1
1
1
0.99930773745946
1
1
1
1
1
1
0.999419366410585
0.999913217145881
1
1
1
1
1
1
1
0.999687526007194
1
1
1
1
1
0.999939893424941
1
1
1
1
1
1
1
1
1
1
0.999372720686573
1
1
1
1
0.996183778937127
1
1
0.999650880791547
1
1
1
1
1
1
1
0.99978207695304
1
1
1
1
0.999636907145314
1
1
1
1
1
1
1
0.977291101543393
1
1
1
0.999389031714312
1
1
1
0.988294052509845
1
0.997284227441051
0.993157516858833
1
1
1
1
1
0.999886465240245
1
1
0.993345626825774
0.99896615930205
1
1
1
0.999855776043805
1
1
1
1
1
1
1
1
1
1
1
1
1
1
1
1
1
0.999220917111032
0.998282358343586
0.999746653935192
1
0.983334045880405
1
1
1
1
1
1
1
1
0.999937288180953
1
0.998858008545325
1
0.998962998459609
0.954207672756389
1
1
1
1
1
0.999951618150061
1
1
0.999564680466264
0.999566719762334
0.959039685881139
1
1
1
1
0.997907517848231
1
1
1
1
0.971757948442535
1
1
0.999324342917363
1
1
0.985099186458311
1
1
1
1
1
0.999719853523639
1
1
1
0.984019841232198
1
1
0.999738320744299
1
1
1
1
1
1
1
1
1
1
0.97959011397612
1
0.999819868568278
1
1
1
1
0.998164689410807
1
1
1
1
1
0.989811278991504
1
1
0.977788854292445
1
1
1
1
0.999582551379994
1
0.996904585638592
0.999625796574641
1
0.999728005471705
0.999618228537738
1
1
0.999781245636036
1
1
1
1
1
1
0.999602217922133
1
1
1
1
1
1
1
1
1
0.997391663881894
0.714310179389091
1
1
1
1
1
1
1
1
1
0.915988858198749
1
1
1
1
1
0.999746181526446
1
1
1
1
1
1
1
1
1
0.999811164881847
1
1
0.999024412911926
0.999428345453186
1
1
1
0.999562542537943
1
1
0.996678739773887
0.998962998459609
1
1
1
1
1
1
1
0.999188249964915
1
0.999746653935192
1
0.999959042827753
1
1
1
0.999700035337714
1
1
1
1
1
0.997391663881894
1
1
0.926030159486293
1
1
1
0.99963936462939
1
1
1
0.999772020576122
0.99973776420755
0.997304640214509
1
1
1
1
0.98610369847335
1
1
1
1
1
0.973805856575049
1
1
0.92692501163602
1
1
1
1
0.998317605614429
0.999878288267615
1
1
1
1
1
0.995521282013736
0.999240686817408
1
1
1
1
1
1
1
1
1
1
1
1
1
1
1
1
1
1
0.999786856969497
1
1
1
1
1
1
1
1
1
1
1
1
1
0.852743344912368
0.99922871300352
1
1
1
1
1
1
0.999447113662136
1
1
1
1
1
1
1
0.998645248153376
1
1
1
1
1
1
1
0.999397268364485
1
1
1
1
0.998305030838871
1
0.999674709432412
1
1
0.999742987195111
1
1
0.99967075836779
1
1
1
1
0.999562909049598
0.998944847143698
1
0.999429532948809
1
1
1
1
1
1
1
1
1
1
1
1
1
1
1
1
1
1
1
0.913887206883499
1
1
1
1
1
1
1
0.999093102658983
1
1
1
1
1
1
0.972333949272188
1
1
1
0.981598541022943
1
1
1
1
1
1
1
0.99539545184537
1
1
1
1
0.957859114690104
1
0.992041561416302
0.631438795564868
0.999594208460131
1
1
1
0.996183778937127
1
1
1
1
1
1
0.999560819854933
1
1
1
1
1
0.999494628257749
1
1
1
1
1
0.998973727126603
1
1
1
1
0.999333746096032
1
1
0.999902481082371
1
1
1
1
1
1
1
1
1
0.999932441856963
1
0.991984339927931
0.991517965274719
0.999595948057892
1
1
1
0.999900040039387
0.99987472663659
1
0.997720544763089
1
1
1
1
1
1
1
1
1
1
1
1
0.999874928695349
1
1
1
0.999595026055011
0.998996045119272
1
1
0.99970706494744
1
1
1
1
1
1
1
1
1
1
0.999664215708838
1
1
1
1
1
1
1
1
1
1
1
0.999720948773763
1
1
1
1
1
1
0.821420470026226
1
0.99967075836779
0.999570104751267
1
0.9987895734653
1
0.998976397453493
0.998317605614429
1
0.999681100084517
0.999737457461504
1
1
1
1
1
1
0.999756320499864
1
0.997863772323218
1
0.99987472663659
1
1
1
1
1
0.999756320499864
0.999324361951976
1
1
1
1
1
0.999643909491461
1
0.999343474371125
1
1
1
1
1
1
1
0.999939893424941
1
1
1
1
0.995863988589733
1
1
1
1
1
0.988585796283359
0.999357377821264
1
1
1
1
0.999020627748231
1
1
1
1
0.986721685166417
1
1
0.999947745596936
1
1
1
1
1
1
1
1
0.999932441856963
1
1
1
1
1
1
1
1
0.999961142984498
1
1
1
1
1
0.999220917111032
1
0.978085184662621
0.999811164881847
1
1
1
1
0.999725867887675
0.994430314488058
0.99987472663659
1
1
1
0.99978937729092
1
1
1
1
1
0.999525462359379
1
1
0.999578363134976
1
1
1
1
0.981656125652215
1
1
0.999578363134976
1
0.999886465240245
1
1
0.97964969811457
1
1
0.999973644617134
0.999875820718429
1
1
0.99992607047044
1
1
1
1
0.914733366123781
1
0.999737457461504
1
1
1
1
1
1
1
1
1
1
1
1
1
0.999725867887675
1
1
1
0.999633767444913
0.99973776420755
0.999723604694204
0.999939893424941
1
1
1
0.923960702287009
0.999741086452204
1
1
1
1
1
1
1
1
1
1
1
1
1
0.913304732745936
1
1
1
1
1
1
1
1
1
1
0.997028652014566
1
1
1
1
1
1
1
1
1
1
1
1
1
1
0.996183778937127
1
0.999189578074014
1
1
0.999276734981534
1
1
0.972422524776592
0.999394421465512
1
1
1
1
1
1
0.991971378158881
1
0.997597353994323
1
1
1
1
1
1
1
0.999837629904687
1
0.996234668247956
0.993014376935012
1
1
1
1
1
0.999562542537943
1
1
1
1
1
1
1
1
1
1
1
1
1
1
0.991984339927931
1
1
1
1
1
1
1
1
1
0.999700035337714
1
1
1
0.999908607862537
1
1
0.999594208460131
0.88463288027235
1
0.999578363134976
1
0.999983138964159
1
0.999984705999727
1
1
1
0.751533682742451
1
1
1
1
1
1
0.972422524776592
1
1
0.998679453803842
1
1
0.981381469011743
1
1
1
1
0.999324342917363
1
1
1
1
0.999746653935192
0.999838875071562
0.999288390081297
1
1
1
1
1
0.913304732745936
1
1
1
0.99963012471285
1
1
1
1
1
1
1
1
1
1
0.999188249964915
1
1
1
1
0.999290932789168
1
1
1
0.996052169841047
1
0.999128156215078
1
0.936320476388956
1
1
1
1
1
1
1
1
1
1
0.895060730456054
1
1
1
1
1
1
1
1
1
1
0.999494628257749
1
1
1
1
1
1
1
1
1
1
1
1
1
1
0.999946077183251
1
1
0.999294935402204
1
1
1
0.999195440503147
1
0.99684084916058
1
0.999971342409017
1
1
1
1
1
1
1
0.992483566747911
1
1
1
1
0.994565696011342
1
1
1
0.997290776806874
1
1
1
1
0.999735899986595
1
0.999722308068765
1
1
1
1
1
0.996904585638592
1
1
1
1
1
1
0.999562542537943
1
1
1
0.999690653242558
1
1
0.999719853523639
1
1
1
0.996678739773887
0.974036661509647
1
0.984019841232198
1
1
0.999913217145881
0.952200408670988
1
0.999801607533557
1
1
1
1
0.999570279099231
0.999888209291453
1
1
1
1
1
1
1
1
1
0.962060561932389
1
1
1
1
0.994534672939008
0.996800672182996
1
1
1
1
1
1
1
1
1
0.999188249964915
1
1
1
1
1
1
0.981381469011743
1
0.999043892925765
1
1
1
1
0.981245973288727
1
1
1
0.98100180637792
1
1
0.997325009365298
0.999495193794635
1
1
1
1
1
1
1
1
1
1
1
1
0.999625796574641
1
1
1
1
1
1
1
1
1
1
1
0.999680427004618
1
1
1
0.999720306847865
0.959051927059508
0.999384034322129
1
1
1
1
1
0.999723604694204
1
1
0.992483566747911
0.999896312670124
0.995194947213557
1
1
1
1
1
1
1
1
1
1
0.999664215708838
1
0.99920586643241
0.997926883918516
1
1
1
1
1
1
1
1
1
1
1
1
1
1
1
1
1
1
1
1
1
1
1
1
1
0.996265374038188
1
1
0.977488191747857
1
0.904108427498896
1
1
1
0.999785219031688
1
1
0.999650880791547
0.99963012471285
1
1
1
0.980864536111495
0.997340914240592
0.96441641602971
1
1
1
1
1
0.999723604694204
0.999535925697564
1
0.99932978497605
1
1
1
1
1
1
1
1
0.99028312707624
1
1
1
1
0.987053436452009
1
1
1
0.99997026567772
1
1
1
1
1
0.999195440503147
1
1
0.996426810890166
0.99932978497605
1
1
1
1
1
1
1
1
1
1
1
1
1
0.999687526007194
0.998970684719545
1
0.872879235108836
1
1
1
1
1
0.99684084916058
1
0.999413520939831
0.945999049782064
1
0.999735899986595
0.999882711518048
0.99983909213812
1
1
1
1
1
1
1
1
1
0.993355869638218
1
1
1
1
1
0.981598541022943
1
1
0.999882711518048
0.99937010145373
0.9996816013547
0.999843322898003
1
1
1
1
1
1
1
1
1
0.956957080107176
0.999402237044997
0.999469039693174
1
1
1
0.999672252884734
1
1
1
1
0.998642061514846
1
1
1
0.981598541022943
1
1
1
1
1
1
1
1
1
1
1
1
0.999288390081297
1
1
1
1
1
0.99932978497605
1
1
1
1
1
1
1
0.975489496545714
1
1
1
1
0.981562571099244
1
0.999240686817408
1
1
1
0.999561532879172
1
1
1
1
1
1
0.997863772323218
1
1
1
1
1
1
1
1
0.999265304393555
1
1
1
1
1
1
0.999633767444913
1
1
0.99375141935063
1
1
1
1
1
1
0.99985348021941
1
1
1
1
1
1
1
1
1
1
1
1
1
0.99978937729092
1
0.995076948145418
1
1
1
1
1
0.997720544763089
1
1
0.99896615930205
1
0.999811257581496
1
0.999756320499864
1
1
1
1
0.998164689410807
1
1
1
1
0.99629217899393
0.999623095374544
0.999835960472775
0.915582334269295
1
0.999706586412132
0.957471201623668
1
1
1
0.896178505265786
1
0.954975981936771
1
1
1
1
1
0.999566719762334
1
1
1
1
0.938151134712273
0.998970684719545
1
1
1
0.999664757660626
1
0.999873143522255
1
1
1
1
1
1
1
0.999020627748231
1
1
1
0.999793543489064
1
1
1
1
1
0.914812446616659
1
1
1
1
1
1
1
0.985099186458311
1
1
1
1
1
1
1
1
1
0.99999491065291
1
0.97878515137432
1
1
1
1
1
0.99988088690217
0.976647601479714
1
1
0.974854595703794
1
1
1
1
1
1
0.999578363134976
1
0.999980640668138
1
1
1
1
1
1
1
1
0.999148173348688
1
0.989144821429223
1
1
0.99949359516479
1
1
1
1
1
1
0.999896312670124
0.999906251380926
1
1
1
0.967506300912788
0.999333746096032
1
1
0.996652897186195
1
1
1
1
1
1
1
1
1
1
1
1
1
1
1
1
0.999566719762334
1
0.915065540778648
1
1
1
0.999983138964159
0.999469505008004
1
1
1
1
1
0.950589317688042
1
1
0.962060561932389
1
0.975104939828703
1
1
1
1
1
1
1
1
1
1
1
1
0.999913217145881
0.97959011397612
1
1
1
1
1
1
1
1
1
1
0.999575382206507
1
1
1
1
1
1
1
1
1
1
1
1
1
0.975489496545714
1
1
0.999700035337714
1
1
0.896178505265786
1
1
1
1
0.999933622030565
1
0.99313977965861
1
1
1
1
1
1
1
1
1
0.996183778937127
1
1
0.999874928695349
1
0.998380671902656
1
1
0.999728005471705
1
1
1
1
0.999265304393555
1
0.998772761419533
1
1
1
0.866178825064439
1
1
1
0.999324361951976
0.999980640668138
1
1
1
1
1
1
1
1
1
0.999731008548273
0.998879184557192
0.999720306847865
0.996678739773887
1
0.999746181526446
1
1
1
1
1
0.999877407572005
0.998354674854335
1
1
0.999906251380926
1
1
0.938151134712273
1
1
0.999908607862537
1
1
1
1
0.977232527322461
1
0.998060074826587
1
1
1
1
0.998642061514846
1
1
0.913887206883499
0.998092005176172
1
1
1
0.998434074782461
1
1
1
1
1
0.926030159486293
0.992483566747911
1
0.999895265842984
1
1
1
1
0.999495193794635
0.636257570468391
1
1
1
0.999879699344554
1
1
1
1
1
1
0.999811257581496
1
1
1
0.997393214060584
0.999895265842984
1
1
1
1
1
1
0.913304732745936
1
0.997495461396105
1
0.999578363134976
0.999618153521235
1
1
1
1
1
1
1
1
1
1
1
1
0.999980640668138
0.998639810931326
1
1
1
1
1
0.999737457461504
1
1
1
0.999890987707315
1
1
0.998839500111013
1
1
1
1
1
1
0.989811278991504
0.999706586412132
0.97959011397612
0.999973644617134
1
1
1
1
0.998820332217595
0.985099186458311
1
1
1
1
1
1
0.999913217145881
1
1
1
1
1
1
1
1
1
1
0.999391436772387
1
0.94340646491954
1
1
1
1
1
1
1
1
1
1
0.999220917111032
1
1
0.99970706494744
1
1
0.99967075836779
0.999588985366972
1
1
1
0.999608364247141
1
1
0.999879699344554
1
0.999651421377911
0.999878288267615
1
1
1
1
1
1
0.998943109216444
1
1
1
1
1
1
1
0.999564106299264
1
0.999733672111243
1
1
1
1
1
0.998952518214079
1
1
1
1
0.99932978497605
1
1
1
1
1
0.947875340284082
1
0.999199238375413
1
1
1
0.999564680466264
0.999932441856963
1
1
0.999469505008004
1
1
1
0.913304732745936
1
0.999024412911926
1
1
1
1
1
0.999250405127157
1
1
1
1
1
1
1
0.873117212435289
1
1
0.989792204163472
1
1
1
0.97415857600598
0.966107098813895
1
1
0.999947745596936
1
1
1
1
0.999898403551356
0.980908568460504
1
1
0.872709538890106
1
1
1
1
1
1
1
0.993888237895681
1
1
1
1
0.999751863978893
1
1
1
1
1
1
1
0.999956805289739
1
1
1
1
1
1
0.999447113662136
1
1
0.999582551379994
1
1
1
0.998367055339425
0.998164689410807
1
1
1
1
0.998354674854335
1
1
1
1
1
0.999650880791547
1
1
1
1
1
1
1
1
1
0.99937010145373
0.999043892925765
1
1
0.999902481082371
0.999588985366972
1
1
1
1
1
1
0.999343474371125
1
1
0.999505470037699
1
0.998027754955203
1
1
0.999562542537943
1
1
1
0.998651994857282
1
1
1
1
0.998290618578163
1
1
1
1
1
1
1
0.998367055339425
1
1
1
0.998962998459609
1
1
1
1
1
0.99987472663659
1
1
0.999998224215906
1
1
1
1
1
1
1
1
0.999933622030565
0.998100890704779
0.999694930771646
1
1
1
0.804028449525177
1
1
1
1
1
1
1
1
1
0.92692501163602
1
0.998578015328311
1
1
1
1
1
1
1
1
1
0.971757948442535
0.999141989285748
1
1
0.999895265842984
0.99313977965861
1
1
0.951049624988827
0.999455384244531
1
1
1
1
1
1
1
0.999913217145881
1
1
1
1
1
1
1
0.99949359516479
1
1
0.999614873194704
1
1
0.998251387774658
0.999618228537738
1
1
0.939570981370813
1
1
0.999575382206507
1
1
1
1
1
1
1
0.998282069759701
1
1
0.998957487483513
1
1
1
1
1
1
1
1
1
1
1
1
1
1
1
1
1
1
1
0.998367055339425
1
1
1
0.99375141935063
1
1
1
1
1
1
1
1
1
1
0.989811278991504
1
1
1
1
1
0.998954819485157
1
1
0.998122457502045
1
1
1
1
1
0.999188249964915
1
1
0.99989840616768
1
1
0.981598541022943
0.999888209291453
1
1
1
1
1
1
1
1
1
1
0.999258071064202
0.991984339927931
1
1
1
0.99987472663659
1
0.960986559184162
0.99975175835044
0.996426810890166
1
1
1
0.966107098813895
1
1
1
0.999384034322129
1
1
1
0.999932441856963
1
1
1
1
1
1
1
1
1
1
1
0.999911731138459
1
1
0.99917032917695
1
1
1
1
1
1
1
0.999971342409017
1
1
1
1
1
1
1
1
1
1
0.973908847612166
1
1
1
1
1
0.994335462642636
1
0.999768255554471
1
1
1
0.999953124141455
0.999772020576122
1
1
1
1
1
1
0.998658429132127
1
1
1
0.999875820718429
0.999602217922133
1
0.999618153521235
1
1
1
0.999195440503147
0.999959042827753
1
0.998367055339425
1
1
1
1
0.996236025848833
1
1
1
1
1
1
1
1
1
1
1
1
0.999932441856963
0.998573661142571
1
1
1
0.966884953641459
1
1
1
1
1
1
1
1
0.999720306847865
0.977488191747857
0.996371273393969
0.954138784361432
1
1
1
1
0.992844742846966
1
1
1
1
1
1
1
0.999093102658983
1
1
1
0.999980640668138
1
0.99987472663659
1
1
1
1
1
0.999191458649924
1
1
1
1
1
1
0.9988419583778
1
1
1
1
1
1
1
1
1
1
1
0.990016096946134
1
1
1
1
1
1
1
0.988585796283359
1
1
1
1
1
1
0.999234954654192
1
1
1
0.996541071104667
1
1
1
0.957859114690104
1
1
1
1
0.996189928544519
0.999890987707315
1
1
1
0.882813455650424
0.982473636089659
0.998708341248596
0.97580165884585
1
1
1
1
0.999737149306663
0.999892943087557
1
0.999597237466066
1
1
1
1
1
1
1
0.992041561416302
0.981656125652215
1
0.999618153521235
1
1
1
1
1
0.998658429132127
1
1
0.998957487483513
1
1
1
1
1
0.996217077263457
1
1
1
1
0.99978937729092
1
0.99973776420755
1
0.998402442865394
1
1
1
1
1
1
1
1
0.999417021842842
1
1
1
1
1
1
1
1
1
1
0.960759428724083
1
1
1
1
0.999666125088051
1
1
1
1
1
1
1
1
0.990016096946134
0.987053436452009
1
1
1
1
1
0.999413520939831
1
1
0.99987472663659
0.998944847143698
0.997006121239364
1
1
1
1
0.999578363134976
0.999188249964915
1
1
1
1
1
1
0.999785219031688
1
1
0.999195440503147
1
1
1
1
1
1
0.497573933803184
1
1
1
0.99963012471285
1
1
1
0.99908149238302
1
1
1
0.999674709432412
0.982907054547769
1
1
1
1
1
1
0.999651421377911
0.995076948145418
1
1
1
1
1
1
1
0.999203529599421
1
1
1
1
1
1
1
1
1
0.996371273393969
1
1
1
1
1
1
1
1
1
1
1
1
0.99790535978096
1
0.998385068422623
1
0.999980640668138
1
1
1
0.969045313947726
1
1
1
0.999877407572005
1
0.998651994857282
1
1
1
1
1
0.971604974621186
1
0.99988088690217
1
1
1
0.999971342409017
1
1
0.997693423214603
1
0.999429532948809
1
0.99996345104461
0.975104939828703
0.999877407572005
0.997266848570973
1
1
1
1
1
1
1
1
1
1
0.980908568460504
1
1
1
1
1
1
1
1
1
1
1
1
1
1
0.999983138964159
1
1
0.996594160763902
1
0.666392464778903
1
1
1
1
1
1
1
0.995256889337232
0.957823932377427
1
1
1
1
1
1
1
1
1
1
0.911662044663936
1
1
1
1
1
1
0.999428345453186
1
1
1
0.998082592973211
1
1
0.99980730162899
1
1
1
1
1
1
1
0.782023992219834
1
1
1
0.997769259199627
0.98771664465596
1
1
1
1
0.544467481960611
1
1
0.998317605614429
0.999902481082371
1
0.999588985366972
1
1
0.999895265842984
1
1
1
0.998996045119272
1
1
0.999919357330174
1
1
0.998952518214079
1
1
1
1
0.99978937729092
1
1
1
0.998944847143698
0.999911589999669
1
1
0.99313977965861
1
1
1
0.999720948773763
1
1
1
1
1
0.999495193794635
1
1
1
1
1
0.999731008548273
1
1
1
1
1
1
0.999389031714312
1
1
1
1
0.99979447156482
1
0.999324361951976
1
1
0.995870690981705
1
1
1
1
1
1
1
1
1
1
0.999723604694204
0.974371356068806
1
0.999719853523639
0.952562813736064
1
0.999294935402204
1
1
1
1
1
1
1
1
0.980908568460504
0.999636907145314
1
1
1
1
1
1
0.999582410731347
1
0.999748104019994
1
0.999594208460131
1
1
1
1
1
1
1
1
1
1
1
1
0.998679453803842
0.97455707697618
1
1
1
0.992199845778549
0.999725867887675
1
1
1
1
1
1
1
1
1
1
1
0.997393214060584
0.998122457502045
0.999875806341029
1
1
1
1
0.99978937729092
1
1
1
1
1
0.996904585638592
0.997804182249531
1
1
1
1
1
0.984991393304287
1
0.997093620061423
0.999879699344554
0.993758294204142
1
1
1
0.999625041259041
1
1
1
1
1
0.999597237466066
1
1
0.999674709432412
0.999011704778093
1
0.509654226231686
1
1
1
1
1
1
1
1
1
1
1
1
1
1
0.996541071104667
1
1
1
1
1
1
1
0.999620001148909
1
1
1
1
1
1
1
0.999043892925765
1
1
0.999505470037699
1
0.999919357330174
1
1
1
1
1
1
0.999746181526446
0.999927947478962
1
1
0.999446809378631
1
1
1
1
1
1
1
1
0.999864132625198
1
1
1
1
1
1
1
1
1
1
0.99869971380922
1
1
1
1
1
1
1
1
1
1
0.992143353005713
1
1
1
1
1
1
0.999357377821264
0.999906251380926
1
1
1
1
1
1
1
1
0.999811164881847
1
1
0.984019841232198
1
0.814000164829487
1
1
1
1
1
1
1
1
1
1
1
1
1
0.999700035337714
1
1
1
1
1
1
1
0.999402237044997
1
1
1
1
1
1
1
1
1
1
1
1
0.99983909213812
1
1
1
1
1
0.999620001148909
1
1
1
1
0.999250405127157
1
1
1
0.999878288267615
0.999348561661559
0.992483566747911
1
0.999429532948809
1
0.999961142984498
1
1
0.998902286944116
1
1
1
1
1
1
1
1
1
1
1
1
1
1
1
1
1
1
1
1
1
1
1
1
1
1
0.998092005176172
0.999992438628351
1
1
1
1
1
1
1
0.992238034699177
1
1
1
1
1
1
0.999927947478962
0.99978937729092
1
0.999768255554471
1
1
1
1
0.999951618150061
1
1
0.999886465240245
1
1
0.904108427498896
0.992619659482628
1
0.986992704843021
0.999886465240245
1
1
1
1
1
1
1
1
1
1
0.997908011198025
1
1
1
1
1
0.989792204163472
1
1
1
1
1
1
1
0.999507039171033
1
1
0.999811164881847
1
1
1
0.925717829481689
0.999680427004618
1
1
1
1
1
1
1
1
1
1
1
1
1
1
1
1
0.892152902245745
1
1
1
1
0.999680427004618
1
1
0.999992438628351
1
1
1
0.999644277223573
1
1
0.937330403022639
0.99896615930205
1
1
1
0.999761811224295
1
1
1
1
0.88463288027235
0.994536561988937
0.99978937729092
1
0.999811164881847
0.999719853523639
1
1
1
1
0.958624852496416
0.99975175835044
0.999720306847865
1
1
1
1
0.999525462359379
1
0.999700035337714
1
0.999220917111032
1
0.998651994857282
1
0.992290358649927
1
1
1
1
1
1
1
1
1
1
1
1
1
1
1
1
0.839085325401236
1
1
1
0.999305808871039
1
1
1
1
1
0.994034580915747
1
1
1
1
1
1
0.999888209291453
0.999560819854933
0.788361967363747
1
1
0.999772946894075
1
0.986968403250975
1
1
0.99965861816578
1
1
1
0.870978270262346
1
1
1
1
1
1
1
1
0.93166192886541
1
0.998367055339425
1
1
1
1
1
1
1
1
1
0.99987472663659
1
1
1
0.999750091817187
0.994425754691616
1
1
1
0.994664550189992
1
0.579727723004471
0.992132220867189
0.455776541066243
0.993857032115482
1
1
0.994076326470847
1
1
1
0.999875820718429
1
1
1
1
0.999706586412132
0.999874928695349
1
0.996183778937127
1
1
1
1
1
1
0.999618153521235
1
0.999811257581496
1
1
1
0.999694930771646
1
1
0.999857046266287
0.999480113503508
1
0.999837629904687
1
1
1
1
1
0.998353291897997
1
0.999723604694204
1
0.999951618150061
1
0.992290358649927
1
1
1
1
1
1
0.999946077183251
1
1
0.999961142984498
1
1
1
1
0.999961142984498
1
0.999562542537943
1
0.99781871566974
0.999719853523639
1
0.999324361951976
1
1
1
0.998943109216444
1
1
1
0.936320476388956
1
1
1
1
1
1
1
1
1
1
0.89389298126287
1
1
1
1
1
1
1
0.99988088690217
1
1
1
1
0.97878515137432
1
1
1
1
1
1
0.936764228725469
1
1
1
1
0.999566719762334
0.997542552834778
0.980098009957087
1
1
1
1
1
1
0.999417021842842
1
1
1
1
1
1
1
1
0.977644044083167
0.999843322898003
1
1
1
0.999864132625198
1
1
1
1
1
1
1
1
1
1
0.999951618150061
1
1
1
1
1
0.900197025337003
0.999980089997906
1
0.999406573782313
0.99978207695304
1
1
0.999564106299264
1
1
1
1
1
1
1
1
1
1
0.999886465240245
1
0.99790535978096
1
1
0.992143353005713
1
0.975104939828703
0.914459971154109
1
1
1
1
1
1
1
1
1
1
1
1
1
1
1
1
1
1
0.999397268364485
0.999546539565648
1
1
0.999625796574641
0.999188249964915
1
1
0.999937396375222
1
1
1
1
1
1
0.678407694464679
1
1
0.999772020576122
1
1
1
1
1
1
0.999770293560107
1
0.997863772323218
1
1
1
1
1
1
1
0.988294052509845
0.99629217899393
1
1
1
1
1
1
0.999606634803999
1
1
0.999919734449214
1
1
1
1
1
1
1
1
1
1
1
1
1
0.999875214822547
1
1
1
1
1
0.999835960472775
1
1
1
1
0.951049624988827
0.999884192993304
1
1
1
1
1
1
1
1
1
1
1
1
1
1
1
1
1
1
1
1
1
1
0.933722424560902
1
0.768404642653531
1
1
1
0.997496738382741
1
1
0.999636907145314
0.999723604694204
0.999700035337714
1
1
1
0.999623095374544
1
0.999934483458607
0.999389031714312
1
0.999618153521235
1
1
1
1
0.999093102658983
1
1
1
0.926573515095084
1
1
1
1
1
1
0.99993607356315
1
0.726708295975832
0.974854595703794
1
0.999620001148909
1
1
1
1
0.999614873194704
1
1
1
0.97878515137432
1
1
1
1
1
1
1
1
1
0.999564680466264
1
1
1
1
1
1
1
1
1
1
0.997649870885775
1
1
1
1
1
1
1
0.999546539565648
1
1
0.999746181526446
1
0.999174110750678
1
1
0.999876398697533
1
1
1
1
0.999737457461504
1
1
1
1
1
1
1
0.85931517264021
0.999625041259041
1
1
0.999865615446217
1
1
1
1
1
0.996234668247956
1
1
1
1
1
1
1
1
1
1
0.992448245433293
0.999865615446217
1
1
1
1
1
1
0.999913217145881
1
1
0.999566719762334
0.945153347991503
1
1
0.999890987707315
1
1
1
1
1
1
1
1
0.977788854292445
1
1
1
1
1
0.99961637035136
0.993888237895681
1
1
1
0.879602807531179
1
1
1
1
0.999772946894075
1
1
1
0.99967075836779
1
1
1
1
1
1
1
1
1
1
1
1
1
1
1
1
0.999983138964159
1
1
1
0.998642061514846
1
1
1
1
1
1
1
1
0.99983909213812
0.999888209291453
1
1
0.992199845778549
0.999195440503147
1
0.99917032917695
1
1
1
1
1
1
1
0.99896615930205
1
1
1
1
1
1
0.998251387774658
1
1
1
0.999902481082371
1
1
1
1
1
0.999882711518048
1
0.99629217899393
1
1
1
1
0.998642061514846
0.999737149306663
1
1
0.999723604694204
1
1
1
0.999879478316651
1
1
1
1
1
1
1
1
1
1
1
1
1
0.999884192993304
1
1
1
1
0.999898403551356
1
0.99978207695304
1
0.998204883070315
0.977788854292445
1
1
1
1
1
1
1
1
1
1
1
0.999093102658983
1
1
0.999447113662136
1
1
1
1
1
1
1
1
1
0.933722424560902
1
1
0.977488191747857
1
1
0.999877407572005
0.999865615446217
0.986929037937209
1
0.998839500111013
0.904900043372668
1
1
1
1
0.993345626825774
1
1
0.999618228537738
0.99973776420755
0.999838875071562
0.999258373623334
0.919141178362043
0.999191458649924
1
1
1
1
1
0.999582551379994
1
1
1
1
1
1
1
1
1
0.997908011198025
1
0.999020627748231
1
1
1
1
1
1
1
1
0.999835960472775
0.99937010145373
0.938991687994453
1
1
1
1
1
1
0.999878288267615
1
1
1
1
1
1
0.997573794880989
1
0.895308321626643
1
1
1
1
1
0.999560819854933
1
1
1
1
0.997720544763089
1
1
0.999731008548273
1
1
1
1
0.997769259199627
1
0.999495193794635
0.997391663881894
1
0.997325009365298
1
1
1
0.998944847143698
0.999911589999669
1
1
0.999304023766879
1
1
1
0.996541071104667
0.999413520939831
1
1
1
1
0.967460300348005
1
1
1
1
1
1
1
1
1
1
0.999946690525256
1
1
1
1
1
0.992002694495649
0.999874928695349
1
1
0.999946077183251
0.999770293560107
1
0.99894730796466
1
1
1
1
1
0.999226177308625
1
1
1
1
1
1
1
1
1
0.976280316227017
1
1
0.97964969811457
1
1
1
1
1
0.999195440503147
1
1
1
1
1
1
1
1
0.999933622030565
0.992252341350874
1
1
1
0.999417021842842
1
1
1
1
1
0.999819868568278
1
0.998985848195344
1
0.99875153092077
1
1
0.999455384244531
1
1
1
0.999946077183251
0.99845885022571
1
1
1
1
0.999696223696246
0.998477331332318
1
0.999608364247141
1
1
1
1
1
1
1
1
1
0.987251972039358
1
1
1
1
1
1
0.999594208460131
0.999618228537738
0.996678739773887
1
1
0.870978270262346
1
0.999535925697564
1
1
1
0.999864132625198
0.997342330180995
1
1
1
1
1
1
1
1
1
1
1
1
1
1
0.997804182249531
1
1
1
1
1
0.999595026055011
0.999447113662136
1
1
0.949805471392381
1
1
1
1
1
1
1
1
1
1
0.999819868568278
1
1
1
1
0.999937288180953
1
0.99953371434118
0.996189928544519
1
1
1
1
1
1
0.637954937910901
1
0.999447113662136
1
1
1
1
1
0.999507039171033
0.999882711518048
0.99973776420755
1
1
1
1
1
0.999664757660626
0.999419366410585
1
1
0.999875806341029
1
1
0.999896127175487
0.998354674854335
1
1
1
1
0.996189928544519
1
0.999875820718429
1
1
1
1
1
1
0.998676521717979
0.997908011198025
1
1
1
1
1
1
1
1
1
1
1
1
0.999751863978893
1
0.999636907145314
1
1
1
1
0.999384034322129
1
0.952200408670988
0.999725867887675
1
0.926030159486293
1
0.989792204163472
1
1
1
1
0.999561532879172
1
1
0.882614783640245
1
1
1
1
1
0.998962998459609
1
1
1
1
1
1
1
1
1
1
1
1
1
1
0.997005513248902
1
1
1
1
1
1
1
0.94340646491954
1
1
1
1
1
0.965860588943838
1
1
0.957859114690104
1
1
1
1
1
1
1
1
1
1
0.999811164881847
1
1
0.999772554710108
0.999727843442667
1
0.982289627124312
0.999606634803999
1
1
1
1
0.998614766943295
1
0.999564680466264
0.988913608779431
0.999343474371125
1
1
1
1
1
1
1
0.963243789247772
1
1
1
1
1
1
1
1
1
1
1
1
1
0.95570326450381
0.999566719762334
1
1
1
1
0.999082623169756
1
1
1
1
1
0.999883365078649
1
1
1
0.999953124141455
1
0.996906164794484
1
1
0.999932441856963
1
1
0.999478646369146
1
1
1
1
1
1
1
1
1
0.987872253637165
1
1
1
1
1
0.998679453803842
1
1
1
1
1
1
0.999564680466264
1
1
1
1
1
1
1
0.999956805289739
1
0.992041561416302
1
1
1
1
0.999265304393555
1
0.999211651130975
1
0.999570104751267
1
1
1
1
0.999573385909365
1
1
0.996265374038188
1
1
0.895060730456054
1
1
1
1
0.999951618150061
1
1
1
1
1
1
1
1
1
1
1
1
1
0.999983138964159
1
1
1
1
1
1
1
1
1
1
1
1
1
1
0.998957487483513
1
1
1
0.977488191747857
1
1
0.999882711518048
1
1
1
1
1
1
1
1
1
1
1
0.999835960472775
1
1
1
0.999082623169756
1
1
1
1
1
0.999288390081297
1
1
1
1
1
1
1
0.986992704843021
1
1
1
0.957859114690104
1
1
1
1
1
1
0.982638969251668
0.999644277223573
0.997804182249531
1
0.999480113503508
1
1
0.989811278991504
0.615344620562408
1
1
1
0.697855062460475
1
1
1
1
1
1
1
0.99975175835044
1
0.993240209476686
1
1
1
1
1
1
1
1
1
1
1
1
1
1
1
1
1
1
1
1
1
1
1
1
0.99908149238302
1
1
1
1
1
0.998679453803842
0.99997026567772
1
1
1
1
1
1
1
1
1
0.999939893424941
1
1
0.973908847612166
1
1
1
1
1
1
1
0.987251972039358
1
1
1
0.999756320499864
1
1
1
1
1
1
1
1
0.999748104019994
1
0.999644277223573
1
1
1
1
1
1
1
1
1
1
1
1
1
0.999148173348688
1
1
1
1
1
1
1
1
0.999874928695349
1
0.998354674854335
1
1
1
1
1
1
1
1
1
0.999992438628351
1
1
1
1
0.99909935211939
1
1
1
1
1
1
1
1
0.99973776420755
0.959962002422426
1
0.996335127432233
1
1
1
0.999674709432412
0.998059212802094
1
1
1
1
1
1
1
1
0.997391663881894
1
0.99930773745946
0.999478646369146
1
1
1
1
0.999802478993903
1
1
1
1
0.999455384244531
1
1
0.999906251380926
1
0.969045313947726
1
1
1
0.998973727126603
1
1
1
1
0.99953371434118
1
1
1
1
0.999879478316651
1
1
0.999720306847865
1
1
1
1
1
1
0.996471905013904
1
1
1
1
1
1
1
1
1
1
1
0.966884953641459
1
1
0.971604974621186
0.998770247765592
0.99978937729092
0.995965804063672
0.999082623169756
1
1
0.956417400762233
1
0.973805856575049
1
1
1
0.698067983325158
1
1
0.904108427498896
1
0.999664757660626
1
1
1
0.999250405127157
1
1
0.998944847143698
1
1
1
1
0.957924529474156
1
1
0.999733672111243
1
1
1
1
1
0.999690653242558
1
1
1
1
0.99781871566974
0.992199845778549
1
1
1
0.999674709432412
1
1
1
0.999760703555101
1
1
1
1
1
1
1
1
0.987053436452009
0.990304194964229
1
0.98689897130736
1
0.997391663881894
0.999566719762334
0.999939893424941
0.999564106299264
0.996701739411165
1
1
1
1
1
1
1
0.998952518214079
1
1
1
1
0.99961637035136
1
1
1
1
0.966788775035548
0.997961272260596
1
0.994849459616957
1
0.999951618150061
1
1
1
0.999728005471705
1
0.975104939828703
1
1
1
0.999357377821264
1
1
0.999664757660626
1
1
1
1
1
1
1
1
1
0.999265304393555
0.999879699344554
1
1
0.986496776607347
0.814000164829487
1
0.99949359516479
1
1
0.999391436772387
1
1
0.998957487483513
1
1
0.985099186458311
1
1
1
0.755394217459582
1
1
0.999953124141455
0.997845444061631
1
1
1
1
1
0.870978270262346
1
1
0.999664757660626
0.962932536579172
1
0.998305030838871
1
0.999561532879172
1
1
1
0.99782392031411
1
1
1
1
1
0.999980640668138
1
1
1
1
1
1
0.999389031714312
1
1
1
0.698846095654843
0.999588985366972
1
1
1
1
1
1
0.965804744056171
1
0.999664757660626
1
1
0.999746181526446
1
0.96575139474054
0.98771664465596
1
1
0.996335127432233
1
1
1
1
1
1
1
0.999720948773763
1
0.995944317908924
0.965507021218608
0.996541071104667
1
1
1
1
1
1
1
0.999902481082371
0.998266715153486
1
1
1
1
1
1
1
1
0.999756320499864
1
1
1
1
1
1
1
1
1
1
1
1
1
0.882813455650424
0.999756320499864
1
0.99965861816578
1
1
0.999883365078649
1
1
1
1
0.999191458649924
1
1
1
1
1
1
0.998337740894634
1
1
1
1
0.999643909491461
1
1
1
1
1
0.998367055339425
1
1
1
1
1
1
1
1
1
1
0.999811164881847
1
1
0.999146036815111
1
1
1
1
1
1
1
0.99973264971409
1
0.999226177308625
0.999731008548273
1
1
1
1
1
1
0.999494628257749
1
1
0.99906619070484
1
1
1
0.992462784696389
1
1
0.998788766758434
1
1
1
1
1
1
1
1
1
1
1
1
1
1
1
0.999725867887675
1
0.999727843442667
0.993345626825774
1
1
0.99987472663659
1
1
0.999723604694204
1
1
1
1
1
1
1
1
1
1
1
1
1
1
1
1
1
1
0.996673407330694
1
1
1
1
1
0.999623095374544
1
1
0.999258373623334
1
1
1
1
1
0.99965861816578
1
1
1
1
1
0.999997225296107
1
1
1
1
1
0.999888209291453
1
1
1
1
0.999469039693174
1
1
1
1
0.999446809378631
1
1
0.998402442865394
1
1
1
0.99920586643241
0.999294935402204
1
1
1
0.999875820718429
1
0.946839743693117
1
0.99894730796466
1
1
1
1
1
1
1
1
0.999643909491461
1
1
1
1
0.999720948773763
1
1
1
1
1
1
1
1
0.998337740894634
1
1
1
1
1
0.913304732745936
1
0.972110759490463
1
1
0.999618228537738
1
1
1
1
1
0.999879478316651
0.916698138622749
1
1
1
1
1
1
1
0.826541287707227
1
1
0.999811164881847
0.999220917111032
1
0.999772020576122
1
1
1
1
1
1
0.999876398697533
1
1
1
1
0.999896312670124
1
1
1
1
0.999258071064202
1
1
0.963243789247772
0.999546539565648
0.999748104019994
1
0.980833440412303
1
1
1
0.999446809378631
0.999722308068765
1
1
1
1
1
1
1
1
1
0.999180807424443
1
1
1
1
1
1
1
1
1
1
0.99965861816578
1
1
1
1
1
1
0.999892943087557
1
1
1
1
1
1
0.99894719790716
0.999772020576122
0.999402237044997
1
1
0.999720948773763
1
1
1
1
1
0.999082623169756
1
1
0.998879184557192
1
1
1
1
1
1
1
1
1
0.996335127432233
1
0.999913217145881
1
1
0.839085325401236
0.999886465240245
1
0.999770293560107
1
0.993014376935012
1
1
1
1
1
1
0.997649314325546
0.958624852496416
1
1
1
1
1
1
1
1
0.999934483458607
1
1
0.999595026055011
0.982061820592527
1
1
1
1
1
0.992716992398216
0.999664757660626
0.991112146215868
1
0.999650880791547
1
0.997720544763089
1
1
1
1
0.999937396375222
1
1
1
1
1
0.999879699344554
0.999879699344554
1
1
0.999720948773763
0.999608364247141
1
1
1
1
1
1
1
1
1
1
1
1
0.93956053140944
1
0.999933622030565
1
1
1
1
0.999874928695349
1
1
1
1
0.999618153521235
1
1
0.999043892925765
1
1
1
1
1
1
1
1
1
1
1
1
1
1
0.999801607533557
1
1
1
1
1
1
1
0.9987895734653
1
1
1
1
1
1
1
0.999625041259041
1
1
1
1
1
0.999602217922133
1
1
1
0.999674709432412
0.999731008548273
1
1
1
1
1
1
1
1
1
1
1
1
1
1
1
1
1
1
1
1
0.999564680466264
0.999772020576122
1
1
1
1
1
1
1
1
1
1
1
1
0.999578363134976
1
0.992578588976428
0.989364559454985
1
0.992143353005713
1
1
1
1
1
1
0.981381469011743
1
1
1
0.999953124141455
0.986721685166417
1
1
1
1
1
1
1
0.929696329944996
1
1
1
1
1
0.913304732745936
0.99997026567772
0.967506300912788
1
1
1
1
1
1
1
1
1
1
1
1
0.999525462359379
1
0.99783493815464
1
1
1
1
1
1
1
1
1
1
1
1
1
1
1
1
0.9988419583778
1
0.999447113662136
1
0.997437847149938
0.998962998459609
1
0.999525462359379
1
0.870978270262346
1
1
0.999494628257749
0.972422524776592
1
1
1
1
0.999895265842984
0.998973727126603
1
0.993240209476686
1
0.993345626825774
1
0.998645248153376
1
1
1
1
0.998639810931326
1
1
1
1
1
1
1
1
1
0.992724327443459
1
0.998770247765592
0.999428345453186
0.999874928695349
1
1
1
0.999878288267615
0.99783493815464
0.991984339927931
0.999992438628351
1
0.956417400762233
0.999582410731347
1
1
1
1
1
0.999961142984498
0.997391663881894
1
0.999919734449214
1
1
1
1
1
0.997334048737442
0.999681100084517
1
1
1
1
1
0.974854595703794
1
1
1
0.977788854292445
0.999561532879172
1
1
0.998786230652365
1
1
1
1
1
1
1
1
1
1
0.997908011198025
1
1
1
1
1
1
1
1
1
1
0.999879699344554
1
0.999760703555101
1
1
0.99894730796466
0.99937010145373
1
0.954207672756389
1
1
1
1
0.982473636089659
1
1
0.999839124604292
0.999878288267615
1
1
1
0.99473183407015
1
1
1
1
1
1
1
1
0.999240686817408
1
1
1
0.999588985366972
0.996520386718971
1
0.942705888068765
0.999772020576122
1
1
1
0.998407299474364
0.99961637035136
1
1
1
1
0.999445882091693
1
0.988585796283359
1
0.952200408670988
0.999570104751267
1
1
0.993888237895681
1
1
0.997361024609273
1
1
1
1
1
1
1
1
1
0.999614951235905
0.99970706494744
1
1
1
1
0.99932978497605
1
1
1
1
0.996217077263457
1
1
1
1
0.999180807424443
0.97863694878474
1
1
1
0.998132141227573
1
1
1
1
0.999874928695349
1
1
1
1
1
1
1
1
1
1
0.999561532879172
1
1
0.94929504743378
1
1
1
1
1
1
1
1
1
1
0.998282358343586
1
1
0.999614873194704
1
1
1
1
1
1
0.996371273393969
1
1
1
1
1
1
1
1
0.965939664759172
1
1
1
0.976647601479714
1
1
1
1
1
0.999750091817187
1
1
1
1
1
1
1
1
1
1
1
1
1
1
1
1
1
0.999902481082371
1
1
1
1
1
1
0.999879699344554
1
1
0.996541071104667
1
1
1
0.999860227601294
1
1
1
1
1
1
1
1
0.999913217145881
0.973848485142754
1
1
1
1
1
1
1
0.99977825835912
1
1
1
0.997720544763089
1
1
1
1
0.977788854292445
1
0.99973776420755
1
0.99684084916058
1
0.999582551379994
1
1
0.947155543166581
1
0.962060561932389
1
1
1
1
0.999441064126272
1
1
1
1
1
1
1
1
0.999992438628351
1
1
1
1
0.954207672756389
1
1
1
1
1
0.751533682742451
1
1
1
1
0.999980640668138
0.994664550189992
0.996335127432233
0.996991524991019
1
1
1
1
1
1
0.999011704778093
1
1
1
0.999625041259041
1
1
1
1
1
1
1
1
1
0.999992438628351
1
1
0.917460529377926
1
1
1
1
1
1
0.999397116114809
1
1
0.999535925697564
1
1
1
1
0.974040775808823
1
1
0.99937010145373
1
1
1
1
1
1
1
1
0.999933622030565
1
1
1
0.999411223703035
0.999357377821264
1
1
1
1
0.999879699344554
0.990747825070347
1
1
1
1
0.99932978497605
0.992689812392301
1
0.992078637208651
1
1
1
1
1
0.99988088690217
0.973863590723334
1
1
0.999913217145881
1
1
1
1
1
0.992578588976428
1
1
1
1
1
1
1
0.99896615930205
1
1
1
1
1
1
1
1
1
1
0.9868777384379
1
1
1
1
1
0.999614873194704
1
1
1
1
1
1
1
1
0.999562542537943
1
1
1
1
1
1
1
1
1
1
0.972422524776592
1
1
0.894408676175035
1
0.999983138964159
1
1
1
0.999191458649924
0.999725867887675
1
1
1
1
1
1
1
0.999588985366972
1
0.980864536111495
1
1
1
1
1
0.99949359516479
0.999620001148909
1
1
1
0.998122457502045
1
0.993014376935012
1
1
1
1
1
1
1
0.999700035337714
1
1
0.997028652014566
1
1
1
1
1
1
1
1
1
1
1
1
1
1
1
0.987872253637165
0.999419366410585
1
1
1
1
1
1
1
1
0.999372720686573
0.969526130008606
1
1
0.999932441856963
1
1
1
1
0.999735899986595
1
1
1
0.999878288267615
1
1
1
0.999883365078649
1
0.692654049667035
0.878629743121342
0.999195440503147
0.999884192993304
1
1
1
1
1
0.999720948773763
1
0.965804744056171
0.946839743693117
1
1
1
1
1
0.999919734449214
1
1
1
0.999564680466264
1
1
1
1
1
1
1
0.999525462359379
1
1
1
0.999992438628351
0.999564680466264
1
1
1
1
1
1
1
1
1
1
1
0.999082623169756
1
1
1
0.999760703555101
1
1
1
1
0.999446809378631
1
1
0.999211651130975
0.974854595703794
1
1
0.999879478316651
0.999722308068765
1
1
1
0.999720306847865
1
0.999658938747402
1
1
1
1
1
1
1
1
1
1
1
1
1
0.999953124141455
1
0.999913217145881
1
1
0.999953124141455
1
1
1
1
0.996885810554507
0.992366532504607
1
0.999786856969497
1
1
0.993490119336319
1
1
1
1
1
1
1
0.989792204163472
0.999505470037699
1
1
1
0.996371273393969
1
1
0.998645668146965
1
0.99894719790716
0.996265374038188
1
0.999058835370112
1
1
0.977788854292445
1
0.999397116114809
1
1
1
1
1
1
0.996738266486172
1
1
1
1
1
1
1
1
1
1
1
1
0.999975709311049
1
1
1
0.997266848570973
0.998645668146965
1
1
1
1
1
1
1
1
0.995749428718438
1
1
0.996189928544519
0.99949359516479
1
1
0.999877407572005
1
1
1
1
1
1
1
1
1
0.99932978497605
1
1
1
1
0.965804744056171
0.999882711518048
1
1
0.99906619070484
1
1
1
1
1
0.998658429132127
1
0.999082623169756
0.989364559454985
0.952200408670988
1
1
1
0.991110624068749
1
1
1
1
1
1
1
1
1
1
1
1
0.998708341248596
1
1
1
1
0.966560361706407
0.999932441856963
1
0.999896127175487
0.997028652014566
1
1
0.982473636089659
1
1
1
1
1
0.999750091817187
0.999625796574641
1
1
0.981656125652215
0.998695143734477
1
1
1
1
1
1
1
1
1
1
1
0.991984339927931
1
1
1
1
0.999417021842842
1
1
0.999728005471705
0.995123147298622
0.999770293560107
1
1
1
1
1
1
1
1
1
1
0.999397268364485
1
1
0.99840176117611
1
0.999588985366972
0.992143353005713
1
0.999250405127157
1
1
1
1
1
1
1
1
1
1
0.999911589999669
1
1
1
1
1
1
1
0.999980640668138
0.987251972039358
1
1
1
1
0.966107098813895
1
1
1
1
1
1
1
1
1
1
1
1
1
1
0.999737149306663
1
0.998204883070315
1
1
0.99922871300352
1
1
0.99684084916058
1
1
0.999493200649639
1
1
1
1
0.999838875071562
1
1
1
1
0.99983909213812
1
1
1
1
1
1
1
0.946839743693117
1
1
1
1
0.99989840616768
1
0.955613541562638
0.991984339927931
1
1
1
1
0.998856629936666
1
1
1
1
1
1
1
1
0.996183778937127
0.999770293560107
1
0.998525980451122
1
1
1
1
0.996668092805223
0.999324361951976
1
1
1
1
1
0.99990461483531
1
1
1
0.997547012447519
1
1
1
1
1
1
1
1
1
1
1
1
1
0.97415857600598
0.992290358649927
1
1
1
1
1
0.977788854292445
0.999636907145314
1
1
1
1
1
1
1
1
1
0.998573661142571
1
1
0.99985348021941
1
1
1
1
1
1
1
1
0.999636907145314
0.999861323107329
1
1
1
1
1
1
0.999725867887675
1
1
1
1
1
1
0.999211651130975
1
1
1
1
1
1
1
0.99978207695304
0.999817507516822
1
0.999690653242558
1
1
1
1
0.99832676391048
0.999975709311049
1
1
1
1
1
1
0.998164689410807
1
1
0.981598541022943
0.999737457461504
0.999608120084008
1
1
1
0.992290358649927
1
1
1
1
1
1
1
1
0.97878515137432
1
1
0.905871149315198
1
0.999024412911926
1
1
1
1
1
1
1
0.999058835370112
1
1
1
1
1
1
1
1
0.920864584576174
1
1
1
1
1
1
1
1
0.999348561661559
1
1
1
0.992366532504607
0.999727843442667
1
1
1
1
0.957859114690104
1
0.999961142984498
0.99965861816578
1
0.975489496545714
1
0.999618153521235
1
1
1
0.999939893424941
0.999578363134976
0.967460300348005
1
1
1
1
1
1
0.962060561932389
0.952948270839383
1
0.999664757660626
1
1
0.99978207695304
1
1
1
1
1
1
1
1
0.947888536756209
1
0.992290358649927
1
1
1
1
1
1
1
1
1
1
1
1
0.999932441856963
1
1
0.993645870989399
1
1
1
1
1
1
1
1
1
1
1
0.996673407330694
1
1
1
1
1
0.999746653935192
1
1
1
0.998858008545325
0.999494628257749
1
1
1
1
1
1
1
1
1
0.99978937729092
1
0.999180807424443
1
1
1
1
1
1
1
1
1
1
0.998985848195344
0.999751863978893
0.998242385661703
1
0.692654049667035
1
1
0.986929037937209
0.99970706494744
1
1
1
1
1
0.982289627124312
0.9987895734653
1
1
1
1
1
1
1
1
1
0.992483566747911
1
0.999402237044997
1
0.999875806341029
1
1
1
1
1
1
1
1
0.999875806341029
0.891195699121126
0.9570571663934
0.99313977965861
1
1
1
1
1
1
0.990056384569237
1
1
0.999195440503147
1
1
1
1
1
0.999811164881847
0.999193251926558
0.999888209291453
0.998122457502045
1
1
1
1
1
1
1
1
1
1
1
1
0.980864536111495
1
0.996335127432233
1
1
1
1
1
1
0.999772020576122
1
1
1
0.999992438628351
1
1
1
1
1
1
0.997093620061423
1
1
1
1
0.999188249964915
0.999720306847865
0.999886465240245
0.999902481082371
1
1
0.999896127175487
1
0.991741921525245
1
1
1
1
1
1
1
1
0.999494628257749
1
1
1
1
0.999720306847865
1
1
1
1
0.999919357330174
1
1
1
0.999258071064202
1
1
1
0.999927947478962
1
1
1
1
1
1
1
1
1
1
1
0.999618153521235
0.999811164881847
0.644521365974878
1
1
1
1
0.999636907145314
0.999811257581496
1
1
1
0.999043892925765
1
1
1
1
0.999756320499864
0.981656125652215
1
1
1
1
1
0.992290358649927
1
1
1
1
1
1
1
1
0.99435670741063
0.947242547649901
0.999735899986595
1
1
1
1
1
0.992366532504607
1
1
0.99684084916058
1
1
0.985099186458311
0.99963936462939
1
0.999570279099231
1
1
0.999188249964915
0.996236025848833
1
1
1
1
1
1
1
1
1
1
1
1
1
1
1
1
1
1
1
0.996678739773887
1
1
1
1
1
1
1
0.999597237466066
1
1
0.998770247765592
1
0.954138784361432
0.999664757660626
0.99980881194832
1
0.996738266486172
1
0.999952880261248
0.982289627124312
0.998367055339425
1
1
1
1
1
1
0.998204883070315
1
1
0.948688291224197
1
1
0.999618228537738
1
1
1
1
1
0.988696467865017
1
0.999240686817408
1
1
1
1
1
0.999733672111243
1
1
0.998027754955203
0.999879478316651
1
1
1
1
0.996183778937127
0.990747825070347
0.996017053764174
0.986992704843021
0.999625796574641
0.996760693732761
1
1
1
1
1
1
1
1
0.999731008548273
1
0.916698138622749
1
1
0.978793158246914
0.998747895772424
0.998109250071617
1
0.999896127175487
1
1
1
0.999986676735526
0.998962998459609
0.947626574138479
0.999588985366972
0.999939893424941
0.999877407572005
0.99965623199746
1
1
0.999047318926895
0.999535925697564
1
1
1
1
1
1
1
1
1
1
1
0.992724327443459
1
1
0.999625796574641
1
1
1
0.999874928695349
1
0.99896615930205
1
0.997908011198025
1
0.923960702287009
1
1
1
0.92692501163602
0.999872959658918
1
1
1
0.987053436452009
1
1
1
1
1
0.996950058181202
1
0.926030159486293
1
1
1
0.950694294938675
1
1
1
1
0.99989840616768
1
1
1
1
1
1
1
1
1
1
1
1
0.977644044083167
1
1
0.999188249964915
1
1
1
1
1
0.991971378158881
1
1
1
0.997093620061423
1
0.99990461483531
1
1
1
1
1
1
1
1
0.999397116114809
0.99992607047044
1
0.999394421465512
1
1
0.974854595703794
1
1
1
0.999258373623334
1
1
1
1
1
1
1
1
0.982061820592527
1
0.999618228537738
1
1
1
0.999446809378631
1
0.99978937729092
0.999895265842984
0.99896615930205
1
1
1
1
1
1
0.996183778937127
1
1
1
0.999932441856963
1
0.998367055339425
1
1
1
0.966107098813895
0.982473636089659
0.999722308068765
0.99975175835044
0.99980881194832
1
0.999750091817187
1
0.996335127432233
0.992199845778549
1
1
1
0.999082623169756
1
0.999719853523639
1
1
1
1
1
1
1
1
1
1
1
1
0.996904585638592
1
1
0.999838875071562
1
0.997926883918516
1
1
1
0.99978937729092
1
1
1
1
1
1
0.913304732745936
1
1
0.999939893424941
1
1
1
1
0.851041023676142
1
1
1
1
1
1
1
1
0.996991524991019
1
1
1
1
1
1
0.999391436772387
1
1
1
1
1
1
1
0.97415857600598
1
1
1
1
1
0.999128156215078
1
1
1
1
0.99977825835912
1
0.92692501163602
1
1
0.987159440447136
0.999811164881847
1
1
0.999672252884734
1
1
1
0.999700035337714
1
1
1
1
0.999772020576122
0.999720306847865
1
1
1
1
1
0.999394421465512
0.999933622030565
1
1
0.999447113662136
1
1
0.999469039693174
1
1
1
1
1
1
1
1
1
1
1
1
1
1
1
1
1
1
1
1
1
1
1
0.999983138964159
1
1
1
1
1
1
1
1
1
1
0.982061820592527
1
1
1
1
0.989792204163472
0.999864132625198
0.97959011397612
1
1
1
1
0.999956805289739
1
1
1
1
1
1
1
0.999896312670124
1
1
1
0.999570104751267
1
1
0.999951618150061
1
0.999719853523639
1
1
0.99963936462939
1
0.997342330180995
1
1
1
1
1
1
1
1
1
0.999817507516822
1
1
1
0.99990461483531
1
1
0.99795992032779
1
1
1
0.999570104751267
1
1
1
1
1
1
1
1
1
0.962060561932389
1
1
1
1
0.999561532879172
1
1
1
1
0.998970684719545
1
1
1
1
1
1
1
1
1
1
1
1
0.998660723924886
0.99949359516479
1
0.993452780948387
1
1
1
1
1
0.999188249964915
1
0.999772946894075
1
1
1
0.999980640668138
1
1
0.988791093582269
1
1
1
1
0.999578363134976
1
1
0.999324361951976
1
1
1
1
0.997472403436601
1
1
1
1
1
1
1
1
1
1
1
1
1
1
1
1
1
1
0.999772946894075
1
1
1
1
1
1
1
1
0.988645994614514
0.9987895734653
1
1
1
1
1
1
0.999288390081297
1
0.999546539565648
1
1
0.98811089970329
0.99840176117611
1
1
1
0.992199845778549
0.886112085027393
1
1
1
1
1
1
1
0.999737149306663
1
1
1
1
1
1
1
1
1
1
0.984152084212873
1
1
1
0.999562542537943
1
1
1
1
0.999811164881847
1
1
1
1
1
1
1
1
1
1
0.990881152091414
0.999876398697533
1
1
0.997290776806874
0.977788854292445
0.999946077183251
1
1
1
0.99894730796466
1
0.998745048321338
1
1
0.939233140210574
0.999737457461504
0.980098009957087
1
1
0.999875806341029
1
1
1
1
1
1
1
1
1
1
1
1
1
1
1
1
1
0.999562909049598
1
1
1
1
1
1
1
1
0.999946077183251
1
1
1
0.988294052509845
1
1
0.995996915045019
0.99483342383449
1
0.914443290962168
1
1
0.898734800998498
1
1
1
0.99937010145373
1
0.827898140903418
1
1
1
1
1
1
0.999397268364485
1
1
1
1
1
1
1
0.999417021842842
1
1
0.999608120084008
0.999722308068765
1
0.999992438628351
0.97415857600598
1
1
1
0.993355869638218
1
0.981090743406472
1
0.998639810931326
1
1
1
1
1
1
1
1
1
1
1
0.999902481082371
1
1
0.999633767444913
0.999199238375413
0.999886465240245
1
1
1
0.999469039693174
1
1
1
1
1
1
1
1
1
1
0.998498271727191
1
1
1
1
0.999324361951976
1
1
1
1
1
1
1
1
1
1
1
1
1
1
1
1
1
1
1
1
1
1
0.99985348021941
1
1
1
1
1
1
1
1
1
0.973908847612166
1
1
1
1
0.999643909491461
0.999198996871037
0.996735711269202
1
1
0.999865615446217
1
1
1
0.862475179132777
1
0.98811089970329
1
0.999890987707315
1
1
1
1
1
1
1
1
1
1
1
1
0.999728005471705
1
1
0.992032442119201
1
0.99988088690217
1
0.999855776043805
1
0.998944847143698
1
0.9868777384379
0.999727843442667
1
1
0.997986713396427
1
1
1
0.986929037937209
1
1
0.999725867887675
1
1
1
0.998879184557192
1
1
1
1
1
1
1
1
1
1
1
0.996198636785346
1
1
1
1
1
1
1
1
1
1
1
1
1
0.997437847149938
1
1
1
1
1
0.99987472663659
1
1
1
0.999886465240245
1
0.999953124141455
1
1
1
1
1
1
1
1
0.957859114690104
0.999997544910604
0.999882711518048
0.998695143734477
1
1
0.999644277223573
0.999597237466066
1
1
1
1
0.999700035337714
0.99783493815464
1
1
1
1
1
1
0.993490119336319
1
0.999937396375222
1
1
1
1
1
0.999406573782313
1
0.999937396375222
1
0.896178505265786
1
1
1
1
1
0.862475179132777
0.998943109216444
1
1
1
1
1
1
0.993014376935012
1
1
0.998642061514846
1
1
0.999768255554471
0.999700035337714
1
1
1
1
1
1
1
1
0.999992438628351
1
1
1
1
1
1
1
1
1
1
1
1
0.999324342917363
1
1
1
1
0.999876398697533
0.998788766758434
1
1
1
1
1
1
0.998110352293443
1
1
0.967460300348005
0.992337060932688
1
1
1
1
1
0.954138784361432
1
0.999983138964159
1
1
1
0.999876398697533
0.999226177308625
0.99997026567772
1
0.999402237044997
0.999720306847865
0.999146036815111
1
1
1
1
1
1
1
1
1
0.972422524776592
1
1
1
0.959962002422426
1
1
1
1
1
1
0.999674709432412
0.999895265842984
0.99980881194832
0.998772761419533
1
1
0.999913217145881
1
1
1
1
1
1
0.999919357330174
1
1
0.996594160763902
0.999956805289739
1
1
1
1
1
1
1
1
1
1
1
1
1
1
0.996904788742976
1
1
1
1
0.99920586643241
1
1
0.999644277223573
1
1
1
1
1
1
1
1
1
1
0.92692501163602
1
1
1
1
0.999972111728946
1
1
1
1
1
0.998337740894634
1
0.996265374038188
1
1
1
1
1
1
1
1
0.993355869638218
1
1
1
1
1
1
1
1
0.998639810931326
1
1
1
1
1
1
1
1
1
0.991110624068749
1
1
1
1
1
1
0.999495193794635
1
0.969045313947726
0.998273696377222
0.99997026567772
1
1
1
1
1
1
0.999768255554471
1
1
0.991971378158881
1
1
0.999877407572005
1
0.999578363134976
0.999937288180953
1
1
1
1
1
0.99922871300352
1
1
1
1
1
1
1
1
1
1
1
0.995716708686883
1
1
1
0.999953124141455
0.999582551379994
1
0.997720544763089
1
1
1
1
1
1
1
1
1
1
1
1
0.99978937729092
1
1
0.999896312670124
1
1
1
1
1
0.999542558646779
1
0.998897461362417
1
0.999835960472775
0.94089054616767
1
1
1
0.891195699121126
1
1
0.981598541022943
1
0.999469039693174
1
1
1
1
0.999199238375413
1
1
0.999898403551356
0.99973776420755
0.999756320499864
1
1
1
1
1
1
1
1
1
1
0.999435633923888
1
1
0.97964969811457
1
1
1
1
1
1
1
1
1
1
1
1
1
1
1
1
1
0.998645668146965
0.997496738382741
1
1
1
1
1
0.931370520284222
1
1
1
1
1
1
0.993697431043468
0.999730249048019
0.992578588976428
1
1
1
0.923960702287009
1
1
1
1
1
0.993664143301182
0.999706586412132
1
0.998996045119272
1
1
1
1
1
0.992578588976428
1
1
1
0.999876398697533
0.999265304393555
0.999953124141455
1
1
1
1
1
1
1
0.996927583420571
1
1
1
1
1
1
1
1
1
1
1
1
1
1
0.939570981370813
1
1
1
1
0.996189928544519
1
1
0.998962998459609
1
1
1
1
1
1
1
1
1
1
1
1
1
1
1
1
1
1
1
0.999999203360392
1
0.99987472663659
1
1
1
0.788361967363747
1
1
1
1
1
1
1
1
1
1
0.999211651130975
1
1
0.999428345453186
0.99996345104461
0.996927583420571
0.992078637208651
1
1
1
1
0.999681100084517
1
0.999664215708838
1
1
1
1
1
1
0.999900040039387
1
1
1
1
1
1
1
1
1
0.999992438628351
1
1
0.999882711518048
1
0.839085325401236
0.99980881194832
0.992366532504607
1
1
0.999582551379994
1
1
1
1
1
0.998839500111013
1
1
1
1
1
0.99963936462939
1
1
0.99875514928655
1
1
0.99920586643241
1
1
1
1
1
0.999898403551356
1
1
0.999469039693174
1
1
1
1
0.999902133374356
1
1
1
1
1
1
0.870978270262346
0.974036661509647
1
1
1
1
1
1
0.999879478316651
1
0.966788775035548
1
1
0.999996153621036
1
0.999189578074014
1
1
1
0.996659516203604
1
1
0.999877407572005
0.999882711518048
1
1
1
0.998367055339425
1
0.999811164881847
1
1
1
1
1
1
1
1
1
1
1
1
0.999294935402204
0.999191458649924
1
0.986929037937209
1
0.999389031714312
1
1
1
0.992578588976428
1
1
0.999573385909365
1
1
1
1
1
1
0.99375141935063
1
1
1
1
1
0.788361967363747
1
1
1
1
1
1
0.992462784696389
1
1
1
1
1
0.999666125088051
1
1
1
1
1
1
0.804028449525177
1
1
1
1
1
0.999348561661559
0.999874928695349
1
1
1
1
0.999610913045745
1
1
1
1
1
1
1
1
1
1
1
1
0.999566719762334
1
1
1
1
1
1
1
0.999737457461504
1
1
1
1
1
1
1
1
0.999919357330174
1
1
0.999927947478962
1
1
1
0.957471201623668
1
1
1
0.994940324830684
1
1
1
0.996236025848833
0.973848485142754
0.99970706494744
1
1
0.99869971380922
1
1
1
1
1
1
0.999240686817408
1
1
1
1
1
1
0.998317605614429
1
1
0.999722308068765
1
1
1
1
1
1
0.946839743693117
1
1
1
1
1
1
1
1
1
1
1
1
1
1
1
1
1
0.999839124604292
1
1
1
1
1
0.98689897130736
1
1
1
1
1
1
0.997769259199627
0.999911589999669
1
1
1
1
1
1
0.996371273393969
0.957312135090298
1
1
1
1
1
1
1
1
1
0.999535925697564
1
0.959676801868764
0.999343474371125
1
1
1
1
1
1
0.973454423595149
0.99985348021941
1
1
0.99985348021941
1
1
0.987400220282063
1
1
1
1
1
1
1
1
1
1
0.999890987707315
1
1
1
0.99973264971409
0.998367055339425
1
1
1
1
1
1
1
0.99840176117611
1
1
0.998242385661703
0.999397268364485
1
1
1
1
0.98771664465596
1
1
1
1
1
1
0.981090743406472
1
1
0.993014376935012
1
1
0.956059728655664
1
1
1
0.999768255554471
1
1
1
1
1
0.973908847612166
1
0.99985348021941
1
0.999906251380926
0.999883365078649
1
1
1
0.999892943087557
1
1
1
1
1
1
1
0.99973776420755
1
1
1
1
0.998952518214079
1
1
1
1
1
1
1
1
0.999875214822547
1
1
1
1
1
0.946839743693117
1
1
1
1
1
1
1
0.999819868568278
1
1
0.993345626825774
1
1
1
1
1
1
1
1
1
1
0.999680427004618
1
1
0.967460300348005
1
1
0.999191458649924
0.999947745596936
0.999582551379994
1
1
1
0.999535925697564
1
1
0.999902481082371
1
1
1
1
0.997649314325546
1
0.999258373623334
1
1
0.999413520939831
1
0.996701739411165
0.999877407572005
1
1
1
1
1
0.895060730456054
1
0.999397268364485
1
1
1
1
1
1
1
0.999725867887675
1
1
1
1
1
1
1
1
0.999390027184049
0.999128156215078
1
1
0.913304732745936
0.999855776043805
1
1
1
1
1
1
1
1
1
1
1
1
1
1
1
1
0.999666125088051
0.999614873194704
0.999913217145881
1
0.999588985366972
1
1
1
1
0.996541071104667
1
1
1
1
1
0.987524977250355
0.999494628257749
0.974854595703794
1
1
1
1
1
1
1
1
1
1
1
1
1
1
1
0.99937010145373
0.997420274118015
1
1
1
1
0.99894719790716
0.999984705999727
0.999877407572005
1
1
1
1
1
1
1
1
1
1
1
0.992366532504607
0.999417021842842
1
1
1
1
1
0.999946077183251
0.999886465240245
1
1
1
1
1
0.999588985366972
1
1
1
1
0.99790535978096
1
1
1
1
1
1
1
1
1
0.995076948145418
1
0.999839124604292
1
0.999906251380926
1
1
1
1
1
1
1
1
1
1
1
1
1
1
1
1
1
1
1
1
1
0.999608364247141
1
0.999674709432412
1
1
1
1
1
1
1
1
1
0.516634215179834
1
0.995257063631634
0.99746179620951
1
1
1
1
1
1
1
1
1
1
0.999402237044997
1
0.999896312670124
1
1
1
1
1
1
1
0.981381469011743
1
1
1
1
1
0.937330403022639
1
0.999413520939831
1
1
1
1
1
1
1
1
0.97878515137432
1
1
1
1
1
1
1
1
1
1
0.999839124604292
1
1
1
0.866178825064439
1
1
1
1
1
1
1
1
1
1
1
1
0.995989679358389
0.990016096946134
1
1
1
1
1
1
1
0.999772020576122
1
1
1
1
1
1
1
1
1
0.999357377821264
1
1
1
0.999997225296107
0.999984705999727
1
0.99988088690217
1
0.998110352293443
1
1
1
1
0.998367055339425
1
1
1
0.998525980451122
1
1
1
0.987053436452009
1
1
1
1
1
1
1
1
1
1
0.99980881194832
0.999429532948809
1
1
1
1
1
0.999606634803999
1
1
1
1
1
1
1
1
1
1
1
1
0.992041561416302
1
1
1
1
1
1
1
1
1
1
1
1
1
1
1
1
1
0.999911589999669
1
1
1
1
1
1
1
1
0.992836184892987
1
1
1
1
1
1
1
1
1
0.998962998459609
1
0.998669656612549
1
0.999495193794635
1
1
0.936868810631982
1
1
1
1
1
1
1
1
1
1
1
1
1
1
0.853771527890581
1
1
1
1
0.99973776420755
1
0.981381469011743
0.998658429132127
0.997720544763089
0.999258071064202
1
1
1
1
1
1
1
1
1
1
1
1
1
0.998266715153486
1
1
1
1
0.99875153092077
1
1
1
1
1
0.999781245636036
1
1
1
1
1
1
0.999610913045745
1
1
1
1
1
0.999733672111243
1
1
1
1
1
1
1
1
1
1
1
1
1
1
0.999772946894075
1
0.999864132625198
1
1
1
1
1
1
1
1
1
1
1
1
1
0.999733672111243
1
1
1
1
1
1
1
1
1
1
0.999625041259041
1
1
1
1
0.986992704843021
1
1
1
1
1
1
1
1
1
1
1
1
0.99845885022571
1
0.999240686817408
1
1
1
1
1
1
1
0.998317605614429
0.998498271727191
1
1
0.990261102005385
1
0.999933622030565
1
1
1
1
1
1
1
1
1
1
0.998282358343586
1
1
1
1
1
1
1
0.999819868568278
1
1
0.998879184557192
0.999446809378631
1
1
1
1
1
1
1
1
1
1
1
1
1
1
1
1
1
1
1
0.993355869638218
1
0.994430183896516
1
1
1
0.957859114690104
1
1
1
1
1
1
1
1
1
1
1
0.96575139474054
1
1
0.92692501163602
1
0.999588985366972
0.999933622030565
1
1
1
1
1
0.999644277223573
1
0.999633767444913
1
1
1
0.997361024609273
1
1
1
1
1
0.996371273393969
1
1
0.99917032917695
0.651219629176925
1
1
1
0.999731008548273
0.999720306847865
1
1
0.998985848195344
0.984019841232198
1
1
1
1
1
1
1
1
1
0.99807211527368
1
1
0.999174110750678
1
1
1
1
1
1
1
1
0.988294052509845
1
1
1
1
1
1
1
0.97959011397612
0.637954937910901
1
1
1
0.99989840616768
1
1
0.977788854292445
1
1
1
1
1
0.999588985366972
0.996738266486172
0.999875214822547
0.938151134712273
1
1
1
1
1
1
1
1
1
0.996701739411165
1
1
1
1
1
1
1
1
0.997118327282514
1
1
0.991110624068749
1
1
1
1
1
1
1
1
1
1
1
1
1
0.999722308068765
1
1
1
0.997391663881894
1
1
0.990261102005385
0.989144821429223
0.999838875071562
1
1
1
1
1
1
1
1
1
0.999738320744299
1
1
1
1
0.999525462359379
1
1
0.913304732745936
1
1
1
1
0.999429532948809
1
0.98811089970329
1
1
1
1
1
1
1
1
1
1
0.999719853523639
0.999874928695349
1
1
0.99961549286005
1
1
1
1
1
1
1
1
1
1
1
1
0.999875820718429
1
0.999772020576122
1
1
0.99990461483531
1
1
0.999932441856963
1
0.999651421377911
1
1
1
1
1
1
1
1
1
0.999525462359379
1
0.968009884767223
1
1
0.984019841232198
0.999838875071562
0.99978937729092
1
0.974854595703794
1
1
1
0.999435633923888
1
1
1
1
1
0.999570279099231
0.999875820718429
1
1
1
1
1
1
0.981656125652215
1
1
1
0.999951618150061
1
1
1
1
1
1
1
0.999240686817408
0.9996816013547
1
1
1
0.997649314325546
1
1
1
1
1
1
1
1
1
1
1
1
1
1
0.875720117090219
1
1
1
1
0.99963012471285
1
1
1
1
0.999578363134976
0.999419366410585
0.936764228725469
0.99922871300352
0.990747825070347
1
1
0.996594160763902
1
1
1
0.999855776043805
0.997672044616742
1
1
0.999469505008004
0.999980640668138
0.999786856969497
1
1
1
1
1
1
1
1
1
1
1
1
1
1
0.99896615930205
1
0.998251387774658
1
1
0.99629217899393
0.999220917111032
1
1
1
1
1
1
1
1
1
1
0.999199238375413
1
0.999447113662136
1
1
1
1
1
0.999737457461504
1
1
1
1
1
1
1
1
1
1
1
1
1
1
1
1
1
1
1
1
1
1
1
1
1
1
1
0.999947745596936
1
0.999582410731347
0.999731008548273
0.998269604884207
1
0.99894719790716
1
1
0.936868810631982
0.995870690981705
1
1
0.999446809378631
1
0.999394421465512
1
1
1
1
0.999720306847865
1
1
0.999372720686573
1
1
1
1
1
1
1
1
1
1
1
1
1
1
1
0.982638969251668
1
1
1
0.987400220282063
0.873563329355654
0.999973644617134
1
1
1
1
0.948309452412215
1
1
1
0.999956805289739
1
0.999697448970823
1
1
1
1
1
1
1
1
1
1
1
1
0.99967075836779
1
1
1
0.991971378158881
1
0.94089054616767
0.998367055339425
0.999874928695349
1
0.998273696377222
1
1
1
1
1
0.998786230652365
1
0.993345626825774
1
1
1
1
1
1
1
1
1
1
1
1
1
1
1
1
1
0.999720948773763
1
1
1
1
1
0.999690653242558
1
0.9868777384379
1
1
1
0.999878288267615
0.999965895477958
1
1
1
0.947155543166581
1
1
1
1
1
1
0.982473636089659
1
1
1
1
1
1
1
1
1
1
1
0.954207672756389
1
0.999620001148909
1
1
1
1
1
1
1
1
1
1
0.999561532879172
1
0.998856629936666
0.999961142984498
1
0.999956805289739
1
1
1
1
1
1
1
1
1
1
1
1
1
1
1
0.99990461483531
1
1
1
0.99909935211939
1
1
0.998745048321338
1
1
1
1
0.998772761419533
1
1
1
0.986721685166417
0.99988088690217
0.999911589999669
1
1
1
1
1
1
1
1
0.99909935211939
1
1
1
0.999879699344554
1
1
1
1
1
1
1
1
1
1
1
0.999873877383207
1
1
0.999681100084517
1
0.99963936462939
0.99989840616768
1
1
0.999602217922133
1
1
0.999951618150061
0.999902481082371
1
1
1
0.99483342383449
1
1
1
1
1
0.999896127175487
0.999608364247141
1
0.997093620061423
1
1
1
1
1
1
1
1
1
1
1
0.999643909491461
1
1
1
1
1
1
0.872709538890106
1
1
1
0.956059728655664
1
1
1
1
0.999861323107329
1
0.957823932377427
1
0.999722308068765
1
1
1
0.99996345104461
1
1
1
1
0.998315229394586
1
0.97959011397612
1
0.999733672111243
0.999939893424941
1
1
1
1
0.999879478316651
1
1
1
1
1
1
1
0.882640297397893
1
0.999911589999669
1
1
0.998788766758434
1
1
1
1
0.99978937729092
1
0.999961142984498
1
1
1
1
0.978352914416097
1
1
1
1
1
1
1
1
1
0.99993607356315
1
1
1
0.999570279099231
1
1
0.999333746096032
0.999024412911926
0.999919357330174
1
1
1
1
1
1
0.999875820718429
0.99869971380922
0.999875806341029
1
1
1
1
0.999700035337714
1
1
1
0.995299318255843
1
0.995003983361381
1
1
0.999737149306663
1
0.999937288180953
1
1
1
1
1
0.999561532879172
1
0.992617202196111
1
0.996371273393969
1
1
0.999999203360392
1
1
0.999191458649924
1
1
1
1
0.990261102005385
0.999608364247141
1
0.993014376935012
1
0.999746653935192
0.998954819485157
1
1
1
1
0.999727843442667
1
1
1
0.996287152876782
0.998996045119272
0.986929037937209
1
1
0.996335127432233
1
1
1
1
1
1
1
1
1
1
0.99746179620951
1
1
1
0.999746653935192
1
1
1
0.999890987707315
1
0.99965861816578
1
1
1
1
0.996834271046784
1
1
1
0.999566719762334
1
0.998788766758434
1
0.999294935402204
1
1
1
1
1
1
0.999741086452204
1
1
1
1
1
1
0.788361967363747
1
1
1
1
1
1
0.999562542537943
1
1
1
1
1
0.999896312670124
1
0.896178505265786
1
1
1
1
0.999582410731347
0.559496879094718
1
0.99978207695304
1
1
1
1
1
1
1
1
0.999913217145881
0.991971378158881
1
1
1
1
1
1
0.999680427004618
0.998985848195344
1
0.99782392031411
1
1
1
1
0.999664215708838
0.999413520939831
1
1
1
1
0.99666526658565
1
1
1
1
1
1
1
1
1
1
1
1
1
1
0.999625796574641
1
0.999932441856963
1
1
1
1
1
1
1
1
1
1
0.999719853523639
1
1
1
0.999908607862537
1
1
0.984019841232198
0.995076948145418
1
0.992578588976428
1
0.996335127432233
1
1
0.98771664465596
1
1
1
1
1
1
1
1
1
1
1
1
1
1
1
1
1
0.997284227441051
1
1
1
1
1
1
0.999024412911926
1
1
1
1
0.998996045119272
1
1
1
0.88425786653735
1
1
1
1
1
1
1
1
1
1
0.998645668146965
1
1
1
1
1
0.99937010145373
0.998385068422623
1
1
0.999911589999669
1
1
1
1
1
1
1
1
1
1
1
1
1
1
1
1
1
1
1
1
1
1
1
1
1
1
1
0.999180807424443
1
1
1
1
1
0.960759428724083
1
0.999772020576122
1
1
0.999886465240245
0.999878288267615
1
0.998614766943295
1
1
1
1
1
1
1
1
0.999908607862537
0.999879699344554
1
1
0.999879699344554
1
1
1
1
1
1
1
0.993345626825774
1
1
0.988791093582269
1
0.999469505008004
1
1
1
0.998728605895544
1
1
1
1
1
1
1
1
1
1
0.99629217899393
1
1
1
1
0.999566719762334
1
1
1
1
0.913304732745936
1
1
1
1
1
1
0.997393214060584
1
1
1
1
0.99781871566974
1
1
1
0.999546539565648
1
1
0.999884192993304
1
1
0.995161847155673
1
1
0.999343474371125
0.99909935211939
1
1
1
1
0.996707063733147
1
1
0.99961549286005
0.971757948442535
1
1
1
1
1
1
1
1
1
0.999578363134976
1
1
1
1
1
1
1
1
1
1
1
1
1
1
0.981781205865179
1
1
0.994094643197622
1
1
1
1
1
1
0.998639810931326
1
1
1
1
1
1
1
0.957823932377427
1
1
0.999357377821264
0.999643909491461
0.992002694495649
1
1
1
1
1
1
1
1
1
1
1
1
1
1
1
1
1
1
1
1
1
0.999618228537738
1
0.971757948442535
1
1
1
0.99965623199746
1
1
1
1
1
1
0.999770293560107
1
1
0.999397268364485
1
1
1
1
0.99939704754764
1
1
1
1
1
0.999770293560107
1
1
1
1
1
0.999760703555101
1
1
1
1
0.996217077263457
0.999857046266287
1
0.999697448970823
1
1
1
1
1
1
0.86815677867967
1
1
0.999902481082371
0.999188249964915
1
0.984152084212873
1
1
1
1
1
1
0.999561532879172
1
1
0.998317605614429
1
1
1
1
1
0.839085325401236
0.999180807424443
0.999082623169756
0.999220917111032
0.997391663881894
1
1
1
1
1
1
1
1
1
1
1
0.999389031714312
1
1
1
1
1
1
1
1
1
1
1
1
0.996904788742976
1
1
1
1
1
1
1
1
1
1
0.999760703555101
1
1
1
1
0.999417021842842
1
0.999570104751267
1
1
0.954138784361432
1
0.999191458649924
1
0.967460300348005
1
1
0.99684084916058
1
1
1
1
0.999879699344554
1
1
0.999560819854933
1
1
1
1
1
0.999864132625198
1
1
1
1
1
1
1
1
1
1
1
0.986721685166417
1
1
1
0.999680427004618
1
1
1
0.999751863978893
1
1
1
1
1
0.999939893424941
1
1
1
1
1
1
1
1
0.999992438628351
1
1
0.999895265842984
1
0.999951618150061
1
1
0.996183778937127
1
1
1
1
0.999731008548273
1
1
1
1
1
1
1
1
1
0.999265304393555
1
0.999564680466264
1
0.99965861816578
1
0.999220917111032
0.99869971380922
1
1
1
1
1
1
1
1
1
1
1
1
1
0.999618228537738
1
1
1
1
0.998695143734477
0.994534672939008
1
0.999992438628351
0.998679453803842
1
1
1
1
1
1
1
0.987053436452009
1
1
1
1
1
0.999324361951976
1
1
1
1
1
1
1
1
0.9868777384379
0.996371273393969
1
1
1
0.99985348021941
1
0.99783493815464
1
1
1
1
0.974371356068806
1
0.999992438628351
1
0.999746181526446
1
1
0.999394421465512
1
1
1
1
1
0.998645668146965
1
1
1
1
0.995336301793094
1
1
1
1
0.985099186458311
1
1
1
1
1
1
1
0.999748104019994
0.999372720686573
1
1
1
1
1
1
0.999636907145314
1
0.999643909491461
1
0.963243789247772
1
0.999343474371125
1
0.999953124141455
1
1
1
1
0.996217077263457
0.999886465240245
0.998690773627041
1
1
1
0.99963936462939
1
1
1
0.986836942372317
0.992000363678854
1
1
1
1
1
0.999643909491461
1
1
1
0.99988088690217
1
0.997693423214603
1
1
0.999614951235905
1
1
1
0.989364559454985
1
1
0.99985348021941
1
0.999933622030565
0.996426810890166
1
1
1
1
0.999469039693174
1
1
1
1
1
0.996991524991019
1
0.967460300348005
1
1
1
1
1
1
1
0.999234954654192
1
1
1
1
0.998269604884207
1
1
1
1
1
1
1
0.999546539565648
1
1
0.876296430299484
1
1
1
1
1
0.999294935402204
1
1
1
1
1
1
1
1
1
1
1
1
1
1
0.896178505265786
1
0.99781871566974
0.995186421811377
0.855673373929605
0.998943109216444
1
0.957269081770172
0.999727843442667
1
1
1
1
0.998642061514846
0.999855776043805
1
1
1
1
1
1
1
0.99917032917695
1
1
1
1
1
0.999864132625198
1
1
1
1
0.996198636785346
1
1
1
1
1
1
0.999694930771646
1
1
0.987159440447136
1
1
1
1
1
1
1
1
1
1
1
1
1
0.999391436772387
1
1
1
1
1
1
0.958624852496416
1
1
1
1
1
1
0.991984339927931
0.975489496545714
1
1
1
0.870978270262346
1
0.99975175835044
1
1
1
1
1
1
1
0.99669063770619
1
1
1
1
1
1
0.937629398953081
1
0.998204883070315
1
0.999750091817187
0.998132141227573
1
0.993758294204142
1
1
0.999720306847865
1
1
0.999719853523639
1
1
1
1
1
1
0.999480113503508
1
1
1
0.999720948773763
1
1
1
0.999146036815111
1
1
1
0.99985348021941
1
1
1
1
1
1
0.997028652014566
1
1
1
0.999240686817408
0.997093620061423
1
1
1
1
0.999793543489064
1
0.999933622030565
1
1
0.999927947478962
0.975104939828703
1
1
1
0.999706586412132
1
0.99992607047044
1
1
1
1
0.998651994857282
1
1
0.957823932377427
1
0.998739261926221
0.99684084916058
1
1
1
1
1
0.926030159486293
1
1
1
1
1
0.999932441856963
1
1
1
1
1
0.99975175835044
1
1
1
1
0.999860227601294
1
1
1
1
1
1
1
1
0.999391436772387
1
1
0.999768255554471
1
1
0.999333746096032
1
1
1
0.999902481082371
1
1
0.998317605614429
1
0.999683012882299
1
1
1
1
0.99989840616768
0.999956805289739
0.929696329944996
1
1
1
1
1
0.999391436772387
1
1
1
1
1
1
1
1
1
1
1
1
1
0.99807211527368
0.99375141935063
0.999882711518048
1
1
1
0.981598541022943
0.954207672756389
1
1
0.996265374038188
0.946839743693117
1
1
1
1
1
0.987090389111469
1
1
1
1
1
1
0.99949359516479
1
1
0.992749994069228
0.99375141935063
1
1
1
1
0.999384034322129
1
1
1
0.965804744056171
1
0.999664215708838
1
0.999768255554471
0.999643909491461
1
1
0.994755063413447
1
1
1
1
0.93263677577186
1
1
0.99988088690217
1
1
1
0.988405777713584
1
0.999872959658918
1
0.945260128941438
1
1
1
1
1
1
0.999999203360392
1
1
1
1
1
1
1
1
1
1
1
1
1
1
1
1
0.99970706494744
1
1
1
0.99978937729092
1
1
1
1
1
0.999697448970823
1
1
1
1
1
1
0.999875214822547
1
0.992041561416302
1
1
1
1
1
1
0.999276734981534
0.999913217145881
1
1
1
0.96441641602971
1
1
1
1
0.999946077183251
1
1
1
0.99930773745946
0.988791093582269
0.99894730796466
0.99908149238302
0.996471905013904
0.991971378158881
1
1
1
1
1
1
1
1
0.999728005471705
1
0.992689812392301
1
1
1
0.999507039171033
1
1
1
1
1
1
1
1
0.987032081591349
1
1
0.99172587515501
1
1
1
0.998603241562283
0.999220917111032
0.996772696668968
0.997317858071655
1
1
1
1
1
1
1
1
1
1
0.98542667710241
1
1
1
1
1
1
0.935675892011055
1
1
1
1
1
1
0.999343474371125
1
1
1
0.992483566747911
0.999570104751267
0.998660723924886
1
1
1
0.971757948442535
0.99970706494744
0.998122457502045
1
0.999746181526446
1
1
0.999211651130975
0.999939893424941
1
0.999276734981534
1
1
1
1
1
1
0.99932978497605
1
0.999760703555101
1
1
1
1
1
0.992143353005713
1
1
0.789249241129846
0.999128156215078
1
1
1
1
1
0.99977825835912
1
1
1
0.999570279099231
1
1
1
1
0.981598541022943
1
0.999582410731347
0.996652897186195
0.998839500111013
1
1
1
1
1
1
1
1
1
0.999220917111032
1
1
1
0.999865615446217
0.999446809378631
1
1
1
1
1
1
1
1
1
0.999195440503147
1
1
0.96575139474054
1
0.996885810554507
1
0.926030159486293
0.999664215708838
0.99985348021941
1
1
1
1
1
1
1
1
1
1
0.99965861816578
0.996678739773887
1
1
0.99781871566974
1
0.998132141227573
1
1
0.985099186458311
1
1
1
1
1
0.789249241129846
1
0.999756320499864
1
1
1
1
1
1
1
1
1
1
1
1
0.996426810890166
1
1
1
1
1
1
1
1
1
1
1
1
0.913304732745936
1
0.999992438628351
1
0.969872002597211
1
1
1
1
1
1
0.933039396449575
1
0.999562542537943
0.999888209291453
0.998660723924886
1
1
0.999934483458607
1
1
1
1
1
1
1
1
0.999746653935192
1
0.999772946894075
1
1
1
0.999093102658983
1
1
1
0.755394217459582
1
1
1
1
1
1
1
1
1
1
1
0.752592016663949
1
1
1
1
1
1
1
0.998367055339425
1
1
1
1
1
1
1
1
1
1
0.99684084916058
1
1
1
1
1
1
1
1
1
1
1
0.99978937729092
1
1
1
0.97455707697618
1
1
1
1
1
1
1
1
1
1
1
1
0.999305808871039
1
1
1
1
1
1
0.981562571099244
1
1
1
1
0.999971342409017
0.999961142984498
1
1
1
0.977788854292445
1
1
1
1
1
1
1
1
1
1
1
1
1
0.999188249964915
1
0.999875820718429
1
0.998642061514846
1
1
1
0.999195440503147
1
1
1
1
1
1
1
1
1
1
1
0.99997026567772
1
1
1
1
1
0.997863772323218
1
1
1
1
0.995866664807419
1
1
1
1
0.999772946894075
0.99987472663659
1
1
1
1
1
1
0.99973776420755
1
1
1
0.999389031714312
0.999786856969497
1
1
1
1
0.999888209291453
1
1
1
1
1
1
1
1
1
1
1
1
1
1
1
1
0.999906251380926
1
1
0.999874928695349
1
0.994534672939008
0.998690773627041
0.853771527890581
0.959051927059508
1
1
1
1
1
1
1
1
1
1
1
1
0.92692501163602
1
1
1
1
1
1
1
1
0.995958751834454
1
1
1
1
1
0.998603241562283
1
1
1
1
1
1
0.999681100084517
1
0.938991687994453
1
1
1
1
0.999882711518048
1
0.999446809378631
0.999756320499864
1
1
0.981090743406472
1
1
1
1
0.999324361951976
1
1
1
1
1
1
0.999446809378631
0.987053436452009
0.998856629936666
1
0.999602217922133
0.999855776043805
1
1
0.99917032917695
1
1
0.999633767444913
1
1
1
1
1
1
1
0.999997544910604
1
1
1
1
1
1
0.993888237895681
1
1
0.996082175902611
1
0.996800672182996
0.999751863978893
1
1
1
1
1
0.999478646369146
1
1
1
1
1
1
1
1
1
1
1
1
1
0.99965623199746
1
1
1
0.998266715153486
1
1
1
1
1
0.992724327443459
1
1
1
0.999919357330174
1
0.992836184892987
0.998985848195344
1
0.999199238375413
1
1
1
0.997706268104759
1
1
1
1
1
1
0.999937288180953
1
1
1
0.959039685881139
1
1
1
1
1
1
0.999582551379994
1
1
0.999947745596936
1
0.998973727126603
1
1
1
1
1
1
1
1
1
0.96575139474054
1
1
1
1
1
1
1
1
1
1
1
1
1
1
1
1
1
0.94282573760672
1
0.999195440503147
1
1
0.996904585638592
1
1
0.997815039609361
1
1
1
0.999890987707315
1
1
1
1
1
1
1
1
1
1
1
1
0.692654049667035
1
1
1
1
1
1
1
1
1
1
1
0.876839486754582
1
0.998576225954315
1
1
0.999896312670124
1
0.997304640214509
0.999997225296107
1
1
0.999043892925765
0.989792204163472
0.865623286047762
1
0.988791093582269
1
1
0.99894730796466
0.999575382206507
1
0.990249369763355
0.999618228537738
1
0.999875806341029
1
1
1
0.998337740894634
1
0.998695143734477
1
1
1
1
1
0.999093102658983
1
