x
0.998848606464893
1
1
0.990818605058882
1
1
1
1
1
1
1
1
1
1
1
1
0.993446826331384
1
0.991963220749749
1
1
1
1
1
1
1
0.917887414664688
1
1
1
1
0.999999999531352
0.98886874983305
0.981671539804497
0.970245850392105
1
1
0.996299931773275
1
0.996946233074618
0.884580303220763
1
0.994100737450048
1
1
1
1
1
1
1
0.99629200788362
0.927746028369139
1
0.951573517541344
1
1
0.98031093577805
0.960079157087481
1
1
1
1
1
0.973503445628902
1
0.776312413694107
1
0.965829228897865
1
1
1
0.967993430780751
0.978101216150333
0.981047875842487
1
1
1
1
1
0.959280239722822
1
1
1
0.941628078864755
1
1
1
1
1
1
1
1
1
1
0.998881725947517
1
1
1
1
1
1
0.990909610508684
1
1
1
1
1
1
1
1
1
1
1
1
1
1
1
1
1
1
0.995903188991755
0.988057412097288
1
0.984917211846542
1
1
1
0.999999999269068
1
1
1
1
1
1
1
1
0.861922174932034
0.995994719386332
1
1
1
1
0.969360151489538
1
1
1
1
0.973974082707201
1
0.991104342739826
1
1
1
0.996383730921505
1
0.997729382567452
1
1
0.956755179993674
1
1
1
1
1
1
1
1
0.974036957142482
0.996576297311393
1
1
0.980138520603997
1
1
1
0.973503445628902
1
1
0.992368504813765
1
1
0.971046124892308
1
1
1
1
1
0.993485687748812
1
1
1
0.976267753228254
1
0.98575681033718
0.980262502282062
1
0.986348712428229
1
0.989348267310745
1
0.999999999561025
1
1
0.961560198020867
1
1
1
0.993446826331384
1
1
1
1
1
1
1
1
0.99427621490048
0.956755179993674
1
1
1
1
1
1
1
1
0.997802493484881
1
1
1
1
1
1
1
1
1
0.940615552336211
1
1
1
1
1
1
1
1
1
0.941716047976094
1
1
1
1
1
1
1
1
1
1
1
1
1
1
1
1
1
0.99658151932851
0.999307354236699
0.945935796630875
1
1
1
1
1
1
0.98031093577805
0.887725930801329
1
1
0.9964357427529
0.976313581526246
0.992043380868235
1
0.995456148922737
1
1
1
1
1
1
1
1
0.979507612366404
1
1
0.99058368393476
1
0.976932758920397
1
0.986218800307764
1
1
1
1
0.941186396443137
1
1
1
1
1
1
1
1
1
1
1
1
1
1
0.99175910480183
1
1
1
1
0.973388757113974
1
0.990909610508684
1
0.996096710666835
1
0.962144843705807
1
1
1
0.996383730921505
1
1
1
1
1
1
1
1
1
1
1
1
1
0.999999999683341
1
1
1
0.950873846844711
1
1
1
1
1
1
1
1
1
0.97867262445541
1
1
1
0.988775074136203
0.989180783318635
1
1
0.892924319181566
1
1
1
0.852948653943859
0.985577466795122
1
1
1
1
1
1
1
0.850677532758201
0.965554720696727
1
1
1
1
1
1
1
1
0.971966898766488
1
1
0.979159977295809
1
1
1
1
1
1
1
0.878293607107391
1
1
0.998342283484254
0.771927104390091
1
1
1
1
1
0.973388757113974
1
1
1
0.854937296511669
1
1
1
1
1
1
1
1
1
1
1
0.999999999633252
1
1
1
0.989251722363897
1
1
1
0.946183044962209
1
0.999999999534041
1
1
1
0.989608960956734
1
1
1
1
1
1
1
1
1
1
0.989140781728006
1
1
1
1
0.990781983094155
1
1
1
1
1
0.999999999561025
1
0.920359312706901
0.860730476507707
1
1
1
1
1
1
0.988039202678026
1
1
1
1
1
0.995870059007043
1
0.985692905870653
1
1
1
1
1
0.991375998306185
1
1
1
1
1
0.984192488408555
0.981047875842487
1
1
1
1
0.965690818069229
1
0.989804299193751
1
1
1
1
1
1
1
1
0.913794557786549
0.983166864277195
1
0.780335241109836
1
1
1
1
1
0.998969311235716
0.999045632277283
1
1
1
0.984626565847356
0.960313221381697
1
1
1
1
1
1
1
1
0.999999999990849
0.826412463316064
1
1
1
1
1
1
1
0.924452600304417
1
1
1
1
1
0.935212213041799
1
1
1
1
1
1
1
0.995870059007043
1
1
1
0.984130294929364
1
1
0.991927385586587
1
1
0.999284446359123
1
1
1
1
1
1
1
0.997082346370539
0.805609698621862
1
0.98031093577805
1
1
1
0.998596836006208
1
1
0.956670064381716
0.988848159217264
1
1
1
0.914757188341757
0.982276034760634
1
1
1
1
1
1
0.886350610605038
1
1
1
1
1
1
0.991375998306185
1
1
1
1
1
0.975542377445333
1
1
1
1
1
1
1
1
1
1
1
0.905107273967204
1
1
1
1
1
1
0.923746334515959
1
1
1
1
1
0.98857114200318
1
1
1
1
1
0.988057412097288
1
1
1
1
1
1
1
1
1
1
0.88345139912066
1
1
0.985634700902217
0.915686887705112
1
1
1
1
1
0.99522133667523
1
1
1
1
1
1
0.990909610508684
1
1
0.999999999120809
1
1
1
0.963454098803153
1
0.988039202678026
0.960079157087481
1
1
1
1
1
1
1
1
1
1
1
1
1
0.925119867083985
1
0.992368504813765
0.96845911124691
0.995886484833946
1
1
1
1
1
0.999999999927141
0.913236025391942
1
1
1
1
1
1
1
1
1
1
1
1
1
1
1
0.98886874983305
1
0.989804299193751
0.999999999531352
0.648557546656114
0.984106576907109
1
0.999999999927141
1
1
1
0.977983781952421
1
1
1
1
1
0.927854585952689
0.992798631915727
1
1
1
1
0.987556832508612
1
0.977508879181523
1
1
1
1
1
1
0.981073653020126
1
1
1
1
1
0.981005769172113
1
1
1
1
0.944184698619203
1
1
1
1
1
1
1
1
1
1
1
1
1
1
1
1
1
1
1
0.978224556463752
1
1
0.933562708714629
1
1
1
1
0.969360151489538
1
1
1
1
1
1
1
0.992818237417305
0.980057817243764
1
0.941716047976094
1
1
0.980580774567479
1
1
0.894413514078133
1
1
1
1
0.994929460384264
1
1
1
0.995994719386332
1
0.998848606464893
1
0.991506342969221
1
0.965554720696727
1
0.996194924863934
1
0.932444003167645
1
1
0.996308271895366
1
1
1
1
1
0.991506342969221
0.986798442754114
1
1
0.988646063904992
1
1
1
0.990909610508684
1
1
0.860468718108568
0.998848606464893
1
0.886095817960937
1
0.902680602735099
1
1
1
1
1
1
0.994929460384264
1
1
1
1
1
1
0.995456148922737
1
1
1
1
1
1
1
1
1
1
0.995927302327873
1
0.998910216161538
1
1
0.994929460384264
1
0.9800074202183
1
1
1
1
1
0.999999999944341
1
1
1
1
0.996779084355923
1
0.979507612366404
1
1
0.990795583825132
1
1
1
1
0.976750768606912
1
1
1
1
1
1
1
1
1
1
1
1
1
1
1
1
0.861922174932034
1
1
0.996220407924032
1
1
0.965690818069229
1
1
0.996728832336969
0.965081460711389
0.884732126055986
1
1
1
1
1
1
1
0.992818237417305
1
1
0.997082346370539
1
1
1
1
1
1
1
1
1
1
1
1
1
1
1
1
1
0.998100611574145
1
1
1
1
1
1
1
0.914292938333746
1
1
0.980580774567479
1
1
1
1
1
0.965690818069229
0.991059925905116
1
1
1
1
1
0.982461146175047
1
1
1
1
1
1
0.989804299193751
1
1
0.987382129145448
1
1
1
0.97939745334301
1
1
1
1
1
1
0.919831276167684
1
0.999999999944341
0.993358942912646
1
1
1
1
1
0.993740740340022
0.971046124892308
1
1
0.981627618669331
1
1
0.996362855664122
0.996299931773275
0.980255024159231
0.990855847903075
1
0.975705441938924
1
1
1
1
1
1
1
1
1
1
0.991927385586587
1
1
1
1
1
1
0.899783251406175
1
0.975473560921236
1
1
1
0.999045632277283
1
0.98577692968413
0.981548358105505
1
1
0.964412052436746
0.988975108609283
1
1
1
1
1
1
1
1
1
0.994815294481038
0.994331940014099
1
1
1
1
0.971456129011695
1
0.700768655066681
1
1
1
1
1
1
0.918810652662127
0.925925187998316
1
1
1
1
0.991275446599712
1
0.990909610508684
1
0.990818605058882
1
0.981073653020126
1
0.998944768716451
1
1
1
1
1
1
1
1
1
1
1
1
1
1
1
1
1
1
1
1
1
1
1
1
1
1
0.9941654802059
1
0.933560744895869
0.998848606464893
1
1
1
1
1
1
1
1
1
1
0.983417669409687
1
1
1
1
0.982461146175047
1
1
1
1
1
1
1
0.977046742793903
1
1
0.991104342739826
1
1
1
1
1
0.999557780332354
1
1
1
0.995870059007043
1
1
1
1
0.999999998920015
1
1
1
1
1
1
0.990818605058882
1
1
0.991506342969221
1
0.651234198544137
1
1
1
1
1
1
1
1
1
1
1
1
1
1
1
1
0.983181094902036
1
1
1
1
1
0.996299931773275
1
1
1
1
1
1
1
1
1
1
0.989237073517067
1
1
1
0.976313581526246
0.989180783318635
0.948907038419445
0.986011858586154
1
1
1
1
1
1
1
1
1
1
1
1
0.924343451173562
1
1
1
1
1
0.906789831294106
1
1
1
1
1
1
1
1
1
1
1
1
1
1
1
1
1
1
1
0.995870059007043
1
1
1
1
1
1
1
1
1
1
0.91200160241196
1
1
0.995903188991755
1
0.702363670877367
1
0.794454993121006
1
1
0.772336600003538
1
1
1
1
1
1
1
1
1
1
1
1
1
0.965828971533586
0.992887416083581
1
1
1
1
1
1
1
0.984434822458872
1
1
1
1
1
1
1
1
1
0.987549121086244
1
1
1
0.933560744895869
0.997387027807335
1
0.888369299270525
1
1
1
0.992887416083581
0.98867441506816
1
0.973676277213886
0.999999999629094
1
1
1
0.972644506940835
1
1
1
1
1
1
0.930035766540858
0.98575681033718
1
1
1
1
0.97274594599023
1
1
1
0.961408460701825
1
1
1
1
1
0.911869655150856
1
0.979978460794713
0.98959148630363
1
1
1
1
1
1
1
1
1
1
1
0.975473560921236
1
1
1
1
1
1
1
0.996383730921505
1
1
1
1
1
1
1
1
1
0.999824719324562
0.999185504943615
0.996091377030284
1
1
0.923353582990684
0.999999998477918
0.989877280775162
1
1
0.97383047039744
1
1
1
1
1
1
1
1
0.97274594599023
1
1
1
1
0.991963220749749
1
1
1
1
1
0.985598722440326
1
0.953535587919266
0.975618440960708
1
1
1
0.996779084355923
1
1
1
1
1
1
1
1
1
1
1
1
1
1
1
0.999045632277283
1
1
1
1
1
1
1
1
1
1
1
1
0.94486530688607
1
1
1
1
1
1
1
0.901380357774373
0.981548358105505
1
1
0.930624279798556
1
0.98959148630363
1
1
1
1
0.99927058861364
0.973298320262821
1
0.999999999994808
1
1
1
1
1
1
1
1
1
1
1
1
0.863829487640871
1
1
1
1
0.99927058861364
1
0.995903188991755
1
0.978567081792181
1
1
1
0.693833330422577
0.989608960956734
1
1
1
1
1
0.834867927226063
0.856986534618084
1
1
0.91200160241196
0.9964357427529
1
1
1
0.991563168394064
1
1
1
1
1
1
0.993061386029914
1
1
1
1
1
1
1
1
1
1
1
1
1
0.957367160259067
1
0.975622165394239
1
0.965690818069229
0.976267753228254
1
1
0.989877280775162
1
1
1
1
1
1
1
0.97383047039744
1
0.985577466795122
1
1
1
1
1
1
1
0.992798631915727
1
1
1
1
0.995994719386332
1
1
0.991912651183411
1
1
1
1
0.998342283484254
1
1
1
0.998881725947517
1
1
1
1
1
1
0.955569568416284
1
0.971801634152779
1
1
1
1
1
0.974879882360524
1
0.913109989799742
1
0.965461293051024
0.976750768606912
1
1
0.996576297311393
1
0.990183087753579
1
1
1
1
0.994331940014099
1
1
0.995870059007043
1
1
1
1
1
1
1
1
1
1
1
1
1
0.729225296853478
0.980007932161919
1
1
1
0.999999999846152
1
1
0.986798442754114
0.962498458934977
1
1
1
1
0.978224556463752
1
1
1
1
1
1
1
1
1
1
0.944194868002362
1
1
0.985598722440326
0.991751190700894
1
1
0.956008135295581
0.997729382567452
1
1
1
1
1
0.905107273967204
0.997436654129864
0.997729382567452
0.953456397854413
1
1
0.993485687748812
1
1
1
1
1
1
0.988786492577742
1
1
1
1
0.989804299193751
1
0.831933115437164
1
0.98867441506816
1
1
0.978224556463752
0.999999999948468
1
1
1
0.893050098134911
0.999999999642413
1
1
1
1
1
1
0.996220407924032
1
1
1
1
1
1
0.991927385586587
1
1
1
1
1
0.994929460384264
1
1
1
0.990781983094155
1
1
1
1
1
1
1
0.975618440960708
1
1
0.983499555864578
0.949859115358574
0.924825980708269
1
1
0.994331940014099
1
1
0.996728832336969
1
1
1
0.994210784358132
0.995994719386332
1
0.995456148922737
1
1
1
0.992818237417305
1
1
1
0.931850963607088
1
1
1
1
1
1
1
1
1
1
1
1
0.857308911532392
1
1
1
1
1
0.930360326084572
0.930035766540858
1
1
1
1
1
1
1
0.973464441218574
1
0.98031093577805
1
1
1
0.965828971533586
0.990774723714299
0.991506342969221
1
1
1
1
1
0.986081279606379
0.953535587919266
0.99918064037908
1
1
0.999999999909017
1
1
0.997082346370539
1
1
1
1
1
1
1
1
1
1
0.922180850823264
0.994331940014099
1
1
1
0.989251722363897
1
1
0.998990388314089
1
1
1
1
1
1
1
0.990855847903075
1
1
1
1
0.985855185382069
1
1
1
1
0.999999999807457
1
1
0.930360326084572
1
1
1
0.981047875842487
1
1
1
0.965461293051024
1
0.920359312706901
1
1
1
1
1
1
1
1
1
1
0.980262502282062
1
1
0.860461076417376
1
0.878293607107391
1
1
0.999999999973546
1
1
1
1
1
1
1
1
1
1
1
1
0.994286636171178
0.9639991908431
0.967831905124095
1
1
0.999999999629094
1
1
1
1
1
0.90230379575637
1
1
0.967389067547364
1
1
0.980293461977256
1
1
1
1
1
1
1
0.973974082707201
0.899783251406175
1
0.98670961791268
0.986011858586154
0.999999999406526
1
1
1
1
0.927854585952689
0.933560744895869
1
1
1
1
1
1
1
1
1
0.95164721254663
1
1
1
0.975622165394239
1
1
0.981226718858326
1
1
1
1
1
0.925119867083985
1
0.978078648866463
1
1
1
1
1
1
1
1
1
1
0.993061386029914
1
0.998881725947517
1
1
1
1
1
1
1
1
0.988971621012798
1
1
0.99058368393476
1
1
1
1
0.989743525336328
1
1
1
1
0.998851490924541
0.998944768716451
1
1
0.986011858586154
1
1
1
1
1
1
0.985598722440326
1
1
1
1
1
1
1
1
1
1
1
1
0.979978460794713
1
1
0.997082346370539
1
1
1
1
0.790369742144272
1
1
1
1
0.940615552336211
1
0.999999999822001
1
0.915333164488174
1
1
1
1
0.905221226935161
1
0.98670961791268
1
0.868660241746669
0.962524817658819
1
0.99122314777969
1
1
1
1
1
1
1
1
1
1
1
1
1
1
0.99351860282279
1
1
1
1
1
1
1
0.99927058861364
1
1
1
1
1
0.98867441506816
1
1
1
1
0.995758033345505
1
1
1
1
1
0.995114932859401
1
0.914757188341757
1
1
1
1
0.982075096339841
1
1
1
1
0.985841134242327
0.999999999818326
1
1
0.961464811721952
1
1
1
1
0.945043763927413
0.997082346370539
1
1
1
1
1
1
1
1
1
1
1
1
1
1
1
1
1
1
1
1
1
1
1
1
1
0.994929460384264
1
1
1
1
1
0.981671539804497
0.955324019492684
1
1
1
0.999999999948468
1
1
0.864207992414147
0.983499555864578
1
1
1
1
1
1
1
1
1
0.937124160108891
1
1
1
1
1
1
1
1
1
1
1
1
0.980057817243764
1
1
1
1
0.946944765762754
1
0.953456397854413
1
1
1
1
1
0.999999999990849
1
1
0.999999999990849
1
0.956185233273047
0.970245850392105
1
0.97939745334301
1
1
1
1
1
1
1
1
1
1
1
1
1
1
1
1
1
1
1
0.729225296853478
1
0.999231195311394
1
1
1
1
1
0.944194868002362
1
1
0.894504803292685
1
1
1
0.975666220954227
1
1
1
1
1
1
0.97274594599023
1
1
1
1
1
1
1
1
1
0.976547060570613
1
0.996362855664122
0.645346475620412
0.984192488408555
1
1
1
0.98959148630363
1
1
1
0.999999999994808
1
1
0.987367786674945
1
1
1
1
1
0.970462269442369
1
1
0.998944768716451
1
1
1
1
1
1
1
0.929760409331318
1
1
0.997860161557668
1
1
1
1
1
1
1
1
1
0.988775074136203
1
0.982075096339841
1
0.960288396176423
1
1
1
0.986348712428229
1
1
0.998908726283557
1
1
1
1
1
1
1
0.990795583825132
1
1
1
1
0.998342283484254
0.994730417253283
1
1
0.941707830305204
0.975618440960708
1
1
1
1
1
1
1
1
1
1
1
0.978727729334027
0.978224556463752
1
1
1
1
1
1
1
1
1
1
1
1
0.990795583825132
1
1
1
1
0.586144164357134
1
1
1
1
1
1
0.956679043762621
1
0.850600453815254
0.965076858630633
1
0.999824719324562
0.980580774567479
1
1
1
1
1
1
1
1
0.933562708714629
1
0.996194924863934
1
1
1
0.995876159277002
1
1
0.998851490924541
0.980263526293643
1
1
1
1
0.999284446359123
1
0.989348267310745
0.992368504813765
1
1
1
1
1
1
0.997082346370539
1
1
0.857818050393452
1
0.886350610605038
1
1
1
1
1
0.967993430780751
0.948678097216154
1
1
1
1
0.977485892509645
1
1
1
1
1
1
1
1
1
1
1
1
1
1
1
1
0.985692905870653
1
1
1
1
1
1
1
1
0.996728832336969
1
1
1
1
0.992818237417305
0.974879882360524
1
1
0.985634700902217
1
1
1
1
0.992043380868235
0.87214900572812
0.996814161164905
1
1
0.992818237417305
0.989804299193751
1
1
1
1
1
0.984920548817035
1
0.999045632277283
1
1
1
1
1
1
1
1
1
1
0.9964357427529
1
1
1
1
1
1
0.995949759750418
1
1
0.987316460840241
1
1
1
1
1
1
0.989608960956734
1
1
1
1
1
1
1
1
1
1
1
1
1
0.9941654802059
1
1
1
1
1
1
1
1
1
1
0.999999999739246
0.991506342969221
0.996194924863934
1
1
1
1
1
1
1
1
1
1
1
0.992697081273568
0.944103535758857
1
1
1
1
1
1
1
1
1
1
0.993740740340022
1
1
1
1
1
1
1
1
1
1
1
1
1
0.989251722363897
0.992798631915727
0.989026326674073
1
1
1
0.97383047039744
1
1
0.976932758920397
0.982461146175047
1
1
1
1
1
1
0.983066846720775
1
1
1
1
1
1
1
1
1
1
1
0.999999999948468
1
1
1
1
1
1
0.98577692968413
1
1
1
0.944198977661481
1
0.878759313353306
1
1
0.988720280952318
1
1
1
1
1
0.977516419870551
1
1
1
1
1
1
0.980057817243764
1
1
0.999284446359123
1
1
1
0.990909610508684
1
1
0.987367786674945
1
1
1
1
0.991275446599712
1
0.996091377030284
1
0.906789831294106
1
0.860286419696147
1
1
1
1
1
1
0.983166864277195
1
1
1
1
1
0.956713290962677
1
1
1
1
1
1
1
1
1
0.986633284171619
1
0.958181271299342
1
1
1
1
1
1
1
1
1
0.99927058861364
0.980255024159231
1
1
1
1
1
0.965115632950647
1
1
1
0.983499555864578
1
1
1
1
1
1
1
1
1
0.937491261178995
0.96845911124691
1
0.948771469138449
1
1
1
1
1
1
1
1
1
0.993485687748812
0.890766335836537
0.956713290962677
1
1
1
1
1
0.995886484833946
1
1
1
1
1
1
1
1
1
1
1
1
1
1
1
1
1
1
0.997729382567452
1
1
1
0.976254523496687
1
1
0.97383047039744
1
0.989237073517067
1
0.996779084355923
1
1
1
1
1
1
0.814035556555233
0.984917211846542
1
1
1
1
0.794454993121006
1
1
1
0.907254649507585
0.97989367068013
1
1
0.99476279079027
0.999999999992669
1
1
1
1
1
1
1
1
1
1
1
1
1
1
0.985598722440326
1
1
1
0.989804299193751
1
1
0.99175910480183
1
1
1
1
1
1
0.99196055506925
1
1
0.990795583825132
0.853868279303374
1
0.987556832508612
1
1
1
1
0.999307354236699
0.997082346370539
1
1
1
1
1
1
1
1
0.996014640048428
0.989023449377555
1
1
1
1
1
1
0.815208349608569
1
1
1
1
1
1
1
1
0.978017226634458
1
1
1
1
1
0.986886061503683
1
1
0.965554720696727
1
1
1
1
0.950952139645892
0.928851067859921
1
1
1
1
1
0.899649184639467
1
1
1
1
1
1
1
1
1
1
1
1
1
1
1
1
1
1
1
0.988057412097288
1
1
1
1
1
0.984543152943607
1
1
1
0.989877280775162
1
0.973974082707201
1
1
0.979457975713919
1
1
0.991563168394064
1
0.750058324580564
0.977485892509645
0.998342283484254
0.843476898716221
1
1
0.750269506748164
1
0.997387027807335
1
1
1
1
0.996576297311393
1
0.999999999997331
0.975705441938924
1
1
1
1
1
1
1
1
0.967945003191311
0.981005769172113
1
1
1
1
1
1
1
1
1
1
0.990781983094155
1
1
1
1
1
0.992798631915727
0.786738983451223
1
0.972644506940835
1
0.947121829336307
1
1
1
1
1
0.990818605058882
1
1
1
1
1
0.99999999986709
0.938289097650194
0.931920103765655
1
1
1
1
1
0.991563168394064
0.982461146175047
1
0.986218800307764
1
1
1
1
1
1
1
1
0.650973110682179
1
1
1
0.965554720696727
0.97867262445541
1
1
1
1
1
1
1
1
1
0.974389026604317
1
1
0.99004017723994
0.979507612366404
1
1
1
1
1
1
1
1
0.915686887705112
1
1
1
1
0.998887290637929
0.958237866235547
1
0.623387321073537
1
1
1
1
1
1
1
0.980007932161919
1
1
1
0.999802081539957
1
1
1
1
1
1
1
0.752255853147914
1
1
0.999999999944341
1
1
0.966587781876985
1
1
0.950952139645892
1
1
0.996814161164905
0.989348267310745
0.968718316145403
0.919831276167684
1
1
1
1
1
1
1
1
1
1
0.987316460840241
0.978101216150333
1
1
1
0.932185201412295
1
1
1
1
1
1
1
1
1
1
1
0.98959148630363
0.997082346370539
1
1
1
1
1
1
1
1
0.956185233273047
1
1
1
1
1
0.973569467308822
1
1
1
1
1
1
0.948431486820221
0.92840387410285
1
1
1
1
1
1
0.971046124892308
1
1
0.998848606464893
0.98886874983305
1
1
1
1
1
1
1
1
1
0.989743525336328
1
1
1
1
1
0.97383047039744
1
1
1
1
1
1
0.999110607509085
1
1
0.976932758920397
1
1
1
1
1
1
0.99427621490048
1
1
1
1
1
1
1
1
1
1
0.991563168394064
1
1
0.985577466795122
1
0.801071393776829
1
1
1
1
1
1
1
1
0.965829228897865
1
0.987316460840241
1
0.993061386029914
1
1
1
1
1
1
1
1
1
0.988646063904992
0.999999999992669
1
0.783977555351761
1
0.999999999992669
0.912542568822841
1
1
1
1
1
1
1
1
1
1
1
0.98031093577805
1
1
1
1
0.999999999561025
0.952120101684353
0.974166752947267
1
1
0.999999999997331
1
1
1
1
1
1
1
1
1
0.978224556463752
1
1
1
1
1
1
1
1
1
0.790369742144272
1
1
1
1
0.996350862511711
1
1
1
1
1
1
1
1
1
1
1
1
0.97383047039744
1
0.986886061503683
1
1
1
1
1
0.996014640048428
0.999999999642413
0.996728832336969
1
0.999999999357634
1
1
1
1
1
1
0.98670961791268
1
0.996091377030284
1
1
1
1
0.587099400869729
1
1
1
1
1
1
1
1
0.981005769172113
1
1
1
1
1
1
0.997729382567452
0.987316460840241
1
1
1
0.924110197111848
0.935212213041799
1
1
0.976313581526246
1
1
1
1
1
1
1
1
1
1
0.955898669676782
1
1
1
1
1
0.985577466795122
1
0.902443724769087
1
0.947121829336307
1
0.992818237417305
0.977508879181523
1
1
1
1
1
1
1
1
0.980293461977256
1
0.930624279798556
1
1
1
1
1
1
1
1
0.962560385144201
1
1
1
1
0.994100737450048
1
1
1
1
1
0.985841134242327
1
1
1
1
0.976267753228254
1
1
0.996194924863934
1
1
0.944103535758857
1
1
1
1
1
1
1
0.981258160923958
1
1
0.998990388314089
1
1
0.949944254230137
1
1
1
1
1
1
1
1
1
1
1
1
1
1
1
1
0.989251722363897
1
1
1
1
0.970812794546456
1
1
1
1
1
1
1
1
1
0.924690814368102
1
1
1
0.902832109542503
1
1
1
1
1
1
1
0.994331940014099
1
1
1
1
0.966587781876985
1
0.99175910480183
1
0.992818237417305
0.999999999973546
1
1
1
1
1
1
1
1
1
1
1
1
1
1
0.999999999561025
1
1
0.993485687748812
1
0.988057412097288
1
1
1
1
0.894339001185679
1
1
1
1
0.956008135295581
0.974036957142482
1
1
1
1
1
1
1
1
1
1
0.816106102155835
0.940615552336211
0.904360468851644
1
1
0.992818237417305
1
1
1
0.999110607509085
0.980138520603997
0.750790775554966
1
0.992818237417305
1
0.9964357427529
1
1
1
1
1
1
0.991963220749749
1
1
1
0.934321048747167
0.995758033345505
1
1
1
0.945164259280767
1
1
0.947050737187432
1
0.930919038253684
1
0.988775074136203
1
1
1
1
1
1
1
1
1
1
1
1
1
1
0.956008135295581
1
1
1
0.998366173931655
1
0.985841134242327
1
1
1
1
1
1
0.927854585952689
1
1
1
1
1
1
1
0.998848606464893
1
1
1
1
1
1
1
1
1
1
1
1
1
1
0.993850719373311
1
1
1
1
1
1
1
1
1
1
1
1
1
1
1
1
1
1
1
0.988786492577742
1
1
0.999185504943615
0.976267753228254
1
1
1
1
1
0.999469834091189
0.98857114200318
1
1
1
1
1
0.863184489575361
0.995903188991755
1
0.983181094902036
0.995927302327873
1
1
1
1
1
1
1
1
1
0.991040700005941
1
1
1
1
0.969188013334599
1
0.991275446599712
1
1
1
1
1
0.978567081792181
1
1
1
1
0.973503445628902
1
1
1
1
1
0.930540144341608
1
0.981115026741923
1
1
1
0.991040700005941
0.992062570994738
1
1
0.944056368270529
0.951837848265377
1
0.999999999683341
0.956713290962677
1
0.965605264089349
1
1
1
1
1
0.974261616646872
0.946944765762754
1
1
1
0.995886484833946
1
1
1
1
1
1
1
0.996779084355923
1
1
0.914130635686698
1
1
1
1
1
1
1
0.944056368270529
1
1
0.846817342225709
0.999999999642413
1
1
1
1
1
1
1
1
0.972644506940835
1
1
1
1
1
1
1
1
1
1
1
0.993485687748812
0.813036309686693
1
1
1
1
1
1
1
1
0.987367786674945
1
1
1
0.999185504943615
1
1
1
1
1
1
1
1
1
1
1
1
1
1
1
1
1
0.998887290637929
1
1
1
0.9639991908431
1
1
1
1
1
1
1
1
1
1
1
1
1
1
0.980580774567479
1
1
1
1
0.98031093577805
1
1
1
0.956679043762621
1
1
1
1
1
1
1
1
1
1
0.999110607509085
1
0.999999999990849
1
1
1
0.998846902341841
1
1
0.987316460840241
1
1
0.997387027807335
1
1
0.992887416083581
1
1
1
1
1
1
1
1
0.990781983094155
1
0.956185233273047
1
1
1
0.882397626638286
1
1
1
1
1
1
1
1
1
0.963454098803153
1
0.907009161643469
1
0.997860161557668
1
1
1
1
1
1
1
0.904132974837476
0.917797270819226
1
1
1
0.977046742793903
1
1
0.826823400934366
0.980363531401789
1
1
1
1
1
1
1
0.997011802675657
1
0.948981684405979
1
1
1
1
1
1
1
1
0.999999999990849
1
1
0.899783251406175
1
1
1
0.747209029959286
1
1
0.975542377445333
1
1
1
1
1
1
1
1
1
1
1
1
1
1
1
1
1
1
0.980262502282062
0.99196055506925
1
1
1
1
1
1
0.828448961933052
1
1
1
0.998846902341841
1
0.980263526293643
1
0.976547060570613
1
1
1
1
1
1
1
1
1
1
0.994100737450048
1
0.948629030071329
1
1
1
0.971801634152779
1
1
1
0.981047875842487
0.945914502816605
1
1
1
0.973676277213886
1
1
1
0.9941654802059
1
1
1
1
1
1
1
1
1
1
1
1
1
0.945647120743904
1
1
1
1
0.998994970184048
1
0.888257388756797
0.97697965110562
0.989251722363897
1
1
1
1
1
1
1
0.974389026604317
1
1
1
0.986348712428229
1
1
1
1
1
1
1
1
1
1
1
1
0.967993430780751
1
0.944418942346672
1
1
1
1
1
0.977516419870551
1
0.998100611574145
1
1
1
1
1
1
1
1
1
1
0.934497031932314
1
1
1
1
1
0.978727729334027
0.961285303519272
0.9941654802059
1
1
1
0.99658151932851
0.981548358105505
0.945164259280767
1
1
1
1
1
1
1
0.980580774567479
1
1
0.990375186309465
1
0.986081279606379
1
1
1
1
1
1
0.999185504943615
1
1
0.987367786674945
1
0.889937646176799
1
1
1
1
1
1
1
1
1
1
1
0.943974547231091
0.986011858586154
1
1
1
1
1
1
1
1
1
1
1
1
0.992062570994738
0.991927385586587
0.999999999909017
1
1
1
1
1
1
1
1
1
0.987549121086244
1
0.988775074136203
1
1
1
0.985598722440326
1
1
0.996814161164905
1
0.996014640048428
1
1
1
0.999999999117314
1
0.974389026604317
1
1
1
1
1
1
0.975622165394239
0.923353582990684
1
1
1
1
1
1
1
0.798852226916722
1
1
0.963454098803153
1
1
1
0.989804299193751
1
1
1
1
1
0.979978460794713
1
1
1
1
0.895528736488494
1
1
1
0.990988581037609
1
1
1
0.994183454539711
1
1
1
0.990795583825132
0.999999999948468
0.995456148922737
1
1
1
0.984109058829657
0.930166596531563
0.982270347053232
0.930624279798556
0.992043380868235
1
1
0.992368504813765
0.976267753228254
0.996220407924032
0.991375998306185
0.975542377445333
1
0.631451083720492
1
1
1
1
1
0.978078648866463
1
1
0.985855185382069
1
1
1
1
1
0.96669252174938
1
1
0.972679736953394
1
1
1
1
1
0.992935169479243
1
0.996350862511711
1
1
0.990375186309465
1
0.989877280775162
1
1
1
1
1
1
1
1
1
0.990781983094155
1
1
1
0.952120101684353
1
1
1
0.92840387410285
1
1
1
0.999999999331172
1
1
1
0.944194868002362
1
1
1
0.99658151932851
1
1
1
1
1
1
1
0.984806095065399
1
1
1
1
1
1
1
0.997640193426253
1
1
0.998862893277218
1
1
1
0.988057412097288
0.97383047039744
1
1
1
1
1
1
0.999999999762787
1
1
0.974879882360524
1
1
1
1
1
0.953465275450228
0.657450198652277
1
1
1
0.999366184797314
0.975618440960708
1
1
1
1
1
1
0.965605264089349
1
1
1
1
1
1
1
0.973569467308822
0.888502163592428
1
1
1
1
1
1
0.972679736953394
1
1
1
1
1
1
1
1
1
1
0.98867441506816
1
1
1
1
1
1
0.957155862882455
1
1
1
1
1
0.937117278010299
1
0.919863830190756
1
0.995927302327873
1
1
1
0.938655805036379
1
1
1
0.995870059007043
1
0.955898669676782
1
1
1
1
1
1
1
1
1
1
1
1
1
1
1
1
0.97383047039744
1
0.97274594599023
0.999999999489918
0.996014640048428
1
1
1
0.985855185382069
1
1
1
1
1
1
1
0.945164259280767
0.959280239722822
1
1
1
1
1
0.905221226935161
1
1
0.998848606464893
1
1
1
1
0.994929460384264
1
0.986348712428229
0.999999999908945
1
1
1
1
1
1
1
1
1
0.939777565970199
1
1
1
1
1
1
1
1
1
0.975705441938924
1
0.69858012153751
1
1
1
1
1
1
0.985841134242327
1
1
1
1
1
1
0.999999999994808
1
1
1
1
1
1
1
0.902014343691724
1
1
1
0.923746334515959
1
1
1
1
1
0.764311997883448
0.998366173931655
1
0.956755179993674
0.995949759750418
1
0.986798442754114
1
1
0.995758033345505
1
1
1
1
1
1
0.998342283484254
1
1
0.966029045285922
1
1
1
1
1
1
1
1
1
1
1
1
0.980293461977256
1
1
1
1
1
1
1
1
1
0.991963220749749
1
1
0.999999999818326
1
1
0.989877280775162
1
1
1
1
0.999999999994808
1
0.987316460840241
1
1
1
1
0.949859115358574
1
1
1
1
1
1
1
1
0.991275446599712
1
1
1
1
1
1
0.992818237417305
0.946183044962209
1
0.989877280775162
0.800674554214386
1
1
0.983392411171657
1
1
1
1
1
1
1
0.948431486820221
0.990867494165202
0.737932497784975
1
1
1
1
1
0.956440905596748
1
1
1
1
1
1
1
1
1
1
1
1
1
1
1
1
0.975622165394239
1
1
1
1
0.981138156734893
0.991104342739826
1
1
1
1
1
1
1
1
1
1
1
0.965115632950647
1
0.983181094902036
1
1
1
1
1
1
1
1
1
1
0.988646063904992
1
1
0.96845911124691
1
1
0.955898669676782
1
0.999045632277283
1
0.99658151932851
1
1
1
1
0.990867494165202
1
1
1
1
0.999999999807457
0.978960870597248
1
1
0.965829228897865
0.975473560921236
1
0.63580014290781
1
1
0.963387472899423
0.985841134242327
1
1
1
1
1
1
1
1
1
1
0.989237073517067
1
1
1
1
1
1
1
0.998881725947517
1
1
1
1
1
1
1
1
1
1
0.979978460794713
1
1
1
0.999366184797314
1
0.986172910577768
1
1
1
1
1
1
0.981671539804497
1
1
1
1
1
1
1
1
1
1
1
1
1
1
1
1
1
1
1
0.913109989799742
1
1
1
1
1
1
1
1
1
1
0.976219633339482
1
1
1
1
1
1
1
0.978101216150333
1
1
0.992697081273568
1
1
0.981005769172113
1
1
1
1
1
0.99476279079027
1
1
1
1
1
1
1
1
1
1
1
1
1
1
0.944418942346672
1
1
0.991275446599712
1
1
1
1
1
0.982461146175047
1
1
1
1
1
1
1
1
1
1
1
1
1
1
1
1
1
1
1
1
1
1
1
1
1
1
1
1
0.955898669676782
0.984106576907109
1
1
1
0.995456148922737
0.993446826331384
1
0.970462269442369
1
0.999802081539957
1
1
1
1
1
0.98575681033718
1
1
1
1
1
1
1
1
1
1
1
1
0.99629200788362
1
1
1
1
0.99658151932851
1
0.996096710666835
1
1
0.962144843705807
1
1
1
1
0.806957148079053
0.987763888402479
1
1
1
0.991059925905116
1
0.994331940014099
0.988775074136203
1
0.991059925905116
1
1
1
1
0.976750768606912
1
1
1
1
1
1
0.752602417967498
1
1
1
1
1
1
1
1
1
1
1
1
1
0.999110607509085
1
1
1
1
1
1
1
1
1
1
1
0.995876159277002
1
0.896092286697894
1
0.997064927266606
0.985692905870653
1
1
0.94474244163653
0.749518538536719
0.999037341390847
1
1
1
1
1
1
1
1
1
1
1
1
1
0.945542578925368
1
0.990795583825132
0.592966402758431
1
1
1
1
1
1
1
0.996194924863934
1
1
0.955870227079378
0.988775074136203
1
1
0.840173828460392
1
1
1
1
1
1
1
1
1
0.949153632739473
1
0.997802493484881
1
0.985598722440326
0.99175910480183
1
0.973388757113974
1
1
0.92190594517574
1
0.987382129145448
1
1
1
1
1
1
0.999341281201043
1
0.978960870597248
1
0.952120101684353
1
0.978078648866463
1
1
1
1
0.986348712428229
1
1
1
1
1
1
1
1
1
1
1
0.924110197111848
1
1
1
0.945935796630875
1
1
1
1
1
1
0.999999999747415
1
1
1
1
1
1
0.988039202678026
0.870311079532263
1
1
0.994929460384264
1
1
1
1
1
1
0.945935796630875
1
0.912387641601257
1
0.879233055484309
0.816764812892466
0.974036957142482
1
1
1
0.622259146375422
0.892663279712485
1
0.998848606464893
1
0.679887403105088
0.898746604191061
1
1
1
1
0.998881725947517
1
0.996814161164905
1
1
0.948664317344115
0.990795583825132
0.834057576491035
1
1
1
0.829102107311295
1
0.619230137465301
0.701087359490375
0.638421658064837
0.863576283037342
1
1
0.686783702386109
0.981115026741923
0.726844461357261
1
1
1
1
1
1
0.998856157239625
0.994331940014099
0.996096710666835
1
1
1
1
1
1
1
0.992062570994738
1
0.98575681033718
1
1
1
0.960483759451096
1
1
1
0.97383047039744
1
1
1
1
1
1
1
1
1
1
1
0.974261616646872
1
0.999999999944341
1
1
1
1
1
1
0.995886484833946
1
1
0.998342283484254
1
0.993485687748812
1
1
0.997729382567452
1
0.985598722440326
0.902894672481753
0.906789831294106
1
1
1
1
1
1
0.971456129011695
1
1
1
1
1
1
1
1
1
1
1
1
1
1
1
1
1
1
1
1
1
0.988720280952318
0.996194924863934
1
1
1
0.965862327428414
1
0.979457975713919
1
1
1
1
1
1
0.777290218335579
1
1
1
1
0.999999999927141
1
1
1
1
1
1
1
0.965862327428414
1
1
1
1
1
1
1
1
0.924637367552637
0.914757188341757
1
1
1
1
1
1
1
1
1
1
1
1
1
1
0.9800074202183
1
1
0.985598722440326
1
1
1
1
1
0.991963220749749
0.993850719373311
1
1
0.973388757113974
1
1
1
1
1
1
1
1
1
1
1
1
0.945638346495965
1
1
0.981627618669331
1
1
0.75334113426461
1
1
1
1
1
1
1
1
1
1
1
1
0.995456148922737
1
1
1
1
0.989804299193751
1
0.966029045285922
1
1
0.999999999992669
0.978017226634458
1
1
0.996014640048428
1
1
1
1
1
1
0.831927278012697
0.990867494165202
1
1
1
1
1
1
1
1
1
1
0.931096781214826
1
1
1
1
1
1
1
0.961408460701825
1
1
1
1
1
1
1
0.966752902639696
1
1
1
1
1
1
1
1
1
1
1
0.997227169652055
1
1
1
1
0.996014640048428
1
1
1
1
1
0.98031093577805
1
1
1
1
1
0.995927302327873
0.988975108609283
1
1
1
1
1
1
1
1
1
1
1
1
1
1
1
1
1
1
1
1
1
1
0.941716047976094
0.870311079532263
1
1
1
1
0.994331940014099
1
0.990867494165202
0.992368504813765
1
1
1
1
0.999045632277283
0.989521486454601
0.99658151932851
0.979978460794713
0.973676277213886
0.994210784358132
1
1
1
1
0.977508879181523
1
0.991506342969221
1
1
1
1
1
1
1
1
1
1
0.750048735677605
0.924452600304417
1
0.999402700176476
1
1
1
1
1
1
1
1
0.987638739293317
1
1
1
1
1
0.973503445628902
1
1
0.994331940014099
0.994286636171178
1
1
1
1
1
1
1
1
1
1
0.834129220486784
1
1
1
1
1
1
1
0.96743329025899
0.959550768874108
1
1
1
0.913109989799742
1
1
0.995994719386332
1
0.976219633339482
1
1
0.981671539804497
1
1
1
1
1
1
1
0.648557546656114
0.98577692968413
0.998342283484254
1
0.991563168394064
1
1
1
1
1
0.98867441506816
1
1
1
1
1
1
1
1
1
1
0.864207992414147
0.996299931773275
1
1
1
0.969814169915759
1
1
0.989877280775162
1
1
0.989140781728006
1
1
1
0.995927302327873
1
1
0.986367301287731
1
1
1
1
1
0.99004017723994
1
1
1
1
1
0.998856157239625
0.982075096339841
1
1
1
0.678180884210703
1
1
1
1
0.987382129145448
1
1
1
1
1
1
1
1
1
1
1
1
1
1
1
1
1
1
1
1
1
1
1
1
0.961285303519272
0.98670961791268
1
1
1
1
0.98670961791268
1
1
0.990818605058882
0.995456148922737
1
1
0.983166864277195
0.976750768606912
1
0.953535587919266
1
1
0.924690814368102
1
1
1
0.978567081792181
0.970245850392105
1
1
1
1
1
0.994286636171178
1
1
1
1
1
1
1
1
1
1
1
1
0.999999999927141
1
1
1
1
0.961837934556632
0.983181094902036
1
1
1
1
0.980057817243764
1
1
1
1
1
1
1
0.970799373007894
1
1
1
1
1
1
1
1
1
1
1
1
0.974075371283244
1
1
1
0.906789831294106
0.990988581037609
1
1
1
1
1
1
1
1
1
1
1
0.977683708474407
1
1
0.969814169915759
1
1
1
1
1
1
0.999284446359123
1
1
1
1
1
1
1
1
0.996383730921505
1
0.96171452066401
1
0.917797270819226
1
1
1
1
1
0.988848159217264
0.985841134242327
1
0.999004915927025
0.992043380868235
0.965605264089349
0.967389067547364
1
0.978017226634458
1
0.903991610925646
1
1
1
0.988057412097288
1
1
1
1
1
1
1
1
1
0.998969311235716
1
0.976547060570613
1
1
1
0.990867494165202
1
1
1
1
0.988057412097288
0.974261616646872
0.846459656633848
1
1
1
1
1
1
0.995870059007043
1
1
1
1
1
1
1
1
0.780775189982908
1
1
1
1
1
0.987104723993483
1
1
1
1
1
1
1
0.993850719373311
1
1
1
1
0.920359312706901
0.884732126055986
0.983392411171657
1
1
0.894504803292685
1
1
1
0.96743329025899
0.995927302327873
1
1
1
1
1
1
0.999999999908945
0.981671539804497
0.987382129145448
1
1
1
0.999999999534041
1
1
1
1
1
1
1
1
1
1
1
1
1
1
1
1
0.976547060570613
1
1
1
0.996779084355923
1
1
0.968247747130774
1
1
1
1
1
0.971966898766488
1
1
1
1
1
1
1
1
1
0.92840387410285
1
1
0.926575432126389
1
1
0.964405598694367
1
0.985692905870653
0.976750768606912
1
1
1
1
1
0.99476279079027
1
1
0.994730417253283
0.903617346679208
1
1
1
0.952120101684353
0.978153877190963
1
1
1
1
0.989877280775162
1
0.967389067547364
0.821442606221358
0.988629314410054
1
1
1
1
1
1
0.997640193426253
0.950873846844711
1
1
1
1
0.988975108609283
0.945935796630875
1
1
1
1
1
1
1
1
1
1
1
0.987401622464293
1
1
1
1
1
1
0.98857114200318
0.999999999992669
0.997227169652055
1
1
1
1
0.986633284171619
1
1
0.984543152943607
1
0.862375029375322
1
1
1
1
1
1
1
1
1
1
0.974914002805364
1
1
1
0.988971621012798
1
0.995876159277002
1
1
1
0.913794557786549
0.966215153708289
1
1
0.876950210614266
1
1
0.998881725947517
1
1
1
1
1
1
1
0.995758033345505
1
1
1
1
0.973388757113974
1
0.989251722363897
0.989237073517067
1
1
1
1
1
1
1
1
0.975618440960708
1
0.924110197111848
1
1
1
0.957478565756242
0.996220407924032
0.992356857765561
1
1
1
1
1
0.999004915927025
0.991963220749749
1
1
0.983181094902036
1
1
1
1
1
1
1
1
0.990988581037609
1
1
1
1
1
1
1
1
0.986581111884817
0.998969311235716
1
1
1
1
1
1
1
1
1
1
1
1
1
1
0.98886874983305
1
1
1
1
0.973676277213886
0.990855847903075
0.905221226935161
0.993485687748812
1
0.804853584259533
1
0.966160174969401
1
0.989140781728006
1
1
1
1
1
1
1
1
1
1
1
1
1
1
0.998994970184048
1
1
1
1
0.988848159217264
1
1
1
1
1
1
0.962560385144201
1
1
1
1
1
1
1
1
1
1
1
1
1
0.907511215882277
1
1
0.986372931566828
1
1
1
1
1
1
1
1
1
1
0.988057412097288
1
1
0.948981684405979
1
1
0.945164259280767
0.965690818069229
1
1
1
1
0.963352823788545
1
1
0.924110197111848
0.975542377445333
1
1
0.964412752005572
1
1
1
1
1
1
1
1
1
0.638160931379727
1
1
1
0.980255024159231
1
1
1
1
1
0.986348712428229
1
1
1
1
0.962524817658819
1
1
1
1
1
0.991927385586587
1
1
1
0.995927302327873
1
1
1
1
0.986798442754114
1
1
0.980580774567479
1
1
1
1
1
1
1
1
1
0.972644506940835
1
1
1
1
0.952120101684353
1
0.986011858586154
1
1
1
1
1
0.987104723993483
1
1
1
0.977083747963234
1
1
1
0.990959681748167
1
0.980293461977256
1
1
1
1
0.974879882360524
1
1
1
0.981073653020126
1
1
1
1
0.985598722440326
1
1
1
0.999999999927141
1
1
1
1
1
1
1
1
1
1
1
1
1
0.943441119408861
1
0.959550768874108
0.985692905870653
1
1
1
1
1
1
1
1
1
1
1
0.989743525336328
1
1
1
1
1
1
0.967389067547364
1
1
1
1
1
1
0.995876159277002
0.993485687748812
1
1
0.95293530916637
1
1
1
1
1
1
0.966029045285922
0.994210784358132
0.99122314777969
1
1
0.966029045285922
1
1
1
1
1
0.957367160259067
1
0.999999998374456
1
1
1
1
0.998846902341841
1
1
1
1
0.999999999891364
1
1
1
1
1
1
1
1
1
1
0.983181094902036
1
1
1
0.685313618193177
1
1
0.965690818069229
0.749518538536719
1
1
1
1
1
1
0.999999999331172
0.975618440960708
1
1
1
1
1
0.945762926423005
1
1
1
1
1
1
1
1
1
1
1
1
1
1
1
1
1
1
1
1
1
1
0.987549121086244
1
1
1
0.952120101684353
1
1
0.995321073081587
1
1
1
1
1
1
1
1
1
1
1
1
1
1
1
1
1
1
1
1
1
1
0.99175910480183
1
1
1
0.816936930100323
1
1
1
1
0.986798442754114
1
1
1
1
1
1
1
1
1
1
1
1
1
1
1
0.945647120743904
1
1
1
1
1
1
1
1
0.996014640048428
1
0.955519930735131
1
1
1
1
1
1
0.995114932859401
1
1
0.997387027807335
0.996096710666835
1
1
1
1
0.860461076417376
1
1
1
1
1
1
1
1
1
1
1
0.998100611574145
1
1
0.97697965110562
0.935640384883224
1
1
1
1
1
1
1
1
1
1
0.977083747963234
0.982712649535329
1
1
1
1
0.987382129145448
1
1
1
1
1
0.997436654129864
1
1
1
0.902680602735099
0.997387027807335
1
1
0.973388757113974
1
1
1
1
0.990569332415527
1
1
1
1
1
1
1
0.991059925905116
1
0.976409126782992
1
1
1
1
0.999999999948468
1
1
1
1
1
1
1
1
1
1
1
1
1
1
0.905291684442477
0.957367160259067
0.986348712428229
1
0.953456397854413
1
1
1
1
0.999999999818326
1
1
1
0.697515826320817
1
1
1
1
1
1
1
1
0.97383047039744
1
1
1
1
1
1
1
1
1
1
0.996299931773275
1
1
1
1
1
1
1
1
1
1
0.941628078864755
1
0.989237073517067
1
1
0.973388757113974
1
1
1
1
1
1
1
1
1
0.998908726283557
1
1
0.961464811721952
0.694352424987048
1
0.963503428507066
1
0.991437560486148
0.987549121086244
0.997387027807335
0.973298320262821
0.948981684405979
1
1
0.944322087355045
1
1
1
1
0.970245850392105
1
0.984917211846542
1
1
0.998990388314089
1
1
1
1
0.910360555179158
0.865483307950434
1
0.801071393776829
1
1
1
1
1
0.998908726283557
1
0.924343451173562
1
1
1
0.951573517541344
1
1
0.999044173760067
1
1
1
1
0.970152315848571
1
1
1
1
0.973503445628902
0.996220407924032
1
1
1
0.902014343691724
1
0.982096013544444
1
1
0.981047875842487
1
0.884732126055986
0.969814169915759
1
1
1
1
1
1
0.999999999120809
1
1
0.996728832336969
1
1
1
1
1
1
0.902443724769087
0.998887290637929
1
0.998856157239625
0.856986534618084
1
0.948678097216154
1
0.988057412097288
1
1
1
1
1
1
1
1
1
1
1
1
1
1
1
1
0.988975108609283
1
0.984106576907109
1
0.809279500046445
0.994286636171178
1
0.99927058861364
1
1
1
1
0.905165771821661
1
0.999824719324562
1
1
1
1
0.975480367357892
0.96171452066401
1
1
1
1
1
1
1
1
1
1
1
1
0.916348046532765
0.999999999633252
0.99196055506925
1
1
1
1
1
1
1
1
0.953535587919266
1
1
1
1
1
1
1
1
1
1
0.967389067547364
1
1
1
1
1
1
1
1
1
1
1
1
0.991104342739826
0.972679736953394
1
1
1
0.987382129145448
1
1
1
1
0.974261616646872
1
1
0.992697081273568
1
1
1
0.977508879181523
1
1
1
1
0.998862893277218
1
0.980677035641779
0.975618440960708
1
1
1
1
1
1
1
1
1
1
1
1
1
0.985577466795122
1
1
1
1
1
1
1
0.94273673400665
0.751824056868654
1
0.851188028431923
1
0.985608686492948
0.991563168394064
0.990867494165202
1
1
1
1
1
0.977019871251661
0.974389026604317
1
0.959616780147925
1
0.906789831294106
0.788032573626514
0.977840401318264
1
1
0.964405598694367
1
1
1
1
1
1
1
1
1
1
1
1
1
1
1
0.990959681748167
1
0.992887416083581
1
1
0.988971621012798
0.997729382567452
1
1
0.987382129145448
0.986367301287731
1
1
1
1
1
1
1
1
1
1
1
1
1
1
1
1
1
0.895528736488494
1
1
1
1
1
1
1
0.98670961791268
0.953456397854413
1
1
1
1
1
0.989804299193751
1
1
1
1
1
1
1
0.906789831294106
1
1
1
1
1
1
1
1
1
1
1
1
1
1
0.989877280775162
1
1
1
1
1
0.975542377445333
1
1
1
1
0.995994719386332
1
0.966160174969401
1
1
1
1
1
1
1
1
1
1
1
1
1
1
1
0.992887416083581
0.981683227542895
1
1
1
1
1
1
1
0.943974547231091
1
1
1
1
0.986011858586154
0.999999999739246
1
1
1
0.99122314777969
0.998937650581725
1
1
1
1
1
0.993485687748812
0.801563796306519
1
1
1
1
1
1
1
0.914130635686698
1
1
0.986367301287731
1
1
0.981671539804497
1
1
1
1
0.9800074202183
1
1
1
1
0.998869166699451
1
0.995876159277002
1
1
1
1
1
0.999999999846152
1
0.88055460692413
0.982096013544444
0.986798442754114
1
0.969031540078674
1
1
1
0.981047875842487
0.991059925905116
1
1
1
1
1
1
1
1
1
1
1
1
1
1
1
1
1
1
1
1
0.985598722440326
1
1
1
1
1
1
0.995456148922737
1
1
1
1
1
1
0.975622165394239
1
0.981073653020126
1
1
0.991059925905116
1
1
0.99689215005952
1
1
0.962524817658819
1
1
0.982270347053232
1
1
1
1
1
1
1
1
0.930166596531563
1
1
0.991927385586587
1
1
0.999999999153002
0.995456148922737
1
0.984192488408555
1
0.979457975713919
1
1
1
1
1
1
0.913236025391942
0.898595024342839
0.999110607509085
1
1
1
1
1
1
1
0.997387027807335
1
1
1
1
1
1
1
1
1
0.782750985775678
0.998856157239625
0.731567117568745
1
1
1
1
1
1
1
1
0.996096710666835
1
1
1
1
1
1
0.997729382567452
1
1
1
1
1
1
1
0.945867105049368
1
1
1
1
1
1
1
1
1
1
0.989877280775162
1
1
1
1
1
1
1
1
1
0.98886874983305
1
1
1
1
1
1
1
1
1
1
1
1
1
0.997082346370539
1
1
1
0.984543152943607
1
1
1
1
1
1
1
1
1
1
1
1
1
1
1
1
1
1
1
1
0.977983781952421
0.987367786674945
1
1
1
0.965605264089349
0.991287339507954
1
1
0.997729382567452
1
1
1
1
1
0.997436654129864
1
0.982096302801305
1
1
1
0.993499292283969
1
1
0.98031093577805
1
1
0.985598722440326
0.984434822458872
1
1
1
1
1
1
1
1
1
1
1
1
0.984192488408555
1
0.999999999891364
0.975480367357892
1
0.984917211846542
1
1
1
1
1
1
1
1
1
1
0.996194924863934
1
1
1
1
1
1
0.991375998306185
1
1
1
0.986318714689784
0.783702556187324
1
1
0.947121829336307
0.994331940014099
0.910360555179158
1
1
1
1
1
1
1
1
1
1
1
1
1
1
1
1
1
1
1
1
1
1
1
1
1
1
1
0.956185233273047
1
1
1
1
1
0.965554720696727
1
0.895528736488494
0.999284446359123
1
0.984434822458872
1
1
0.956008135295581
0.994100737450048
1
0.978224556463752
0.91200160241196
0.800620351778672
1
1
0.991104342739826
0.978153877190963
1
1
1
0.999999999948468
1
0.961285303519272
1
1
1
1
0.952120101684353
1
0.999004915927025
1
1
1
1
1
1
1
1
1
0.959280239722822
0.978101216150333
0.995994719386332
1
1
1
0.997082346370539
0.945935796630875
1
0.996091377030284
1
0.872101457090425
0.964954312815954
1
1
1
1
1
0.996220407924032
0.989521486454601
1
0.957367160259067
1
1
1
1
1
0.825863597123795
0.999366184797314
1
1
1
1
1
0.934497031932314
1
1
1
0.990183087753579
0.985598722440326
1
1
0.898795236826779
1
1
1
1
1
1
1
1
1
1
0.999366184797314
0.885191006821442
1
1
1
1
0.738460352631821
0.999999999944341
1
1
1
1
1
0.991059925905116
1
1
1
0.987763888402479
1
0.978224556463752
1
0.982435203295284
0.929289802132217
1
0.930624279798556
1
1
0.998862893277218
1
1
1
1
1
1
1
1
0.966215153708289
1
1
1
1
0.973503445628902
1
1
1
1
0.894339001185679
1
0.801774363739152
1
1
1
1
0.988971621012798
0.999045632277283
1
1
0.973974082707201
1
0.949859115358574
1
1
1
1
0.985841134242327
1
1
0.983166864277195
1
1
0.937925409151996
1
1
1
1
1
1
0.992356857765561
1
1
1
1
1
1
1
1
1
1
1
1
1
0.999999999973546
1
0.960483759451096
1
1
0.96845911124691
1
1
1
1
0.887725930801329
1
1
1
1
0.997436654129864
1
1
1
1
1
1
1
1
1
1
1
1
1
0.855454051524816
1
1
1
1
1
1
1
1
0.956008135295581
0.988786492577742
0.945043763927413
1
1
0.999185504943615
1
1
1
1
1
1
0.989237073517067
1
1
1
1
1
1
1
0.999543974589038
0.915333164488174
1
1
1
0.926575432126389
1
1
0.97697965110562
1
1
1
0.981671539804497
1
1
1
1
1
1
1
1
0.924574245345097
0.980262502282062
1
1
1
1
1
1
0.994331940014099
1
1
1
1
1
1
0.995949759750418
1
1
1
1
1
1
0.990818605058882
1
1
1
1
0.982075096339841
1
1
1
0.996299931773275
0.999999999357634
1
1
1
0.995886484833946
1
0.99999999986709
1
0.999185504943615
1
1
1
0.998944768716451
1
0.99658151932851
1
1
0.988786492577742
1
1
1
0.997227169652055
1
0.986081279606379
1
0.981073653020126
0.885191006821442
1
1
1
1
1
1
0.972496422708952
1
1
1
1
1
1
1
1
0.997082346370539
1
1
1
1
0.999999999807457
1
1
1
1
1
0.854689151453104
1
1
1
1
1
0.825863597123795
0.995494234210729
0.932444003167645
1
1
1
1
1
1
1
1
0.949944254230137
1
1
1
1
1
1
0.999999999992669
1
1
1
1
0.994331940014099
0.945542578925368
1
0.741652154660744
1
1
1
1
1
1
1
1
1
0.984543152943607
0.88055460692413
1
1
1
1
1
1
1
1
1
1
1
1
1
0.961937318790686
1
0.992043380868235
0.986348712428229
1
0.885646921911201
0.805200184970371
0.94833567450507
1
1
1
1
1
1
1
1
1
1
1
1
1
0.986886061503683
1
1
1
1
0.854410322967685
0.997729382567452
1
0.997387027807335
1
1
0.997729382567452
1
1
1
1
0.976547060570613
1
1
1
1
0.939261528208435
1
1
0.965829228897865
1
1
1
1
1
1
1
1
1
1
0.972644506940835
1
0.97274594599023
1
1
1
0.999185504943615
1
1
1
1
1
1
1
1
0.986348712428229
1
1
1
1
1
1
1
1
1
1
1
1
1
0.999999999255848
1
1
0.761066899062352
1
0.919052307872103
0.989471366349875
0.992043380868235
1
1
1
1
1
1
1
1
1
1
1
1
0.960628151446925
1
1
0.991575614382049
1
1
1
1
0.998848606464893
1
0.976254523496687
1
1
1
1
1
1
1
0.998990388314089
1
1
1
1
0.98577692968413
1
1
1
1
1
1
1
1
1
1
1
1
1
0.974166752947267
0.980138520603997
1
1
1
1
1
1
1
1
0.933338989094704
0.924110197111848
1
1
0.988775074136203
1
1
1
1
0.999132388392159
1
1
1
0.99658151932851
0.951837848265377
1
1
1
1
0.798852226916722
1
0.989471366349875
1
1
1
1
1
1
1
1
0.924110197111848
0.966160174969401
1
1
1
1
1
0.956440905596748
1
1
1
1
1
1
1
1
1
1
1
0.978101216150333
1
1
1
1
0.988775074136203
1
1
1
1
1
1
1
1
0.990909610508684
0.999999999891364
1
0.966587781876985
1
1
1
1
1
1
1
1
0.978101216150333
1
1
0.975705441938924
0.924343451173562
1
1
0.990795583825132
1
1
1
0.960483759451096
1
1
0.981005769172113
0.777803860398659
1
1
1
1
1
1
1
1
1
1
1
0.999999999408324
1
1
1
1
1
0.99689215005952
1
1
1
1
1
0.977516419870551
1
0.991104342739826
1
1
1
1
1
1
1
1
1
0.976547060570613
1
1
1
0.998937650581725
1
1
1
1
1
1
1
1
1
1
1
1
1
1
0.973388757113974
1
1
1
0.983392411171657
1
1
0.988720280952318
1
1
1
1
1
1
1
1
1
1
1
0.992519205776147
0.993495264055203
1
0.997436654129864
1
0.896092286697894
0.998908726283557
1
1
1
1
1
1
1
1
0.868156112818079
1
1
1
0.966587781876985
1
1
1
1
0.996096710666835
1
1
1
1
1
1
1
1
1
1
1
1
0.902680602735099
0.995870059007043
1
1
1
1
1
1
1
0.926932392873446
1
1
1
1
0.854689151453104
1
1
1
0.961560198020867
1
0.81130302320515
0.999307354236699
1
1
1
1
0.955569568416284
1
1
0.975473560921236
1
1
1
1
1
1
0.898445038758253
1
1
1
0.99122314777969
0.799164822767657
1
0.932203354982961
1
1
1
1
1
0.991563168394064
1
1
1
1
0.961837934556632
1
1
1
1
1
1
1
1
1
1
0.999999999700856
1
1
1
1
0.989026326674073
0.940615552336211
1
1
0.998848606464893
0.944950362139331
0.984192488408555
1
1
1
1
1
0.999999999153002
1
1
1
1
0.983417669409687
1
1
0.943974547231091
1
1
0.984917211846542
1
1
1
1
1
1
1
1
1
1
1
0.991275446599712
0.994331940014099
1
1
1
1
1
1
1
0.995903188991755
0.97867262445541
1
1
1
1
0.903617346679208
1
1
1
1
1
1
1
1
1
1
1
1
1
1
0.983499555864578
1
0.933473162796174
1
1
1
1
1
0.988971621012798
1
0.835001051888235
0.950167822004807
1
1
1
1
0.969188013334599
1
0.989804299193751
0.980363531401789
1
1
0.991506342969221
1
1
1
1
1
1
0.963454098803153
1
1
1
1
1
1
0.96171452066401
0.986886061503683
1
1
1
1
1
1
1
1
1
1
1
1
1
0.992798631915727
0.992519205776147
1
1
1
1
1
1
0.666505103985922
1
1
1
1
1
1
1
1
1
1
0.913236025391942
0.989140781728006
1
1
1
1
1
1
0.991506342969221
1
1
1
0.998366173931655
1
0.924637367552637
0.981627618669331
1
1
1
1
1
0.989026326674073
0.989804299193751
1
1
1
1
1
0.961837934556632
1
1
1
0.950873846844711
1
1
0.991275446599712
1
1
1
1
1
1
1
1
0.989140781728006
1
1
1
1
1
1
1
0.987382129145448
1
1
1
0.999999999642413
1
1
0.975542377445333
1
1
1
1
1
1
1
1
1
1
0.991040700005941
1
1
1
1
0.825863597123795
0.992798631915727
1
1
1
1
1
1
1
1
1
1
0.980363531401789
1
1
1
1
0.977516419870551
1
1
1
1
1
1
1
1
0.978224556463752
1
1
1
1
0.966587781876985
1
1
1
1
1
1
1
1
1
1
1
1
1
1
1
1
1
1
1
1
0.996383730921505
1
1
1
1
1
1
1
1
1
0.989877280775162
0.944194868002362
1
1
1
1
1
1
0.988057412097288
1
0.937124160108891
1
0.98857114200318
1
1
1
0.995949759750418
0.98670961791268
0.944544372545003
1
1
1
1
1
1
0.976675531879763
0.863829487640871
1
1
1
1
0.989877280775162
1
1
1
1
1
0.995886484833946
1
1
0.82616973697738
1
1
0.97274594599023
1
1
1
1
1
1
0.991927385586587
1
0.945638346495965
1
1
0.986348712428229
1
1
0.87214900572812
1
0.987549121086244
1
1
1
1
0.980580774567479
1
1
1
1
1
1
1
1
1
1
0.984920548817035
1
1
1
0.772248019806564
0.968718316145403
1
1
1
1
1
1
1
1
1
1
1
1
1
1
1
1
1
1
1
1
1
1
1
1
1
1
0.844453636628706
1
1
0.961408460701825
1
1
1
0.928878824903199
1
1
0.947050737187432
0.965828971533586
1
1
1
1
0.995903188991755
1
1
1
1
0.977485892509645
1
0.983417669409687
1
0.977083747963234
1
1
1
1
1
1
1
0.999999999944341
1
0.907511215882277
1
0.990554040034636
1
1
1
1
0.981671539804497
1
0.75484678041165
1
1
1
1
1
1
1
1
0.985598722440326
0.854937296511669
1
0.998944768716451
1
1
1
1
1
0.614222493759909
1
1
1
1
1
0.997729382567452
0.955569568416284
1
0.989026326674073
0.9800074202183
0.996096710666835
1
1
0.991059925905116
1
0.980138520603997
1
1
1
0.997082346370539
1
1
1
1
1
1
0.992798631915727
1
1
1
1
0.976750768606912
1
0.996779084355923
1
1
1
0.986798442754114
1
0.793044271103739
1
1
1
1
0.990855847903075
1
1
1
0.957155862882455
1
1
1
1
0.991287339507954
1
1
1
1
1
1
1
1
0.969040113774735
1
1
1
1
1
1
1
1
1
1
1
1
1
1
1
0.997802493484881
0.986798442754114
0.798852226916722
1
1
1
1
1
1
1
1
1
0.96743329025899
1
1
1
1
1
0.992798631915727
1
1
1
0.974879882360524
1
1
1
1
0.991275446599712
1
1
1
1
1
0.825863597123795
0.853868279303374
1
1
1
1
1
1
0.999999999846152
1
1
0.988629314410054
1
1
0.948771469138449
1
1
1
1
1
0.977983781952421
1
0.996779084355923
1
1
1
1
1
1
1
1
1
1
1
1
1
1
1
1
1
1
1
1
1
1
1
0.857818050393452
1
0.705562409773651
1
1
1
0.957155862882455
1
0.887902597706161
0.99918064037908
0.979507612366404
1
1
1
0.99927058861364
0.944322087355045
0.99927058861364
1
1
0.94273673400665
1
1
1
1
1
1
1
1
1
0.998856157239625
1
0.986011858586154
1
1
1
0.72432433107263
1
0.973569467308822
1
1
1
1
1
1
1
1
1
0.99175910480183
1
0.986367301287731
1
1
0.992935169479243
0.999999999822001
0.958082730756608
0.961937318790686
0.998846902341841
0.957478565756242
1
1
0.937491261178995
1
1
1
1
1
0.992818237417305
0.981073653020126
0.779751715476439
1
1
0.933560744895869
1
1
1
1
1
1
1
1
0.998990388314089
0.853868279303374
1
0.996096710666835
1
1
1
1
0.955834000362701
0.984543152943607
1
1
1
1
1
1
1
1
1
1
1
0.977046742793903
1
1
0.999366184797314
1
0.984543152943607
0.953465275450228
0.995456148922737
1
0.973298320262821
1
0.998869166699451
0.950167822004807
0.960079157087481
1
1
0.997387027807335
0.961560198020867
0.945638346495965
1
1
1
0.961464811721952
1
1
1
1
1
0.817289708285
1
1
1
1
1
1
1
1
0.854745527974869
1
1
1
0.976409126782992
1
1
1
1
1
1
1
1
1
1
0.924936320178431
1
1
0.974261616646872
1
1
1
1
1
1
1
1
1
0.988720280952318
1
0.998342283484254
1
1
1
1
1
1
1
1
1
1
1
1
1
1
0.951719356894346
1
1
1
0.975618440960708
1
0.914757188341757
1
1
0.998881725947517
1
0.907009161643469
1
0.949944254230137
1
0.998937650581725
1
1
1
0.980363531401789
1
0.98031093577805
0.991927385586587
0.975618440960708
1
0.986172910577768
1
0.978727729334027
1
1
1
1
1
1
0.985634700902217
1
0.999999999992669
0.973503445628902
1
1
1
0.930166596531563
0.990795583825132
0.968247747130774
0.977983781952421
1
0.991563168394064
1
0.99058368393476
1
1
1
1
0.970245850392105
1
1
1
1
1
1
1
1
1
1
1
1
1
1
0.988720280952318
1
1
0.970245850392105
1
0.930720154187101
0.988720280952318
1
1
0.985855185382069
1
0.976675531879763
1
1
1
1
1
1
1
0.995876159277002
1
1
0.999999999997331
1
1
1
0.733603300648329
1
1
1
1
1
1
1
1
1
1
1
1
1
0.983417669409687
1
1
1
1
1
1
1
0.945867105049368
1
1
1
1
1
0.965554720696727
1
1
1
1
0.999999999990849
1
0.967993430780751
1
1
0.999999999909017
0.985855185382069
1
1
0.938386381119313
1
1
0.973974082707201
0.999185504943615
1
1
1
1
0.981047875842487
0.993850719373311
1
1
1
1
1
1
0.992697081273568
1
1
1
1
1
0.980057817243764
1
1
1
1
1
1
1
0.955834000362701
1
1
1
1
1
1
0.995456148922737
0.995886484833946
1
1
1
1
1
1
1
0.989877280775162
1
1
1
1
1
1
1
1
0.964412052436746
1
1
1
1
1
1
1
1
0.99004017723994
1
1
1
1
0.991563168394064
1
1
1
1
1
1
0.963503428507066
1
1
1
1
0.978101216150333
1
1
1
1
0.991104342739826
1
0.973569467308822
0.998887290637929
0.983181094902036
0.903991610925646
1
1
1
1
1
1
1
1
1
0.984192488408555
1
0.984917211846542
1
1
1
1
0.944198977661481
0.985855185382069
1
1
0.984130294929364
1
1
1
1
1
1
1
1
1
1
1
1
1
1
1
1
1
1
1
1
1
1
1
1
1
1
1
1
1
1
1
1
1
0.966752902639696
1
0.9666420656157
1
0.981047875842487
1
1
1
0.974261616646872
1
1
1
1
1
1
1
1
0.967993430780751
1
1
1
1
0.985692905870653
1
1
1
1
1
1
0.999999999944341
0.888369299270525
1
1
1
1
1
1
0.916098934423887
1
1
1
0.999999999489918
1
1
1
1
1
1
1
0.994929460384264
1
1
1
1
1
1
1
1
0.816428960382136
0.957367160259067
1
1
1
1
0.990795583825132
1
0.940615552336211
1
0.970245850392105
1
1
1
0.969040113774735
1
1
0.962144843705807
0.977485892509645
0.802355982978621
0.996014640048428
1
1
1
1
1
1
0.989348267310745
1
1
1
1
1
1
1
1
1
1
1
1
1
1
1
1
1
1
0.988775074136203
0.994210784358132
1
1
1
1
1
1
1
1
1
1
1
1
0.953465275450228
1
0.951837848265377
0.99058368393476
1
1
1
1
1
1
0.964954312815954
1
1
1
0.987316460840241
1
1
1
0.974389026604317
1
1
1
1
1
1
1
1
1
1
1
1
1
1
1
1
1
0.965828971533586
1
1
1
1
1
1
1
1
1
1
1
1
0.961464811721952
1
1
0.914506313455329
0.999999999944341
1
0.676073671990848
1
1
0.585614928322189
1
1
1
0.982276034760634
1
0.648605445279376
1
1
0.995927302327873
1
0.988975108609283
1
0.987316460840241
1
1
1
0.972644506940835
1
1
1
1
1
1
0.981047875842487
0.994929460384264
1
1
1
1
0.991506342969221
1
1
0.99196055506925
0.953527040500806
1
0.952120101684353
1
1
1
0.929457207180012
1
1
1
1
1
1
1
0.996383730921505
1
1
0.998990388314089
0.9639991908431
0.99689215005952
1
1
1
1
1
1
1
1
1
1
1
1
1
1
1
1
1
1
1
0.999231195311394
1
1
1
1
1
1
1
1
1
1
1
1
1
1
0.985634700902217
0.991287339507954
1
1
1
1
1
1
1
1
1
1
1
1
1
1
1
1
1
1
1
1
1
1
1
0.924248323371757
1
1
1
0.984917211846542
1
1
0.999999999489918
1
1
1
0.998342283484254
1
1
1
1
1
1
1
1
1
1
0.999999999629094
1
1
0.998342283484254
1
1
1
1
1
0.982712649535329
0.998887290637929
1
0.98886874983305
0.970152315848571
1
1
1
0.949873366468374
1
1
1
0.961408460701825
1
1
0.991287339507954
1
1
1
0.961837934556632
1
1
1
1
1
1
1
1
1
1
0.939526054021967
1
1
0.840173828460392
1
1
1
1
1
1
1
1
1
1
1
1
1
1
1
1
1
0.998662202523922
1
1
1
1
1
1
1
1
1
1
1
1
1
1
0.992261789868306
0.998846902341841
1
0.958237866235547
1
0.992410556328894
0.986348712428229
0.981226718858326
1
1
1
1
0.999366184797314
0.955324019492684
1
1
1
1
1
1
0.979457975713919
1
0.996308271895366
1
1
1
1
1
0.981047875842487
1
0.99658151932851
1
0.986220309434107
1
1
1
1
1
0.945867105049368
1
1
1
1
1
1
1
0.979159977295809
0.969031540078674
1
0.957155862882455
1
1
1
0.999469834091189
1
1
1
1
1
1
1
1
0.994331940014099
1
1
1
1
1
1
1
1
1
1
0.999132388392159
1
1
1
1
1
1
1
1
1
1
1
1
1
1
0.914292938333746
1
1
0.955569568416284
0.698054102857188
1
0.965829228897865
1
1
0.937029975988441
0.999999998945883
1
0.991059925905116
1
1
1
0.996779084355923
0.955898669676782
0.995994719386332
1
1
0.990818605058882
0.962524817658819
1
1
1
1
1
1
1
0.999999999994808
1
0.976675531879763
1
0.996194924863934
0.989877280775162
0.872101457090425
0.992062570994738
1
1
1
1
1
0.965829228897865
0.991563168394064
1
0.938905734730936
1
1
0.990855847903075
1
0.88055460692413
1
1
1
1
0.995994719386332
1
1
0.990569332415527
0.990795583825132
1
1
1
0.945914502816605
1
1
1
1
1
1
0.976750768606912
1
1
1
0.81155017458514
1
1
1
1
0.973974082707201
1
1
0.988775074136203
1
1
1
1
1
1
1
1
1
1
1
1
1
1
1
0.875176692556728
1
1
1
1
1
0.977683708474407
1
0.98959148630363
1
1
1
0.996814161164905
1
1
1
1
0.978727729334027
1
1
1
1
1
1
1
1
0.968718316145403
1
1
1
1
1
1
1
1
1
0.982141009745395
1
1
1
1
1
1
1
1
1
0.953465275450228
1
1
1
1
1
1
1
0.990781983094155
1
1
0.984106576907109
1
1
0.996220407924032
1
0.987367786674945
0.965829228897865
0.780335241109836
1
1
1
1
0.9639991908431
1
1
1
1
1
0.970799373007894
1
1
0.996728832336969
1
1
1
1
1
1
0.996383730921505
0.988057412097288
0.88055460692413
0.999004915927025
1
1
1
1
1
1
1
1
1
1
1
1
0.985598722440326
1
1
1
1
0.986348712428229
0.991211534405379
1
1
0.799913154785584
0.973298320262821
1
1
0.984192488408555
0.875189739384067
1
1
1
1
1
1
1
0.953465275450228
0.980580774567479
1
1
1
1
1
1
1
0.960288396176423
0.991287339507954
0.994730417253283
1
1
1
1
1
1
1
1
1
1
0.980255024159231
0.998100611574145
1
0.934497031932314
1
1
1
1
1
1
1
1
1
1
1
1
1
1
1
1
1
1
1
1
1
1
1
1
0.999999998802507
1
1
1
0.995994719386332
1
1
1
1
1
0.999132388392159
1
1
1
1
1
1
1
1
1
0.998856157239625
1
1
1
1
1
1
1
1
1
1
1
0.998342283484254
0.983181094902036
0.996194924863934
1
1
1
1
1
1
1
0.894504803292685
1
1
1
1
1
1
1
1
1
0.99927058861364
1
1
1
0.995456148922737
1
1
1
1
0.981073653020126
0.999999999948468
0.999999999908945
1
1
1
1
1
1
1
1
1
1
1
1
1
1
1
1
1
1
0.97867262445541
1
1
0.998342283484254
1
0.997245958907022
1
1
0.981548358105505
0.877130652489485
1
1
1
1
1
1
1
1
1
0.894504803292685
0.976267753228254
1
1
0.991963220749749
1
0.924248323371757
0.976219633339482
1
1
1
1
0.999045632277283
1
0.975705441938924
1
1
1
1
1
1
1
1
0.996814161164905
1
1
1
1
1
0.918708489813844
1
0.996220407924032
1
0.985692905870653
1
1
0.910360555179158
0.973676277213886
1
1
1
0.988775074136203
1
1
1
1
1
0.913109989799742
1
1
1
1
1
1
1
1
1
0.808611650403097
1
0.985378807433503
1
1
1
1
1
1
1
1
0.987316460840241
1
1
1
1
0.983181094902036
1
1
0.983417669409687
1
1
1
1
0.951719356894346
1
0.910162167445462
1
1
1
1
0.991059925905116
1
0.999999999762787
1
1
0.999037341390847
1
1
1
1
1
1
1
1
1
1
1
1
1
1
1
0.988775074136203
1
1
1
1
1
1
1
1
1
1
1
1
0.985378807433503
1
1
0.982141009745395
1
1
0.709723596787802
1
1
1
1
1
0.986367301287731
1
0.994210784358132
1
1
1
1
0.978078648866463
1
0.905291684442477
1
1
1
1
1
1
1
1
1
1
0.970876667576229
1
1
1
1
1
0.985634700902217
1
0.995949759750418
1
1
1
1
1
1
1
0.953456397854413
1
1
1
0.995927302327873
1
1
1
1
0.976267753228254
1
1
1
1
1
1
1
1
1
1
1
1
0.98886874983305
1
1
1
1
1
1
1
0.982096302801305
1
1
1
1
1
1
1
1
0.995949759750418
1
1
1
1
1
1
0.999999999700856
1
1
1
0.930072130093746
1
1
1
0.879733625018204
1
0.978101216150333
1
1
1
1
1
1
1
1
1
1
1
1
0.99658151932851
1
1
1
1
1
1
0.990855847903075
1
1
0.988971621012798
1
1
1
0.964647888697511
1
1
1
1
0.999110607509085
1
1
1
1
1
1
0.677356986309987
1
1
1
1
1
0.998937650581725
1
1
1
1
1
0.966160174969401
1
1
1
1
1
1
0.916098934423887
1
1
1
1
1
1
1
0.99058368393476
0.867717315814897
0.987549121086244
1
1
1
1
1
1
1
1
0.988975108609283
1
1
1
1
1
1
1
1
1
0.922126788341793
1
1
1
0.996299931773275
1
1
0.999999999909017
1
1
1
1
1
1
1
1
0.986011858586154
1
1
0.980363531401789
1
1
1
0.999132388392159
1
1
1
1
1
1
1
0.956755179993674
1
1
0.955324019492684
0.980007932161919
1
1
1
1
0.967993430780751
1
1
1
1
1
1
1
1
1
0.976313581526246
1
1
0.999999999357634
1
1
1
1
1
1
1
1
1
1
1
0.997754895163413
1
1
1
1
1
1
0.995876159277002
0.994929460384264
1
1
1
1
1
1
1
1
1
1
1
1
1
1
1
0.999185504943615
1
1
1
1
1
1
1
1
0.966029045285922
1
0.964412052436746
1
1
0.916098934423887
0.999999999561025
0.991059925905116
1
1
1
1
1
0.988629314410054
1
1
1
1
1
1
1
1
1
1
0.978101216150333
1
1
0.99999999986709
1
1
1
1
0.992062570994738
0.963387472899423
1
1
1
1
1
0.99658151932851
1
1
1
0.976750768606912
0.927854585952689
1
0.966029045285922
1
1
0.982096302801305
1
1
1
0.978078648866463
1
1
1
1
1
1
1
1
1
1
1
1
1
1
0.987382129145448
1
1
1
1
1
1
0.987367786674945
1
0.982712649535329
0.978153877190963
1
1
1
1
1
1
1
1
1
1
1
0.634067212929163
0.988646063904992
0.992798631915727
0.993740740340022
1
1
1
1
1
0.989140781728006
0.998887290637929
0.992818237417305
1
1
1
1
1
1
0.991437560486148
1
1
1
1
1
0.96171452066401
0.963387472899423
0.924637367552637
1
1
1
1
1
0.990818605058882
1
1
1
1
1
0.966587781876985
1
1
1
1
0.917686861715366
1
1
1
0.953527040500806
0.960483759451096
0.996779084355923
1
1
1
1
0.959280239722822
1
1
1
1
1
0.971966898766488
1
1
0.963331948760894
1
1
0.998856157239625
1
1
1
1
1
1
1
1
1
0.994210784358132
1
0.99658151932851
1
1
0.961130916407452
1
1
1
1
1
1
1
1
1
0.801829169566635
1
1
1
0.991963220749749
1
1
1
1
1
0.814281935632807
1
1
1
1
1
1
1
0.957963190458535
1
1
0.997387027807335
1
1
1
1
0.98031093577805
1
0.973388757113974
1
1
1
1
1
1
1
1
1
0.624043053865797
1
0.868660241746669
0.938289097650194
1
1
1
1
1
1
1
1
1
1
1
1
1
1
1
1
1
0.965690818069229
1
1
0.944184698619203
1
1
1
1
0.998869166699451
0.831933115437164
1
1
1
1
1
1
1
1
1
1
0.978224556463752
1
1
1
1
1
1
1
1
1
1
0.999999999992669
1
1
1
1
1
1
1
1
1
1
1
1
1
0.975480367357892
1
1
1
0.967945003191311
1
1
1
0.980293461977256
1
1
1
0.985841134242327
1
0.715834347722559
1
1
1
1
0.825863597123795
1
1
0.944418942346672
1
1
1
0.989804299193751
1
1
1
0.9941654802059
1
1
0.884732126055986
1
1
0.998944768716451
1
1
1
0.956755179993674
1
1
1
0.975480367357892
1
1
1
1
1
1
1
1
1
0.808916322297792
1
0.983181094902036
0.963454098803153
1
1
1
1
1
1
1
1
1
1
1
1
1
1
1
1
1
1
1
1
1
0.930624279798556
1
1
1
1
0.994183454539711
1
1
1
1
1
1
1
1
1
1
1
1
1
1
1
1
1
1
1
1
1
1
1
1
0.930035766540858
1
1
0.998881725947517
1
1
1
0.980580774567479
1
1
1
1
1
1
1
1
1
1
1
1
1
1
1
1
1
0.902443724769087
1
1
1
1
1
1
0.944103535758857
1
0.999999999992669
1
1
1
1
1
1
1
1
1
1
1
0.991437560486148
0.971801634152779
0.995870059007043
1
1
0.988975108609283
1
1
0.988786492577742
1
1
1
1
1
1
1
1
1
1
1
1
1
1
0.965554720696727
1
0.992818237417305
1
0.992368504813765
1
1
1
1
1
1
1
1
1
1
1
1
0.934185592414738
1
1
1
1
1
0.98857114200318
1
1
1
1
0.992356857765561
1
1
1
1
1
1
0.992356857765561
1
0.945647120743904
1
1
1
1
1
1
1
1
0.992062570994738
1
1
1
1
1
1
1
0.998944768716451
1
0.988971621012798
1
1
1
1
1
1
1
0.945647120743904
1
0.989348267310745
1
1
1
1
1
1
0.991059925905116
0.948678097216154
0.962498458934977
1
1
1
0.975618440960708
1
0.999132388392159
1
1
1
1
1
1
1
1
1
0.945647120743904
1
0.996308271895366
1
1
1
1
1
1
0.974879882360524
1
0.957155862882455
0.980057817243764
1
1
1
1
1
1
1
1
1
1
1
0.98577692968413
1
1
1
1
1
1
0.97383047039744
0.977485892509645
0.991927385586587
0.772462665547506
1
1
1
1
1
1
1
1
1
0.977485892509645
1
1
1
1
1
0.963503428507066
1
0.980007932161919
0.962560385144201
1
0.994210784358132
0.992818237417305
1
1
1
1
1
0.985598722440326
1
0.999044173760067
1
1
1
0.915686887705112
1
1
1
1
1
0.989521486454601
1
1
0.964405598694367
0.647719233261845
0.982276034760634
1
1
1
0.993446826331384
1
1
0.966215153708289
0.988646063904992
1
0.969040113774735
1
1
1
1
1
0.905778669701291
1
0.876672718633653
1
1
0.917797270819226
1
0.998862893277218
1
1
1
1
1
1
0.97867262445541
1
1
1
1
0.989237073517067
1
1
1
1
1
1
0.985855185382069
0.99658151932851
1
1
0.99122314777969
1
0.905165771821661
1
1
1
0.987104723993483
0.989251722363897
0.995927302327873
0.999999998374456
1
1
1
1
1
1
1
1
1
0.879573454470551
1
1
1
1
0.998851490924541
1
1
1
1
1
1
0.965461293051024
1
1
1
1
1
1
1
0.990959681748167
1
1
1
1
1
0.989877280775162
1
1
1
0.99122314777969
1
0.932031565017182
1
1
0.975618440960708
1
1
1
0.926932392873446
1
0.999999999846152
1
1
1
0.945647120743904
1
1
1
1
0.97274594599023
1
0.988039202678026
0.948771469138449
1
1
1
1
0.976750768606912
0.996220407924032
0.970152315848571
1
1
1
1
1
1
1
1
1
1
0.990818605058882
0.996308271895366
1
1
0.998869166699451
1
1
1
1
0.984101727887306
0.976267753228254
0.990867494165202
1
1
1
1
1
0.995456148922737
1
0.986633284171619
0.969814169915759
1
1
1
1
0.984192488408555
1
1
1
1
1
1
0.822746828902251
1
1
1
1
1
1
0.999999999153002
1
1
0.99004017723994
1
0.985634700902217
1
1
1
1
1
0.980580774567479
1
1
1
1
1
0.98670961791268
0.996091377030284
1
1
1
1
1
1
1
1
1
1
0.987763888402479
1
1
1
1
1
1
1
0.974914002805364
0.965862327428414
0.827488433068098
1
1
0.913449373477176
0.99658151932851
1
1
1
1
0.998862893277218
1
1
1
1
1
1
1
1
0.608221185838848
1
0.986372931566828
1
1
1
0.999999998726504
1
1
1
0.985855185382069
1
1
1
1
1
1
0.991437560486148
1
1
1
0.980007932161919
1
1
1
0.960288396176423
1
0.991104342739826
1
1
1
1
1
1
0.999110607509085
1
1
1
1
1
1
1
1
1
0.957478565756242
1
1
1
0.979507612366404
0.931096781214826
1
1
1
1
1
1
1
1
1
0.973974082707201
1
0.986318714689784
1
1
1
0.808611650403097
1
1
1
1
1
1
1
1
1
1
1
1
1
0.987382129145448
1
1
1
0.968247747130774
1
1
1
1
1
1
1
1
1
1
1
1
1
1
0.992887416083581
1
1
1
1
1
0.864207992414147
1
1
1
0.984543152943607
1
0.982461146175047
1
1
1
1
0.994730417253283
1
1
0.913109989799742
1
1
1
0.996383730921505
1
1
1
1
1
1
0.985855185382069
0.992818237417305
1
0.999999999846152
1
1
1
1
1
1
0.999999998176973
1
1
0.939261528208435
1
1
0.894535648696224
1
1
1
0.991275446599712
1
1
1
1
1
1
1
1
1
1
1
1
1
1
0.999341281201043
1
1
1
0.982075096339841
1
0.831137711491752
0.998944768716451
1
1
0.939526054021967
1
1
1
1
1
1
0.990781983094155
0.992410556328894
1
1
1
1
1
1
1
1
1
0.979457975713919
1
1
1
1
0.967993430780751
1
1
0.996350862511711
1
1
1
1
0.998990388314089
0.986348712428229
1
0.961408460701825
0.980007932161919
1
1
1
0.993061386029914
1
1
1
0.853868279303374
1
1
1
1
1
1
0.957963190458535
1
1
1
1
0.974914002805364
1
1
1
1
1
1
1
1
1
0.989521486454601
1
1
0.971966898766488
1
1
1
1
1
1
1
1
1
0.995876159277002
1
1
1
1
1
1
1
1
0.918587453079997
1
1
1
1
1
1
1
1
0.996091377030284
1
1
1
1
1
1
0.958237866235547
1
1
1
0.975542377445333
0.899783251406175
1
1
1
0.99122314777969
0.995456148922737
0.996091377030284
1
1
0.986367301287731
1
1
1
1
1
1
1
1
1
0.996014640048428
1
1
0.966215153708289
1
1
1
1
1
1
1
1
0.998908726283557
1
1
1
1
0.999999999990849
0.995456148922737
1
1
0.98857114200318
1
1
1
0.996814161164905
1
1
1
1
1
1
1
1
1
0.985577466795122
0.985855185382069
1
1
1
1
1
1
0.991287339507954
1
1
1
1
0.996091377030284
0.990183087753579
1
1
1
1
0.980363531401789
1
1
0.924936320178431
1
1
1
0.924452600304417
1
1
1
1
0.97274594599023
1
0.999999998920015
1
0.993061386029914
1
1
1
0.980138520603997
0.988971621012798
0.997082346370539
1
1
1
1
0.99122314777969
1
0.990909610508684
0.996308271895366
1
1
1
1
0.996350862511711
1
1
1
1
1
1
1
1
1
0.994331940014099
1
1
1
1
1
1
1
0.985692905870653
0.919831276167684
0.996194924863934
1
1
1
1
0.941325745334369
1
1
0.977083747963234
1
1
1
1
1
1
1
1
1
1
0.989804299193751
1
1
0.933473162796174
0.981005769172113
0.997082346370539
1
1
1
1
1
0.992818237417305
0.995927302327873
0.938289097650194
0.974914002805364
1
1
1
0.897220919312198
1
0.98031093577805
1
1
1
1
0.874314133934671
1
1
1
1
1
1
1
0.888257388756797
1
1
0.989140781728006
1
0.778021728378064
1
1
0.809524108802291
1
0.996814161164905
1
1
0.973974082707201
1
1
1
1
0.92190594517574
0.985855185382069
1
0.979159977295809
1
1
1
1
0.997729382567452
1
1
0.991563168394064
1
1
1
0.879573454470551
1
0.97867262445541
1
1
0.999999999908945
1
0.965690818069229
1
1
1
1
1
1
1
1
0.937925409151996
1
1
1
1
1
1
1
0.996779084355923
1
0.984192488408555
1
1
1
1
0.908320979453063
0.98031093577805
1
0.985634700902217
1
1
0.939526054021967
1
0.985378807433503
1
1
1
1
1
1
0.992368504813765
0.991040700005941
1
1
1
1
1
0.877130652489485
1
1
0.996220407924032
1
1
0.860286419696147
0.991040700005941
1
1
1
1
1
0.995456148922737
1
0.944184698619203
1
1
1
1
0.965828971533586
0.713264169124387
1
0.991275446599712
1
1
1
1
1
1
0.986011858586154
1
1
0.978727729334027
1
1
1
1
1
1
0.988975108609283
0.973388757113974
1
0.933473162796174
1
1
1
1
0.973503445628902
0.983392411171657
1
1
1
1
0.887725930801329
1
1
1
1
1
1
1
1
1
1
1
1
1
0.978017226634458
0.998862893277218
1
0.985598722440326
1
1
1
0.950873846844711
1
1
1
1
1
1
0.993485687748812
1
1
1
0.987382129145448
0.975542377445333
1
0.999999999973546
1
1
1
1
0.99058368393476
1
1
0.963454098803153
1
1
1
1
1
1
1
1
1
1
1
1
1
1
0.998910216161538
1
1
0.913236025391942
1
1
1
1
1
1
0.967389067547364
1
1
1
1
0.984101727887306
1
1
1
1
1
1
1
1
1
1
1
1
1
1
0.999999999990849
1
1
0.988975108609283
1
1
0.9639991908431
1
1
1
0.995456148922737
1
1
1
1
1
1
1
1
1
1
1
1
1
1
1
1
1
1
1
1
1
1
1
1
1
1
1
0.962524817658819
1
1
1
1
1
0.816428960382136
1
0.980057817243764
1
1
0.996091377030284
0.995927302327873
1
0.949873366468374
1
1
1
1
1
1
1
1
1
0.996779084355923
1
1
0.995870059007043
1
1
1
1
1
1
1
0.99058368393476
1
1
0.962144843705807
1
0.951573517541344
1
1
1
0.965828971533586
1
1
0.927746028369139
1
1
1
1
1
1
1
0.98867441506816
1
1
1
0.988775074136203
0.98886874983305
1
1
1
1
0.944544372545003
1
1
1
1
1
1
0.885646921911201
1
1
1
1
1
1
0.995927302327873
1
0.966752902639696
1
1
0.996814161164905
1
1
1
1
1
0.974879882360524
1
1
1
1
1
1
1
1
1
0.907388473499289
1
1
1
1
1
1
1
1
1
1
1
1
1
1
1
1
1
1
1
1
1
1
1
1
1
1
1
0.814868902293776
1
1
1
1
1
1
0.940615552336211
1
1
1
1
1
1
1
0.923353582990684
1
1
0.965076858630633
0.999366184797314
1
1
1
1
0.999719503688619
1
1
1
1
1
1
1
1
1
0.992356857765561
1
0.999999999683341
1
1
0.980262502282062
1
1
0.999045632277283
0.990867494165202
0.999999999762787
1
1
0.999132388392159
0.999185504943615
1
1
1
1
1
1
0.988039202678026
1
1
1
1
1
1
1
0.684163849566298
1
1
1
1
1
0.986081279606379
1
1
1
1
1
1
1
1
1
1
0.988786492577742
0.986798442754114
1
0.981115026741923
1
1
0.974879882360524
1
1
1
1
1
1
0.996096710666835
0.9639991908431
1
1
1
1
0.69408340706239
1
1
1
0.992062570994738
1
1
0.949859115358574
1
0.605413115643691
1
1
1
0.930360326084572
0.969814169915759
1
1
0.993495264055203
1
1
1
1
1
0.985634700902217
1
1
1
1
1
0.987316460840241
1
1
1
1
1
1
1
1
1
1
1
1
0.801352788857846
1
1
1
1
1
0.992062570994738
1
1
1
1
0.991287339507954
1
1
1
1
1
1
0.980255024159231
1
1
0.853299892128906
1
0.983181094902036
0.99175910480183
0.950952139645892
1
1
0.990988581037609
1
1
1
1
0.995903188991755
1
1
0.996484287564358
1
1
1
1
1
1
1
1
1
1
1
1
0.835214522775789
1
1
0.981047875842487
1
1
1
1
1
0.980677035641779
1
1
1
1
0.999999999747415
1
1
1
1
1
1
1
1
1
1
1
1
1
0.997387027807335
1
1
0.990795583825132
1
0.983499555864578
1
1
0.988848159217264
0.956008135295581
1
1
1
0.991563168394064
1
1
1
0.980262502282062
1
1
1
1
1
1
1
0.992062570994738
1
0.986798442754114
1
1
1
1
1
1
1
0.976750768606912
1
1
1
1
1
1
0.971456129011695
0.986172910577768
0.999341281201043
1
1
1
1
0.972496422708952
1
1
0.996576297311393
0.958181271299342
1
1
1
0.983066846720775
0.966587781876985
1
0.990795583825132
1
1
1
1
1
1
0.998908726283557
1
1
1
0.96743329025899
1
1
1
1
0.999999999683341
0.989832859493117
1
1
1
0.992368504813765
1
0.937117278010299
1
1
1
1
0.926932392873446
1
0.998994970184048
0.989180783318635
1
0.965690818069229
1
0.987556832508612
1
1
1
1
1
1
0.987382129145448
1
1
1
0.852036489696062
1
1
1
1
0.960079157087481
0.996220407924032
1
1
1
1
1
1
0.984192488408555
1
1
1
0.995456148922737
1
1
1
1
1
0.999132388392159
1
0.999999998920015
1
0.983181094902036
1
0.996779084355923
1
1
1
1
1
1
0.977508879181523
0.938289097650194
1
1
0.999341281201043
1
1
1
1
1
1
1
1
1
1
0.999284446359123
1
1
1
0.996728832336969
1
1
1
1
0.924690814368102
1
1
1
0.96274453589301
1
1
0.990909610508684
1
1
1
1
0.999110607509085
1
0.950952139645892
0.982096302801305
1
1
1
1
1
0.895528736488494
1
0.947121829336307
1
1
1
1
1
1
1
0.897721166654739
1
1
1
1
0.950873846844711
1
1
1
1
1
1
1
1
1
1
0.67729545243419
1
1
1
1
1
0.973464441218574
1
0.997245958907022
1
1
0.988057412097288
1
1
1
1
0.945647120743904
1
1
1
1
1
1
0.933562708714629
0.868156112818079
1
0.965554720696727
1
0.929305060917798
1
1
1
1
1
1
0.981047875842487
0.985692905870653
1
1
1
1
0.957155862882455
1
0.969040113774735
1
1
1
1
1
0.990867494165202
1
1
1
1
0.99196055506925
1
1
1
1
0.992697081273568
1
0.958237866235547
1
1
0.999999999822001
1
1
0.975705441938924
1
0.999284446359123
1
1
1
0.933473162796174
1
0.903063887982016
1
1
0.984543152943607
1
1
1
1
1
1
0.879917184687305
1
1
1
1
1
1
1
1
1
1
1
0.902680602735099
1
0.969188013334599
1
0.995994719386332
1
1
1
1
1
1
1
1
1
1
1
1
0.867393349241386
1
0.949873366468374
1
0.991563168394064
0.938905734730936
1
1
1
1
0.993485687748812
1
1
0.991927385586587
1
1
1
1
1
1
1
1
0.964647888697511
1
1
1
0.989471366349875
1
1
1
1
1
0.989877280775162
1
1
0.980293461977256
0.965829228897865
1
1
0.990183087753579
0.999626614790972
1
1
1
0.992798631915727
1
1
1
1
0.956008135295581
1
0.991104342739826
1
1
1
1
1
1
0.987549121086244
0.99927058861364
0.999999999948468
0.982712649535329
1
1
1
0.990988581037609
0.955898669676782
1
1
1
1
0.826111308233446
0.989521486454601
1
1
1
1
1
1
1
1
1
1
0.973569467308822
0.988057412097288
1
1
1
1
1
0.966215153708289
1
1
1
1
0.987382129145448
1
1
0.930720154187101
1
1
1
1
1
1
1
1
0.994929460384264
1
1
0.930035766540858
0.988629314410054
1
1
1
1
1
0.949859115358574
1
0.919831276167684
1
1
1
1
1
0.991563168394064
0.999999999700856
1
1
1
1
1
0.989608960956734
1
1
1
1
0.941716047976094
1
1
1
1
1
1
1
1
0.879733625018204
1
0.997082346370539
1
1
1
0.999999999534041
0.977516419870551
1
1
0.992410556328894
0.961937318790686
1
1
1
1
1
0.962513365532181
1
1
1
1
1
1
1
1
1
1
0.999999999846152
1
1
1
1
1
1
1
1
0.999999999153002
1
0.977983781952421
1
0.992697081273568
0.999185504943615
1
1
0.825863597123795
1
1
1
1
0.982141009745395
1
1
0.996194924863934
1
1
1
0.661674024736715
1
0.930315821921495
1
1
1
1
1
1
1
1
1
1
1
0.987316460840241
1
1
1
1
1
1
1
1
1
1
0.998937650581725
1
1
0.996946233074618
1
1
0.972644506940835
0.992062570994738
1
1
1
1
1
1
1
1
1
1
1
1
1
1
1
1
1
1
1
1
0.984917211846542
1
1
1
1
1
1
1
1
1
1
1
1
1
1
0.973676277213886
1
0.973388757113974
0.894339001185679
1
0.978224556463752
1
1
0.990795583825132
1
1
1
1
1
1
1
1
1
1
1
0.994815294481038
1
1
1
1
1
1
1
1
0.869466429007368
1
0.964647888697511
1
0.985841134242327
1
1
0.944056368270529
0.978960870597248
1
0.923746334515959
1
1
1
1
1
1
0.99927058861364
1
0.998338850474236
1
1
1
1
1
1
1
1
0.775267960486822
1
0.989804299193751
1
0.974879882360524
1
0.974914002805364
0.981226718858326
1
1
1
0.979159977295809
0.978101216150333
0.965076858630633
1
1
1
0.902443724769087
0.981047875842487
0.998944768716451
1
0.991059925905116
1
1
0.974914002805364
0.995903188991755
1
1
1
1
1
1
1
1
0.977083747963234
1
0.992818237417305
1
1
1
1
1
0.979159977295809
1
1
0.881831516400852
0.969814169915759
1
1
1
1
1
0.999110607509085
1
1
1
0.989140781728006
1
1
1
1
1
1
0.959280239722822
1
0.944659449764394
1
0.999110607509085
1
1
1
1
1
1
1
0.975705441938924
1
0.973464441218574
1
0.99427621490048
0.982461146175047
1
1
1
1
1
1
1
1
1
1
1
1
1
0.973569467308822
1
1
0.842797848119672
0.97383047039744
0.991927385586587
1
1
1
1
1
1
1
1
1
1
0.995321073081587
0.988720280952318
1
1
1
1
0.941186396443137
1
1
1
1
0.920326756550512
1
1
1
1
1
0.991275446599712
0.967389067547364
1
1
1
1
1
1
1
1
1
1
1
1
1
0.980677035641779
1
1
1
1
1
1
1
0.986798442754114
0.917618672485724
1
0.956713290962677
1
0.995903188991755
1
0.870311079532263
1
1
1
1
0.989471366349875
0.986172910577768
0.799164822767657
1
0.985692905870653
1
0.925119867083985
1
1
0.996814161164905
1
1
1
1
1
1
1
1
0.97274594599023
1
0.992368504813765
1
1
1
0.947016390708437
1
1
1
0.839150818609377
0.917797270819226
1
1
1
1
1
1
1
1
1
1
0.99999999948552
1
1
1
1
1
1
1
0.999366184797314
0.973298320262821
1
1
1
1
1
1
1
1
1
1
0.978727729334027
1
1
1
1
1
1
1
1
1
1
1
1
1
1
1
1
1
1
1
0.962524817658819
1
1
1
1
1
1
1
1
1
1
1
1
1
1
1
1
0.991927385586587
0.945762926423005
1
1
0.997729382567452
1
1
1
0.99004017723994
1
1
1
1
1
1
1
1
1
1
1
1
1
1
1
0.996220407924032
1
0.961285303519272
1
1
1
0.978017226634458
1
0.854689151453104
1
1
1
1
1
1
1
1
1
0.996728832336969
1
1
1
1
1
0.931850963607088
1
1
1
0.980138520603997
0.761066899062352
1
1
1
1
0.996299931773275
0.995456148922737
1
1
1
1
1
1
0.992818237417305
1
1
1
0.980007932161919
1
0.992368504813765
1
1
0.932203354982961
0.997729382567452
1
1
1
1
1
1
0.945638346495965
1
1
1
1
0.974879882360524
1
1
1
1
0.981671539804497
1
1
0.996194924863934
0.945698663041535
0.981138156734893
1
1
0.860468718108568
1
1
1
1
1
1
1
1
0.978017226634458
1
1
1
1
1
1
1
1
1
1
1
1
0.87342886673417
1
1
1
1
1
1
1
1
1
1
1
1
1
1
0.822746828902251
1
1
1
1
0.997729382567452
1
0.983417669409687
0.99175910480183
1
1
0.948431486820221
1
1
0.99122314777969
1
1
1
1
1
1
1
1
1
1
0.945638346495965
1
1
1
1
1
1
1
1
0.999469834091189
1
1
1
0.990781983094155
1
0.994331940014099
1
1
1
1
0.993485687748812
1
1
1
0.977485892509645
1
1
0.851188028431923
1
0.89492378367792
0.999999999994808
1
1
1
0.982461146175047
1
0.981548358105505
1
1
1
0.999231195311394
1
1
1
1
1
1
1
1
1
0.998969311235716
1
0.979457975713919
1
0.945043763927413
1
1
1
1
1
0.983066846720775
1
1
1
0.997860161557668
1
0.987638739293317
0.953456397854413
1
0.978017226634458
1
1
1
0.868156112818079
1
1
1
1
1
1
1
1
1
1
1
1
1
1
1
1
1
0.98031093577805
1
0.979507612366404
0.996091377030284
1
0.966029045285922
1
1
1
1
1
1
0.925119867083985
1
1
0.963454098803153
1
1
0.944103535758857
1
1
1
1
1
1
0.924574245345097
1
1
1
1
0.924690814368102
1
1
0.999999998726504
1
0.97939745334301
1
1
0.990988581037609
1
1
0.945935796630875
1
0.839724834329793
1
0.996091377030284
1
1
1
1
1
1
1
1
1
1
1
1
1
0.864525257094977
1
1
1
1
1
1
1
1
1
1
1
1
0.924825980708269
0.999999999944341
1
0.994331940014099
1
0.965115632950647
1
1
1
1
1
0.833588630447386
1
0.966160174969401
1
1
0.96845911124691
0.989348267310745
1
1
1
1
0.974914002805364
0.83508536789076
1
1
0.950873846844711
1
0.997865735544434
1
1
1
1
1
0.94474244163653
1
