x
1
1
1
1
1
1
1
1
1
1
0.963472923375825
1
1
0.997381829312304
1
1
1
0.999673717364312
1
1
1
1
1
1
1
1
0.909997919542377
1
1
1
0.998209463572391
1
0.991207457088682
1
0.962655701195445
0.954457582929577
1
1
1
1
1
0.753895148089588
0.998499216840788
1
1
1
1
0.849377693780742
1
1
0.990886537354383
1
1
0.965533556742036
1
1
1
1
1
1
1
1
1
0.938262817490499
1
0.917469081389917
1
0.961520502958376
1
1
1
0.998412864152132
0.969504137823325
1
1
1
1
1
1
0.968054256005979
1
1
1
1
1
1
1
1
1
1
1
0.99955873190674
1
0.992378025744009
1
1
1
1
0.998864789868376
1
1
1
1
1
1
1
0.87269255915692
1
1
1
1
0.961395743822359
1
1
1
1
1
1
1
1
1
0.987814265526345
0.939419095849196
0.997233632448019
1
1
0.779692210959264
0.909696376144368
1
0.785849893570327
1
1
1
1
1
1
1
1
1
1
1
1
0.997364328840752
1
0.979471554720815
1
1
1
1
1
1
1
1
1
1
1
1
1
1
1
1
1
1
1
1
0.999761210332627
1
1
1
1
1
0.962494530614426
1
1
1
0.945916376057531
1
1
1
1
1
0.972480334371845
0.972217212792508
1
1
1
1
1
1
1
1
1
1
0.891451794000573
0.960156118118754
1
0.99336410429395
1
0.966433518008979
1
0.898775444895217
1
1
1
1
1
1
1
1
1
1
1
1
1
1
1
1
0.987190108743174
1
1
0.890281285065091
1
1
1
1
1
0.989601317461053
1
1
1
1
1
1
0.955830828615192
1
1
1
1
0.971660710969722
1
1
0.9996082131086
1
1
1
1
0.957351944775625
1
1
1
1
1
0.999659591241279
0.957411346774777
1
1
1
1
1
1
0.92834814855871
1
1
1
1
0.992138371341274
1
1
1
1
1
1
1
0.993560694687623
0.966539330333693
1
1
1
0.98107498031059
1
1
1
1
1
1
1
1
1
0.926858929195758
1
1
1
1
0.979780407768695
1
1
1
1
1
1
1
1
0.780104108766494
1
1
1
1
1
1
1
1
1
1
1
1
1
1
1
1
0.997413816760524
1
0.987105398236952
1
1
1
1
1
1
0.995128817178709
1
1
1
1
1
1
1
1
1
1
1
1
1
1
1
1
1
0.998112408858467
1
1
1
0.979310849572001
1
1
1
1
1
1
1
1
1
0.995128817178709
1
1
1
1
1
0.95916642800672
1
1
1
0.962719317146741
1
0.970835695415145
1
1
1
1
1
1
1
1
0.647341394299532
1
1
1
1
1
1
1
1
1
0.960684516905751
1
0.990076116970165
1
1
1
1
1
1
1
1
1
1
1
1
0.473675062363426
0.99651046954412
1
0.927140982158348
1
1
1
1
1
1
0.877328512296565
1
1
1
1
1
1
1
1
1
1
1
1
1
1
1
0.998594520809797
1
1
0.933224384296287
0.996660825371483
1
0.996472094939309
1
0.996689051557692
1
0.96715753756975
1
1
0.999613931224347
1
1
1
1
0.961503233596217
1
1
1
1
1
1
1
1
1
1
1
1
1
0.967343967058391
1
0.950462617090017
1
1
1
1
1
1
1
0.969659009691346
1
1
1
1
0.999692512470399
1
1
1
1
1
1
1
1
0.85405071909558
1
1
1
1
1
1
0.978272801846781
1
1
1
1
0.968093935135951
1
1
1
1
0.999805146698115
1
1
0.853217998703418
0.991223103829781
1
0.916971797909764
0.997747172788032
1
0.921436007236379
1
1
1
1
1
1
1
1
1
1
0.97403475041421
0.9976722850143
1
1
1
1
1
1
1
0.99955712807784
1
1
1
1
1
1
1
1
1
0.994951187363425
1
1
0.998148346918112
1
1
0.945765192140004
1
1
1
1
1
0.907332982209563
1
1
1
1
0.908800623853823
0.908800623853823
1
1
1
1
0.95463963959131
1
1
1
1
1
1
1
1
1
1
1
0.978871500492896
1
1
1
1
1
1
0.984238478068763
1
1
1
1
1
1
1
1
1
1
1
1
0.914376119329238
0.980590511804346
1
1
1
1
1
1
1
1
1
1
1
0.966433518008979
1
1
1
1
1
1
0.995783740334952
1
1
1
1
0.94317413887141
1
1
1
0.987670313117294
1
1
0.938224043094367
1
1
1
1
1
1
1
1
1
1
0.99955712807784
0.963512834876997
1
1
1
1
1
1
1
1
1
1
1
1
1
0.991712699174345
0.959955412603872
1
1
1
1
1
1
1
1
1
1
1
1
1
1
1
0.967343967058391
0.999563478246293
1
1
0.996773382264373
1
1
0.973120524556507
1
1
1
1
1
1
1
1
1
1
1
1
1
0.955241706142899
1
1
0.968093935135951
1
0.870304275249252
1
0.960219554423284
1
1
1
0.909472355508766
1
1
1
1
1
1
1
0.999585336606124
1
1
1
1
1
1
1
0.987814265526345
1
0.992138371341274
1
0.918229442110985
0.994517846846071
1
1
1
1
1
1
0.962811655328628
1
1
1
1
0.906402646916624
1
1
1
1
1
1
0.935439898678225
1
1
1
1
0.99829371990456
1
1
0.964740968223469
1
1
1
1
1
1
0.997596018486355
1
0.998355606916171
1
0.997679680271941
1
1
1
1
0.857876967287055
0.987670313117294
0.994820873470727
0.995783740334952
1
1
1
1
1
1
0.999753905807066
1
1
1
1
0.994704054318897
1
1
0.959532867129739
1
1
1
1
1
1
1
1
1
1
1
1
1
1
1
1
1
1
0.975151963288381
1
1
0.990173277381775
1
1
1
1
1
1
1
0.999531766407862
1
1
1
1
1
1
1
1
1
1
1
1
1
1
0.934933884371238
1
1
1
1
1
0.963512834876997
1
1
1
0.997753565482648
1
1
1
1
1
0.987706943248487
1
1
1
1
0.995178400518066
1
1
1
1
1
1
1
1
1
1
1
1
1
1
1
1
1
1
1
1
1
0.938040734783981
1
0.99954734389491
1
1
1
1
1
1
1
0.830557290869191
1
1
1
1
1
0.994387928958102
1
1
1
1
1
1
0.95592868013281
1
1
1
1
1
1
1
0.934531092960239
1
1
1
1
1
1
1
1
1
1
1
1
1
1
1
0.964740968223469
0.898807960144469
1
0.999685929176715
1
1
1
0.814308979240087
1
1
1
0.994950508247494
0.977640687285811
1
1
1
1
1
1
1
1
1
1
1
0.95891451190805
1
1
1
1
0.970842899483364
1
0.997184792815964
1
1
1
0.998847439901211
1
1
1
1
1
1
1
1
1
1
1
1
0.870304275249252
0.903417286239519
1
1
0.972217212792508
1
1
1
1
1
0.944128127066272
1
1
1
1
1
1
0.935489121135664
1
1
1
1
1
1
1
1
1
1
1
1
1
1
1
1
0.95270011719112
1
1
1
0.965749924101064
0.814308979240087
0.996204801541747
1
1
1
1
1
1
0.999088361831815
1
1
1
1
1
1
1
1
0.983051854636298
1
1
0.897008667247173
1
1
1
1
1
1
1
1
1
1
1
1
1
1
1
1
1
1
1
0.951996006776062
0.999877333346055
1
1
1
1
1
1
1
0.998132086951824
0.998132086951824
1
1
1
1
1
1
1
0.907332982209563
1
1
1
1
1
1
1
1
0.932074341791338
1
1
1
1
1
1
1
1
1
0.988818402308586
1
1
1
1
1
1
1
1
1
1
0.907247988185239
1
1
1
1
1
1
1
1
1
1
1
1
1
0.960219554423284
1
1
1
1
1
1
1
1
1
1
1
1
1
1
1
1
1
1
1
1
1
1
1
1
1
1
1
1
1
1
1
1
1
1
1
1
1
1
1
0.917586979179719
1
0.98107498031059
1
1
1
1
1
1
1
1
1
1
1
1
1
1
1
1
1
1
1
1
1
1
0.999796165450177
1
1
1
1
1
1
0.637598744780407
1
1
1
1
1
1
1
0.976101344578823
1
1
1
1
1
1
0.942628622528089
1
1
1
0.983865976202093
1
1
1
1
1
0.985329363316188
1
1
1
1
1
1
1
1
1
1
1
0.999844850083299
1
1
0.924023625621398
1
1
1
0.971413603897668
1
0.999673717364312
1
1
1
1
1
0.996446315683706
1
0.991677644198792
1
1
1
1
1
1
1
1
1
1
1
1
1
1
1
1
1
1
1
1
1
1
1
1
1
1
1
1
1
1
1
1
1
1
1
1
0.780104108766494
1
1
1
1
0.79877362072424
1
0.608269527305947
1
0.944128127066272
1
1
1
1
1
1
1
1
1
1
1
1
1
1
1
1
1
1
1
1
1
1
1
0.964740968223469
1
1
0.999673717364312
1
1
1
0.97403475041421
0.995178400518066
1
0.988076731894302
1
1
1
0.996951438339044
1
1
0.899360334748334
1
1
1
1
0.998594422383919
1
1
0.996656127420029
1
1
1
0.962699154085225
1
1
1
0.99955712807784
1
1
1
0.989521227086771
1
1
0.89117753135563
1
0.979640404707122
1
1
1
1
1
1
1
1
1
0.966539330333693
1
1
0.998801064490657
1
1
1
1
1
0.897701442837103
1
1
1
1
1
0.932074341791338
1
1
1
1
1
1
1
1
1
1
1
1
1
1
1
1
0.976135960271981
1
1
1
1
1
0.984855086538551
1
1
1
1
0.941949192540473
1
1
1
1
1
1
1
1
1
1
0.97403475041421
1
1
0.982664463235576
1
1
1
1
1
0.995420205953427
1
0.962719317146741
0.944317838457517
1
1
1
1
1
1
1
1
1
1
1
1
1
1
1
1
1
0.996773382264373
1
1
1
1
1
1
1
0.995901418085573
1
0.95463963959131
0.997587034097434
0.999707685491249
1
1
0.991518854729637
1
1
1
1
1
1
1
1
0.997002245259547
1
1
0.992151602914125
1
0.997381829312304
1
1
0.963728969727136
1
1
1
1
1
1
1
1
1
1
1
0.954449122445821
1
1
1
1
1
0.819287172404126
1
1
1
1
1
1
1
1
0.93192211312858
1
1
1
0.627266980882357
0.935489121135664
1
1
1
1
1
0.927688100515134
0.980948192499447
1
0.959304290883341
0.954758216632454
1
1
1
1
1
0.999516602364667
1
1
1
1
1
1
1
1
1
1
1
1
1
1
0.800909709303645
1
1
1
1
0.969149317210037
1
0.969149317210037
1
0.93192211312858
0.952262137387228
1
1
1
1
1
1
1
1
1
1
1
1
0.996103555406462
1
1
1
1
1
1
0.996024020234271
0.99818741277846
1
1
1
1
1
1
0.979018581901606
0.999002327267204
1
1
1
1
1
1
1
0.999562488990751
1
1
1
1
1
1
1
1
1
0.942628622528089
1
1
1
1
1
0.964185566410053
1
0.911401964267471
1
0.962699154085225
1
1
0.954228096823591
1
1
0.997165539706624
1
1
1
1
1
1
1
1
1
1
1
1
1
1
0.765028219131549
1
0.994460131136767
1
1
1
1
1
1
1
1
1
1
1
1
0.99336410429395
0.87295307612253
0.889311294473962
1
1
1
0.997649856780986
1
0.886443372730949
1
0.960916740263348
1
1
1
1
1
1
0.87295307612253
1
1
1
1
1
1
0.963472923375825
1
1
1
1
1
1
0.991846941739136
1
1
0.968193860541136
0.964265940358928
1
1
1
1
1
0.99451905787651
1
1
1
1
1
1
1
0.98883367096156
1
0.977743994504133
1
0.998804855160076
1
1
0.995157080164408
0.99723040261271
1
1
1
1
1
1
0.892973625482767
0.972217212792508
1
1
1
1
1
1
1
1
0.999516602364667
1
1
1
1
1
1
1
1
1
1
1
1
1
1
1
1
1
1
1
0.968093935135951
1
1
1
1
1
1
1
1
1
1
1
1
1
1
0.999053463790677
1
1
1
1
0.941949192540473
1
1
0.969659009691346
1
1
0.971660710969722
1
1
1
1
1
1
1
1
1
1
1
1
1
1
1
1
1
1
0.983618717247012
0.952821640242144
1
1
1
1
1
1
1
0.949767430338841
1
1
0.999520911223052
1
1
1
1
1
1
1
1
1
1
0.985307487618011
1
1
1
1
0.97403475041421
1
0.999753905807066
1
1
1
1
1
0.99954734389491
1
1
1
1
0.999673717364312
0.934486743674005
1
0.999844850083299
1
1
1
1
1
1
1
1
1
1
1
1
1
1
1
1
0.99985561639133
1
1
1
1
1
1
0.994820873470727
1
1
0.987298360354186
1
1
1
0.972217212792508
1
1
1
0.997710554485884
1
1
1
1
1
1
1
1
1
1
1
0.998075852029617
1
1
0.999520911223052
1
1
0.983117424811835
1
1
0.990270777310895
1
1
1
1
1
1
1
1
1
1
1
1
0.993127757568655
0.956845852668911
1
0.962811655328628
1
0.997679680271941
1
1
1
1
1
0.983050389269723
1
0.997587034097434
1
1
0.783657937474709
1
1
1
1
1
1
1
1
1
0.944846522254709
1
0.988119759433891
0.993127757568655
0.983865976202093
1
1
1
1
0.903417286239519
0.934933884371238
1
1
1
1
1
1
0.946900874834306
1
1
1
1
1
1
1
1
1
0.948371866359713
1
0.984238478068763
0.997381829312304
1
1
1
1
0.994884835715614
0.846627842977351
1
1
1
1
1
1
1
1
1
1
1
1
1
1
0.96021475870621
1
1
1
1
1
1
1
1
0.985972380111278
1
1
0.994517846846071
1
1
1
0.998277409337719
1
1
1
1
1
1
0.990827824254322
1
1
1
1
1
0.996037914505919
0.992138371341274
1
1
1
1
1
1
1
1
1
0.998551202010852
0.98345553357898
0.999685929176715
0.979640404707122
1
1
1
1
1
1
1
1
1
1
1
1
0.94491073091144
1
1
1
0.995178400518066
1
1
1
1
1
1
1
1
1
0.942577116570295
1
1
1
0.999585336606124
0.969114101023614
1
1
0.99818741277846
1
1
1
1
1
1
1
1
1
1
0.987670313117294
1
1
1
1
1
1
1
1
1
0.999585336606124
1
0.998499216840788
1
1
0.975133646539381
0.998330227887764
1
1
1
1
1
0.929152260848571
0.95894107305348
1
0.916971797909764
1
1
1
1
0.995496994626524
1
1
1
1
0.935489121135664
0.993498898293528
1
1
0.996024253395316
1
1
1
1
0.971342187807661
1
1
1
1
1
1
1
1
1
1
1
1
1
1
1
1
1
1
1
1
1
1
1
1
1
1
1
1
1
1
1
1
1
1
1
1
1
0.997323430331104
1
1
0.965195936150378
1
1
1
1
1
1
1
0.97340768484627
1
1
1
1
1
1
1
0.975073352413941
1
1
1
1
1
1
1
0.95463963959131
1
1
1
1
0.970443759090135
0.994704054318897
0.842236192743586
1
1
0.979898598406167
0.975235455983586
0.979638991463653
1
1
1
1
1
0.948202957741872
0.968093935135951
1
1
0.999796807154597
1
1
1
1
1
1
1
1
1
1
1
1
1
1
1
1
1
1
1
1
1
1
1
1
1
1
0.958071312169545
0.921496052845254
1
0.953008914527015
1
1
1
0.98456359306591
1
1
1
1
1
0.999761226969822
1
1
1
1
1
1
1
1
1
1
1
1
0.994336323064179
0.9586518990689
0.969114101023614
1
1
0.95916642800672
1
1
1
1
1
1
1
1
1
0.99985561639133
1
1
1
1
1
1
1
1
1
1
1
1
1
1
1
1
1
1
1
1
1
1
1
1
0.99954734389491
0.997587034097434
1
0.993127757568655
1
0.995825671540171
1
0.985329363316188
1
1
1
0.987396474795497
1
1
1
1
1
1
1
1
1
1
1
1
1
1
1
1
1
0.999692512470399
1
0.931680751353385
0.93192211312858
1
1
0.971020861216792
1
1
1
1
1
1
1
1
0.994884835715614
1
0.952262137387228
1
1
1
1
1
1
1
1
1
1
1
1
1
1
1
1
0.944618113149866
1
0.983865976202093
1
1
0.985510860527126
1
1
1
1
1
1
1
0.95463963959131
1
1
1
1
1
1
1
1
0.857876967287055
1
1
1
1
1
1
1
1
1
0.99642651196272
1
1
1
0.99651046954412
1
1
0.966435843663473
1
1
1
1
1
1
1
1
0.9998044242812
0.999631610855514
1
1
1
1
1
1
1
1
0.994607065991784
0.89117753135563
1
1
1
1
0.994517846846071
1
1
1
1
1
1
1
1
0.99954734389491
1
1
1
1
1
1
1
0.988119759433891
1
1
1
1
1
1
1
1
1
1
1
1
0.999844850083299
1
0.960295336065089
1
0.993315693573342
1
1
1
1
1
1
0.647341394299532
1
0.99708267513786
1
1
0.99336410429395
1
1
1
1
1
0.95894107305348
1
1
0.991712699174345
1
1
0.999659591241279
1
1
1
1
0.990827824254322
1
1
1
1
0.990333197181285
1
1
0.969114101023614
1
1
1
1
1
1
0.948976647778111
1
0.934933884371238
1
1
1
1
1
1
1
1
1
1
1
1
1
1
1
1
0.999673717364312
0.999685929176715
1
1
1
1
1
1
0.999707685491249
1
0.997184322817062
1
1
1
1
1
1
1
1
1
1
1
1
1
1
1
1
1
1
1
1
1
0.891451794000573
1
1
1
0.998804855160076
1
1
1
1
1
1
1
1
1
1
1
1
1
0.999897718978317
0.997381829312304
0.997165539706624
0.971323754570066
1
1
0.959052511257799
1
1
0.98107498031059
1
1
1
1
1
1
1
0.960916740263348
0.814308979240087
0.742994281192816
1
1
1
1
1
1
1
0.963472923375825
1
0.997381829312304
1
1
1
1
1
1
0.988220558828433
1
1
1
0.96682997617917
0.9998044242812
1
1
1
0.997419718644935
1
1
1
1
1
0.972784428071535
1
1
1
1
1
0.982664463235576
0.935489121135664
1
1
1
1
1
1
1
1
1
1
0.993209576355308
1
0.987105398236952
1
1
1
1
1
1
1
1
1
1
1
1
1
0.998330227887764
1
1
1
1
1
0.977365455271701
1
1
1
1
1
1
1
1
1
1
0.973251871288209
1
0.941577640329752
1
1
1
1
1
0.999602843162067
1
1
1
1
0.987670313117294
1
1
1
1
1
1
1
1
1
1
1
1
1
1
0.955779240140257
1
1
1
0.956130137492595
0.994250475012734
1
1
1
1
1
1
1
1
1
1
1
1
1
1
1
1
1
1
1
1
1
1
1
1
1
1
1
1
0.944131323651934
1
1
1
1
0.999673717364312
1
1
1
1
1
1
1
1
1
0.995825671540171
1
1
1
1
1
1
1
1
1
1
1
1
1
0.965493039637529
0.997045080866172
1
1
1
1
0.770014300231121
1
1
1
0.912654959632525
0.996384857927901
0.999641652499479
1
0.998594520809797
1
1
1
1
1
1
1
1
0.997139784707986
1
1
1
1
0.999531766407862
1
1
1
1
1
0.99336410429395
1
1
1
1
1
1
0.997550061991994
0.994205255733109
1
0.99828130907085
1
0.886443372730949
1
1
1
0.972217212792508
1
1
1
1
0.993127757568655
1
1
1
1
1
1
0.814308979240087
1
1
1
0.997747172788032
1
1
1
1
0.99671778544602
1
1
1
1
1
1
1
0.891451794000573
1
1
0.93243460860255
1
1
1
1
1
0.996204801541747
1
1
0.935439898678225
1
1
1
1
0.960702145817245
0.743832251586955
1
1
0.981309928448296
1
1
0.899879629921002
1
1
1
1
1
1
1
1
1
1
1
1
1
1
1
0.999585336606124
1
1
1
0.991207457088682
1
1
1
1
1
0.973809813684805
1
1
1
1
0.984995336689665
1
1
1
0.999597781126318
1
1
1
1
1
0.994517846846071
1
0.903723327221432
1
0.400935873004809
0.506367949209834
1
1
1
1
0.99651046954412
1
1
0.95592868013281
1
0.830557290869191
0.982913490226671
1
1
1
1
1
1
1
0.97403475041421
1
1
1
1
1
1
1
1
1
1
1
1
1
1
0.977365455271701
1
1
1
1
1
0.998132086951824
1
1
1
1
1
0.995178400518066
1
1
1
1
1
1
1
1
1
0.990433978620499
1
1
1
1
1
1
0.975096189336877
1
0.93243460860255
1
1
1
1
0.955241706142899
1
1
1
0.789530752345818
1
1
1
0.919133996071179
0.996595896906886
1
1
1
1
1
1
1
1
1
0.952262137387228
1
1
1
0.938920141551946
1
1
1
1
1
1
1
1
0.941375322277597
1
1
1
1
1
0.948202957741872
1
0.995566295208495
1
0.999673717364312
0.999516602364667
1
1
0.99828130907085
1
0.972217212792508
0.96162451469914
1
1
1
1
1
1
1
1
1
1
0.904600084385311
1
1
0.998334533365258
1
1
0.946900874834306
1
1
0.981309928448296
1
1
1
0.959052511257799
0.951745570780946
1
1
1
1
1
1
1
1
1
1
1
0.960219554423284
0.962895161821837
1
1
1
0.954764699876542
1
1
1
1
0.974424054006359
1
1
1
1
1
1
0.979780407768695
1
0.999613931224347
1
1
1
1
1
1
1
1
1
1
1
1
1
0.971323754570066
1
1
1
1
1
1
1
1
1
1
1
1
0.994205255733109
1
1
1
1
1
1
1
1
1
1
1
0.921658353913824
0.96682997617917
0.999753905807066
1
0.990076116970165
1
1
1
1
1
0.966433518008979
1
1
1
1
1
1
1
1
1
0.96021475870621
1
1
1
1
1
1
1
1
1
1
1
1
1
1
1
1
1
1
1
1
0.987814265526345
1
1
1
1
1
1
1
1
1
1
0.962658287268303
1
0.966674117162705
1
1
1
1
1
1
0.995706710041803
1
1
1
1
0.99828130907085
1
0.993127757568655
1
1
1
0.895567084837695
1
1
1
0.998355606916171
1
1
1
1
1
1
1
0.988247100723229
1
1
1
1
1
1
0.996873179510787
1
1
1
1
0.931097297584836
1
1
1
1
1
0.946516820104494
1
0.998039781803356
1
1
1
0.951036804669469
0.969149317210037
1
1
1
1
0.976637854050441
1
1
1
1
1
1
1
0.994962153076155
1
1
1
1
1
1
1
1
1
1
1
0.996037914505919
1
1
1
1
1
1
0.990886537354383
1
1
0.934933884371238
1
1
1
1
1
1
1
1
1
1
1
1
1
1
1
1
1
0.974153860134951
1
1
1
1
0.942577116570295
1
1
0.995783740334952
1
1
1
1
0.962494530614426
1
1
1
1
1
1
1
0.994387928958102
1
1
0.999796807154597
1
1
1
1
1
1
1
1
1
1
1
0.99451905787651
1
1
1
0.99313577225536
1
0.973120524556507
1
1
1
1
1
1
1
1
0.909696376144368
1
1
1
1
0.922018976110155
1
1
1
1
1
1
1
1
0.996384857927901
1
1
1
1
0.979412702875552
1
1
1
1
1
0.979638991463653
0.994820873470727
1
1
1
0.978148068426195
1
1
1
1
1
1
1
1
1
1
1
1
1
0.992634515829687
1
1
1
1
1
1
1
1
1
1
1
1
1
1
1
1
1
1
1
1
1
1
0.99828130907085
1
1
1
0.629655714368263
0.979310849572001
1
1
1
0.999717254162949
1
1
1
0.959052511257799
1
0.896238138969136
1
1
1
0.983117424811835
1
1
1
1
1
1
1
1
1
1
1
1
0.946900874834306
0.999745122965878
1
0.953938066198033
1
0.985972380111278
1
1
1
1
1
1
1
1
0.958071312169545
1
1
0.971020861216792
1
1
0.971568162272146
1
0.99954734389491
1
1
1
1
1
1
1
0.946516820104494
1
1
1
1
1
1
0.977365455271701
0.814581351493646
0.998499216840788
1
1
1
1
1
1
1
0.692920114016679
0.98051251686766
1
0.997045080866172
1
1
1
1
1
1
0.95894107305348
0.97290522978996
1
1
1
1
1
1
1
1
1
1
1
1
1
1
0.965749924101064
1
1
1
1
0.997184322817062
1
1
0.953571877161511
1
0.921496052845254
1
0.99451905787651
1
1
1
1
1
1
1
1
1
1
1
1
1
1
0.948202957741872
1
1
1
1
1
0.891451794000573
1
1
1
1
1
1
1
1
1
1
1
1
1
0.997550061991994
1
0.998594422383919
0.978871500492896
1
1
1
1
0.984160403550218
0.9963954861551
1
1
1
1
0.998330227887764
1
1
1
1
1
1
1
1
1
1
1
1
1
1
0.990370802673458
1
1
1
1
1
1
1
1
1
1
0.952262137387228
1
1
1
1
1
1
0.993560694687623
1
1
1
1
1
0.973937148419585
1
1
1
1
1
1
1
1
1
1
1
1
1
0.991207457088682
1
1
1
1
0.997254325890765
1
1
1
1
1
1
1
0.97340768484627
1
1
1
1
0.938040734783981
1
1
1
1
1
0.988230008369194
1
0.897008667247173
1
1
1
0.996103555406462
1
1
1
0.985329363316188
1
1
1
1
1
1
1
1
1
1
1
0.941949192540473
1
1
1
1
1
1
0.9996082131086
1
1
1
1
0.999796165450177
1
1
0.992634515829687
0.991354405597838
1
1
1
1
1
1
1
0.87295307612253
0.953571877161511
1
0.960122800966524
0.994951187363425
1
1
1
1
1
1
1
1
0.997184792815964
1
1
1
1
1
0.999516602364667
1
1
1
1
1
1
0.901434364738115
1
1
1
1
1
0.954449122445821
1
1
0.988076731894302
1
1
1
1
0.972784428071535
1
1
1
1
1
1
1
1
1
1
1
1
1
1
1
1
1
1
1
1
0.938040734783981
0.97340768484627
1
1
1
0.969114101023614
1
1
1
1
1
1
1
1
1
0.891451794000573
1
1
1
1
1
1
1
0.999520911223052
0.969149317210037
1
1
1
1
1
1
1
1
1
1
1
1
1
0.999708343189641
1
1
1
1
1
1
1
0.9996082131086
1
1
1
1
1
1
1
1
1
1
1
1
1
1
1
1
1
1
0.981621510963271
1
1
1
1
1
1
1
1
1
0.997364328840752
1
1
1
1
1
1
1
1
1
1
1
0.988818402308586
0.922627931776141
1
1
1
0.994840012438387
1
1
0.977743994504133
1
1
1
1
1
1
1
1
1
1
0.917857859758565
1
1
1
1
1
0.938966216249184
1
1
1
1
1
0.890281285065091
1
1
1
0.972256211259472
1
1
0.830557290869191
1
1
1
1
1
1
1
0.903417286239519
1
1
0.955830828615192
1
0.999964956503077
1
0.999562488990751
1
1
1
0.954449122445821
1
1
1
1
1
1
1
1
1
1
1
1
1
1
1
0.99661295667579
1
1
1
1
1
1
1
1
1
1
0.999002327267204
1
0.947124134937004
1
1
1
0.952821640242144
1
1
1
1
1
1
1
1
0.959052511257799
1
1
1
1
1
1
1
1
1
1
1
1
1
1
1
1
1
1
0.997045080866172
1
1
1
1
1
1
1
0.997413816760524
1
1
1
0.987662545675754
1
1
1
0.830557290869191
1
1
1
1
1
1
1
1
1
1
1
1
1
1
1
1
1
1
1
0.911718379705067
1
1
1
0.999563478246293
0.952998761671935
0.995420205953427
1
1
1
1
1
1
0.995813367496401
1
1
1
1
0.992269792636745
1
1
1
1
0.908800623853823
0.98107498031059
0.939704948416742
1
1
1
1
1
1
0.99708267513786
1
1
1
1
1
0.970062446265385
0.999563478246293
0.962359167471584
1
1
0.963512834876997
1
0.988119759433891
1
1
0.999708343189641
0.93243460860255
1
1
1
1
1
0.988076731894302
1
0.961495228834793
1
1
1
1
1
1
1
1
0.999692512470399
1
1
0.974153860134951
0.986989872218854
0.951181576865259
1
1
0.999830260381934
0.998209463572391
1
0.999659591241279
1
1
1
1
1
0.99451905787651
1
0.996024020234271
0.997825600342781
0.790003621434678
1
1
1
1
1
1
1
0.999528396672726
1
1
1
1
1
0.969114101023614
1
1
1
1
1
1
1
1
0.960608857134508
1
0.976101344578823
1
1
1
1
1
1
1
1
1
1
0.999685929176715
1
1
1
1
0.841683383830663
1
1
0.996384857927901
1
1
1
1
1
1
1
0.998132086951824
1
1
1
1
1
1
0.776793941008621
1
1
1
1
1
1
1
1
1
1
1
1
0.997419718644935
1
1
0.998604307475568
1
0.952321330281486
0.995991871084401
1
0.996951438339044
1
1
1
1
0.978148068426195
1
0.959052511257799
0.956845852668911
1
1
1
1
1
1
1
1
0.997991946058915
1
0.969659009691346
1
1
1
1
1
0.978686614857516
1
1
0.949086093870781
1
1
1
1
1
0.998499216840788
1
1
1
1
0.98883367096156
1
1
0.99985561639133
1
1
1
1
1
1
1
1
1
0.907332982209563
1
1
0.868172834162311
1
1
1
1
1
1
1
1
1
1
1
0.979375743546193
0.963512834876997
1
1
1
1
1
1
1
1
0.996226016052542
0.998132086951824
1
1
0.999708343189641
1
1
0.979640404707122
1
1
1
0.977365455271701
0.937977907259551
1
1
1
1
0.969659009691346
0.978148068426195
1
1
1
1
1
1
0.98321213778527
1
1
1
1
1
1
1
1
1
1
1
1
1
1
0.814308979240087
1
1
0.901853870862453
1
1
1
1
0.99708267513786
1
1
1
1
1
1
0.966433518008979
1
1
1
1
1
1
1
1
0.823339410623783
1
1
1
1
1
1
1
1
1
0.997885321479833
1
1
1
1
1
1
0.846627842977351
1
1
1
1
1
1
1
0.941164441501313
1
1
1
1
1
0.994811021961309
1
1
1
1
1
0.907332982209563
0.978148068426195
1
1
1
1
1
1
1
1
1
1
1
1
0.999631610855514
0.941375322277597
1
0.948371866359713
1
0.908800623853823
0.997165453788727
1
0.890281285065091
1
1
1
1
1
1
1
1
1
1
0.994962153076155
1
1
1
1
1
1
0.982594885440337
1
1
1
1
0.9996082131086
1
1
1
1
0.963512834876997
1
1
0.980590511804346
1
1
1
1
1
1
1
0.968179024183021
0.977007347957409
1
1
1
0.938262817490499
1
1
1
0.9996082131086
1
1
0.958587693720528
1
1
0.985510860527126
1
1
1
0.978272801846781
1
1
1
1
0.897008667247173
1
1
1
1
1
1
1
1
1
1
0.999844850083299
1
1
0.992898693403193
0.994656149141942
1
1
1
1
1
1
1
0.95426092171841
1
1
0.987814265526345
1
1
1
1
0.99954734389491
1
0.950976445847602
1
1
1
1
1
0.962655701195445
1
1
1
1
0.993560694687623
1
0.998330227887764
1
0.949086093870781
1
1
1
1
1
1
1
1
1
1
1
1
1
0.969504137823325
1
1
1
1
1
1
1
1
1
1
1
1
0.95463963959131
1
1
1
1
1
1
1
1
1
0.891449493821417
1
1
1
1
1
1
1
1
1
1
1
1
1
1
0.892687511179733
1
0.936686273854322
0.985510860527126
1
1
1
0.9996082131086
1
1
1
0.994772099352166
1
0.974148312623503
1
1
1
1
1
0.95916642800672
1
0.987396474795497
1
1
1
1
1
1
1
1
1
1
1
1
1
1
0.957411346774777
0.991677644198792
1
1
1
1
1
0.996446315683706
1
1
1
1
1
1
1
1
1
1
0.951921906160696
1
0.934531092960239
1
1
0.999792297656171
1
0.988076731894302
1
1
1
1
1
1
0.979780407768695
0.999707685491249
0.919133996071179
1
1
0.975073352413941
0.995991871084401
1
0.998594422383919
1
0.994906272885064
1
1
1
1
1
1
1
1
0.960916740263348
0.959052511257799
1
1
0.961520502958376
0.949086093870781
1
1
1
1
1
0.975907743643342
1
1
1
0.997587034097434
1
1
1
1
1
1
0.998854109063059
1
1
1
1
1
1
1
1
1
1
1
1
1
1
1
0.961520502958376
1
1
1
1
1
0.985359759581413
1
1
0.961520502958376
1
1
1
1
1
1
0.982609892775495
1
1
1
1
1
1
1
0.984238478068763
1
1
1
1
1
1
1
1
1
1
1
0.936914489903369
1
1
1
1
1
1
1
1
1
1
0.995429093157663
1
1
1
1
1
1
0.987531103594519
1
1
1
1
0.999873971044799
1
0.939848279255496
1
1
0.996103555406462
1
1
0.998075852029617
1
1
1
1
1
1
1
1
1
1
1
1
1
1
1
1
1
1
1
1
1
1
1
0.962895161821837
1
1
1
1
1
1
1
1
1
1
1
1
1
1
1
0.99955712807784
1
1
1
1
1
1
1
1
1
1
1
1
0.955184088072522
0.994840012438387
1
0.976101344578823
1
1
1
1
1
1
1
1
1
1
1
0.994517846846071
0.982664463235576
1
1
1
1
1
1
1
1
1
1
1
1
0.992634515829687
1
1
1
1
1
0.997165539706624
1
1
1
0.997184792815964
1
1
1
1
0.467473797154082
0.95592868013281
1
1
1
1
1
1
0.990827824254322
1
1
1
1
1
0.993209576355308
1
1
1
1
0.99651046954412
1
0.998604307475568
0.871796352668451
1
0.994607065991784
1
1
1
1
1
1
0.999770805800068
1
1
1
1
1
1
0.995783740334952
1
1
1
1
1
1
1
1
1
1
1
1
1
1
1
1
1
1
0.969627005886737
0.969502386937414
1
1
0.999659591241279
1
1
1
1
1
1
1
1
1
1
0.995916078051763
1
1
1
1
1
1
1
1
1
1
1
1
1
0.98345553357898
0.993127757568655
1
1
0.98345553357898
0.842236192743586
1
1
1
0.886443372730949
1
1
1
1
1
0.997753565482648
0.988247100723229
1
1
1
0.899656237599667
0.977365455271701
1
1
0.850769388709075
0.842236192743586
1
1
1
1
1
0.962494530614426
1
1
1
0.936686273854322
1
1
1
0.96021475870621
1
1
0.999761226969822
1
0.991712699174345
1
1
1
1
1
1
1
0.975525253463424
1
1
1
0.984762420948216
1
1
1
1
1
1
1
1
1
0.901127517314394
1
1
1
1
1
1
1
0.992138371341274
0.909696376144368
0.999796165450177
1
1
1
0.990242765513027
1
1
1
1
0.855568363365483
1
0.990054639790887
1
1
0.761556553767639
0.931097297584836
1
1
1
0.646908576114502
0.985111434999364
1
1
1
0.64897501348001
0.78671924801289
1
1
1
1
1
1
1
1
1
1
1
1
1
1
1
0.921436007236379
1
0.922479772983313
1
0.802501330871333
1
1
1
0.67861542433804
0.85638034013484
0.802240372477506
1
1
1
1
1
1
1
1
1
0.997686346997449
1
1
1
1
1
1
0.99336410429395
1
0.907247988185239
1
1
1
0.978686614857516
1
1
0.978871500492896
0.954228096823591
1
0.98051251686766
1
1
1
1
1
0.89812201092099
1
1
1
0.85405071909558
1
0.999799786127497
1
1
0.999659591241279
1
1
1
1
1
1
1
1
1
1
1
1
1
1
1
1
1
1
1
1
1
1
0.962658287268303
1
1
1
1
1
1
1
1
1
1
1
1
0.911293569879304
1
0.960106584848662
1
1
1
1
1
1
1
1
1
1
1
1
0.994387928958102
0.98107498031059
1
1
1
1
1
0.982912513254984
1
1
1
1
0.969114101023614
0.997550061991994
0.990886537354383
1
1
1
1
1
1
1
1
1
1
1
1
1
1
1
1
1
1
1
1
0.98883367096156
1
1
1
1
1
1
1
1
1
1
0.938262817490499
1
1
0.988076731894302
1
1
1
1
1
0.95894107305348
1
1
1
0.977365455271701
1
1
1
1
1
1
1
1
1
1
1
1
0.976382342536544
1
1
0.998209463572391
1
1
0.979491880654063
1
1
1
1
1
1
1
1
1
1
1
0.765028219131549
1
1
1
1
1
1
1
0.968093935135951
1
1
1
1
1
1
1
1
1
1
1
1
1
0.787682340011253
0.987814265526345
1
0.979638991463653
1
1
1
1
1
1
0.996103555406462
1
1
1
1
1
1
1
0.995783740334952
1
0.996522016436814
0.998148346918112
1
1
1
1
1
1
0.960156118118754
1
1
0.963472923375825
1
1
1
1
1
1
0.985307487618011
1
0.979780407768695
1
1
1
1
1
1
1
1
1
1
0.988076731894302
1
1
1
1
1
1
0.959304290883341
1
1
1
1
1
1
1
1
1
1
1
1
1
1
1
1
1
1
1
1
1
1
1
0.997974434098101
1
1
1
1
1
1
0.993127757568655
1
1
1
1
1
1
0.998148346918112
1
1
1
1
1
1
1
1
1
1
1
1
1
0.931293403028163
1
1
1
1
1
1
1
0.960605050817959
0.994205255733109
1
1
1
1
1
1
1
1
1
1
0.960916740263348
1
1
1
1
1
1
1
1
1
1
1
1
1
1
1
1
1
1
1
1
1
1
1
1
1
1
1
1
0.955830828615192
0.955186655978256
1
1
1
1
1
1
1
1
0.994387928958102
0.999692512470399
1
0.986753184739911
1
1
1
1
1
1
0.999562488990751
0.960541387830007
0.988119759433891
1
1
1
1
0.892973625482767
1
1
1
0.997323430331104
0.998330227887764
1
1
1
1
1
1
1
1
1
0.975683809722743
1
1
1
1
0.961520502958376
1
1
1
1
1
1
1
1
1
1
1
1
1
1
1
1
1
1
1
0.999761226969822
1
1
1
1
1
1
1
1
1
0.701797251292499
1
1
1
1
1
1
1
1
1
1
1
1
1
1
1
1
1
1
1
1
1
1
1
1
0.909696376144368
1
1
0.999692512470399
1
1
0.996103555406462
1
1
1
1
0.969114101023614
1
1
1
1
1
1
0.952998761671935
0.949938124248723
1
1
1
1
0.889311294473962
1
1
1
0.814308979240087
0.968093935135951
1
1
1
1
1
0.988076731894302
0.839082432569624
1
1
1
1
1
1
1
1
1
1
1
0.998551202010852
1
1
1
1
0.957411346774777
0.956845852668911
1
1
1
1
0.987670313117294
1
1
0.999641652499479
1
1
1
1
0.996253257886742
0.999796165450177
1
1
1
1
1
1
1
1
1
1
1
0.955241706142899
1
1
1
0.855568363365483
1
1
1
1
1
1
1
1
1
1
1
1
1
1
1
1
1
1
1
1
1
0.924869360232024
1
1
1
0.993498898293528
1
1
0.996384857927901
0.999830260381934
1
1
1
0.996873179510787
1
0.951921906160696
0.986731351132831
1
1
1
1
0.99818741277846
1
1
1
1
0.975684337548821
0.886443372730949
0.969694675101129
0.971323754570066
1
1
1
1
0.999685929176715
1
1
1
1
1
1
1
1
1
1
1
1
1
1
1
1
0.991712699174345
1
1
1
1
0.985307487618011
0.938040734783981
1
1
1
1
1
1
1
1
1
1
1
1
1
1
0.757282050886332
1
0.954666139462066
1
1
1
1
1
0.99451905787651
1
0.822187993163495
1
1
1
1
1
1
1
1
1
1
1
1
1
0.999088361831815
1
0.929152260848571
0.996446315683706
1
0.995783740334952
0.842236192743586
1
1
1
0.968179024183021
1
0.993560694687623
1
1
1
1
1
1
1
1
1
1
1
1
1
1
1
1
1
1
1
1
0.999796807154597
1
0.983865976202093
1
0.99642651196272
1
1
1
1
0.991712699174345
1
0.938966216249184
1
1
1
1
1
0.968054256005979
0.94491073091144
1
1
1
1
1
1
1
1
1
1
1
1
1
1
0.979375743546193
1
0.987105398236952
0.934531092960239
1
1
1
1
1
0.997381829312304
1
1
1
1
1
1
1
0.981860649131032
0.924869360232024
1
1
1
1
1
1
1
0.958556250771777
0.997165539706624
1
1
1
1
1
1
1
1
1
1
1
1
0.973251871288209
1
1
0.991207457088682
1
1
1
1
1
1
1
1
1
0.996384857927901
1
1
1
1
1
1
0.987814265526345
1
1
1
1
0.994311398963423
1
0.985510860527126
1
1
0.982664463235576
1
0.931179781428855
1
1
1
1
1
1
1
1
1
1
1
1
1
1
0.997165539706624
1
1
1
1
1
0.897701442837103
0.935439898678225
1
1
0.971928217312178
1
1
1
1
1
1
1
1
1
0.999844850083299
1
1
1
1
1
0.962655701195445
1
0.975623472832457
0.997139784707986
1
1
1
1
0.997587034097434
1
0.814581351493646
1
1
1
1
1
1
1
0.953008914527015
1
1
1
1
1
1
1
1
0.986753184739911
1
0.986989872218854
0.941949192540473
1
1
1
1
1
1
1
1
0.999002327267204
1
1
1
1
1
1
1
1
0.950462617090017
1
1
1
0.907247988185239
1
1
1
1
1
0.92526872271621
1
1
1
1
1
0.985307487618011
1
1
1
0.988475091781978
1
1
0.989852098829601
1
1
0.981017096339495
1
0.97403475041421
1
0.988119759433891
1
1
0.969114101023614
1
1
0.978771409911012
1
1
1
1
1
1
1
1
1
1
1
1
1
0.997391399789014
1
1
1
1
1
1
0.996773382264373
1
1
0.99955873190674
1
1
1
1
1
1
1
1
1
1
1
1
1
0.997738745681877
0.999585336606124
1
1
1
1
1
1
1
1
1
0.98883367096156
1
1
0.750044860442867
1
1
1
0.929592506997589
1
1
1
1
1
1
1
0.98456359306591
0.971323754570066
1
1
1
1
1
1
1
1
1
1
0.998330227887764
1
0.859286522142602
1
1
1
1
1
1
1
1
0.979471554720815
0.963512834876997
1
1
1
1
0.935439898678225
1
1
1
1
1
1
1
1
1
1
1
1
1
1
0.986989872218854
1
1
0.964740968223469
1
1
1
1
1
1
1
1
1
1
1
1
1
1
1
1
1
1
1
1
1
1
0.963512834876997
1
1
1
0.85638034013484
1
1
1
1
1
0.997747172788032
1
1
1
1
0.938040734783981
1
1
1
1
1
0.975779875158363
1
1
0.996689051557692
1
1
1
1
1
0.992594091882167
1
1
1
1
1
1
1
1
1
1
1
0.995178400518066
1
0.951745570780946
0.994724202330927
1
1
1
1
1
1
1
0.999796165450177
1
1
1
0.985307487618011
1
1
1
1
1
1
0.968093935135951
1
1
1
0.998132086951824
1
1
1
1
1
1
0.971749508583795
1
1
1
1
1
1
0.929592506997589
0.99451905787651
0.990270777310895
1
1
1
1
0.9996082131086
1
1
1
1
1
0.857724960343103
1
1
1
1
1
1
1
1
1
0.952998761671935
1
1
1
1
1
1
0.995879053661766
0.992138371341274
1
1
0.979659320682563
1
1
1
1
0.986753184739911
1
0.814308979240087
1
1
1
1
1
1
1
1
0.962655701195445
1
0.843075115292839
1
1
1
1
1
1
1
1
1
1
1
1
0.984855086538551
1
1
1
1
0.995783740334952
1
1
1
1
1
1
0.782387758302042
1
0.995813367496401
1
1
1
0.974504222998686
1
1
1
1
1
1
1
1
1
1
1
1
1
1
1
1
1
1
1
1
1
1
1
1
1
1
1
1
1
0.968041438210899
1
1
1
1
0.987814265526345
1
0.995813367496401
1
1
1
1
1
1
1
1
1
1
1
1
1
0.970443759090135
1
1
1
1
1
1
1
1
1
1
0.966955425536971
1
1
1
1
1
1
1
1
1
1
1
1
1
1
0.961520502958376
0.918685569277794
1
1
1
1
0.999531766407862
1
1
1
1
1
1
1
1
1
1
1
1
1
1
1
1
1
1
1
0.979412702875552
1
1
1
1
1
1
1
1
1
1
1
0.999531766407862
1
1
1
0.95894107305348
1
0.983050389269723
1
1
1
0.967491716321115
1
1
1
1
0.999002327267204
1
1
1
1
1
0.991090745037824
1
1
1
0.996348897901219
1
1
1
1
0.999088361831815
1
1
1
1
1
1
1
1
1
1
1
0.997597203464988
1
1
1
1
0.969659009691346
0.946516820104494
1
1
1
0.971542533222552
1
1
1
1
1
1
1
1
0.998355606916171
1
1
1
1
1
0.830557290869191
1
1
0.938966216249184
1
1
1
1
0.96258532826076
1
1
1
1
1
1
1
1
1
1
1
1
1
1
1
0.999002327267204
1
1
0.927198254114227
1
1
1
1
1
1
1
0.995387822072024
1
1
1
1
0.996384857927901
0.580331937261787
1
0.962699154085225
1
0.998148346918112
1
1
0.969380239591167
0.927140982158348
1
1
0.997184322817062
1
1
1
1
1
1
0.972784428071535
1
1
1
1
1
1
1
0.986445654740289
0.956971853187563
0.969694675101129
0.910363563440678
1
0.94512262968302
1
1
0.94491073091144
1
1
0.992269792636745
1
1
1
1
1
1
1
1
1
1
1
0.996522016436814
1
1
1
1
0.897008667247173
1
1
1
0.996656127420029
0.974359414329838
1
1
1
1
1
1
0.9262604001308
1
1
1
1
1
1
1
1
1
1
1
1
1
0.999520911223052
1
1
1
0.924679846366252
1
1
1
0.982594885440337
1
0.955241706142899
1
0.969114101023614
1
1
1
1
1
1
1
1
1
1
1
1
1
1
1
1
1
1
0.997233632448019
1
1
1
0.999516602364667
1
1
1
1
1
1
1
1
1
1
1
1
0.995128817178709
0.962699154085225
1
1
1
1
1
1
1
1
1
1
1
1
0.88916793243414
0.978723453869815
0.998801064490657
1
1
1
1
1
1
1
1
0.975040543118837
1
1
1
1
1
1
1
1
1
1
1
1
1
1
1
1
0.999692512470399
1
1
1
1
1
0.978844309043051
1
1
0.98883367096156
1
1
1
1
0.999692512470399
1
1
0.948371866359713
1
1
1
1
1
1
0.946389660213814
1
1
1
1
1
1
1
1
1
1
1
1
1
1
1
1
1
1
1
1
0.999673717364312
1
1
1
0.842236192743586
1
1
1
1
1
1
1
0.901276644578196
1
0.907332982209563
1
0.993127757568655
1
0.999562488990751
1
1
1
0.978686614857516
0.93243460860255
0.939848279255496
0.939634732035375
1
0.945765192140004
1
0.995128817178709
1
1
0.970443759090135
1
1
1
1
1
1
1
1
0.999830260381934
1
1
1
1
1
1
1
1
1
0.998804855160076
1
0.99818741277846
1
1
1
1
0.991207457088682
1
1
0.926858929195758
1
1
1
1
1
1
1
1
1
1
0.99955873190674
1
0.999659591241279
1
1
1
0.999631610855514
1
1
1
1
1
0.987396474795497
0.839711327424675
1
1
1
1
1
1
1
1
1
1
1
0.98883367096156
1
1
1
1
1
1
1
1
1
1
0.968652760516871
1
1
1
1
1
1
1
1
1
1
1
0.933030174037308
1
1
1
1
1
1
0.995646635274409
1
0.968093935135951
1
1
1
1
1
1
1
1
1
1
1
1
1
1
1
1
1
1
1
1
1
1
1
1
1
1
1
0.991712699174345
1
1
0.972422806709144
1
0.999002327267204
1
1
1
1
1
1
1
0.968041438210899
1
1
1
1
1
1
1
0.987298360354186
1
1
1
0.938262817490499
1
1
1
1
1
1
0.959052511257799
1
1
1
1
1
1
1
1
1
1
1
0.998222072112264
1
1
0.983865976202093
0.949086093870781
0.969659009691346
1
0.99708267513786
1
1
1
0.982609892775495
1
1
1
1
1
1
1
0.997587034097434
1
1
0.968193860541136
1
1
1
1
1
1
1
1
1
1
0.995813367496401
1
1
1
1
1
1
1
1
1
1
1
1
1
0.978686614857516
0.973251871288209
0.935489121135664
1
1
1
1
1
1
1
1
1
1
1
1
1
1
1
1
1
1
1
1
1
0.997391399789014
1
1
1
1
0.983050389269723
1
1
1
0.999189289772649
1
1
1
1
1
1
1
1
1
1
1
1
1
1
1
1
1
1
1
1
1
0.994588339264152
1
1
1
1
1
0.801782237940702
1
0.766810765986434
1
1
1
1
1
1
1
1
1
1
1
1
1
1
1
1
1
0.9998044242812
1
0.991535712634287
1
1
1
1
1
1
0.999761210332627
1
1
1
1
1
0.814581351493646
1
1
1
1
1
1
1
1
1
1
1
0.990827824254322
1
1
0.975684337548821
1
1
1
1
1
1
0.814308979240087
1
1
1
1
1
1
1
0.95894107305348
1
1
1
1
1
1
1
1
1
0.999745122965878
1
1
1
1
1
0.969659009691346
1
1
1
1
1
0.991535712634287
1
1
1
0.977365455271701
1
1
1
1
1
1
1
1
1
1
1
1
1
0.999708343189641
1
0.975151963288381
1
1
0.98883367096156
1
1
0.988119759433891
0.95894107305348
0.938985034212962
1
1
1
1
0.997845357745109
1
1
1
1
1
1
1
1
0.997642365508457
0.962699154085225
1
0.995706710041803
0.999708343189641
1
1
1
1
1
1
1
1
1
1
0.997323430331104
1
1
1
1
1
0.976101344578823
1
0.994019426725135
1
0.93192211312858
1
1
1
1
1
0.994311398963423
1
1
1
0.968093935135951
1
1
1
1
1
1
1
1
1
0.975779875158363
0.945765192140004
1
1
1
0.814308979240087
1
0.999708343189641
1
1
1
1
0.997587034097434
1
1
1
1
1
1
1
0.994490973325731
0.990270777310895
0.909997919542377
1
1
0.983373757962963
1
0.995178400518066
0.964582227450351
1
0.960684516905751
0.998334533365258
0.883976805920719
1
1
1
1
0.968093935135951
1
0.903613262057936
1
0.997720391545583
1
0.953938066198033
1
1
1
1
1
1
1
1
1
1
1
1
1
1
0.994884835715614
1
0.969149317210037
1
1
1
1
0.999673717364312
1
1
0.994704054318897
1
0.999659591241279
0.987747664532138
0.974424054006359
1
1
0.99955873190674
0.999761226969822
1
1
0.997991946058915
1
1
1
1
1
1
1
0.960122800966524
1
0.999613931224347
1
1
0.999692512470399
0.999673717364312
1
1
1
1
0.999897718978317
0.989601317461053
1
1
1
1
1
1
1
1
1
1
1
1
1
1
0.971542533222552
1
1
1
1
0.778123194733067
1
1
1
1
1
1
1
1
1
1
0.954228096823591
1
1
1
1
1
1
1
1
1
1
1
1
1
1
0.913412935357339
1
1
1
0.951996006776062
1
1
1
1
0.971323754570066
1
1
1
0.994501776631709
0.887188676107758
1
1
0.891451794000573
1
1
1
0.997686346997449
1
1
1
1
1
0.892973625482767
1
0.998132086951824
1
0.98546828335337
0.987670313117294
1
1
0.997649856780986
1
1
1
1
1
1
1
1
1
1
1
1
0.941164441501313
0.964740968223469
1
1
1
1
1
1
1
1
1
1
1
0.907332982209563
1
1
1
0.829792335635693
1
1
1
1
1
1
1
0.999796165450177
1
1
1
1
1
0.919774467477693
1
1
1
0.999562488990751
1
1
1
1
0.96858991556501
1
1
1
0.999088361831815
1
1
1
1
0.969149317210037
0.985972380111278
1
1
0.998330227887764
1
1
1
1
1
1
1
1
1
1
1
1
1
1
1
1
1
1
1
1
0.994205255733109
1
1
0.975684337548821
1
1
1
0.986753184739911
1
1
1
1
1
1
1
1
1
0.842236192743586
1
1
1
1
1
1
1
1
1
1
1
1
1
1
1
1
1
1
1
1
1
1
1
1
1
1
1
1
1
1
0.992841198690076
1
1
1
1
1
1
1
1
1
1
1
1
1
1
1
1
1
1
1
1
0.99723040261271
1
0.99451905787651
1
0.975151963288381
1
1
0.994704054318897
1
0.952262137387228
1
0.9996082131086
1
1
0.999562488990751
1
1
1
1
1
1
1
1
1
1
1
1
1
1
1
1
1
1
1
1
1
1
1
0.877328512296565
0.997381829312304
0.776793941008621
1
1
1
1
1
1
0.842236192743586
1
1
1
1
1
1
1
1
1
1
1
0.99955712807784
1
1
1
1
1
1
1
0.999745122965878
1
1
1
0.960156118118754
1
1
1
0.988405199676432
1
1
1
0.999427220755178
0.999844850083299
1
1
1
1
1
1
1
1
0.997760700025492
1
1
0.992378025744009
1
1
0.985782140930792
0.960368169526575
1
1
1
1
1
1
1
1
1
1
0.959052511257799
0.92518201075334
0.999585336606124
0.998209463572391
1
1
1
1
0.789054199318407
1
0.989741342701829
1
0.951036804669469
1
1
1
1
1
1
0.994387928958102
1
1
1
1
1
1
1
1
1
1
1
1
1
1
1
1
1
1
0.97403475041421
1
0.966674117162705
1
1
1
1
1
1
0.660085021330212
1
1
1
1
1
0.987814265526345
1
1
0.999585336606124
1
1
1
1
1
1
1
0.994704054318897
1
1
0.986731351132831
1
1
0.695865605140028
1
0.889311294473962
1
1
0.99651046954412
1
1
1
1
1
1
1
1
0.996759601551675
1
1
1
1
1
0.968193860541136
1
1
1
1
1
1
0.997148054434436
1
1
1
1
0.999563478246293
1
1
1
1
1
1
1
0.969114101023614
1
1
1
1
1
1
1
1
1
1
1
1
1
1
0.966674117162705
1
1
1
1
1
1
1
1
0.911718379705067
1
1
1
0.990076116970165
1
1
1
1
1
1
1
1
1
0.950462617090017
1
1
1
1
1
1
0.897008667247173
1
1
1
1
0.995128651520518
1
1
1
0.994811021961309
0.994656149141942
1
1
1
1
1
0.951036804669469
1
1
1
0.991712699174345
1
1
1
1
0.999844850083299
1
1
0.989234578044143
1
1
1
1
0.978871500492896
1
1
1
1
1
1
1
0.997587034097434
1
0.952998761671935
1
0.842236192743586
1
1
1
1
1
1
1
1
1
1
1
1
1
1
1
1
1
1
1
0.868172834162311
1
1
0.977365455271701
1
1
1
1
0.99955712807784
1
1
1
0.978871500492896
1
1
1
1
1
1
1
1
1
1
0.979638991463653
1
1
1
0.898807960144469
0.99661295667579
1
1
1
1
0.99642651196272
1
1
1
1
1
1
1
0.955131740541426
1
1
1
1
0.99828130907085
0.999844850083299
1
1
1
0.95916642800672
0.997550061991994
1
0.931097297584836
1
1
0.999151816069319
1
1
1
1
1
0.908800623853823
1
0.995783740334952
0.998075852029617
1
1
1
1
0.997885321479833
1
1
1
1
1
1
1
1
1
1
1
0.941164441501313
1
1
1
1
1
1
1
0.830557290869191
1
0.931179781428855
1
1
0.997686346997449
0.929592506997589
1
1
1
1
1
1
1
1
1
1
1
1
0.971413603897668
1
1
1
1
0.98321213778527
1
1
1
0.964605996118069
1
1
1
1
1
0.939704948416742
1
0.931344034874044
1
1
1
1
1
0.997364328840752
0.769898753635596
0.837130590255056
1
1
1
1
1
1
1
1
0.960156118118754
1
0.94491073091144
1
1
1
1
0.983117424811835
1
1
1
1
0.754179378333733
1
1
1
1
1
1
1
1
1
1
1
0.979780407768695
0.945497799816975
1
0.994956843154493
1
1
1
1
0.99955873190674
1
0.837185132547295
1
0.895567084837695
0.96021475870621
1
0.98883367096156
1
1
0.955184088072522
1
1
1
0.800324513904755
0.996598389541946
1
1
1
1
1
0.993158003655701
1
1
1
1
0.985510860527126
1
1
0.95426092171841
1
0.991712699174345
0.997649856780986
1
1
1
1
1
1
1
1
1
1
1
1
1
1
1
1
1
1
1
1
1
0.997364328840752
1
1
1
1
1
1
1
1
1
1
1
1
1
0.987298360354186
1
1
0.999673717364312
1
1
0.85405071909558
1
0.964605996118069
1
1
0.938040734783981
1
1
1
1
0.979471554720815
0.857876967287055
1
1
1
1
0.931344034874044
1
0.995813367496401
0.964740968223469
1
1
1
1
1
1
1
1
1
0.997760700025492
1
1
1
1
1
1
1
0.994336323064179
1
1
1
1
1
1
1
1
1
1
1
1
1
0.998804855160076
0.98883367096156
1
0.982760868249999
1
1
1
1
1
1
1
1
1
1
1
1
1
0.985329363316188
1
0.970842899483364
0.988119759433891
1
1
1
1
1
1
1
1
1
1
1
1
1
0.960916740263348
1
1
1
1
1
0.998075852029617
1
1
1
1
1
1
1
1
1
1
0.985329363316188
1
1
1
1
1
1
1
1
1
1
1
0.992378025744009
1
1
1
1
1
1
1
1
1
1
1
1
1
0.940236951029748
0.971323754570066
1
1
1
1
1
1
1
1
0.988220558828433
1
1
1
1
1
1
1
1
1
1
1
1
1
1
0.996037914505919
1
1
0.994772099352166
0.891451794000573
0.989521227086771
1
1
1
1
1
1
1
1
1
1
1
1
0.972784428071535
1
1
0.982714859272425
1
0.954449122445821
1
1
1
1
1
1
1
1
1
1
1
1
1
1
1
1
1
1
1
1
1
1
1
1
1
0.934366838314355
1
1
1
0.996348897901219
1
0.979375743546193
1
0.999613931224347
0.966433518008979
1
1
1
0.978871500492896
1
0.922018976110155
1
1
1
1
1
1
0.993560694687623
0.997184322817062
1
1
1
1
1
1
0.952998761671935
1
1
1
1
1
1
1
1
1
1
1
1
1
1
0.857724960343103
1
0.994896635274713
0.972217212792508
1
1
1
1
1
1
1
1
0.92767049547712
1
1
0.988247100723229
1
1
0.847576977022681
1
1
1
1
1
1
0.959304290883341
1
1
1
1
0.776793941008621
1
1
1
1
1
0.968652760516871
0.990270777310895
1
1
0.842515186804244
0.955336487717332
1
1
1
1
1
0.999708343189641
1
0.85638034013484
1
0.991712699174345
1
0.931344034874044
1
1
1
1
1
1
0.999844850083299
1
1
1
0.954347166709377
1
0.971660710969722
1
0.979838063795102
1
0.997587034097434
0.995711246179676
0.979638991463653
1
1
0.966519363552325
1
1
0.99708267513786
0.963472923375825
0.999585336606124
1
1
1
1
0.999745122965878
1
1
1
0.998209463572391
1
0.907247988185239
1
0.966433518008979
1
1
1
1
0.999745122965878
1
1
0.997738745681877
0.85638034013484
1
0.988032504650166
0.994336323064179
1
1
1
1
0.891451794000573
1
0.472944218342006
1
1
0.926858929195758
1
1
1
1
1
0.994501776631709
1
1
1
1
1
1
1
1
0.951717685323839
1
1
1
1
1
1
0.973120524556507
1
1
1
1
1
1
1
1
0.964740968223469
1
1
1
1
1
1
1
1
1
1
1
1
1
1
1
0.971323754570066
1
1
1
1
1
0.994501776631709
1
0.912697777605335
1
1
1
1
1
0.999796807154597
1
1
0.974504222998686
1
1
1
0.9262604001308
1
1
1
1
1
1
1
1
1
0.955878443238785
1
1
1
1
1
1
1
1
1
1
1
1
1
1
1
0.995813367496401
0.989447781875624
0.742433116208941
1
1
1
1
0.991712699174345
1
1
1
0.95592868013281
0.929592506997589
1
1
1
1
1
0.99828130907085
1
1
1
1
1
0.995496994626524
1
1
1
1
1
1
1
1
0.919774467477693
1
1
1
1
1
0.999707685491249
1
0.997649856780986
1
1
1
1
1
0.9976722850143
1
1
0.988220558828433
1
1
0.85405071909558
0.782387758302042
1
1
0.999844850083299
1
1
1
1
1
1
1
1
1
1
1
1
1
1
1
1
0.997165539706624
0.912208346928744
1
1
1
1
1
0.809290460640741
0.952262137387228
1
1
0.94491073091144
1
1
1
0.966433518008979
1
1
1
1
0.994772099352166
1
1
1
1
1
0.9998013621883
1
1
0.989601317461053
1
0.971542533222552
1
1
1
1
0.991535712634287
1
1
1
0.803578996525825
1
1
1
1
1
1
1
1
1
1
1
1
1
1
1
1
1
1
1
0.996226016052542
1
1
1
0.997587034097434
0.984199906389856
1
1
1
1
1
1
1
0.777269010699983
1
1
0.997165453788727
0.893580106466681
1
1
1
1
1
1
0.952821640242144
1
0.973559360253937
0.99336410429395
1
1
1
1
1
1
0.978272801846781
1
1
1
1
1
1
1
1
1
1
1
0.994820873470727
1
1
1
0.98277329006906
0.959304290883341
1
1
1
0.949086093870781
1
1
0.952821640242144
0.960702145817245
1
1
1
0.981948860654216
0.92767049547712
1
1
1
1
1
1
1
1
1
0.885674461609772
1
0.985061413020081
1
1
1
1
1
1
1
1
1
1
0.997233632448019
1
1
1
0.999708343189641
1
1
1
1
1
1
0.991090745037824
1
1
1
1
1
1
1
1
0.995157080164408
1
1
1
0.997165539706624
1
1
1
1
1
1
1
1
0.999531766407862
1
0.925530932964498
0.978272801846781
1
0.96715753756975
1
1
1
1
1
1
0.839711327424675
1
1
1
1
1
1
0.776793941008621
1
0.99708267513786
0.999830260381934
1
1
1
1
0.95894107305348
1
1
1
0.839711327424675
1
1
1
0.998586440523555
1
1
0.999002327267204
1
1
1
0.992138371341274
1
1
0.830557290869191
1
1
0.984762420948216
0.995991871084401
1
0.977365455271701
0.93243460860255
1
1
1
0.998499216840788
1
1
1
1
1
1
1
1
1
1
1
1
0.987670313117294
1
1
1
1
1
1
1
1
1
1
1
1
1
1
1
0.994501776631709
1
0.995496994626524
1
1
1
1
1
1
1
1
0.999692512470399
1
1
1
1
1
0.472944218342006
1
1
1
1
1
1
0.921658353913824
1
1
1
1
1
1
0.960219554423284
1
1
1
1
0.999631610855514
1
1
1
1
1
1
1
1
0.968193860541136
1
0.99651046954412
1
1
1
1
0.955131740541426
1
1
0.996037856752758
1
1
1
0.959532867129739
1
1
0.971323754570066
1
1
1
1
1
0.95463963959131
1
1
1
1
1
1
1
1
1
0.984149529323311
0.969380239591167
1
1
0.987670313117294
1
1
1
1
0.999692512470399
1
1
0.968054256005979
1
1
1
1
0.99955873190674
1
1
1
1
1
0.970842899483364
1
0.999796165450177
1
1
1
1
1
1
1
1
1
1
1
0.996595896906886
1
0.953571877161511
1
0.999761210332627
1
1
0.99961660032854
1
1
1
1
1
1
1
1
1
1
0.999717254162949
1
1
0.997753565482648
1
1
1
1
0.907247988185239
1
1
0.85638034013484
1
1
1
1
1
0.95592868013281
0.965818773356016
1
1
1
1
1
0.9998013621883
1
1
1
0.99451905787651
1
0.995157080164408
1
1
1
1
0.997562343763927
0.988119759433891
1
1
1
1
1
1
1
1
1
1
1
1
1
1
1
1
1
0.991535712634287
1
1
1
1
0.98051251686766
1
0.99954734389491
1
1
0.904819637135097
1
1
1
1
0.999753905807066
1
1
0.987190108743174
0.839711327424675
1
1
1
0.959304290883341
1
1
1
1
1
1
1
1
1
1
1
1
0.994956843154493
1
1
1
1
0.963512834876997
1
1
1
1
1
1
0.998209463572391
0.785632820531666
1
1
1
1
1
1
0.941375322277597
1
1
1
0.991090745037824
1
1
1
0.960219554423284
1
1
1
1
1
1
1
1
1
1
1
1
1
0.941577640329752
1
1
1
1
1
1
0.974504222998686
1
0.950976445847602
1
1
0.996384857927901
1
1
1
1
1
0.949260708370017
1
1
1
1
1
0.969659009691346
1
1
1
1
0.999844850083299
0.999631610855514
1
1
1
1
1
1
0.996656127420029
1
1
1
0.98883367096156
1
1
1
1
0.994501776631709
1
1
1
1
1
1
1
1
1
1
0.842572831031451
1
1
1
1
0.998651177791966
1
1
1
1
0.944128127066272
0.9996082131086
0.975456008146222
1
1
0.996766013387285
0.982609892775495
0.993498898293528
1
1
0.959052511257799
1
1
1
1
1
1
1
1
1
1
1
1
1
1
1
1
1
0.953938066198033
1
1
1
1
1
1
1
1
1
1
1
1
1
1
1
0.946516820104494
0.997642365508457
1
1
1
1
0.92475725366938
1
1
0.995783740334952
1
1
0.930161615831434
1
1
1
1
0.971020861216792
1
0.975151963288381
1
1
1
1
1
1
1
0.970060370875522
1
1
1
1
1
1
0.996660825371483
1
1
1
0.997045080866172
0.997550061991994
0.981309928448296
1
0.870304275249252
1
1
1
0.916317309620256
1
1
1
1
1
1
1
1
1
1
1
1
1
1
1
1
0.961533531096809
1
1
1
1
1
1
1
1
1
1
0.955241706142899
1
1
1
1
1
1
1
1
1
1
1
1
1
1
1
1
1
1
1
1
1
1
1
1
1
1
1
1
1
1
0.919133996071179
1
1
1
1
1
1
0.990242765513027
1
1
1
1
1
0.98075928719613
0.960698646055292
1
1
1
1
1
1
0.934933884371238
1
0.996384857927901
1
1
1
1
1
1
1
1
1
1
1
1
0.996253257886742
1
1
1
1
0.994409204896358
1
1
1
0.979638991463653
1
0.919133996071179
0.969114101023614
1
1
1
1
1
1
1
1
1
1
1
1
1
1
1
0.940236951029748
1
1
1
1
1
1
1
1
1
1
0.985329363316188
0.979412702875552
1
1
1
1
1
1
1
1
1
1
1
1
1
1
0.999753905807066
1
1
1
1
1
1
0.996656127420029
1
1
0.999982542339317
1
1
1
1
1
1
1
1
1
1
1
1
1
1
1
1
0.897008667247173
1
1
1
1
1
0.857876967287055
1
1
1
1
1
1
0.995157080164408
1
1
1
1
1
1
1
0.959304290883341
1
1
1
1
1
1
1
1
1
1
1
1
1
1
1
1
1
1
1
1
1
1
1
1
1
1
1
1
1
1
1
1
1
1
1
1
0.99985561639133
1
1
1
1
1
1
1
1
1
1
0.978272801846781
1
1
1
1
0.946389660213814
1
1
1
1
1
0.999830260381934
1
1
1
1
1
1
1
1
1
0.993748473171597
0.790003621434678
1
1
1
1
1
1
1
1
1
0.961533531096809
1
0.932074341791338
0.998330227887764
0.857876967287055
1
1
1
1
1
1
1
1
1
1
1
0.987747664532138
0.996103555406462
1
1
1
1
1
0.968093935135951
1
0.972051462001621
0.960698646055292
1
1
1
1
0.82595120758365
1
1
1
1
1
1
1
1
1
1
1
0.999692512470399
1
1
1
1
1
1
1
0.965412618626512
1
1
1
0.769898753635596
1
1
1
1
0.971323754570066
1
1
1
1
1
1
1
1
1
1
1
1
1
0.996773382264373
1
1
1
1
0.932607283664895
1
1
1
1
1
0.970443759090135
1
0.998804855160076
1
1
1
1
1
1
1
1
0.997045080866172
1
1
1
1
1
1
1
1
1
1
1
1
1
1
1
1
1
1
1
1
1
1
0.999585336606124
1
1
0.907247988185239
1
1
0.965533556742036
1
1
1
1
1
1
0.999982542339317
1
1
1
0.994840012438387
1
1
1
1
0.969114101023614
0.924869360232024
0.760648848052228
1
1
1
1
0.938040734783981
1
1
1
1
1
1
1
1
1
0.872539701176062
1
0.94787247224327
0.999844850083299
1
1
1
0.994743659757888
0.98997888427821
1
1
1
1
1
1
1
1
1
1
1
1
1
1
1
1
1
1
1
1
0.999516602364667
1
1
1
0.974153860134951
1
0.991207457088682
0.963895002301484
1
1
1
1
1
1
1
1
1
1
1
1
1
1
1
1
1
1
1
1
1
1
1
0.938262817490499
1
1
1
1
1
0.972217212792508
1
1
1
1
1
1
1
1
1
1
1
1
1
1
1
1
1
1
1
1
1
1
1
1
1
1
1
1
1
1
0.999792297656171
1
1
1
0.863185408891028
0.991873652794497
1
1
1
1
0.994409204896358
1
1
1
0.999761210332627
1
0.97517239836729
1
1
1
1
1
1
1
1
1
1
1
1
1
0.965412618626512
1
1
1
1
1
1
1
1
1
1
1
1
1
1
1
1
1
1
1
1
1
1
1
0.972256211259472
1
1
1
1
0.998804855160076
0.997391399789014
1
1
1
1
1
1
1
1
1
1
1
1
1
0.999613931224347
1
1
1
1
1
1
1
1
1
1
1
1
0.964740968223469
1
1
1
1
1
1
1
1
1
1
1
0.938040734783981
1
1
0.978272801846781
1
1
0.997649856780986
1
1
1
1
1
1
0.93243460860255
1
1
1
1
1
1
1
0.99651046954412
1
1
1
1
1
1
1
1
1
1
0.992138371341274
1
1
0.994811021961309
1
1
1
1
0.991535712634287
1
1
1
1
1
1
1
1
1
1
1
1
1
1
1
0.968179024183021
1
0.971323754570066
1
1
1
1
1
0.87295307612253
1
1
0.982664463235576
1
1
1
1
0.949767430338841
1
1
0.982664463235576
1
1
1
1
0.934933884371238
1
0.703593868550425
1
1
1
1
1
1
0.984199906389856
1
1
0.986753184739911
1
0.956845852668911
1
1
1
0.889311294473962
1
0.997587034097434
1
1
1
1
1
1
1
0.991712699174345
1
1
1
1
1
1
0.99955712807784
1
1
1
1
1
0.971413603897668
1
1
0.994779720559346
1
1
0.763593991381418
1
1
0.997045080866172
1
1
1
1
0.987105398236952
1
1
1
1
1
1
1
1
1
1
0.980948192499447
1
1
1
1
1
1
0.99514004232018
1
1
1
1
1
0.988076731894302
1
1
1
1
1
1
0.986145354278741
1
1
1
1
1
1
1
1
1
1
1
0.941949192540473
1
1
1
1
1
1
0.999631610855514
1
0.999745122965878
1
1
1
1
1
1
1
1
1
1
1
1
1
0.998330227887764
1
1
1
1
1
1
1
1
1
1
1
1
1
0.895567084837695
1
1
1
0.887436734207521
1
1
1
0.927140982158348
0.990242765513027
0.971020861216792
1
1
0.897701442837103
1
1
1
1
1
1
0.94512262968302
1
1
1
1
1
1
0.960942577771362
1
1
1
1
1
0.998804855160076
1
1
1
0.996226016052542
1
1
1
1
1
1
1
1
1
1
1
0.735806543695891
1
1
1
1
1
1
1
1
1
1
1
1
1
1
1
1
1
1
1
1
1
1
1
1
1
1
0.998499216840788
1
1
1
1
1
1
1
1
1
1
0.971020861216792
1
1
1
1
1
1
1
1
1
1
1
1
1
1
1
1
1
1
1
1
1
1
1
1
1
0.993561142479032
1
1
0.979640404707122
1
1
0.901276644578196
1
1
1
1
1
1
1
1
0.971342187807661
1
1
0.952821640242144
0.973809813684805
1
1
0.999717254162949
1
0.998412864152132
1
1
1
1
1
1
0.996253257886742
1
1
0.994896635274713
1
1
0.934933884371238
1
1
1
1
1
1
1
1
1
1
1
1
1
1
1
1
1
0.998334533365258
1
1
1
1
1
1
1
1
1
1
1
1
1
0.938966216249184
1
1
1
1
1
1
1
1
1
1
1
1
1
1
0.997753565482648
1
1
0.909472355508766
0.975683809722743
1
1
1
1
1
1
0.99723040261271
1
1
1
1
1
1
1
1
1
1
0.95894107305348
1
1
0.997268799794808
1
1
1
1
1
0.94491073091144
1
1
1
1
1
1
1
0.999796165450177
1
1
0.960713660555313
1
1
1
1
0.986753184739911
1
0.967555575423625
1
0.995157080164408
1
1
1
0.978686614857516
0.97910827738066
1
1
1
1
1
1
1
1
1
1
1
1
1
1
1
1
0.98883367096156
1
1
0.931344034874044
1
1
0.998064615999491
0.962895161821837
1
1
1
1
1
1
1
0.753148343894769
0.998499216840788
0.979780407768695
0.990270777310895
1
1
1
1
0.969114101023614
1
1
1
1
1
1
1
1
1
1
0.99954734389491
1
1
0.999844850083299
1
0.99829371990456
0.95916642800672
0.99597900360671
1
1
1
1
1
1
0.903723327221432
1
1
1
1
1
1
1
1
0.976101344578823
0.965749924101064
1
1
0.966674117162705
0.9976722850143
0.934366838314355
1
1
1
1
1
0.95916642800672
1
1
1
1
1
0.961503233596217
0.976801702186037
0.997642365508457
0.953938066198033
1
1
1
1
1
1
1
1
1
1
1
1
1
1
1
1
1
0.964605996118069
1
1
1
1
1
1
1
1
1
1
1
1
1
0.979638991463653
0.999685929176715
1
1
1
0.999964956503077
1
1
1
1
1
1
1
1
1
1
1
1
1
1
1
1
0.992378025744009
1
0.949086093870781
1
1
1
1
1
1
1
1
1
1
1
0.760648848052228
0.800909709303645
1
1
1
1
1
1
1
1
1
1
1
1
1
1
1
1
0.931344034874044
0.977365455271701
1
1
1
1
1
1
1
1
1
1
0.962895161821837
1
1
1
1
0.999708343189641
1
1
1
0.952998761671935
1
1
1
1
1
1
1
1
1
1
1
1
1
1
0.97755167875774
1
1
1
1
1
1
1
0.99985561639133
1
1
1
1
1
1
1
1
1
0.997233632448019
1
1
1
0.95894107305348
1
1
1
0.999761210332627
1
1
0.760648848052228
1
1
1
1
1
1
0.988076731894302
1
1
1
1
0.928121015255753
1
1
1
1
1
1
1
1
1
1
1
1
0.995910809819536
0.993127757568655
1
1
1
1
1
1
1
1
0.974647747118611
0.938262817490499
0.938262817490499
0.996595896906886
1
1
1
1
0.968903258601203
1
1
1
1
1
1
1
1
1
1
1
1
0.960916740263348
0.846001877523091
1
1
0.996951438339044
1
1
1
1
0.996605216102213
1
1
0.995783740334952
1
1
1
0.968193860541136
1
1
1
0.99985561639133
1
1
1
1
1
1
0.996204801541747
1
1
0.999520911223052
1
0.999844850083299
1
0.976382342536544
0.971413603897668
0.999796807154597
1
1
0.974504222998686
1
0.975151963288381
0.999562488990751
1
1
1
1
1
1
0.819287172404126
1
1
1
1
1
0.99954734389491
1
1
1
1
1
1
1
0.998330227887764
1
1
1
0.945375430277677
1
0.958071312169545
1
1
1
1
1
1
1
1
1
1
0.998594520809797
1
1
1
1
0.962359167471584
1
1
0.997139784707986
1
1
1
1
1
0.99451905787651
1
1
1
1
1
1
1
1
1
1
1
1
1
1
1
1
1
1
1
1
1
1
1
1
1
0.989255803393309
1
1
1
0.990345852278043
1
0.99336410429395
1
1
1
1
1
1
1
1
1
1
1
1
1
0.979310849572001
1
1
1
1
1
1
1
1
0.988247100723229
1
1
0.999088361831815
1
0.97403475041421
1
1
1
1
0.997825600342781
1
1
1
1
1
1
1
0.95270011719112
1
1
1
1
1
1
1
1
1
1
0.955402509791185
1
1
0.850769388709075
1
1
1
1
1
0.99788544450558
1
1
1
1
1
1
0.984238478068763
1
1
1
1
1
1
1
1
0.830557290869191
1
0.961503233596217
0.973809813684805
1
1
1
1
1
1
1
1
1
1
1
1
1
1
1
0.970060370875522
1
1
0.897008667247173
0.99661295667579
1
0.791647072221098
1
1
1
0.998334533365258
1
1
1
1
0.99651046954412
0.994387928958102
1
1
1
1
1
0.998412864152132
1
0.972217212792508
0.995711246179676
1
0.978871500492896
1
1
1
1
1
1
1
1
1
1
1
1
0.936914489903369
1
1
1
1
1
0.998594422383919
1
1
1
0.974148312623503
1
1
1
1
1
1
1
0.973130824651102
1
1
0.979375743546193
1
1
1
1
1
0.89560490411786
1
0.946516820104494
1
1
0.970842899483364
1
1
1
1
1
1
1
1
0.997753565482648
1
1
1
1
0.998148346918112
1
1
0.999794610888648
1
1
1
0.994641731047644
1
1
0.960368169526575
0.999088361831815
1
0.986445654740289
1
1
1
0.978871500492896
0.998499216840788
1
0.802093460221907
1
1
1
1
1
1
1
1
1
0.953429560733689
1
1
1
1
1
1
1
1
0.924871762775503
1
1
0.998615728052664
1
1
1
1
1
1
1
1
1
1
1
1
1
1
1
1
1
0.997991946058915
1
1
0.850769388709075
0.97403475041421
0.968193860541136
1
1
1
0.994951187363425
1
0.995706710041803
0.999796807154597
1
1
0.962719317146741
1
1
1
1
0.966674117162705
1
0.988076731894302
0.998355606916171
1
1
1
1
0.936686273854322
1
0.99747129529851
1
1
1
1
1
1
1
1
1
1
1
1
1
1
1
1
1
1
1
1
1
1
1
1
1
1
1
1
1
0.966674117162705
1
1
1
1
0.995783740334952
0.98883367096156
1
0.952262137387228
1
1
1
0.999745122965878
0.985465930736991
1
1
1
1
0.986753184739911
1
0.991354405597838
1
1
0.997720391545583
1
0.991207457088682
1
0.954457582929577
0.999692512470399
1
0.99954734389491
0.982664463235576
1
1
1
1
1
0.969114101023614
1
1
1
1
1
1
1
0.998551202010852
1
1
1
1
1
1
1
1
1
0.999761210332627
1
0.956845852668911
1
0.964265940358928
1
1
1
1
1
1
1
1
1
1
1
1
1
1
1
1
1
0.933312067384921
1
0.994820873470727
1
0.995372380473286
1
0.798911949602511
1
1
1
0.996103555406462
0.978272801846781
0.980151918836866
1
0.994607065991784
1
1
1
1
1
1
1
0.997379686781066
1
1
1
1
1
1
1
1
1
1
0.850769388709075
1
1
1
1
0.999631610855514
1
1
1
0.931344034874044
1
0.966539330333693
1
1
0.997413816760524
0.938262817490499
0.978405071717754
1
1
1
1
1
1
1
1
1
0.952262137387228
1
1
1
1
1
1
1
0.908800623853823
1
1
1
1
1
1
1
1
1
0.965533556742036
1
1
1
1
1
0.962655701195445
0.99955873190674
1
1
1
1
1
1
1
1
1
1
1
1
0.939704948416742
1
0.951612985535904
1
0.941577640329752
1
1
0.988475091781978
0.994811021961309
1
1
0.979018581901606
1
0.964740968223469
1
1
1
1
1
1
1
0.938224043094367
1
1
1
1
1
1
1
1
1
1
0.99451905787651
1
1
0.994336323064179
1
0.99548764429219
1
0.913968092968952
1
0.996773382264373
0.971475871253453
0.991207457088682
1
0.964605996118069
1
1
0.982594885440337
1
1
1
1
1
0.956845852668911
1
1
1
1
1
0.999516602364667
1
1
0.999964956503077
1
1
1
1
1
1
1
0.994820873470727
1
0.964265940358928
1
1
1
1
1
1
1
1
1
0.967555575423625
1
0.998499216840788
1
1
1
1
1
1
1
1
1
0.99671778544602
1
1
1
1
1
1
1
1
1
1
1
1
1
0.986989872218854
1
0.995646635274409
0.95463963959131
1
1
1
1
1
1
1
0.989852098829601
1
1
1
1
1
1
0.996951438339044
1
1
1
1
0.93243460860255
1
1
1
0.99651046954412
1
1
0.997045080866172
0.999685929176715
1
0.998804855160076
1
0.997587034097434
0.970060370875522
1
1
1
1
1
1
1
1
1
1
1
1
1
1
1
1
0.999585336606124
1
0.993158003655701
1
1
1
1
1
1
1
1
1
1
1
1
0.977365455271701
1
1
1
1
1
1
1
1
1
1
1
1
1
1
1
1
0.995813367496401
1
1
1
1
1
0.814308979240087
1
1
1
1
1
1
0.951996006776062
0.99651046954412
1
1
1
1
1
1
1
1
1
1
1
0.999563478246293
1
1
1
1
0.985307487618011
1
1
1
1
1
1
1
0.994820873470727
1
1
1
1
0.99955712807784
1
1
1
0.99818741277846
1
1
1
1
1
1
1
1
1
1
1
1
1
1
1
0.987670313117294
1
1
1
1
1
1
1
1
1
1
1
0.964740968223469
1
0.984509519953741
1
1
1
1
1
1
0.997991946058915
1
1
1
1
1
0.998277409337719
1
1
1
1
1
1
1
1
1
1
1
1
1
1
1
0.969016118621402
1
1
1
1
0.979310849572001
1
0.999563478246293
0.99985561639133
1
0.987396474795497
0.911401964267471
1
1
1
1
1
0.992634515829687
1
1
1
1
1
1
1
1
1
1
1
0.94512262968302
1
0.98883367096156
1
1
0.966827677710984
1
1
1
1
1
1
1
1
1
0.938224043094367
0.964185566410053
1
1
1
1
1
0.996103555406462
1
1
0.89560490411786
1
1
1
1
0.956845852668911
1
0.814308979240087
1
1
1
1
1
0.991712699174345
1
1
1
0.99828130907085
0.975133646539381
1
1
1
1
0.972480334371845
1
1
1
1
1
0.991712699174345
1
0.997233632448019
1
0.962811655328628
0.971660710969722
1
1
1
1
1
1
1
0.99955712807784
0.893580106466681
0.964147577092828
1
1
1
0.998849843107767
1
0.925530932964498
1
1
1
1
1
1
1
1
0.909472355508766
1
1
1
1
1
1
1
1
1
1
1
0.960368169526575
1
1
0.941164441501313
1
1
1
0.988119759433891
1
0.970443759090135
1
1
1
1
1
1
1
1
1
0.969659009691346
1
1
1
0.988119759433891
1
0.989852098829601
1
1
1
1
1
0.976801702186037
1
1
1
1
1
1
1
1
0.998232131709051
1
1
1
1
0.846627842977351
0.964051374604958
1
1
1
1
1
1
1
0.99985561639133
0.990827824254322
1
1
0.996204801541747
1
1
0.989601317461053
0.99955873190674
1
1
0.95894107305348
1
1
0.971749508583795
1
1
1
1
1
0.978272801846781
1
1
1
1
0.904819637135097
1
1
1
1
1
1
0.999796165450177
1
1
1
1
1
1
0.85638034013484
1
1
0.992138371341274
1
0.999761210332627
1
0.975778194819793
1
1
1
1
1
1
1
1
1
1
1
1
1
0.997419718644935
0.831013153205089
1
0.996348897901219
1
0.997720391545583
1
1
0.998412864152132
1
1
1
1
1
1
1
1
1
1
1
1
1
1
1
1
1
0.965749924101064
1
1
1
1
1
1
1
1
1
1
1
0.931344034874044
0.998330227887764
0.924679846366252
1
0.94835900143291
1
0.989601317461053
1
1
1
1
1
1
1
1
1
1
1
0.979640404707122
1
1
1
0.966539330333693
1
1
1
1
1
1
1
1
1
0.999520911223052
1
1
1
1
1
1
1
1
1
1
1
1
1
1
1
1
1
1
1
1
1
1
1
1
1
1
0.72453545574908
1
0.978272801846781
1
1
1
1
1
0.971660710969722
1
1
1
1
1
1
1
1
1
1
1
1
1
1
1
1
1
1
1
1
0.998804855160076
1
1
1
1
0.970443759090135
1
1
1
0.846627842977351
1
1
0.931680751353385
1
1
1
1
1
1
1
0.998075852029617
1
1
1
0.98883367096156
0.993560694687623
1
1
1
1
0.9976722850143
1
1
1
1
1
1
1
1
1
1
1
0.939634732035375
1
1
0.995783740334952
0.975684337548821
1
1
1
1
1
0.960122800966524
1
1
0.936686273854322
0.814308979240087
1
1
0.99708267513786
0.99985561639133
0.952861587968338
1
1
1
0.991918642371978
1
1
1
1
1
1
0.999796807154597
1
0.968848373998608
0.99336410429395
1
0.999761210332627
1
1
1
1
1
1
1
1
1
1
1
1
1
0.997381829312304
1
1
1
0.99985561639133
1
1
1
1
0.975073352413941
1
1
1
1
1
1
1
0.990587333452657
1
1
1
1
0.99661295667579
1
1
1
1
0.991207457088682
1
1
1
1
1
1
1
1
1
1
1
0.93243460860255
1
0.924869360232024
1
1
1
1
0.924679846366252
1
1
1
1
1
1
1
1
1
1
0.991207457088682
1
1
1
1
1
1
1
0.675268095322649
1
1
1
1
1
0.98883367096156
1
1
1
1
1
1
1
1
0.855568363365483
1
0.975623472832457
1
1
0.971413603897668
1
1
0.945916376057531
1
1
1
1
1
1
1
0.948371866359713
1
0.996472094939309
1
1
1
1
1
1
0.99451905787651
0.988990248908173
1
0.979836425996573
1
0.931543969370597
1
1
0.999585336606124
0.98321213778527
0.975684337548821
0.931097297584836
1
1
1
1
1
1
1
1
1
1
1
1
1
1
1
0.982609892775495
1
1
1
1
1
1
1
1
1
1
1
1
1
1
1
1
0.990827824254322
1
1
1
1
1
1
1
1
1
0.939704948416742
1
1
1
1
0.973559360253937
1
0.954228096823591
1
1
1
1
0.99723040261271
1
1
1
1
1
1
1
0.987105398236952
1
1
1
1
1
1
0.992138371341274
1
1
1
1
1
0.979421194163487
1
1
1
1
1
1
1
1
1
1
1
1
1
1
1
1
1
1
1
1
1
1
1
1
1
1
1
1
1
1
1
1
0.952262137387228
1
1
0.997323430331104
0.997800791824046
1
1
1
1
1
1
1
1
1
1
1
1
1
0.965412618626512
1
1
1
0.99451905787651
1
0.964185566410053
1
1
1
1
1
0.938920141551946
1
1
1
1
1
1
0.975684337548821
0.949086093870781
1
1
1
1
0.999761226969822
0.98051251686766
0.995496994626524
1
1
1
1
1
1
0.960916740263348
1
1
1
0.996226016052542
1
1
1
1
1
1
1
1
1
0.950976445847602
1
1
1
1
1
1
1
1
1
1
1
0.942628622528089
1
1
1
1
1
1
1
0.98051251686766
1
0.924869360232024
0.9996082131086
1
0.99954734389491
1
1
1
1
1
1
1
1
1
1
1
1
1
1
0.973120524556507
1
1
1
1
1
1
1
0.992138371341274
0.770689523958005
1
1
1
1
1
1
0.994641731047644
1
1
1
0.977007347957409
1
0.941949192540473
1
1
1
1
1
1
1
1
0.985329363316188
0.951921906160696
1
1
1
1
1
0.933785319946818
0.72449228157988
0.734986064488902
1
1
1
1
1
1
1
1
1
1
1
1
1
1
1
1
1
1
0.994656149141942
1
1
1
1
1
1
1
1
1
1
1
1
1
1
1
1
0.890281285065091
1
1
1
1
1
1
1
1
1
1
1
1
1
1
0.982760868249999
1
1
1
1
1
1
1
0.942577116570295
1
1
0.955491120880674
1
1
1
1
1
1
0.999562488990751
1
1
1
1
1
1
1
1
0.955878443238785
1
1
1
1
1
1
1
0.925475112497068
1
0.97340768484627
0.999520911223052
0.984855086538551
1
1
1
1
1
0.948202957741872
1
0.992138371341274
1
1
1
1
0.970060370875522
1
1
1
1
1
1
1
0.993560694687623
1
1
1
1
0.998551202010852
1
1
1
1
1
1
0.974504222998686
1
1
0.997753565482648
1
1
0.93243460860255
1
1
1
0.999877333346055
1
0.946549712169876
1
1
0.997587034097434
1
0.960219554423284
1
1
1
1
0.942577116570295
1
0.983865976202093
1
1
1
1
1
1
0.998334533365258
0.993882810104865
1
1
1
0.947124134937004
1
0.961520502958376
1
1
1
1
1
1
1
0.909997919542377
1
1
0.973559360253937
1
1
0.996253257886742
1
1
0.952821640242144
1
1
0.932762061365492
1
0.996253257886742
1
1
1
0.99955712807784
1
1
1
1
1
1
1
1
0.960295336065089
1
1
1
1
1
0.966435843663473
1
0.962655701195445
1
1
1
1
1
1
1
0.931344034874044
1
1
1
1
1
1
1
0.997139784707986
1
1
1
1
0.975073352413941
1
1
1
1
1
1
1
1
0.991207457088682
1
0.997550061991994
0.95894107305348
1
1
1
0.999897718978317
0.907332982209563
1
1
0.994182919877741
0.999830260381934
0.94787247224327
0.997139784707986
1
1
1
1
1
0.96491578238342
0.999753905807066
1
1
1
0.85638034013484
0.991207457088682
1
1
1
1
1
0.949086093870781
1
1
1
1
1
1
1
0.972903755508263
1
1
1
1
1
0.982609892775495
1
1
1
1
1
0.945765192140004
0.997720391545583
1
1
1
1
1
0.975778194819793
1
1
1
1
1
1
1
1
1
0.999673717364312
1
1
0.99985561639133
1
0.972217212792508
1
1
1
1
0.979898598406167
1
1
1
1
1
1
1
1
1
0.997642365508457
1
1
1
1
0.998355606916171
0.994336323064179
1
1
0.99828130907085
0.996024020234271
1
1
1
1
1
1
0.99955873190674
1
1
1
1
1
0.931097297584836
1
1
1
0.997233632448019
1
1
1
1
0.972480334371845
1
1
1
0.994811021961309
1
0.976101344578823
1
1
1
1
1
0.877328512296565
1
1
0.99954734389491
1
1
1
1
1
1
1
1
0.415629028559116
1
0.855568363365483
1
1
1
1
1
1
1
1
1
1
0.991354405597838
0.891451794000573
1
1
1
1
1
1
1
1
1
1
1
1
1
1
1
1
1
0.993127757568655
1
1
1
1
1
0.938040734783981
1
1
1
1
0.966435843663473
1
1
1
1
1
1
1
1
1
1
1
1
1
1
1
1
1
1
1
1
1
1
1
1
0.956845852668911
1
0.814308979240087
0.961891362190308
0.997413816760524
1
1
1
1
0.962390386988875
1
1
1
1
1
1
0.775492086172383
1
1
1
0.899879629921002
1
1
1
1
1
1
1
1
0.63670905459931
1
0.996873179510787
0.863658120800613
0.962494530614426
1
1
0.975040543118837
1
0.917857859758565
0.941375322277597
1
1
1
1
1
1
1
1
0.969380239591167
1
0.973120524556507
1
1
1
1
1
1
0.96162451469914
1
1
1
0.934531092960239
1
0.938920141551946
0.938040734783981
1
1
1
0.996204801541747
1
0.975778194819793
1
1
1
0.893280525940281
0.891451794000573
1
1
1
1
1
0.85405071909558
1
1
1
1
1
1
1
1
1
0.976101344578823
1
1
1
1
1
1
1
0.998334533365258
1
1
0.853217998703418
0.954449122445821
1
1
1
1
1
1
1
1
1
0.978871500492896
1
1
1
1
0.960702145817245
1
1
0.972784428071535
0.931680751353385
1
1
1
1
1
1
1
1
1
1
1
0.85405071909558
1
1
0.979638991463653
1
1
0.999563478246293
1
1
1
1
1
1
0.938783126873822
1
1
0.995646635274409
1
0.94317413887141
1
0.969490480729909
0.956845852668911
1
0.999761226969822
1
1
1
1
0.995783740334952
1
1
1
1
0.988247100723229
1
1
1
1
1
1
1
1
1
1
0.946520515662741
1
1
1
0.980667134616184
1
1
1
1
1
1
1
1
1
0.999708343189641
1
1
1
1
0.998551202010852
1
0.935489121135664
1
1
1
1
1
1
1
1
1
1
1
1
1
1
0.790003621434678
1
1
1
1
1
1
0.892687511179733
1
1
1
1
1
1
1
1
1
1
1
1
1
1
1
0.961533531096809
1
1
1
1
1
0.979375743546193
1
1
1
0.967343967058391
0.911718379705067
1
1
1
1
1
1
1
1
1
1
1
1
1
1
1
1
1
1
1
1
1
1
1
1
1
1
1
1
1
1
1
1
1
0.99954734389491
1
1
1
1
1
1
1
0.978871500492896
1
1
1
0.996951438339044
1
1
1
1
0.975684337548821
1
1
1
1
1
1
1
1
1
1
1
1
1
1
0.954457582929577
1
1
0.99708267513786
1
1
1
1
1
1
0.997165539706624
1
1
1
1
1
1
1
1
1
1
1
1
1
1
1
1
1
0.868172834162311
1
1
1
1
1
0.819287172404126
1
1
1
1
1
1
1
1
1
1
1
1
1
1
1
0.976382342536544
1
1
1
0.979018581901606
1
1
1
1
1
1
1
1
1
1
1
1
1
1
1
1
1
0.907247988185239
1
1
1
1
1
1
1
1
1
1
1
1
1
1
1
0.999673717364312
1
1
1
1
1
1
1
1
1
1
0.903417286239519
1
0.974153860134951
1
0.979682824948803
0.999844850083299
1
1
1
1
0.999796807154597
1
1
0.956845852668911
1
1
1
0.998412864152132
1
1
1
1
1
1
1
1
1
1
1
1
1
1
1
1
1
1
1
1
1
1
1
0.975133646539381
1
1
1
1
1
1
0.964740968223469
1
1
1
0.961395743822359
1
1
0.979412702875552
0.999844850083299
1
1
1
1
1
1
1
1
0.997753565482648
1
1
0.995813367496401
0.95894107305348
1
1
1
1
1
1
1
1
1
1
1
1
1
1
1
1
1
1
1
1
1
1
1
1
1
1
1
1
1
0.99985561639133
1
1
0.987670313117294
1
1
1
1
1
0.995128651520518
1
1
1
1
1
1
1
1
1
0.972784428071535
1
1
1
1
1
1
1
0.960916740263348
1
1
1
1
1
1
0.968193860541136
1
0.934531092960239
1
1
1
1
1
1
1
1
1
1
1
1
1
1
0.97755167875774
1
1
1
1
1
1
0.988076731894302
1
1
1
1
0.949086093870781
1
1
1
1
1
0.986753184739911
1
1
1
1
1
1
0.996472094939309
1
0.997587034097434
1
1
1
1
0.946549712169876
1
1
1
1
1
1
1
0.978253827787543
1
0.926858929195758
1
1
0.998551202010852
1
1
1
1
0.901434364738115
1
1
1
1
1
1
1
1
1
1
1
1
1
1
1
0.72206024328718
1
1
1
1
1
1
1
1
1
1
1
1
0.897701442837103
1
1
1
1
1
1
1
1
1
1
1
0.993123007251505
0.997184792815964
1
1
0.842236192743586
0.941949192540473
1
1
1
0.573374639127031
0.85405071909558
0.938825303548424
1
1
1
1
0.943502642934675
1
1
1
1
0.990827824254322
0.963728969727136
1
