x
1
1
1
0.996047261355143
1
1
1
1
1
1
0.986826539205442
1
1
0.9975206289255
1
1
0.996191973889615
1
0.991923048213219
1
1
1
1
1
1
1
0.952581140550063
1
1
1
0.99577794609665
0.959299268816654
0.996015808081116
1
0.987173059225836
0.854035847420327
1
0.996832011970781
1
1
1
0.802609376970072
0.998447476647177
1
1
1
1
0.848988900146981
1
1
0.981984666891903
1
1
0.975827108183065
1
1
1
1
1
1
1
0.994174134136381
1
0.988499734510513
1
0.917218504390523
1
0.985429086395561
1
1
1
0.995162567519777
1
1
1
1
1
1
1
0.988651162754029
1
1
1
1
1
1
1
1
1
1
1
1
1
0.994385419969028
1
1
0.991592730705006
1
0.975441114945787
1
1
0.989069894343127
1
1
1
1
0.740498774247774
1
1
1
1
0.933104893366088
1
1
1
1
1
1
1
1
1
0.993830161202797
0.98053538425932
0.995260455833752
1
1
0.844143227746378
0.88150554238288
1
0.771682226313879
1
1
1
1
1
1
0.958116724601672
1
1
1
1
1
0.992247707256794
0.996112106727233
0.970331154377394
1
1
1
1
1
1
1
1
0.993767725114203
1
1
1
1
1
1
1
1
1
1
1
1
0.997115694267133
1
0.998254882856802
1
1
0.99134581405065
1
1
1
0.9886165757373
1
1
0.983610699237942
1
1
0.990377837907785
0.994460509000078
1
1
1
1
0.997021791099903
1
1
1
1
1
0.970261498790999
0.991171404530614
1
0.993947376014916
1
0.990146343970718
1
0.86190310216972
1
0.997278633727258
1
0.996145230290076
1
0.992410088791234
1
1
1
1
1
1
1
1
1
0.996097000888661
0.987832781742002
1
1
0.952696031548253
1
1
1
1
1
0.993843020500241
1
1
1
0.996043380845858
1
1
0.986490486017167
0.99508349101443
1
1
1
0.977602327836045
1
1
1
1
1
1
1
0.972707124318709
1
1
1
1
1
1
0.981035405861394
1
1
1
1
1
1
0.924030395632862
1
1
1
0.996590359698697
0.995735651561714
1
1
1
1
1
1
1
0.994667356005823
0.974911125789304
1
1
0.99508349101443
0.979646416483855
1
1
0.998297273554762
1
1
1
1
1
1
0.978348709542823
1
1
1
1
0.985907018034819
1
1
1
1
1
1
1
1
0.88322484168107
1
1
1
1
1
1
1
1
1
1
1
1
1
1
0.996254215811422
1
0.997506750804332
1
0.993796433771111
1
1
0.996325957411745
1
1
1
0.991404786500883
1
1
1
1
1
1
1
1
1
1
1
0.99826162502231
1
1
1
0.998273841604399
1
0.998013243028506
1
1
1
0.982214000119231
1
1
1
0.997457207574337
1
1
1
1
1
0.991404786500883
1
1
1
1
1
0.98769794514843
1
1
1
0.975513827508175
1
0.963325578278169
1
1
1
1
1
1
1
1
0.748953932502966
1
1
1
1
1
1
1
1
1
0.981502475862111
1
0.993802529282349
1
1
1
1
1
1
1
1
1
1
1
0.996590359698697
0.671738884289043
1
1
0.963769324163621
1
1
1
1
1
1
0.925977743987752
1
1
1
1
1
1
1
1
1
1
1
1
1
1
1
0.997708781130793
1
1
0.971343198922799
0.985590390306387
1
0.988324981062824
1
0.995044634860457
1
0.991433536202349
1
1
1
1
1
1
1
0.983002888775469
1
1
1
1
1
1
1
1
1
1
1
1
1
0.95825046601288
1
0.962458749805956
1
1
1
1
1
1
1
0.982967835475291
1
1
0.998478528511181
1
1
0.998709763112713
1
1
0.999830159584306
1
1
1
1
0.953775619465902
1
0.959299268816654
1
1
1
1
0.994887536364606
1
1
1
1
0.989137951016023
1
1
1
1
1
1
1
0.861394493859507
0.982208119934174
1
0.96512732177692
0.998213493529155
1
0.92962381076927
1
1
1
1
1
0.999737412797308
0.999843201160515
1
1
1
0.921702334963507
0.990420960178711
1
1
1
1
1
1
1
1
0.999801136692104
1
1
1
1
1
1
1
1
0.989396881701122
1
1
0.997479349084114
1
1
0.969016014970071
1
1
1
1
1
0.914774511793058
1
0.99878256023771
1
1
0.976458083412252
0.976458083412252
1
1
1
1
0.983607989609303
1
0.999772903348602
0.999745873141417
1
1
1
1
1
0.998240534424592
1
1
0.971049169658882
1
1
1
0.981365121202793
1
1
0.981286320216022
1
1
1
1
1
1
0.999814983144222
1
1
1
1
1
0.931580232241052
0.941485191588006
1
1
1
1
1
1
1
1
1
1
1
0.990146343970718
1
1
1
1
1
1
1
1
1
1
1
0.953885018473101
1
1
1
0.995354855760894
1
1
0.96602747128506
1
1
1
1
1
1
1
1
1
1
1
0.978458539796713
1
1
1
1
1
1
1
1
1
1
1
1
1
0.994509542059903
0.984175577149832
1
1
1
1
1
0.996233289872768
1
1
1
1
1
1
0.99627191397884
1
1
0.95825046601288
1
1
1
0.993814764859657
1
1
0.889261306733345
1
1
1
1
0.998315715873404
1
1
1
1
1
1
1
1
0.976816436192056
1
0.996497453917971
0.989137951016023
1
0.949019901779751
1
0.991635399588146
1
1
1
0.961712482131629
1
1
1
1
1
1
1
1
1
1
1
1
1
1
1
0.993830161202797
1
0.995735651561714
1
0.874216637507175
0.99465295047169
1
1
1
1
1
1
0.991784399375255
1
1
1
1
0.962716101500576
0.998167142159574
1
1
1
1
1
0.986447061453937
1
1
1
1
0.993098726466167
1
1
0.992164577769827
1
1
1
1
0.999807394375823
1
0.985619763020056
1
0.992947120934917
1
0.989044681158126
1
1
1
1
0.920496779261734
0.995354855760894
0.99477795972587
1
1
1
1
1
1
1
1
1
1
1
1
0.994511882399973
1
1
0.978886846301153
1
1
1
1
1
0.998949759564439
1
1
0.982924423805375
1
1
1
1
1
1
1
1
1
0.994070453024826
1
1
0.978470895358695
1
0.996097000888661
0.996034103937453
1
0.996034103937453
1
1
1
0.998709763112713
1
1
1
0.997652778788074
1
1
1
1
1
1
1
1
1
0.910818439532981
1
1
1
1
1
0.978458539796713
1
1
1
0.993440375531963
1
1
1
1
1
0.973620754248134
0.999788492335859
1
1
1
0.9874730598084
1
1
1
1
1
1
1
1
1
0.998327714052634
0.996832011970781
1
1
1
1
1
1
1
1
1
1
0.989144852006759
1
1
1
1
0.999754791790083
1
1
1
1
0.960838397478129
1
1
1
1
1
0.994481699490684
1
1
1
1
0.99878256023771
1
0.988963400398324
1
1
0.997278633727258
1
1
1
1
0.988885425939211
1
1
1
1
0.983610699237942
1
1
1
1
1
1
1
1
1
1
0.992164577769827
0.952567236689854
1
1
0.999045467414919
1
1
0.949557246903208
1
1
0.998226310157224
0.987424698512664
0.969922242463228
1
1
1
1
1
1
1
1
1
1
0.991592730705006
0.972147758171072
1
1
0.99864341998995
1
0.979511758258153
1
0.994672696930672
1
1
1
0.982344297258288
1
1
1
1
1
0.998528212280382
1
1
1
1
1
1
0.949019901779751
0.964320090436021
1
1
0.994460509000078
1
1
1
1
1
0.986105886122757
0.996597968384065
1
1
1
1
1
0.960112325056253
1
1
1
1
1
1
1
1
0.999739552237563
1
1
1
1
0.98931148614351
1
1
0.976256630826862
1
1
1
0.969346173058156
0.949557246903208
0.996463594362695
1
1
1
1
1
1
0.997993287970031
1
1
1
1
1
1
1
1
0.996401676981807
0.996497453917971
1
0.947593347017353
1
1
1
1
0.998285336480472
1
1
1
1
1
0.992410088791234
1
1
1
1
1
1
1
1
0.986791043248427
1
1
1
1
1
1
1
1
0.992787446928645
0.992787446928645
1
1
1
1
1
1
1
0.914774511793058
1
1
1
0.998949759564439
1
1
1
1
0.985324859717134
1
0.944100476261901
1
1
1
1
1
1
1
0.984998857961508
1
1
1
1
0.996406986408217
1
0.996064852497095
1
0.997115694267133
1
0.964855343288367
1
0.999737412797308
1
1
1
1
1
1
1
1
1
1
1
0.991635399588146
1
0.999737957599925
1
1
1
1
1
1
1
1
1
1
1
1
0.996832011970781
1
1
1
1
1
1
1
1
1
1
1
0.998244188234126
1
1
1
1
1
1
1
1
1
0.99508349101443
1
0.999510644692289
1
1
0.979646416483855
1
1
0.996325957411745
1
1
1
1
1
0.986160346896621
1
1
1
0.998232683345146
1
1
0.996034103937453
1
1
1
1
1
1
1
1
1
1
1
0.99613947747896
1
0.503944643937786
1
1
1
1
1
1
1
0.990827591757222
1
1
1
1
1
1
0.97198795626421
1
1
1
0.981112534899158
1
1
1
0.996064852497095
0.999766209908314
0.986888276505686
1
1
1
1
1
1
1
1
1
1
1
1
1
1
0.943547587145236
0.994174134136381
1
1
0.990470261229487
1
1
1
1
1
1
1
1
1
0.983598500952031
1
1
1
1
1
1
1
1
1
1
1
1
1
1
1
1
1
1
1
1
1
1
1
1
1
0.998232683345146
1
1
1
1
1
1
1
1
1
1
0.88322484168107
1
1
0.996590359698697
1
0.552311710352771
1
0.683311367707738
1
0.986105886122757
1
1
1
1
1
1
1
0.999807394375823
1
1
1
1
1
1
1
0.996317294006203
1
1
1
1
1
1
1
0.992164577769827
1
1
1
1
1
1
0.921702334963507
0.9874730598084
1
0.994127581592554
1
1
1
0.986220872395343
0.998285336480472
1
0.943062246584513
1
1
1
0.986160346896621
0.997748563188782
1
1
0.99097080981889
1
1
1
0.953188891549951
1
1
1
1
1
1
1
0.993108063876061
1
1
0.90565645912482
1
0.992451168530272
1
1
1
1
1
1
1
1
1
0.974911125789304
1
1
0.998091701876484
1
1
1
1
1
0.931268715486742
1
1
1
1
1
0.985324859717134
1
1
1
1
1
1
1
0.99508349101443
1
1
1
1
1
1
1
1
0.970980858181594
1
0.998559052343311
1
1
1
0.973622332405267
1
0.996233289872768
1
1
0.989590068501402
0.999772903348602
1
1
1
1
1
1
1
1
1
0.921702334963507
1
1
0.992825804874326
1
1
1
1
1
0.995034761325626
1
0.975513827508175
1
1
1
1
0.99508349101443
1
1
1
1
1
1
1
1
1
1
1
1
1
0.993814764859657
1
0.998559052343311
1
1
1
1
1
0.998108882417632
1
0.983607989609303
1
1
1
1
1
1
1
1
1
1
1
1
1
0.993509197725312
1
1
0.981839168818703
1
0.9975206289255
1
1
0.97721300239214
1
1
1
1
0.999742379153751
1
1
1
1
1
1
0.989755382859398
1
1
1
1
1
0.766644458704995
1
1
1
1
1
1
0.998315715873404
1
0.985786220911105
0.996325957411745
1
1
0.489851329982516
0.960112325056253
1
1
1
1
1
0.927945661493354
0.967610855539634
1
0.991368588430119
0.960503653714602
0.998862354848386
1
1
1
0.996047261355143
1
1
1
1
1
1
0.996191973889615
1
1
1
1
1
1
1
1
0.858612609745781
1
1
1
1
0.981244337444757
1
0.981244337444757
1
0.985786220911105
0.988686460820521
1
1
0.997115694267133
1
1
0.997866888486442
1
1
1
1
1
1
0.996658360991187
0.999510644692289
1
1
1
1
1
0.991599161760113
0.997681922805696
1
0.998230951457124
1
1
0.998226310157224
1
0.991579013859852
0.997903705543059
1
1
1
1
0.999113591157742
1
1
1
0.999735983935316
1
1
1
1
1
1
1
1
0.97198795626421
1
1
1
1
1
0.993212716367549
1
0.963604596497201
1
0.953188891549951
1
1
0.992644947977068
0.991592730705006
1
0.99738078902396
1
1
1
0.999830159584306
1
1
1
0.998433647886518
1
1
1
1
1
1
0.736619659096047
1
0.98677572869334
1
1
1
1
1
1
1
1
1
1
1
1
0.993947376014916
0.91964571706018
0.956186419201539
1
1
1
0.995416480774833
1
0.932680927628446
1
0.970816128495178
1
1
1
1
1
1
0.91964571706018
0.999830159584306
1
1
1
1
1
0.986826539205442
0.998232683345146
1
1
1
1
1
0.964705954846396
0.998226811157783
0.998315715873404
0.987595712932965
0.955696860814387
1
1
1
1
1
0.994842025034471
1
1
1
1
1
1
1
0.994367489740202
1
0.957499046242192
1
0.997822320227698
1
1
0.994992472844214
0.99746161172265
1
1
1
1
1
1
0.935907586558099
0.994460509000078
1
1
1
0.998230951457124
1
1
1
1
1
1
0.997652778788074
1
1
1
1
1
1
0.989069894343127
1
0.998862354848386
1
1
1
1
1
1
1
1
0.989137951016023
1
1
1
1
1
1
1
0.999045467414919
1
1
0.998398354736121
1
1
1
0.995332620419121
0.998254882856802
1
0.998865165294614
1
0.989590068501402
1
0.997021791099903
0.982967835475291
1
1
0.977602327836045
1
1
1
1
1
1
1
1
1
1
1
1
1
1
1
1
1
1
0.977045758660515
0.969518188979328
1
1
1
1
1
1
0.998327714052634
0.989328705452515
1
1
1
1
1
1
1
0.996677479188501
1
1
1
1
1
0.98815727150304
1
0.999780313490855
1
1
0.921702334963507
1
1
1
1
1
1
1
1
1
1
1
1
1
0.975505421245508
0.998273841604399
1
1
0.992612275092829
1
1
1
0.999745873141417
1
1
1
1
1
1
1
0.996043380845858
1
1
1
1
1
1
1
1
0.992612275092829
0.99477795972587
1
1
0.976307953466964
1
1
1
0.994460509000078
1
1
1
0.999041565720301
1
1
1
1
1
1
1
1
1
1
1
0.998317949553829
1
1
1
1
1
0.970435208324041
1
1
0.990205172822685
1
1
1
1
1
1
1
1
1
1
1
1
0.99632257721832
0.989853615791898
0.977587267528674
0.991784399375255
1
0.989044681158126
1
1
1
1
1
0.978047810253434
1
1
1
1
0.882033323326054
1
0.998559052343311
1
1
1
1
1
1
1
0.959529528214129
1
0.993780098148234
0.99632257721832
0.981112534899158
1
1
1
1
0.964320090436021
0.910818439532981
1
1
1
1
1
1
0.985267331716983
1
1
1
1
1
1
1
1
0.989069894343127
0.98854138831709
1
0.981286320216022
0.9975206289255
1
1
0.977587267528674
1
0.994748566296201
0.935929321533936
1
1
1
1
1
1
1
1
1
0.996967179466185
1
1
1
1
0.956547516731007
1
1
1
1
1
1
1
1
0.976021264448809
1
1
0.99465295047169
1
1
1
1
0.999797497759721
1
0.999754215058303
0.999766209908314
1
1
0.993880658270119
1
1
1
1
1
0.994557068846968
0.995735651561714
1
1
1
1
1
1
1
1
1
0.997444530551743
0.962363973079829
1
0.992451168530272
1
1
0.998709763112713
1
1
1
1
1
1
1
1
1
0.980720403196164
1
1
1
0.9874730598084
1
1
1
1
1
1
0.994174134136381
1
1
0.985077879071521
1
0.995183988041731
1
1
0.974515473293234
1
1
0.997681922805696
0.999737412797308
1
1
1
1
1
1
1
1
1
0.995354855760894
1
0.99878256023771
1
1
1
0.998172265592965
1
1
1
1
1
0.998447476647177
1
1
0.967695612085547
1
0.996597968384065
1
0.998559052343311
1
1
0.958296079345648
0.991987241535354
0.996165230653298
0.96512732177692
1
1
1
1
0.99452338974865
1
1
1
1
0.960112325056253
0.988494622608753
1
1
1
1
1
1
1
0.977848230200859
0.998357082644835
1
1
1
1
1
1
1
1
1
1
1
1
1
1
1
1
1
1
1
1
1
1
1
1
1
1
1
1
1
1
1
1
1
1
1
1
0.99739503186208
1
1
0.957175558997016
1
1
1
1
1
1
1
0.988061886196686
1
1
1
1
1
1
1
0.992024460542255
1
1
1
1
1
1
1
0.983607989609303
1
1
1
1
0.983230429352709
0.994511882399973
0.959944873335581
1
1
0.983504902924789
0.947474275744196
0.99258244104178
0.999510644692289
1
1
0.999830578909786
1
0.982558847605264
0.989137951016023
1
1
1
1
1
1
1
1
1
1
1
1
1
1
1
1
1
1
1
1
1
1
1
0.999750016086244
1
1
1
1
1
0.977776520462776
0.961404755562477
1
0.960892249277438
1
1
1
0.977600987394765
1
1
1
1
1
1
1
1
1
1
1
1
1
1
1
1
1
1
0.99487871219196
0.900331741088907
0.974515473293234
1
1
0.98769794514843
1
1
1
1
0.999780313490855
1
1
1
1
1
1
1
1
1
1
1
0.999739552237563
1
1
1
1
1
1
1
1
1
1
0.998433647886518
1
1
1
1
1
1
1
1
1
0.99632257721832
1
0.994866547017411
1
0.986888276505686
1
1
1
0.993987825088893
0.999605884528305
1
0.999001414927235
1
1
1
1
1
1
1
0.996254215811422
1
1
1
1
0.99864341998995
0.996325957411745
1
1
0.962034072153581
0.985786220911105
1
1
0.991486006571965
1
1
1
1
1
1
1
1
0.994748566296201
1
0.988686460820521
1
1
1
1
1
1
1
1
1
1
1
1
1
1
1
1
0.926066542407465
1
0.981112534899158
1
0.999735983935316
0.993094309750947
1
1
1
1
1
1
1
0.983607989609303
1
1
1
1
1
1
0.996709229193054
1
0.920496779261734
1
0.998327714052634
1
1
1
1
1
0.983610699237942
0.999830159584306
0.995119441042722
1
1
1
1
0.997832201335491
1
0.98997160255781
0.996097000888661
1
1
1
1
1
1
0.998232683345146
1
1
1
1
1
1
1
1
1
1
0.991619200746807
0.90565645912482
1
1
1
1
0.99465295047169
1
1
1
1
1
1
1
0.998244188234126
1
1
1
1
1
1
1
1
0.993780098148234
1
0.998357082644835
1
1
1
1
1
1
1
1
1
1
1
1
0.989623337042546
1
0.990343083967193
1
1
1
1
1
0.996317294006203
0.748953932502966
1
0.992229383031218
1
0.996254215811422
0.993947376014916
1
1
1
1
1
0.991987241535354
1
0.999760946552966
0.994509542059903
1
1
1
1
1
1
1
0.993880658270119
1
1
1
1
0.98188307389304
1
1
0.974515473293234
1
1
1
1
1
1
0.969121094177428
1
0.910818439532981
1
1
1
1
1
1
1
1
1
1
1
1
1
1
1
1
1
1
1
0.999913910700737
1
1
0.99878256023771
1
1
1
0.987104300039424
0.996047261355143
1
1
1
1
1
1
1
1
1
1
1
1
0.996254215811422
1
1
1
1
1
1
1
0.970261498790999
1
1
1
0.997822320227698
1
1
1
1
1
1
1
1
1
1
1
1
1
0.998495867803582
0.9975206289255
0.99738078902396
0.991652657370809
1
1
0.992126221581311
1
0.999754215058303
0.979646416483855
1
1
1
1
1
1
1
0.970816128495178
0.949557246903208
0.886287637365596
1
1
1
1
1
1
1
0.986826539205442
1
0.9975206289255
1
1
1
1
1
1
0.994094717205321
1
1
1
0.973028916187736
1
1
1
1
0.997426375999055
1
1
1
1
1
0.950736359247976
1
1
1
1
1
0.992825804874326
0.960112325056253
1
1
0.999750016086244
1
1
1
1
1
1
1
0.982136707770974
1
0.993796433771111
1
1
1
1
1
1
1
0.974713234525387
1
1
1
1
1
1
1
1
1
1
1
0.991980654773983
1
1
1
1
1
0.986151026241298
1
1
1
1
0.991693950026168
1
0.981370983247604
1
1
1
1
1
0.99010359565009
1
1
1
0.999801136692104
0.995354855760894
1
1
1
1
1
1
1
1
1
1
1
1
1
1
0.976684829575425
1
1
1
0.952251695023126
0.994901723962391
1
1
1
1
1
1
1
1
1
0.989069894343127
1
1
1
1
1
1
1
1
1
1
0.998949759564439
1
1
1
1
1
1
1
1
1
1
1
1
1
1
1
1
1
1
0.998514033728293
1
1
0.98931148614351
0.994866547017411
1
1
1
1
1
1
0.998327714052634
1
1
1
1
1
1
0.948888510395532
0.996736862857476
1
1
1
1
0.902975453744014
1
1
1
0.962185128942323
0.994224546538803
1
1
0.997708781130793
0.999737412797308
1
1
1
1
1
1
1
0.9975682058025
1
1
1
1
1
1
1
1
1
1
0.993947376014916
1
1
1
1
1
1
0.997621937547967
0.987668196144647
1
0.998199656920728
1
0.932680927628446
0.996497453917971
0.939223097093126
1
0.994460509000078
1
1
1
1
0.99632257721832
0.998949759564439
1
1
1
1
1
0.949557246903208
1
1
0.998982422406519
0.998213493529155
0.998478528511181
1
1
1
0.995008501059668
1
1
1
1
1
1
1
0.970261498790999
1
1
0.989353953763318
1
1
1
1
1
0.996463594362695
0.976526981836417
1
0.986447061453937
1
1
1
1
0.901774501298348
0.855011096433874
1
1
0.952937617156316
1
1
0.953546575339629
1
1
1
0.99627191397884
1
1
1
1
1
1
1
1
1
0.999744093168314
1
1
1
1
1
0.996015808081116
1
1
1
1
1
0.992362537576628
1
1
1
0.996838302293054
0.964069583134689
1
1
1
0.995854425408296
1
1
1
1
1
0.99465295047169
0.998667814534501
0.931559834690916
1
0.58312793334478
0.689928143030859
1
1
1
1
1
1
0.998393256841952
0.988963400398324
0.999788492335859
0.960838397478129
0.975410141069716
1
1
1
1
1
1
1
0.921702334963507
1
1
1
1
1
1
1
1
1
1
1
1
1
1
0.991980654773983
1
1
1
1
1
0.992787446928645
1
1
1
1
1
0.9874730598084
1
0.996325957411745
0.999735366603172
1
1
1
1
1
1
0.987874463906947
1
1
1
1
1
0.997229555426724
1
1
0.989353953763318
1
1
1
1
0.976816436192056
1
1
1
0.881903959472767
1
1
1
0.972010453670574
0.992015610796724
1
1
1
0.999605884528305
1
1
1
1
1
0.988686460820521
1
1
1
0.988730514692131
1
1
1
1
1
1
1
1
0.97375177747987
1
1
1
1
0.999843201160515
0.982558847605264
1
0.919817077857167
1
1
1
1
1
0.998199656920728
1
0.994460509000078
0.940220474261078
1
0.999745873141417
0.999260071267875
1
1
1
1
1
1
1
0.907518796595473
1
1
0.997035789916017
1
1
0.985267331716983
1
1
0.952937617156316
1
1
1
0.992126221581311
0.980917519101005
1
1
1
1
1
1
1
1
1
1
1
0.991635399588146
0.99151908339336
1
1
1
0.980291934031388
1
1
1
1
0.98603056356255
1
1
1
1
1
1
0.985907018034819
0.998393256841952
1
1
1
1
1
1
1
1
1
1
1
1
1
1
0.991652657370809
1
1
1
1
1
1
1
1
1
1
1
1
0.987668196144647
1
1
1
1
0.999772903348602
1
1
1
1
1
1
0.953359717815731
0.973028916187736
1
1
0.993802529282349
1
1
1
1
1
0.990146343970718
1
1
1
1
1
1
0.999744093168314
1
1
0.956547516731007
1
1
1
1
1
1
0.99613947747896
1
1
1
1
1
1
1
1
0.941281383788257
1
1
1
1
0.993830161202797
1
1
1
1
1
1
1
1
1
1
0.986945024948606
1
0.991348272441334
1
0.996325957411745
1
1
1
1
0.994487154552866
1
1
1
1
0.998199656920728
0.999843201160515
0.99632257721832
1
1
1
0.77868755431611
1
1
1
0.992947120934917
1
1
1
1
1
1
1
0.993904385231501
1
1
1
1
1
1
0.991832955490441
1
1
0.999760946552966
1
0.985865862956963
1
1
1
1
1
0.951066056679392
1
0.995588582669635
1
1
1
0.980725927794239
0.981244337444757
1
1
1
1
0.960112523129298
1
1
1
1
0.986160346896621
1
1
0.987010752927893
0.991983606741906
1
1
1
1
1
1
1
1
1
1
0.994557068846968
1
1
1
1
1
1
0.981984666891903
0.998357082644835
1
0.910818439532981
1
1
1
1
1
1
1
1
0.998315715873404
1
1
1
1
0.837174822900818
1
1
1
0.985559035676558
1
0.994238968130451
1
1
0.985077879071521
1
1
1
1
1
1
0.998514033728293
0.99134581405065
1
1
1
1
1
1
1
0.994481699490684
1
1
1
1
1
1
1
1
1
1
0.982282872198329
1
1
1
0.994842025034471
1
1
1
0.982918978698849
1
0.889261306733345
1
0.996967179466185
1
1
1
1
1
1
0.88150554238288
1
1
1
1
0.888828159790364
1
1
1
1
1
1
1
1
0.994224546538803
1
1
1
0.996317294006203
0.978898366061369
1
1
1
1
1
0.99258244104178
0.99477795972587
1
1
1
0.991220806231494
1
1
1
1
1
1
1
1
1
1
1
1
1
0.981901437237057
1
1
0.999788492335859
1
0.999735291902535
0.976526981836417
1
1
1
1
1
1
1
1
1
1
1
1
1
1
1
1
0.998199656920728
1
1
0.998528212280382
0.588993939093504
0.982214000119231
1
1
0.999760186307404
1
1
1
1
0.992126221581311
1
0.952961875865227
1
1
1
0.970435208324041
1
1
1
0.997531821259609
0.99878256023771
1
1
1
1
1
1
1
0.985267331716983
1
0.996073039132605
0.980790677795941
1
0.976021264448809
1
1
1
0.957063758438402
1
1
1
1
0.977776520462776
1
1
0.991486006571965
1
1
0.955583958191822
1
1
0.997115694267133
1
1
1
1
1
1
0.951066056679392
1
1
1
1
1
1
0.991980654773983
0.576501995265453
0.998447476647177
1
1
1
1
1
1
1
0.794514819527973
0.985304335768008
0.917937862946393
0.996736862857476
1
1
1
1
1
0.999780313490855
0.991987241535354
0.940518933281781
1
1
1
0.998949759564439
1
1
1
1
1
1
1
1
1
1
0.969346173058156
1
1
1
1
0.987104300039424
1
1
0.916243563374866
1
0.961404755562477
1
0.994842025034471
0.994174134136381
1
1
1
1
1
1
1
1
1
1
1
1
0.998478528511181
0.982558847605264
1
1
1
0.998528212280382
1
0.970261498790999
1
1
1
0.991592730705006
1
1
1
1
1
1
1
1
1
0.997621937547967
0.999745873141417
0.997748563188782
0.971049169658882
1
1
1
1
0.990434237396454
0.987283635704435
1
1
1
1
1
1
1
1
1
1
1
1
1
1
1
1
1
1
1
0.978622527019687
1
1
1
1
1
1
1
1
1
0.998559052343311
0.988686460820521
1
1
1
1
1
0.999754215058303
0.994667356005823
1
1
1
1
1
0.948669867590461
0.998760632185452
1
1
1
1
1
1
0.997531821259609
1
1
1
1
1
0.996015808081116
1
1
1
1
0.991447689353189
1
0.996406986408217
1
1
1
1
1
0.988061886196686
1
1
1
1
0.989144852006759
1
1
1
1
1
0.969374602286347
1
0.947593347017353
1
1
1
0.996658360991187
1
1
1
0.986888276505686
1
1
1
1
1
1
1
1
1
1
1
0.989590068501402
1
1
1
1
1
1
1
0.853374454330331
1
1
1
1
0.998357082644835
1
0.981901437237057
0.986182796146186
1
1
1
1
1
1
1
0.91964571706018
0.916243563374866
1
0.939510065481889
0.989396881701122
1
1
1
1
1
1
1
1
0.994672696930672
1
1
1
0.999742379153751
1
1
1
1
1
1
1
0.996097000888661
0.913790320650693
1
1
1
1
1
0.989755382859398
1
1
0.994127581592554
1
1
1
0.999750016086244
0.950736359247976
1
1
1
1
1
1
1
1
1
1
1
1
1
1
1
1
1
1
1
1
0.989144852006759
0.988061886196686
1
1
0.991592730705006
0.974515473293234
1
0.997652778788074
1
1
1
1
0.98931148614351
1
1
0.970261498790999
1
1
1
1
1
1
1
1
0.981244337444757
1
1
1
1
1
1
1
1
1
1
0.999814983144222
1
0.999807394375823
1
1
1
0.999830578909786
1
1
0.991923048213219
1
1
0.998357082644835
1
1
0.99613947747896
1
1
1
1
1
1
1
1
0.996317294006203
1
1
1
1
1
0.970036745836691
1
1
1
1
1
1
1
1
1
0.992247707256794
1
1
1
1
1
1
1
1
1
1
1
0.984998857961508
0.961794389651113
1
1
0.997278633727258
0.994467079913918
1
1
0.957499046242192
1
1
1
1
1
1
1
1
0.997278633727258
1
0.942796528200329
1
1
1
1
1
0.985027756629801
1
1
0.999760186307404
1
1
0.952696031548253
0.999857483009607
1
1
0.934659218235365
1
1
0.960838397478129
1
1
1
1
1
1
1
0.964320090436021
1
1
0.986490486017167
1
1
1
1
1
1
1
0.989755382859398
1
1
1
1
1
1
1
0.928613236392269
1
1
1
0.999737957599925
1
1
1
0.996213889210556
1
1
1
1
1
1
1
1
1
1
0.997903705543059
1
0.919451788462511
1
1
1
0.969518188979328
1
1
0.998172265592965
1
1
1
1
1
0.992126221581311
1
1
1
0.997457207574337
1
1
0.992612275092829
1
1
1
1
1
1
1
1
1
1
1
0.996736862857476
1
1
1
0.998433647886518
1
1
1
0.997506750804332
1
1
1
0.977993891101318
1
1
1
0.960838397478129
1
1
1
1
1
1
1
1
1
1
1
1
1
1
1
1
1
1
0.982924423805375
0.961393518525664
1
1
1
1
0.963186436028094
0.995034761325626
1
1
1
1
1
0.997115694267133
0.995246912674526
1
1
1
1
0.98202339218355
1
1
1
1
0.976458083412252
0.979646416483855
0.982160916248464
1
1
1
1
0.996590359698697
1
0.992229383031218
1
1
1
1
0.996967179466185
0.983201638285139
1
0.991830207860879
1
0.999045467414919
0.978458539796713
1
0.993780098148234
1
1
1
0.989353953763318
0.998230951457124
1
1
1
1
0.994127581592554
1
0.987682395426061
1
1
1
1
1
1
1
1
1
1
1
0.985559035676558
0.994240247568147
0.977267451601496
1
1
1
0.99577794609665
1
1
1
1
1
1
1
0.994842025034471
0.996047261355143
0.991599161760113
0.997383363114274
0.797791288432049
1
1
1
1
1
1
1
0.996437187293353
1
1
1
1
1
0.974515473293234
1
1
1
1
0.998226811157783
1
1
1
0.945093158686943
1
0.990827591757222
1
1
1
1
1
1
1
1
1
1
1
1
1
1
1
0.63436742081056
1
1
0.994224546538803
1
1
1
1
1
1
1
0.992787446928645
1
1
1
1
1
1
0.831173046874239
1
1
1
1
1
1
1
0.989951980073162
1
1
1
0.996597968384065
0.997426375999055
1
1
0.98948243810129
1
0.925025509566703
0.985016431735206
1
0.986220872395343
0.996254215811422
1
1
0.996254215811422
0.991220806231494
0.998232683345146
0.992126221581311
0.989853615791898
1
1
1
1
1
1
1
1
0.997416356333453
1
0.982967835475291
1
1
1
1
1
0.984642779337228
1
1
0.990431530751431
1
1
1
1
1
0.998447476647177
1
0.997457207574337
1
1
0.994367489740202
1
0.997115694267133
1
1
1
1
1
1
1
1
1
0.99627191397884
0.914774511793058
1
1
0.92461704396353
1
1
1
1
1
1
1
1
1
1
1
0.979672263474366
0.978458539796713
1
1
0.999809508849082
1
1
1
1
1
0.991089165844599
0.992787446928645
1
1
1
1
1
0.992451168530272
1
1
0.998949759564439
0.991980654773983
0.938527232637306
0.999830159584306
1
1
1
0.982967835475291
0.991220806231494
1
1
1
1
1
1
0.976283650385776
1
1
0.98931148614351
1
1
1
0.999772903348602
1
1
1
1
1
1
1
0.949557246903208
1
1
0.942580749166103
1
1
1
1
0.992229383031218
1
1
1
1
1
1
0.990146343970718
0.942238124108526
1
1
1
1
1
1
0.990455333292703
0.89500153880648
0.997652778788074
1
1
1
1
1
1
1
1
0.997562460679663
1
1
1
1
1
1
0.935929321533936
1
1
1
1
1
1
1
0.972340140879927
1
1
1
1
1
0.982009520275432
1
1
1
0.998528212280382
1
0.914774511793058
0.991220806231494
1
1
1
1
1
1
0.998226811157783
1
1
1
0.992612275092829
1
1
0.97375177747987
1
0.98854138831709
1
0.976458083412252
0.990381291483274
0.998585856495307
0.952696031548253
1
1
1
1
1
1
1
1
1
1
0.987010752927893
1
1
1
1
1
1
0.966832788662577
1
1
0.999735291902535
1
1
1
1
0.997866888486442
1
0.978458539796713
1
1
0.941485191588006
1
1
1
1
1
1
1
0.964082880757029
0.970177734118577
1
1
1
0.988499734510513
1
1
1
1
1
1
0.916267634522964
1
1
0.993094309750947
1
1
1
0.994887536364606
1
1
1
1
0.947593347017353
1
1
1
1
1
1
1
1
1
1
1
1
1
0.97122165071498
0.990964901656545
1
1
1
1
1
0.998433647886518
1
0.975624639257485
1
1
0.993830161202797
1
1
0.996073039132605
1
1
1
0.985628953959376
1
1
0.998327714052634
1
1
0.987173059225836
1
1
1
1
0.994667356005823
1
1
1
0.990431530751431
0.993767725114203
1
1
1
1
1
1
0.996709229193054
1
1
1
1
1
1
1
1
1
1
1
1
1
1
1
1
1
1
0.983607989609303
1
1
1
1
1
1
1
1
1
0.836470491417225
1
1
1
0.996967179466185
1
1
1
1
1
1
1
1
1
0.996709229193054
0.842485184950077
1
0.988592697998903
0.993094309750947
1
1
1
1
1
1
1
0.986849176707184
0.994174134136381
0.9169895007264
1
1
1
1
1
0.98769794514843
1
0.993987825088893
1
1
1
1
1
1
1
1
1
1
1
1
1
1
0.981035405861394
0.983598500952031
1
1
1
1
1
1
1
1
1
1
1
1
0.998862354848386
1
1
1
0.967026216199891
0.999830159584306
0.988885425939211
1
1
1
1
0.994127581592554
1
1
1
1
1
1
0.985907018034819
1
0.972010453670574
1
1
0.992024460542255
0.985016431735206
0.999772903348602
0.997748563188782
0.998583047071641
0.986740148484921
1
1
1
1
1
1
1
1
0.970816128495178
0.992126221581311
1
1
0.985429086395561
0.990431530751431
1
1
1
1
1
0.992189565793421
1
1
1
1
1
1
1
1
1
1
0.999148689080804
1
1
1
1
1
1
1
1
1
1
1
1
1
1
1
0.985429086395561
1
1
1
1
0.998862354848386
0.998085507518007
1
1
0.985429086395561
1
1
0.997866888486442
0.999045467414919
1
1
0.993714428531559
1
1
1
1
1
1
1
0.981286320216022
0.994174134136381
1
1
1
1
1
1
1
1
1
1
0.962983245856111
1
1
1
1
1
1
1
1
1
1
0.994468658045824
1
1
1
1
1
1
0.980480349788468
1
1
1
0.989069894343127
1
1
0.985176069302264
1
1
0.996658360991187
1
1
0.998317949553829
1
1
1
1
1
1
1
1
1
1
1
1
1
1
1
1
1
0.996317294006203
1
1
1
1
1
0.99151908339336
1
1
1
1
1
1
1
1
1
1
1
1
0.996191973889615
1
1
1
1
1
0.999971547229508
1
1
1
1
1
1
1
1
0.998244188234126
0.982118358330861
0.994467079913918
1
0.990827591757222
1
1
0.996677479188501
1
1
1
1
1
1
1
1
0.99465295047169
0.992825804874326
0.99508349101443
1
1
1
1
1
1
1
1
1
1
1
0.981901437237057
1
1
1
1
0.99508349101443
0.99738078902396
1
1
1
0.994672696930672
1
1
1
1
0.566911973255518
0.988963400398324
1
1
1
0.996597968384065
1
0.998528212280382
0.993880658270119
0.986160346896621
0.997652778788074
1
1
1
0.982136707770974
1
1
1
0.99878256023771
1
1
0.98948243810129
1
1
0.991619200746807
0.998398354736121
1
1
1
1
1
1
1
1
1
1
1
1
1
1
1
1
1
1
1
1
1
1
0.99832505690238
1
1
1
1
1
1
1
1
0.932812550995005
0.991968279556516
1
1
1
1
1
1
1
1
1
1
1
1
1
0.981217855340039
1
1
1
1
1
1
1
1
1
1
0.998230951457124
1
1
0.962363973079829
0.99632257721832
1
1
0.962363973079829
0.959944873335581
1
1
1
0.932680927628446
1
1
1
1
1
0.993440375531963
0.993904385231501
1
1
0.996254215811422
0.955043752216681
0.991980654773983
1
1
0.801688305685034
0.959944873335581
0.997652778788074
1
1
1
1
0.99134581405065
1
0.999750016086244
1
0.988592697998903
1
1
1
0.956547516731007
1
1
1
1
0.994509542059903
1
1
1
1
1
1
1
0.970005634869365
1
1
1
0.977470519218416
1
1
1
1
1
1
1
1
1
0.925072659947289
1
1
1
1
1
1
0.99832505690238
0.995735651561714
0.88150554238288
1
1
1
1
0.983217133263756
1
1
1
1
0.883590115456641
1
0.983913292613463
1
1
0.873878231313235
0.985865862956963
0.998949759564439
1
1
0.808132777688626
0.957396508536317
1
0.999736242166266
1
0.811604230934059
0.883299309990817
1
1
1
0.999045467414919
1
1
1
1
1
1
0.997278633727258
1
1
1
1
0.92962381076927
1
0.89176031769176
1
0.709533576568845
1
1
1
0.821644600144592
0.968955047147433
0.706760392459326
1
1
1
1
1
1
0.999780313490855
1
1
0.997374635253627
1
1
1
1
1
1
0.993947376014916
1
0.964855343288367
1
1
1
0.984642779337228
1
1
0.971049169658882
0.992644947977068
1
0.985304335768008
1
1
1
1
1
0.868907811774631
1
1
1
0.953775619465902
1
0.996838914983422
1
1
1
1
1
1
1
1
1
0.998393256841952
1
1
1
1
1
1
1
1
1
0.992410088791234
1
0.999830159584306
1
1
1
0.986945024948606
1
1
1
1
1
1
1
1
1
1
1
1
0.953063208861894
1
0.923602371435508
1
1
1
1
1
1
1
1
1
1
1
1
0.994481699490684
0.979646416483855
1
1
1
1
1
0.95686369006767
1
1
1
1
0.974515473293234
0.997621937547967
0.981984666891903
1
1
1
0.941281383788257
1
1
1
1
1
1
1
1
1
1
1
1
1
1
1
1
0.994367489740202
1
1
1
1
1
1
1
1
1
1
0.988499734510513
1
1
0.994127581592554
1
1
1
1
1
0.991987241535354
0.996497453917971
1
1
0.991980654773983
1
1
1
1
1
1
1
1
1
1
0.998353215153947
1
0.975360350630448
1
1
0.99577794609665
1
1
0.941286946657651
1
1
1
1
1
1
1
1
1
1
1
0.736619659096047
1
1
1
1
1
1
1
0.989137951016023
1
1
1
1
1
1
0.99878256023771
1
1
1
1
1
1
0.699077812002697
0.993830161202797
1
0.99258244104178
1
1
1
1
1
1
0.996658360991187
1
1
1
1
1
1
1
1
1
0.991309140757708
0.997479349084114
1
1
1
1
1
1
0.991171404530614
1
1
0.986826539205442
1
1
1
1
1
1
0.98815727150304
1
0.985907018034819
1
1
1
1
0.99878256023771
1
1
1
1
1
0.994127581592554
1
1
1
1
1
1
0.991368588430119
1
1
1
1
1
1
0.996233289872768
1
1
1
1
1
1
1
1
1
1
1
1
1
1
1
1
0.97271643798591
1
1
1
1
0.998273841604399
1
0.99632257721832
1
0.999766209908314
1
1
1
0.999778198775258
0.997479349084114
0.99832505690238
1
1
1
1
1
1
1
1
1
0.996233289872768
1
1
0.949564232166537
1
1
1
1
1
1
1
0.915583542786295
0.987668196144647
1
0.999739552237563
1
1
1
1
0.997832201335491
1
1
1
0.970816128495178
1
1
1
1
1
1
1
1
1
1
1
1
1
1
1
1
1
1
1
1
1
1
1
1
1
1
1
1
0.986490486017167
1
1
0.996597968384065
1
1
1
1
0.998862354848386
1
0.994481699490684
1
1
0.993389823561163
1
1
1
1
1
1
1
0.878416183103434
0.993780098148234
0.998583047071641
1
0.997115694267133
1
0.935907586558099
1
1
1
0.99739503186208
1
1
1
1
1
1
1
1
1
1
0.956348533885501
1
1
1
1
0.985429086395561
1
1
0.981365121202793
1
1
1
1
1
1
1
1
1
1
1
1
1
1
1
1
1
1
1
1
1
1
1
1
1
1
0.570207804919616
1
1
1
1
0.99613947747896
1
1
1
0.999001414927235
1
1
1
1
1
1
1
1
1
1
1
1
1
1
1
0.88150554238288
0.996497453917971
1
1
1
1
0.996658360991187
1
1
1
1
0.974515473293234
1
1
0.996043380845858
0.992612275092829
1
1
0.963186436028094
1
1
1
1
1
0.956186419201539
1
1
1
0.949557246903208
0.989137951016023
1
1
1
1
1
0.994127581592554
0.810829011561261
1
1
1
0.991592730705006
1
1
1
1
1
0.998297273554762
1
0.997444530551743
1
1
1
1
0.981035405861394
0.989853615791898
1
1
0.983610699237942
1
0.995354855760894
1
0.983610699237942
1
1
1
1
1
0.991572202352605
1
1
1
1
1
1
1
0.998583047071641
1
1
1
1
0.976816436192056
1
1
1
0.883590115456641
1
1
1
1
1
1
1
0.998315715873404
1
1
1
1
1
1
1
1
1
1
1
1
1
0.986138846425469
1
1
1
0.988494622608753
1
1
0.994224546538803
1
1
0.998433647886518
0.981365121202793
0.991832955490441
1
0.967026216199891
0.961602745953744
1
1
1
1
0.997681922805696
1
1
1
0.996497453917971
0.988574778202273
0.932680927628446
0.93992152023883
0.991652657370809
1
0.941281383788257
1
1
1
1
1
1
1
1
1
1
1
1
1
0.999748623174851
1
0.989951980073162
1
1
1
0.994509542059903
1
1
1
1
0.98815727150304
0.989144852006759
1
1
1
1
1
1
1
1
1
1
1
1
1
1
0.881996788140887
1
0.925327984924067
1
1
1
1
1
0.994842025034471
1
0.835387203768739
1
1
0.997832201335491
1
1
1
1
1
1
1
1
1
1
0.997993287970031
1
0.958296079345648
1
1
1
0.959944873335581
0.998357082644835
1
1
0.964082880757029
1
0.994667356005823
1
1
1
1
1
1
1
1
1
1
1
1
1
1
1
1
1
1
1
1
1
1
0.981112534899158
1
0.995119441042722
0.998254882856802
1
1
1
0.994509542059903
1
0.985027756629801
1
1
1
1
1
0.988651162754029
0.980720403196164
1
1
1
1
1
1
1
1
1
1
1
1
1
1
0.979672263474366
1
0.993796433771111
0.988885425939211
1
1
1
1
1
0.9975206289255
1
1
0.989069894343127
1
1
1
1
0.989693382533753
0.986138846425469
1
1
1
1
0.983610699237942
1
0.989569457236593
0.944621008793363
0.99738078902396
1
1
0.991923048213219
1
1
1
0.992612275092829
1
1
1
1
1
0.991693950026168
1
1
0.996015808081116
1
1
1
1
1
1
1
1
1
0.994224546538803
1
1
1
1
1
1
0.993830161202797
0.999807394375823
1
1
1
0.981179156511083
1
0.993094309750947
1
1
0.992825804874326
1
0.934442696302827
1
1
1
1
1
1
1
1
1
1
1
1
1
1
0.99738078902396
1
1
1
1
1
0.931268715486742
0.986447061453937
1
1
0.965002042657909
1
1
1
1
1
1
1
1
1
1
1
1
1
1
1
0.987173059225836
1
0.982169165891968
0.9975682058025
1
1
1
1
1
1
0.576501995265453
1
1
1
1
1
1
1
0.960892249277438
1
0.997457207574337
1
1
1
1
1
0.999801136692104
0.993389823561163
1
0.994240247568147
0.989590068501402
1
1
1
1
1
1
1
1
0.997903705543059
1
0.99508349101443
1
1
1
1
1
1
0.962458749805956
1
1
1
0.964855343288367
1
1
1
1
1
1
1
1
1
0.999735983935316
1
0.98815727150304
1
1
1
0.96512980036985
1
0.996034103937453
0.970879552956339
1
1
0.970325276968602
1
0.921702334963507
1
0.993780098148234
1
1
0.974515473293234
1
1
0.94153562368328
1
1
1
1
1
0.999830159584306
1
1
1
1
1
1
1
0.997373890603693
1
1
1
1
1
1
0.993814764859657
1
1
1
1
1
1
1
1
1
1
1
1
1
1
1
1
0.995371963720336
1
1
1
1
1
1
1
1
1
1
0.994367489740202
1
1
0.829339979913506
0.989069894343127
1
1
0.985144886814599
1
1
1
1
1
1
1
0.977600987394765
0.991652657370809
1
1
1
1
1
1
1
1
1
1
1
1
0.850738660198671
1
1
1
1
1
1
1
1
0.970331154377394
0.978458539796713
1
1
1
1
0.986447061453937
1
1
1
1
1
0.996165230653298
1
1
1
1
1
1
1
1
0.994240247568147
1
1
0.992164577769827
1
1
1
1
1
1
1
1
1
1
1
1
1
1
1
1
0.99565864659676
1
1
1
1
1
0.978458539796713
1
1
1
0.968955047147433
1
1
1
0.996967179466185
1
0.998213493529155
1
1
1
1
0.989144852006759
1
1
1
1
1
0.978598643347353
1
1
0.995044634860457
1
1
1
1
1
0.977314027972407
1
0.986160346896621
1
1
1
1
1
1
1
1
1
0.9874730598084
1
0.980917519101005
0.994792182364841
1
1
1
1
1
1
1
1
1
1
1
0.98815727150304
1
1
1
1
1
1
0.989137951016023
1
1
1
0.992787446928645
1
1
0.998230951457124
0.997866888486442
1
1
0.974387772411702
1
1
1
1
1
1
0.985144886814599
0.994842025034471
0.990205172822685
1
1
1
1
1
1
1
1
1
1
0.703212730992914
1
1
1
1
0.999001414927235
1
1
1
1
0.963186436028094
1
1
1
1
1
1
0.987711295163351
0.995735651561714
1
1
0.993833906209942
1
1
0.998167142159574
0.935500736527225
0.993389823561163
1
0.949557246903208
1
1
1
1
1
1
1
1
0.987173059225836
1
0.934406776585838
1
1
1
1
1
1
1
1
1
1
1
1
0.973622332405267
1
1
1
1
1
1
1
1
1
1
1
0.801929979066645
1
0.995246912674526
1
1
1
0.984041344992562
0.998244188234126
1
1
1
1
1
1
1
0.998172265592965
1
1
1
1
1
1
1
1
1
1
1
1
0.983740122657414
1
1
1
0.992410088791234
1
1
1
0.94035949504275
1
1
1
1
0.993830161202797
1
0.995246912674526
1
1
1
1
1
1
1
1
1
1
1
1
1
0.983230429352709
1
1
1
1
1
1
1
1
0.998949759564439
1
0.984342765102185
1
1
1
1
1
1
1
1
1
0.998226310157224
1
1
1
1
0.985429086395561
0.939195143398956
1
1
1
1
1
1
1
0.989069894343127
1
1
1
0.998226310157224
1
1
1
1
1
1
1
1
1
1
1
1
0.978898366061369
1
1
1
1
1
1
1
1
1
1
1
1
1
0.998240534424592
1
0.991987241535354
1
0.978047810253434
0.998226310157224
1
1
0.998407077076765
1
1
1
1
0.997903705543059
1
1
1
1
0.997652778788074
0.982879041069138
1
0.996191973889615
1
0.994690524932141
1
1
1
1
0.997993287970031
1
1
1
1
1
1
1
1
1
1
1
0.999410920062704
1
1
1
1
0.982967835475291
0.951066056679392
1
1
1
0.965209608134688
1
1
1
1
1
1
1
1
0.992947120934917
1
0.999735291902535
1
1
1
0.960838397478129
1
1
0.985027756629801
1
1
1
1
0.949656074073449
1
1
0.99613947747896
1
1
1
1
1
1
1
1
1
1
1
1
0.997903705543059
1
1
0.985527141472075
1
1
1
0.997229555426724
1
1
1
0.991806561800917
1
0.997531821259609
1
1
0.994224546538803
0.51638030835863
1
0.953188891549951
1
0.997479349084114
1
1
0.987475124059006
0.963769324163621
1
1
0.987104300039424
1
1
1
1
1
1
0.950736359247976
1
1
1
1
1
1
1
0.97622554174679
0.943170420342638
0.93992152023883
0.946729989433111
1
0.988503009031291
1
1
0.980720403196164
1
1
0.98202339218355
1
1
1
1
1
1
1
1
1
1
1
0.991309140757708
1
1
1
1
0.947593347017353
0.998254882856802
1
1
0.99097080981889
1
1
1
1
1
1
1
0.900838497020029
1
1
1
1
1
1
1
1
1
1
1
1
1
1
1
1
1
0.816859758277222
0.999830159584306
1
0.999754791790083
0.966832788662577
1
0.976816436192056
1
0.974515473293234
1
1
1
1
1
1
1
1
1
0.998226811157783
1
1
1
1
1
1
1
1
0.995260455833752
1
1
1
1
0.999735291902535
1
1
1
1
1
1
0.999754791790083
1
1
1
1
0.991404786500883
0.953188891549951
1
1
1
1
1
1
1
1
1
1
1
1
0.885036021092698
0.963646341294591
0.998091701876484
1
1
1
1
1
1
1
0.998273841604399
0.976094537978395
1
1
1
1
1
1
1
1
0.996032981371673
1
1
1
1
1
1
1
1
1
1
1
1
1
0.932184027222755
0.996406986408217
1
0.994367489740202
1
1
0.998019263780036
0.998297273554762
1
1
1
0.98854138831709
1
1
1
1
1
1
0.954979879540859
1
1
1
1
1
1
1
1
1
1
0.999788492335859
1
1
1
1
1
1
1
1
1
1
1
1
1
0.959944873335581
1
1
1
1
1
1
1
0.932138709221472
1
0.914774511793058
0.986160346896621
0.99632257721832
1
1
1
1
1
0.984642779337228
0.989353953763318
0.985176069302264
0.96963874223809
1
0.969016014970071
1
0.991404786500883
1
1
0.983230429352709
1
1
1
1
1
1
1
1
1
1
1
1
1
1
1
0.996325957411745
1
0.981365121202793
0.997822320227698
1
0.997681922805696
0.998244188234126
1
1
1
0.996015808081116
1
1
0.978348709542823
1
1
1
1
1
1
1
0.998583047071641
1
1
1
1
1
1
1
1
1
1
1
1
1
1
0.993987825088893
0.940546658746904
1
1
1
1
1
1
1
1
1
1
1
0.994367489740202
1
1
1
1
1
1
1
1
1
1
0.991377086452058
1
1
1
1
1
0.996838302293054
1
1
1
1
1
0.988530069302064
1
1
1
1
0.993767725114203
1
0.99094339731358
1
0.989137951016023
1
1
1
1
1
1
1
1
1
1
1
1
1
0.996418405039319
1
1
1
1
1
1
1
1
1
1
1
1
1
0.994509542059903
1
1
0.923716779467794
1
0.997903705543059
1
1
1
1
1
1
0.996597968384065
0.94035949504275
1
1
1
1
1
1
1
0.976307953466964
1
1
1
0.988499734510513
1
1
1
1
1
1
0.992126221581311
1
0.993767725114203
1
1
0.999754215058303
1
0.998709763112713
1
1
1
1
0.986012976080714
1
1
0.981112534899158
0.990431530751431
0.982967835475291
1
0.992229383031218
0.998583047071641
0.998862354848386
1
0.993714428531559
0.981365121202793
1
1
1
1
1
1
1
1
1
0.987595712932965
1
1
1
1
1
1
1
1
1
1
0.995246912674526
1
1
1
1
1
1
0.998226310157224
1
1
1
1
1
1
0.984642779337228
0.991693950026168
0.960112325056253
1
1
0.997278633727258
1
1
0.998240534424592
1
1
1
1
1
1
1
1
1
1
1
1
1
1
1
0.997373890603693
1
0.996097000888661
1
1
0.978047810253434
0.998514033728293
1
1
0.983172516515874
1
1
1
1
1
1
1
1
1
0.999001414927235
1
1
1
1
1
1
1
0.99878256023771
1
1
1
0.987192290784123
1
1
1
1
1
0.905276344452195
1
0.804235193617824
1
0.999742379153751
0.998240534424592
0.999766209908314
1
1
1
1
0.999113591157742
1
1
1
1
1
0.99864341998995
0.99826162502231
1
1
1
0.994029828164041
1
1
1
1
1
1
1
1
1
1
1
1
0.576501995265453
1
0.996233289872768
1
1
1
1
1
1
1
1
1
0.993880658270119
1
1
0.988574778202273
1
1
1
1
1
1
0.949557246903208
1
1
1
1
1
1
1
0.991987241535354
1
1
1
1
1
1
1
1
1
1
1
1
1
1
1
0.982967835475291
1
1
1
1
1
0.994029828164041
1
1
1
0.991980654773983
0.996325957411745
1
1
0.998285336480472
1
1
1
1
1
0.998230951457124
1
0.991923048213219
1
1
1
0.994070453024826
1
1
0.994367489740202
1
1
0.993780098148234
0.991987241535354
0.96900704909236
1
1
1
1
0.992431178830999
1
1
1
1
1
1
1
1
0.995985890339956
0.953188891549951
1
0.994487154552866
1
1
1
1
1
1
1
1
1
1
0.998297273554762
0.99739503186208
1
1
1
1
1
0.990827591757222
1
0.985404478232167
1
0.985786220911105
1
1
1
1
0.992612275092829
0.981179156511083
1
1
0.998285336480472
0.989137951016023
1
1
1
1
1
1
1
1
0.991923048213219
0.978598643347353
0.969016014970071
1
1
1
0.949557246903208
1
1
1
1
1
1
1
1
1
1
1
1
1
1
0.988781911703425
0.990205172822685
0.952581140550063
0.999001414927235
1
0.997197984370187
1
0.9874730598084
0.982614907711556
1
0.981502475862111
0.997035789916017
0.917024409216801
1
1
1
0.996097000888661
0.989137951016023
1
0.958118991046506
1
0.997400462237726
1
0.980790677795941
1
1
1
1
1
1
1
1
1
1
1
1
1
1
0.994748566296201
1
0.981244337444757
1
0.998393256841952
1
1
1
0.999045467414919
1
0.994511882399973
0.998273841604399
1
0.969684485629162
0.98603056356255
1
1
1
1
1
0.998528212280382
0.997416356333453
1
1
1
1
1
1
1
0.939510065481889
0.999735366603172
1
1
1
1
1
1
1
1
1
0.998495867803582
0.993843020500241
1
1
1
1
1
1
1
1
1
1
1
1
1
0.999735366603172
0.965209608134688
1
1
1
1
0.877062653131105
1
1
1
1
1
1
0.996112106727233
1
1
1
0.992644947977068
1
1
1
1
1
1
1
1
1
0.999510644692289
1
1
1
1
0.909941042398972
1
1
1
0.986791043248427
1
1
1
1
0.991652657370809
1
1
1
0.995479982215678
0.901493817408929
1
1
0.970261498790999
1
1
1
0.997374635253627
0.998559052343311
1
1
1
1
0.935907586558099
1
0.992787446928645
1
0.9685970210265
0.995354855760894
1
1
0.995416480774833
1
1
1
1
1
1
1
1
1
0.996097000888661
1
1
0.972340140879927
0.992164577769827
1
1
1
1
1
1
1
1
1
1
1
0.914774511793058
1
1
1
0.60389794949963
1
1
1
1
1
1
1
1
0.998226310157224
1
1
1
1
0.923115424230569
0.989951980073162
1
1
1
1
1
1
1
0.965920029092905
1
1
1
0.997993287970031
1
1
1
1
0.981244337444757
0.976021264448809
1
1
1
0.999807394375823
1
1
1
1
1
1
1
1
1
1
1
1
1
1
0.999807394375823
0.959299268816654
1
1
1
0.987668196144647
1
1
0.988574778202273
1
1
1
0.993389823561163
1
1
1
1
1
1
1
1
1
0.959944873335581
1
1
1
1
1
1
0.998297273554762
1
1
1
1
1
1
1
1
1
1
1
1
1
0.996709229193054
1
1
1
1
1
1
1
1
0.996073039132605
0.983176327533763
1
1
1
0.99826162502231
1
1
1
0.999780313490855
1
1
1
1
1
0.992612275092829
1
1
1
1
1
1
0.99746161172265
1
0.994842025034471
1
0.994070453024826
1
1
0.994511882399973
1
0.988686460820521
1
1
1
1
1
1
1
1
1
1
1
0.999045467414919
1
1
1
1
1
1
1
1
1
1
1
1
1
1
1
0.99832505690238
0.925977743987752
0.9975206289255
0.831173046874239
1
1
1
1
1
1
0.959944873335581
1
1
1
1
1
1
1
1
0.999750016086244
1
1
1
1
0.998226310157224
1
1
1
1
1
1
1
1
1
0.991171404530614
1
1
1
0.974416516031795
1
1
1
0.98662385255951
1
1
1
1
1
1
1
1
1
0.992504411141072
1
0.989069894343127
0.994385419969028
1
1
0.946799682413512
0.975430934152747
1
1
1
1
0.99864341998995
1
1
1
1
1
0.992126221581311
0.933229769940942
1
0.99577794609665
1
1
1
1
0.839752109458295
1
0.992226242582977
1
0.980725927794239
0.996233289872768
1
1
1
1
1
0.994481699490684
1
1
1
1
1
1
1
1
1
1
1
1
1
1
1
1
1
1
0.921702334963507
1
0.991348272441334
1
1
1
0.999780313490855
1
1
0.841926157525373
1
1
1
1
1
0.993830161202797
1
1
1
1
1
1
1
1
1
1
0.994511882399973
1
1
0.961602745953744
1
0.981365121202793
0.839025215937116
1
0.956186419201539
1
0.997866888486442
1
1
1
1
1
1
1
1
1
0.988055875620812
1
1
1
1
0.996047261355143
0.987595712932965
1
1
1
1
0.999735366603172
1
0.994616763246691
1
1
1
1
1
1
1
0.999766209908314
1
1
1
1
0.974515473293234
1
1
1
1
1
1
1
1
1
1
1
1
1
1
0.991348272441334
1
1
1
1
1
1
1
1
0.961393518525664
1
1
1
0.993802529282349
1
1
1
1
0.99988951212892
1
1
1
0.998398354736121
0.962458749805956
1
1
1
1
1
1
0.947593347017353
1
1
1
1
0.982337467395824
1
0.981365121202793
1
0.982009520275432
0.990964901656545
1
1
1
1
1
0.980725927794239
1
1
1
0.994509542059903
1
1
1
1
1
1
1
0.995687313934312
1
1
1
0.998240534424592
0.971049169658882
1
1
1
1
1
1
1
1
1
0.963186436028094
1
0.959944873335581
1
1
1
1
1
1
1
1
1
1
1
1
1
1
1
0.996191973889615
0.996832011970781
1
1
0.92461704396353
1
1
0.991980654773983
1
1
1
1
1
1
1
1
0.971049169658882
1
1
1
1
0.998393256841952
1
1
1
1
0.993767725114203
0.99258244104178
1
1
1
0.952567236689854
0.996213889210556
1
0.997278633727258
1
1
0.995119441042722
1
1
0.992612275092829
1
1
1
1
0.941156853361483
1
1
0.999807394375823
1
0.998199656920728
1
1
1
1
0.98769794514843
0.997621937547967
1
0.985865862956963
1
1
0.998589251723442
1
1
1
1
1
0.976458083412252
1
1
0.998317949553829
1
1
1
1
0.997562460679663
1
1
1
1
1
1
1
1
1
1
1
0.972340140879927
1
1
1
1
1
1
1
0.960838397478129
1
0.934442696302827
1
1
0.997374635253627
0.985144886814599
1
1
0.998297273554762
1
0.998226811157783
1
1
1
1
1
1
1
0.990470261229487
1
1
1
1
0.976283650385776
0.998478528511181
1
1
0.981827554069111
1
1
1
1
0.988523682684946
0.982160916248464
1
0.985023480138739
1
1
1
1
1
0.992247707256794
0.680466786567393
0.910584275828616
1
1
1
1
1
1
1
1
0.991171404530614
1
0.980720403196164
1
1
1
1
0.970435208324041
1
1
1
1
0.737110913665464
1
1
1
1
1
1
1
1
0.999735366603172
1
1
0.985907018034819
0.981109714133497
1
0.991014668199004
1
1
1
1
1
1
0.859721785976923
1
0.77868755431611
0.956547516731007
1
0.994367489740202
1
0.99832211518833
0.982118358330861
1
1
0.999001414927235
0.90544578832406
0.996897286955596
1
1
1
1
1
0.980422684166322
1
1
1
1
0.993094309750947
1
1
0.975624639257485
1
0.994509542059903
0.995416480774833
1
0.98931148614351
1
1
1
1
1
1
1
1
1
0.996073039132605
0.998244188234126
1
1
1
1
1
1
1
1
0.992247707256794
1
1
1
1
1
1
1
1
1
1
1
1
1
0.976307953466964
1
1
1
1
1
0.953775619465902
1
0.981827554069111
1
1
0.989144852006759
1
1
1
1
0.970331154377394
0.920496779261734
1
1
1
1
0.985023480138739
1
0.995246912674526
0.992164577769827
1
0.996034103937453
0.996832011970781
1
1
1
1
1
1
0.992504411141072
1
1
1
1
0.998273841604399
1
1
0.99487871219196
1
1
1
1
1
1
1
1
1
1
1
1
1
0.997822320227698
0.994367489740202
1
0.980440988719439
1
1
1
1
1
1
1
1
1
1
1
1
1
0.986888276505686
1
0.979511758258153
0.993780098148234
1
1
1
1
1
1
0.992410088791234
1
1
1
0.998862354848386
1
1
0.970816128495178
1
1
1
1
1
0.998317949553829
1
1
1
1
1
1
1
1
1
1
0.986888276505686
1
1
0.986160346896621
1
1
1
1
1
1
1
1
0.994385419969028
0.991923048213219
1
1
1
1
1
1
0.996406986408217
1
1
1
1
1
0.980771581681514
0.991652657370809
1
1
1
1
1
1
1
0.996497453917971
0.994094717205321
1
1
1
1
1
1
1
1
1
1
1
1
1
1
0.994557068846968
1
1
0.986849176707184
0.970261498790999
0.993108063876061
1
1
1
1
1
1
1
1
1
1
1
1
0.950736359247976
1
1
0.952016741402667
1
0.989755382859398
1
1
1
1
0.996254215811422
1
1
1
1
1
1
1
1
1
1
1
1
1
1
1
0.998357082644835
1
1
1
1
0.964292029736636
1
1
1
0.994690524932141
0.996832011970781
0.979672263474366
1
1
0.990146343970718
1
1
0.99864341998995
0.971049169658882
1
0.888828159790364
1
1
1
1
1
0.998254882856802
0.994667356005823
0.987104300039424
1
1
1
1
1
1
0.963186436028094
1
1
1
1
1
0.99653796338305
1
1
1
1
1
0.998585856495307
1
1
0.703212730992914
1
0.994578298975407
0.994460509000078
1
1
1
1
1
1
1
1
0.943967323565322
1
1
0.993904385231501
1
1
0.912281246091169
1
1
1
1
1
1
0.991368588430119
1
1
1
1
0.831173046874239
1
1
1
1
1
0.991377086452058
0.990205172822685
1
1
0.89442745422254
1
1
0.998254882856802
1
1
1
1
1
0.968955047147433
1
0.994509542059903
1
0.985023480138739
1
1
1
1
1
1
1
1
1
1
1
0.999737957599925
0.977602327836045
1
0.965965226466389
1
1
0.991033640866739
0.99258244104178
1
1
0.955958000987498
1
1
0.992229383031218
0.986826539205442
1
1
1
1
0.999045467414919
1
1
1
1
0.99577794609665
1
0.964855343288367
1
0.990146343970718
1
1
1
1
1
1
1
0.995371963720336
0.968955047147433
1
0.970775031089892
0.99487871219196
1
1
1
1
0.970261498790999
1
0.679814467252789
1
1
0.978348709542823
1
1
1
1
1
0.995479982215678
1
0.998297273554762
0.999735366603172
1
1
1
1
1
0.920045199332474
1
1
1
1
1
0.999423515989659
0.889261306733345
1
1
1
1
1
1
0.996597968384065
1
0.992164577769827
1
1
1
0.99508349101443
1
1
1
1
1
1
1
1
1
1
1
0.991652657370809
0.996097000888661
0.99832505690238
1
1
1
0.995479982215678
1
0.911742552078416
1
1
1
1
1
1
1
1
0.984041344992562
1
1
1
0.900838497020029
0.996317294006203
1
1
1
1
1
1
1
1
0.975922224703587
1
1
1
1
1
1
1
1
1
1
1
1
1
1
1
0.995246912674526
0.993781861496139
0.708807749265889
1
1
1
1
0.994509542059903
1
1
1
0.988963400398324
0.985144886814599
1
1
1
1
0.997866888486442
0.998199656920728
1
1
1
1
1
0.99452338974865
1
1
0.996233289872768
1
1
1
1
1
0.923115424230569
1
0.999737957599925
1
1
1
1
1
0.995416480774833
1
1
1
1
1
0.990420960178711
0.999772903348602
1
0.994094717205321
1
1
0.953775619465902
0.801929979066645
1
1
1
1
1
1
1
1
1
0.999736242166266
1
1
1
1
1
1
1
1
1
0.99738078902396
0.898196232868451
1
1
0.998709763112713
0.941281383788257
1
0.857551376626297
0.988686460820521
1
1
0.980720403196164
1
1
1
0.990146343970718
1
1
1
0.999744093168314
0.986849176707184
0.999736242166266
1
1
1
1
1
1
0.978500188125131
0.993843020500241
1
0.965209608134688
1
1
0.999742379153751
1
0.994029828164041
1
1
1
0.838180887507141
1
1
1
1
1
1
1
1
1
1
1
0.996064852497095
1
1
1
1
1
1
1
0.991089165844599
0.999830159584306
1
1
1
0.976418097474311
1
1
1
1
1
0.997866888486442
1
0.667936082906361
1
1
0.990381291483274
0.94273789818322
1
1
1
1
1
1
0.969518188979328
1
0.966720213831276
0.993947376014916
0.998353215153947
0.996590359698697
1
1
1
0.982282872198329
0.994887536364606
1
1
1
1
1
1
1
1
1
1
1
0.99477795972587
1
1
0.999754791790083
0.944510965631361
0.991368588430119
1
0.99508349101443
1
0.990431530751431
1
1
0.969518188979328
0.901774501298348
1
1
0.998862354848386
0.967219889057372
0.943967323565322
1
1
1
1
1
1
1
1
1
0.942088353669004
1
0.963041418359422
1
1
1
1
1
1
1
1
0.998433647886518
1
0.995260455833752
1
1
1
1
1
1
1
1
1
1
0.982879041069138
1
1
1
1
1
1
1
1
0.994992472844214
1
1
1
0.99738078902396
1
0.998451735236046
1
1
1
1
1
1
1
1
0.985063096804185
0.994887536364606
1
0.991433536202349
1
1
1
1
1
1
0.940546658746904
1
1
1
1
0.999001414927235
1
0.831173046874239
1
0.992229383031218
1
0.999772903348602
1
1
1
0.991987241535354
1
1
0.996497453917971
0.940546658746904
1
1
1
0.99559739739558
1
1
0.997903705543059
1
1
1
0.995735651561714
1
0.999768907395172
0.960838397478129
1
1
0.977470519218416
0.985016431735206
0.997866888486442
0.991980654773983
0.989353953763318
1
0.996418405039319
1
0.998447476647177
1
1
1
1
1
1
0.996418405039319
1
1
1
1
1
0.995354855760894
1
1
1
1
1
1
1
1
1
1
1
1
1
1
1
0.995479982215678
1
0.99452338974865
0.994174134136381
1
1
1
1
1
1
0.998709763112713
1
1
0.99974055754737
1
1
1
0.679814467252789
1
1
1
1
1
1
0.953359717815731
1
1
1
1
1
1
0.991635399588146
1
1
1
1
1
1
1
1
1
1
1
1
1
0.987595712932965
1
1
1
1
0.999754791790083
1
0.941156853361483
1
1
1
1
1
1
0.978886846301153
1
1
0.991652657370809
1
1
1
1
1
0.983607989609303
0.997457207574337
1
1
1
1
1
1
0.983610699237942
1
0.957523846440848
0.987475124059006
1
1
0.995354855760894
1
1
1
1
1
1
1
0.988651162754029
1
1
1
1
1
1
0.998398354736121
1
1
1
0.979511758258153
1
1
1
1
0.99627191397884
1
1
1
1
1
1
1
1
0.992015610796724
1
0.916243563374866
1
1
1
1
0.993224401920488
1
1
1
1
1
1
0.997021791099903
1
1
1
1
1
1
0.993440375531963
0.998327714052634
1
1
1
0.964855343288367
1
1
0.968955047147433
1
1
1
1
1
0.988963400398324
0.948324733387409
1
1
1
1
1
1
1
1
1
0.994842025034471
1
0.994992472844214
1
0.996590359698697
1
1
0.982400480634987
0.993780098148234
1
1
1
1
1
1
1
1
1
1
1
1
0.996145230290076
1
1
1
1
0.994029828164041
1
1
1
1
0.985304335768008
1
1
1
1
0.957184008539695
1
1
1
1
1
1
1
0.987832781742002
0.940546658746904
1
1
1
0.991368588430119
1
1
1
1
1
0.986160346896621
1
1
1
0.991592730705006
1
1
0.991014668199004
1
1
1
1
0.978458539796713
1
1
0.998172265592965
1
1
1
0.99577794609665
0.862014249119095
1
1
1
1
1
0.999510644692289
0.97375177747987
1
1
1
0.982879041069138
1
1
1
0.991635399588146
1
1
1
0.996967179466185
1
1
1
1
1
1
1
1
0.897340055482591
0.981370983247604
1
1
1
1
0.989069894343127
1
0.984041344992562
1
0.985628953959376
1
1
0.994224546538803
1
1
1
1
1
0.917865945602641
1
1
1
1
1
0.982967835475291
1
1
1
1
1
1
1
1
1
1
1
1
0.99097080981889
1
1
1
0.994367489740202
1
1
1
1
0.995479982215678
1
1
1
1
1
1
1
1
1
1
0.886468015644629
1
1
1
1
1
0.998585856495307
1
1
1
0.986105886122757
1
0.983885745571719
1
1
1
0.993714428531559
0.988494622608753
1
1
0.992126221581311
1
1
1
1
1
1
1
1
1
1
1
1
1
1
1
1
1
0.980790677795941
1
1
1
1
1
1
1
1
1
1
1
1
1
1
1
0.951066056679392
0.995985890339956
1
1
1
1
0.888720978377469
1
1
1
1
1
0.874283359318938
1
1
1
1
0.991486006571965
1
0.994070453024826
1
1
1
1
1
1
1
0.983495943596764
1
1
1
1
1
1
0.985590390306387
1
1
1
0.996736862857476
0.997621937547967
0.952937617156316
1
0.949019901779751
0.989069894343127
1
1
0.876302446127436
1
1
1
1
1
1
1
0.991592730705006
1
1
1
1
0.998393256841952
1
1
1
0.991415608915951
1
1
1
1
1
1
1
1
1
1
0.976816436192056
1
1
1
1
0.999801136692104
1
1
1
1
1
1
1
1
1
1
1
1
1
1
1
1
1
1
1
1
1
1
0.996406986408217
1
1
0.972010453670574
1
1
1
1
1
1
0.983217133263756
1
1
1
1
1
0.988085761811593
0.962392929835756
1
1
0.998346830268175
1
1
1
0.910818439532981
1
0.994224546538803
1
0.998232683345146
1
1
1
1
1
1
1
1
1
1
0.991572202352605
1
0.999736242166266
1
1
0.987740835780869
1
1
1
0.99258244104178
0.999797497759721
0.972010453670574
0.974515473293234
1
0.996325957411745
1
1
1
1
1
1
1
1
1
0.996325957411745
1
1
1
0.980771581681514
1
1
1
1
1
1
1
1
1
1
0.986888276505686
0.978898366061369
1
1
1
1
1
1
1
1
1
1
1
1
1
1
1
1
1
1
1
0.998949759564439
1
0.99097080981889
1
0.99878256023771
1
0.996590359698697
1
1
1
1
1
1
1
1
1
0.999001414927235
1
1
1
1
1
0.947593347017353
1
1
1
1
0.999780313490855
0.920496779261734
1
1
1
1
1
1
0.994992472844214
1
1
1
1
1
1
1
0.991368588430119
1
1
1
1
1
1
1
1
1
1
1
1
1
1
1
1
1
1
1
1
1
1
1
0.997457207574337
0.999814983144222
1
1
1
1
1
1
1
1
1
1
1
1
1
1
1
1
1
1
1
0.999766209908314
1
1
0.994887536364606
1
1
1
0.998514033728293
0.954979879540859
1
1
1
1
1
1
1
1
1
1
1
1
1
1
1
0.982585384933222
0.797791288432049
1
1
1
1
1
0.992612275092829
1
0.996590359698697
1
0.991415608915951
0.997866888486442
0.985324859717134
1
0.920496779261734
1
1
1
1
1
0.999778198775258
1
1
1
1
1
0.969684485629162
0.996658360991187
1
1
1
1
1
0.989137951016023
0.997652778788074
0.99522483656151
0.962392929835756
1
1
1
1
0.828877518828451
1
1
1
1
0.998528212280382
1
0.981365121202793
1
0.996967179466185
1
1
1
0.977587267528674
1
1
1
1
1
1
0.988810331994563
1
1
1
0.680466786567393
1
1
1
1
0.991652657370809
1
1
1
1
0.998254882856802
1
1
1
1
1
1
1
1
0.993814764859657
1
1
1
1
0.93994736667985
1
1
1
1
1
0.983230429352709
1
0.997822320227698
1
1
1
0.998357082644835
1
1
1
1
0.996736862857476
1
1
1
1
1
1
1
1
1
1
1
1
1
1
1
1
1
1
1
1
1
1
1
1
1
0.964855343288367
1
1
0.975827108183065
0.992612275092829
1
1
1
1
1
1
1
1
1
0.994467079913918
1
0.996034103937453
0.998327714052634
1
0.974515473293234
0.986138846425469
0.81704358198224
1
1
1
1
0.989144852006759
1
1
1
1
1
1
1
1
1
0.868079840896631
1
0.934099090998006
1
1
1
1
0.99798341611623
0.99693315586539
0.999001414927235
1
1
1
1
1
1
1
1
1
1
1
1
1
1
1
0.99508349101443
1
1
1
1
1
1
1
0.985559035676558
1
0.996015808081116
0.959114044648148
1
1
1
1
1
1
1
1
1
1
1
1
1
1
1
1
1
0.986160346896621
1
1
1
1
1
0.988499734510513
1
1
1
1
1
0.994460509000078
0.99864341998995
1
1
1
1
1
1
1
1
1
1
1
1
1
1
1
1
1
1
1
0.999766209908314
1
1
1
1
1
1
1
1
1
1
1
1
1
0.907302766502536
0.976256829286253
1
0.999818254547583
1
1
0.987740835780869
1
1
1
1
1
0.963018432799479
1
1
1
1
1
1
1
1
0.989951980073162
1
1
1
0.998244188234126
0.988810331994563
1
1
1
1
1
1
1
1
1
1
1
1
1
1
1
1
1
1
0.998172265592965
1
1
1
0.991592730705006
0.934659218235365
1
1
1
1
0.997822320227698
0.997373890603693
1
0.999737957599925
1
1
1
1
1
1
1
1
1
1
1
1
1
1
1
1
1
1
1
0.998528212280382
1
0.998273841604399
1
1
0.992164577769827
1
1
1
1
1
1
1
1
1
1
1
0.989144852006759
1
1
0.994887536364606
1
1
0.995416480774833
1
1
1
1
0.998172265592965
1
0.989353953763318
1
1
1
1
1
1
1
1
1
1
1
1
1
1
0.959299268816654
1
0.998528212280382
1
0.995735651561714
0.99832505690238
1
0.982009520275432
1
1
1
1
0.994029828164041
1
1
1
1
1
1
1
1
1
1
1
1
1
1
1
0.964082880757029
1
0.991652657370809
1
1
1
1
1
0.91964571706018
1
1
0.992825804874326
1
1
1
1
0.989328705452515
1
1
0.992825804874326
1
1
1
1
0.910818439532981
1
0.650078927560104
1
1
1
1
1
1
0.976418097474311
1
1
0.993389823561163
1
0.989853615791898
1
1
1
0.956186419201539
1
1
0.991592730705006
1
1
1
1
1
1
0.994509542059903
1
1
1
1
1
1
1
1
1
1
1
1
0.990470261229487
1
1
0.991247214607709
1
1
0.574575240409371
1
1
0.996736862857476
1
1
1
1
0.993796433771111
1
1
1
1
1
1
1
1
1
1
0.967610855539634
1
1
1
1
1
1
0.991124164386413
1
1
1
1
1
0.994127581592554
1
0.998244188234126
1
0.998226811157783
1
1
0.972996127729515
1
1
1
1
1
1
1
1
1
1
1
0.989590068501402
1
1
1
1
1
1
1
1
1
1
1
1
1
1
1
1
1
1
1
1
1
1
1
1
1
1
1
1
1
0.998451735236046
1
0.997832201335491
0.999260071267875
1
1
1
0.77868755431611
1
1
1
0.92444662252363
1
1
1
0.963769324163621
0.983217133263756
0.991486006571965
1
1
0.931268715486742
1
0.999760946552966
1
1
1
1
0.988503009031291
1
1
1
1
1
1
0.975676203567921
1
1
0.996597968384065
1
1
0.997822320227698
1
1
1
0.991089165844599
1
1
1
1
0.998559052343311
1
1
1
1
1
1
0.83440578133774
1
1
1
1
1
1
1
1
1
1
1
0.9937020453523
1
1
1
1
1
1
1
0.998393256841952
1
1
1
1
1
1
0.998447476647177
0.974713234525387
1
1
1
1
1
1
1
1
1
0.991486006571965
1
1
1
1
1
1
1
1
1
1
1
1
1
1
1
1
1
1
1
1
1
1
1
1
1
0.994573146221794
1
0.998226811157783
0.992451168530272
1
1
0.932138709221472
0.999742379153751
1
1
1
1
1
1
1
0.977848230200859
1
1
0.969518188979328
0.992362537576628
1
1
1
1
0.995162567519777
1
1
1
1
1
1
0.991572202352605
1
0.981365121202793
0.994578298975407
1
1
0.910818439532981
1
1
1
0.981365121202793
1
1
1
1
1
1
1
0.996043380845858
1
1
1
1
1
0.997035789916017
0.998433647886518
0.996034103937453
1
1
1
1
1
1
0.997278633727258
1
1
1
1
0.985027756629801
1
1
1
1
1
1
1
1
0.998398354736121
1
1
1
1
1
0.993440375531963
1
1
0.961712482131629
0.956348533885501
0.996597968384065
1
1
0.996967179466185
1
1
0.99746161172265
1
1
1
1
1
1
1
1
1
1
0.991987241535354
1
1
0.988666796621646
1
1
1
1
1
0.980720403196164
1
1
1
1
1
0.99832505690238
1
1
1
1
0.987704991825718
1
1
1
1
0.993389823561163
1
0.969742378346538
0.998398354736121
0.994992472844214
1
1
1
0.984642779337228
0.972905553735018
1
1
1
1
1
1
1
1
1
0.986160346896621
1
1
1
1
1
1
0.994367489740202
1
0.991923048213219
0.985023480138739
1
1
0.989461119743297
0.99151908339336
1
1
1
1
1
1
1
0.835004836436362
0.998447476647177
0.985907018034819
0.990205172822685
1
1
1
1
0.974515473293234
1
0.999754215058303
0.997115694267133
1
0.994174134136381
1
1
1
1
1
1
1
1
1
1
0.993098726466167
0.98769794514843
0.986911962653707
1
1
1
1
1
1
0.931559834690916
1
1
1
1
1
1
1
1
0.990827591757222
0.969346173058156
1
1
0.991348272441334
0.990420960178711
0.964292029736636
0.992612275092829
0.998528212280382
1
1
1
0.98769794514843
1
1
1
1
1
0.983002888775469
0.96314990329053
0.995985890339956
0.980790677795941
1
1
0.999807394375823
1
1
0.993767725114203
1
1
1
1
1
1
1
1
0.998327714052634
1
1
0.981827554069111
1
1
1
1
1
1
1
1
1
1
1
0.999818254547583
1
0.99258244104178
1
1
1
1
1
1
1
1
1
1
1
1
1
1
1
1
1
1
1
1
1
0.994385419969028
1
0.990431530751431
1
1
1
1
1
1
1
1
1
1
1
0.81704358198224
0.858612609745781
1
1
1
1
1
1
1
1
1
1
1
1
0.998760632185452
1
1
0.998240534424592
0.985023480138739
0.991980654773983
1
1
1
1
1
1
1
1
1
1
0.99151908339336
1
1
1
1
1
1
1
1
0.963186436028094
1
1
1
1
1
1
1
1
1
1
0.998559052343311
1
1
1
0.971690869316856
1
1
1
1
1
1
1
1
1
1
1
1
1
1
1
1
1
0.995260455833752
1
1
1
0.991987241535354
1
1
1
1
1
1
0.81704358198224
1
1
1
1
1
1
0.994127581592554
0.999605884528305
1
0.998226811157783
1
0.964233727701112
1
0.981160939644317
1
1
1
1
1
1
1
1
1
1
0.990973896422383
0.99632257721832
1
1
1
1
1
1
1
1
0.942371499834587
0.988499734510513
0.988499734510513
0.992015610796724
1
1
1
1
0.993791775595998
1
1
1
1
1
1
1
1
1
1
1
1
0.970816128495178
0.745611208959112
1
1
0.986220872395343
1
1
1
1
1
1
1
1
1
1
1
0.987595712932965
1
1
1
1
1
1
1
1
1
1
0.996463594362695
1
1
1
1
1
1
0.975360350630448
0.990470261229487
1
1
1
0.984041344992562
1
0.994070453024826
1
1
1
1
1
1
1
0.766644458704995
1
1
1
1
1
1
1
1
1
1
1
1
1
1
1
1
1
0.981705576521055
1
0.977776520462776
1
1
1
1
1
1
1
1
1
1
0.997708781130793
1
0.998226811157783
1
1
0.991830207860879
0.949992650354547
1
0.9975682058025
1
1
1
1
1
0.994842025034471
1
1
1
1
1
1
1
1
1
1
0.996165230653298
1
1
1
1
1
1
1
1
1
1
1
1
1
1
0.977212742460657
1
0.996597968384065
1
0.994226642600242
1
0.993947376014916
1
1
1
1
0.996165230653298
1
1
1
1
1
1
0.997866888486442
1
0.982214000119231
1
1
1
1
1
1
1
1
0.993904385231501
1
1
0.997993287970031
1
0.921702334963507
1
1
1
1
0.997383363114274
1
1
1
1
1
1
1
0.976256630826862
1
0.98931148614351
1
1
1
1
1
1
1
1
0.975423861416546
1
1
0.801688305685034
1
1
0.999737957599925
1
1
1
1
1
1
1
1
1
0.981286320216022
1
0.991592730705006
1
1
1
1
1
0.996034103937453
0.960838397478129
1
0.983002888775469
0.992362537576628
1
1
1
1
1
1
1
1
1
1
1
1
1
1
1
0.983495943596764
1
1
0.947593347017353
0.996213889210556
0.996406986408217
0.896865226391864
1
1
1
0.997035789916017
1
1
1
1
1
0.994481699490684
1
1
1
1
1
0.995162567519777
1
0.994460509000078
0.991033640866739
1
0.971049169658882
1
1
1
1
1
1
1
1
0.999971547229508
1
1
1
0.962983245856111
1
1
1
1
1
0.997748563188782
1
1
1
0.9169895007264
1
1
1
0.983610699237942
1
1
1
0.996700234719187
1
1
0.979672263474366
1
1
1
1
1
0.931748774524288
1
0.951066056679392
1
1
0.979511758258153
1
0.999510644692289
1
1
1
1
1
1
0.993440375531963
1
1
1
1
0.997479349084114
1
1
0.99802947834043
0.953672900166239
1
1
0.997410798971634
1
1
0.975430934152747
0.997993287970031
1
0.97622554174679
1
1
1
0.971049169658882
0.998447476647177
0.998297273554762
0.809341098658588
1
1
1
1
1
1
1
1
1
0.994076648223087
1
1
1
1
1
1
1
1
0.969983168796853
1
1
0.995510710146835
1
1
1
1
1
1
1
1
1
1
1
1
1
0.983610699237942
1
1
1
0.997416356333453
1
1
0.801688305685034
0.921702334963507
0.987595712932965
1
1
1
0.989396881701122
1
0.994487154552866
1
1
1
0.975513827508175
1
1
1
1
0.991348272441334
1
0.994127581592554
0.992947120934917
1
1
1
1
0.988592697998903
1
1
1
1
1
1
1
1
1
1
1
1
0.996406986408217
1
1
1
0.999778198775258
1
1
1
1
1
1
1
1
1
1
1
1
0.998709763112713
1
0.991348272441334
1
1
0.998433647886518
1
1
0.994367489740202
1
0.988686460820521
1
1
1
1
0.979454529185415
1
1
1
1
0.993389823561163
1
0.986182796146186
1
1
0.997400462237726
1
0.996015808081116
1
0.854035847420327
1
1
1
0.992825804874326
1
1
1
1
1
0.974515473293234
0.996590359698697
1
1
1
1
1
1
0.997444530551743
1
1
1
1
1
1
1
1
1
1
1
0.989853615791898
1
0.955696860814387
1
1
1
0.996590359698697
1
1
1
1
0.999830578909786
1
1
1
1
1
1
1
1
0.880496014185942
1
0.99477795972587
1
0.998621874676842
0.999780313490855
0.732188553002325
1
1
1
0.996658360991187
0.994887536364606
0.960222898682783
1
0.991619200746807
1
0.998709763112713
1
1
1
1
1
1
1
1
1
0.992612275092829
0.99613947747896
1
1
1
1
1
0.801688305685034
1
1
0.996112106727233
1
1
1
1
1
0.985023480138739
1
0.974911125789304
1
1
0.997506750804332
0.988499734510513
0.976429484302735
1
1
1
1
1
1
1
1
1
0.988686460820521
1
1
1
1
1
1
1
0.976458083412252
1
1
1
1
1
1
1
1
1
0.975827108183065
1
0.996325957411745
1
1
1
0.987173059225836
1
1
1
1
1
1
1
1
1
1
1
0.998254882856802
1
0.982160916248464
0.996325957411745
0.975489380793574
1
0.981370983247604
1
1
0.96512980036985
0.982009520275432
1
1
0.991579013859852
1
0.992164577769827
1
1
1
1
0.99613947747896
1
1
0.96602747128506
1
1
1
0.998528212280382
1
1
1
1
1
1
0.994842025034471
0.996832011970781
1
0.99487871219196
1
0.986743989384208
1
0.943185872211364
1
0.993814764859657
0.911624085164851
0.996015808081116
1
0.981827554069111
1
1
0.966832788662577
1
1
1
0.986160346896621
1
0.989853615791898
1
1
1
1
1
1
1
1
1
1
1
1
0.999001414927235
1
1
0.997832201335491
0.99477795972587
1
0.955696860814387
0.999739552237563
0.998433647886518
1
1
1
1
1
1
1
0.969742378346538
0.996112106727233
0.998447476647177
1
1
1
1
1
1
1
1
1
0.995008501059668
1
1
1
1
1
1
1
0.99627191397884
1
1
1
1
0.999807394375823
0.994240247568147
1
0.99094339731358
0.983607989609303
1
1
0.998240534424592
1
1
1
1
0.970879552956339
1
1
1
1
1
1
0.986220872395343
1
1
1
1
0.989353953763318
1
1
1
1
1
1
0.996736862857476
1
1
0.997822320227698
1
1
0.983495943596764
1
1
1
1
1
1
1
1
1
0.996590359698697
1
0.996191973889615
1
1
1
1
1
1
0.980422684166322
1
1
1
1
1
1
1
1
0.996590359698697
1
1
1
0.991980654773983
1
1
1
1
1
1
1
1
1
1
1
1
0.99878256023771
1
1
1
0.995246912674526
1
1
1
1
1
0.949557246903208
1
1
1
1
1
1
0.986791043248427
1
1
1
1
1
1
1
1
1
1
1
0.999766209908314
1
0.999772903348602
1
1
1
0.98815727150304
1
1
0.98931148614351
0.998357082644835
1
1
1
0.99477795972587
1
1
1
1
1
1
1
1
0.997681922805696
1
1
1
1
0.996064852497095
1
1
0.998451735236046
1
1
1
0.998172265592965
1
1
1
0.995354855760894
1
1
1
1
1
1
1
1
1
1
1
0.992164577769827
1
0.971194435064477
1
0.997866888486442
1
1
1
1
0.997416356333453
0.998393256841952
1
1
1
1
1
1
0.996709229193054
0.996590359698697
1
1
1
1
0.996047261355143
1
1
1
1
1
1
1
0.913698821432897
1
0.998240534424592
1
1
0.982214000119231
1
1
1
1
0.993987825088893
0.963604596497201
0.99864341998995
1
1
1
1
0.981901437237057
1
1
1
1
1
1
1
1
1
1
1
0.988503009031291
0.996325957411745
0.994367489740202
1
1
0.973505304559761
1
1
1
1
1
1
1
0.989069894343127
0.998240534424592
0.96602747128506
0.993212716367549
1
1
1
1
0.999735983935316
0.996658360991187
1
1
0.931748774524288
1
1
1
1
0.989853615791898
1
0.949557246903208
1
1
1
1
1
0.994509542059903
1
1
1
0.998199656920728
0.967695612085547
1
0.998949759564439
1
1
0.990377837907785
1
1
1
1
1
0.994509542059903
1
0.995260455833752
1
0.991784399375255
0.977602327836045
1
1
1
1
0.996832011970781
1
1
1
0.94273789818322
1
1
1
1
0.997801273375089
1
0.985063096804185
1
1
1
1
1
1
1
1
0.961712482131629
1
1
1
1
1
1
1
1
1
1
1
0.975430934152747
1
1
0.972340140879927
1
1
1
0.993780098148234
1
0.983230429352709
1
0.98931148614351
1
1
1
1
1
1
0.996254215811422
0.982967835475291
1
0.998528212280382
1
0.993780098148234
1
0.970879552956339
1
1
0.998393256841952
1
1
0.96314990329053
0.996025673786775
1
1
1
1
1
0.998357082644835
1
0.989918862232349
1
1
1
1
0.935929321533936
0.94915887194557
1
0.996677479188501
1
1
1
1
1
1
0.993880658270119
1
0.996097000888661
0.996463594362695
1
1
0.993843020500241
1
1
1
0.991987241535354
0.986151026241298
1
0.974387772411702
1
1
1
1
1
0.994887536364606
1
1
1
1
0.957184008539695
1
1
1
1
1
1
1
1
1
1
1
1
1
0.968955047147433
1
1
0.995735651561714
1
1
1
0.97897497794541
1
1
1
1
1
1
1
1
1
1
0.996832011970781
1
1
0.997426375999055
0.85108730757089
1
0.994690524932141
1
0.997400462237726
1
1
0.995162567519777
1
1
1
1
1
1
1
1
1
1
1
1
1
1
0.999750016086244
1
1
0.969346173058156
1
1
1
1
1
1
1
1
1
1
1
0.985023480138739
1
0.816859758277222
1
0.921338341620342
1
0.993843020500241
1
1
1
1
1
1
1
1
1
1
1
0.992451168530272
1
1
1
0.974911125789304
1
1
0.998232683345146
1
1
1
1
1
1
1
1
1
1
1
1
1
1
1
1
1
1
1
1
1
1
1
1
1
1
1
1
1
1
1
1
1
0.682531459166111
1
0.994887536364606
1
1
0.999260071267875
1
1
0.977602327836045
1
1
1
1
1
1
1
1
0.986160346896621
0.998254882856802
1
1
0.998583047071641
1
1
1
1
1
1
1
0.997822320227698
1
1
1
1
0.983230429352709
1
1
1
0.935929321533936
1
1
0.962034072153581
1
1
1
1
1
1
1
0.998317949553829
1
1
1
0.994367489740202
0.994667356005823
1
1
1
1
0.990420960178711
1
1
1
1
1
1
1
1
1
1
1
0.96963874223809
1
1
1
0.988574778202273
1
1
0.992612275092829
1
1
0.939510065481889
1
1
0.988592697998903
0.949557246903208
1
1
0.992229383031218
1
0.965847536280522
1
1
0.999737412797308
0.979735390801848
1
1
1
1
1
1
1
1
0.978344469974034
0.993947376014916
1
1
1
1
1
1
1
1
1
1
1
1
1
1
1
0.9975206289255
1
1
1
1
1
1
1
1
0.992024460542255
1
1
1
1
1
1
1
0.975043113544116
1
1
1
0.999830159584306
0.996213889210556
1
1
1
0.99988951212892
0.996015808081116
1
1
1
1
1
1
1
1
1
1
1
0.989353953763318
1
0.986138846425469
1
1
0.999742379153751
1
0.816859758277222
1
1
0.99974055754737
0.999801136692104
1
1
1
1
1
1
0.996015808081116
1
1
1
1
1
1
1
0.755380742202423
1
1
1
1
1
0.994367489740202
1
1
1
1
1
1
1
1
0.883590115456641
1
0.982169165891968
1
1
0.990470261229487
1
1
0.9886165757373
1
1
1
0.91836440639712
0.999760186307404
1
0.996590359698697
0.98854138831709
1
0.988324981062824
1
1
1
1
1
1
0.994842025034471
0.969258410671837
1
0.989859078434593
1
0.875960422934056
1
1
1
0.976283650385776
0.988574778202273
0.985865862956963
1
1
1
1
1
1
1
1
1
1
1
1
1
1
1
0.993714428531559
1
1
1
1
1
1
1
1
1
1
1
1
1
1
1
1
0.993880658270119
1
1
1
1
0.996032981371673
1
1
1
1
0.982160916248464
1
1
1
1
0.966720213831276
1
0.992644947977068
0.981365121202793
1
1
1
0.99746161172265
1
1
1
1
0.998285336480472
1
1
0.993796433771111
1
1
1
1
1
1
0.995735651561714
1
1
1
1
1
1
1
1
1
1
1
1
1
1
1
1
1
1
0.998172265592965
0.983740122657414
1
1
1
1
0.998273841604399
1
1
1
1
1
1
1
1
0.998353215153947
1
1
1
1
0.988686460820521
1
1
0.99739503186208
0.989007029850009
1
1
1
0.996097000888661
1
1
1
1
1
1
1
1
1
0.988810331994563
1
1
1
0.994842025034471
1
0.993212716367549
1
1
1
1
1
0.988730514692131
1
1
1
1
1
1
0.988574778202273
0.990431530751431
0.998559052343311
1
1
1
1
0.985304335768008
0.99452338974865
1
0.998226811157783
1
1
1
1
0.970816128495178
1
1
0.99627191397884
0.991089165844599
1
1
1
1
1
0.999754791790083
1
1
1
0.985628953959376
1
1
0.939223097093126
1
1
0.99832211518833
1
1
1
0.996967179466185
1
0.97198795626421
1
1
1
1
1
1
0.998357082644835
0.985304335768008
0.99613947747896
0.986138846425469
1
1
1
1
1
1
1
0.999788492335859
0.996325957411745
1
1
1
1
1
1
1
1
0.889261306733345
1
1
1
1
1
1
1
0.995735651561714
0.878947047042782
1
1
1
1
1
1
0.997410798971634
1
0.999857483009607
1
0.970177734118577
1
0.989590068501402
1
0.998226310157224
1
1
1
1
0.995183988041731
1
0.986888276505686
0.967026216199891
1
1
0.999818254547583
1
1
0.870110659000703
0.811700591700363
0.891466428983862
1
1
1
1
1
0.999742379153751
1
1
1
0.992612275092829
1
1
1
1
1
1
1
1
0.990964901656545
1
1
1
1
0.996497453917971
0.995183988041731
1
0.999788492335859
1
0.991593359071838
1
1
1
1
1
1
0.952696031548253
1
1
1
1
1
1
1
1
1
1
1
1
1
1
0.980440988719439
1
1
1
1
1
1
1
0.985077879071521
1
1
0.938188391800332
1
1
1
1
1
1
1
0.992612275092829
1
1
0.994174134136381
1
1
1
1
0.975922224703587
1
1
1
1
1
1
1
0.932722118506792
1
0.988061886196686
1
0.973622332405267
0.996597968384065
1
1
1
1
0.982558847605264
0.991923048213219
0.995735651561714
1
1
1
1
0.983495943596764
1
1
1
1
1
1
1
0.994667356005823
1
1
1
1
0.997444530551743
1
1
1
1
0.996064852497095
1
0.984041344992562
1
1
0.993440375531963
1
1
0.989353953763318
1
0.999788492335859
1
1
1
0.969326918401504
1
1
1
1
0.991635399588146
1
1
1
1
0.985077879071521
1
0.981112534899158
1
1
1
1
1
1
0.997035789916017
0.984023675372685
1
1
1
0.919451788462511
1
0.985429086395561
1
0.998357082644835
1
1
1
1
1
0.952581140550063
1
1
0.966720213831276
1
1
0.991572202352605
1
1
0.969518188979328
1
0.996709229193054
0.96782384075617
1
0.991572202352605
1
1
0.997457207574337
1
1
0.998346830268175
1
1
1
1
1
1
0.989623337042546
1
1
1
0.996165230653298
1
0.98997160255781
1
0.987173059225836
1
1
1
1
1
1
1
0.985023480138739
1
1
1
1
1
1
0.98931148614351
0.9975682058025
1
1
1
1
0.992024460542255
1
1
1
0.996497453917971
1
1
1
1
0.996015808081116
1
0.997621937547967
0.991987241535354
1
1
1
0.998495867803582
0.914774511793058
1
1
0.976306119693901
1
0.934099090998006
0.9975682058025
1
1
1
1
1
0.950937071735781
1
1
1
1
0.968955047147433
0.996015808081116
1
1
1
1
1
0.990431530751431
1
1
1
1
0.997457207574337
1
1
0.990088387641567
1
1
1
1
1
0.993714428531559
1
1
0.99613947747896
1
1
0.969016014970071
0.997400462237726
1
1
0.998226811157783
1
1
0.97897497794541
1
1
1
1
1
1
1
1
0.949526571779233
1
1
1
1
1
0.994460509000078
1
1
1
1
0.983504902924789
1
1
1
1
1
1
1
1
1
0.995985890339956
1
1
0.996677479188501
1
0.992947120934917
0.99487871219196
1
1
0.998199656920728
0.991599161760113
1
1
1
1
1
1
1
1
1
1
1
1
0.985865862956963
1
1
1
0.995260455833752
1
1
1
1
0.990377837907785
1
1
1
0.982009520275432
1
0.990827591757222
1
0.996034103937453
0.999807394375823
1
1
0.925977743987752
1
1
1
1
1
1
1
1
1
1
1
0.616757501397088
1
0.883590115456641
1
1
1
1
1
1
1
1
0.998862354848386
1
0.986182796146186
0.970261498790999
1
1
1
1
1
1
1
1
1
1
1
1
1
1
1
1
1
0.99632257721832
1
1
1
1
1
0.989144852006759
1
1
1
1
0.98997160255781
1
0.99826162502231
1
1
1
1
1
1
1
1
1
1
1
1
1
1
1
1
1
1
1
1
1
1
0.989853615791898
1
0.949557246903208
0.95455008836339
0.997506750804332
1
1
1
1
0.908308980177918
1
1
1
1
0.999843201160515
1
0.877812437974971
1
1
1
0.953546575339629
1
1
1
1
1
1
1
1
0.809010659021122
1
0.991832955490441
0.85490820357928
0.99134581405065
1
1
0.976094537978395
1
0.942796528200329
0.97375177747987
1
1
1
1
1
1
0.999848075059284
1
0.987475124059006
1
0.889261306733345
1
1
1
1
1
1
0.940220474261078
1
1
1
0.988885425939211
1
0.988730514692131
0.989144852006759
1
1
1
0.996463594362695
0.994474243528601
0.97897497794541
1
1
1
0.886738768692695
0.970261498790999
1
1
1
1
1
0.953775619465902
0.998357082644835
1
1
1
1
1
1
1
1
0.990827591757222
1
0.996325957411745
1
1
1
1
1
0.997035789916017
1
1
0.861394493859507
0.989755382859398
1
1
1
1
1
0.999780313490855
1
1
0.998232683345146
0.971049169658882
1
1
1
1
0.901774501298348
1
0.982282872198329
0.950736359247976
0.962034072153581
1
0.99974055754737
1
1
1
1
1
1
1
0.98931148614351
1
0.953775619465902
1
1
0.99258244104178
1
1
1
1
1
1
1
1
1
0.98908385133059
1
1
0.99094339731358
1
0.953885018473101
1
0.947757652831237
0.989853615791898
0.996832011970781
1
1
1
1
1
1
1
1
1
1
0.993904385231501
1
1
1
1
1
1
1
1
1
1
0.950169901171363
1
1
1
0.97024332317999
1
0.997115694267133
1
1
1
1
1
1
1
1
1
1
1
1
0.997444530551743
1
0.960112325056253
1
1
1
1
1
1
1
1
0.928613236392269
1
1
1
0.998297273554762
1
0.797791288432049
1
1
1
1
1
1
0.842485184950077
1
1
1
1
1
1
0.998709763112713
1
1
1
1
1
1
1
1
0.991415608915951
1
0.996406986408217
1
1
1
0.979672263474366
1
1
1
0.95825046601288
0.961393518525664
1
1
1
1
1
1
1
1
1
1
0.917937862946393
1
1
1
1
1
1
1
1
0.986151026241298
1
1
1
1
1
1
1
1
1
1
1
1
1
1
1
1
1
1
1
1
1
0.971049169658882
1
1
1
0.986220872395343
1
1
1
1
0.988574778202273
1
1
1
1
1
1
1
1
1
1
1
1
1
1
0.854035847420327
1
1
0.992229383031218
1
0.998297273554762
1
1
1
1
0.99738078902396
1
1
1
1
1
1
1
1
1
1
1
1
1
1
1
0.998327714052634
1
0.92461704396353
1
1
1
1
1
0.766644458704995
1
1
1
1
1
1
1
1
1
0.998478528511181
1
1
1
1
1
0.975360350630448
1
1
1
0.991579013859852
1
1
1
1
1
1
0.992612275092829
1
1
1
1
1
1
0.996832011970781
1
1
1
0.964855343288367
1
0.996967179466185
1
1
1
0.998528212280382
1
1
1
1
1
1
1
1
1
1
1
1
1
1
1
1
1
1
1
1
0.964320090436021
1
0.985559035676558
1
0.976884354350874
1
1
1
1
1
1
1
1
0.989853615791898
1
1
1
0.995162567519777
1
1
1
1
1
1
1
1
0.949992650354547
1
1
1
1
1
1
1
1
1
1
1
1
1
1
0.967695612085547
1
1
1
1
0.998398354736121
1
0.992164577769827
1
1
1
0.933104893366088
1
1
0.978898366061369
1
1
1
1
1
1
1
1
1
0.993440375531963
1
1
0.995246912674526
0.991987241535354
1
1
1
1
1
1
1
1
1
0.981365121202793
1
1
1
1
1
1
1
1
1
1
0.996145230290076
1
1
1
1
1
1
1
1
1
1
1
0.995354855760894
1
1
1
1
1
0.982337467395824
1
1
1
1
1
1
1
0.999737412797308
1
0.950736359247976
1
1
1
1
1
1
1
0.970816128495178
1
1
1
0.998949759564439
1
1
0.987595712932965
1
0.988885425939211
1
1
1
1
1
1
1
1
1
1
1
1
1
1
0.971690869316856
1
1
1
1
1
1
0.994127581592554
1
1
1
1
0.990431530751431
1
0.992410088791234
1
1
1
0.993389823561163
1
0.996497453917971
1
1
1
1
0.988324981062824
1
1
1
1
1
1
0.969326918401504
1
1
1
1
1
1
1
0.961167515514273
1
0.978348709542823
1
1
0.997444530551743
1
1
1
1
0.913790320650693
1
0.998583047071641
1
1
1
1
1
1
1
1
1
1
1
1
1
0.775565054565731
1
1
1
1
1
1
1
1
1
1
1
1
0.931268715486742
1
1
1
1
1
1
1
1
1
1
1
0.984247681807425
0.994672696930672
1
1
0.959944873335581
0.989590068501402
1
1
0.999739552237563
0.752302354988155
0.953775619465902
0.931751625199811
1
1
1
1
0.980877238463193
1
1
1
1
0.993880658270119
0.97721300239214
1
