x
0.999082005898724
1
1
0.998802941986602
1
1
1
1
1
1
0.9773139118474
1
1
0.991840879429043
1
1
0.997110631881226
1
0.992304660543841
1
1
1
1
1
1
1
0.953902073617068
1
1
1
0.997249544209111
0.923192637809997
0.993868166312876
1
0.985280530687573
0.989776784582704
1
1
1
1
0.983554537901944
0.980163086647665
0.997252337353271
1
1
1
1
0.763509493287387
1
1
0.946091320488751
0.941463336337436
1
1
1
1
0.993898954966971
0.971189075974255
1
1
1
0.995474419159895
1
1
1
1
1
1
1
1
1
0.995505818346876
0.991672439310779
0.991548438074046
1
1
1
1
1
0.991862911537314
1
1
1
1
1
1
1
1
1
1
1
1
1
0.986324973823236
0.999868007227645
1
1
1
0.975232384000523
1
1
0.990301844435172
1
1
1
1
1
1
1
1
1
0.992562905121872
1
1
1
1
1
1
0.986295420515689
1
1
0.994289531869759
0.914145550726735
0.997978442734157
1
1
1
0.964316096618493
1
1
1
1
1
1
1
1
1
1
1
1
1
1
0.995388191044012
1
1
1
1
0.993831384417341
1
1
1
1
1
0.998257483007926
1
0.998257483007926
1
1
0.977231197653418
1
1
1
1
1
1
1
0.996086072512422
0.964073324678628
0.996071828743944
1
1
0.992782169156791
1
1
1
0.988780245709106
1
1
1
1
1
1
1
1
1
1
1
0.997110631881226
1
1
1
1
1
0.991672439310779
0.986295420515689
1
1
1
0.989462656525039
1
1
1
0.996354794963084
1
0.997354036140151
1
1
0.996176281921707
1
1
1
1
1
1
1
1
0.996684994107734
1
1
1
0.958449268115445
1
1
1
1
1
0.999864490947663
1
1
1
0.996105706558962
1
1
0.987541623173483
0.99904363028027
1
1
1
1
1
1
1
1
1
1
1
0.969707856726763
1
1
1
1
1
1
1
1
1
1
1
1
1
0.821391940500811
1
1
1
0.998706838511518
1
0.97337292770663
1
1
1
1
1
1
1
0.962521906226244
1
1
0.998864471896804
0.99073589027809
1
1
1
1
1
1
1
0.996113309703254
1
0.997560997638577
1
0.988780245709106
1
1
0.991840879429043
1
1
1
1
1
1
1
1
0.962521906226244
1
1
1
1
1
1
1
1
1
1
1
1
1
1
0.992370165522292
1
0.994124924175049
1
0.998674967030005
0.991981688424761
1
0.997110631881226
1
0.997171996118519
1
0.995839162371719
1
1
1
0.997171996118519
1
1
1
1
1
1
1
0.998677731403023
1
1
1
1
1
0.980089861793149
1
1
1
0.980394275392633
1
1
1
0.996105706558962
1
1
1
1
1
0.969426521586769
1
1
1
0.984853443223459
0.98292705531889
1
1
1
1
0.976485569588721
0.999860343058715
0.996682460482884
1
1
1
1
1
1
1
1
0.94319822313834
0.985621297175614
1
1
1
1
1
1
1
1
0.985889598336043
1
1
0.997177965410374
1
1
1
1
0.992370165522292
1
1
1
1
1
0.998516487597609
0.967384458722041
1
1
1
1
1
1
1
1
1
0.925327188615555
1
1
1
1
1
1
1
1
1
1
1
0.895881625389167
1
1
1
0.998560498899452
1
1
1
0.990342834937933
1
0.997748719722051
1
0.99419822859743
1
0.981048391542685
1
1
1
1
1
1
1
1
1
1
0.994289531869759
1
1
1
1
0.995243386449998
1
1
1
1
1
1
1
0.991995283346171
0.989764405291081
1
1
1
1
1
1
0.992562873649737
1
1
0.998418595380507
1
1
0.998303569745414
1
0.995474419159895
0.999403878016053
1
1
1
1
0.989293829935095
1
1
1
1
1
0.99419822859743
0.986333241748947
1
1
1
1
0.964073324678628
0.972678315403968
1
1
1
1
1
1
1
0.989866681455017
1
0.910970398385902
0.997177965410374
1
0.958460161408557
1
1
1
1
1
1
1
1
1
1
1
0.99875900458458
1
1
1
1
1
1
1
1
0.999278344400193
0.989764405291081
1
1
1
1
1
1
1
1
1
1
1
1
1
1
1
1
1
1
1
0.981175155362926
1
0.998418595380507
1
1
0.989683270326343
1
1
1
0.991245905038458
1
0.99739635476977
1
1
0.999854755753616
1
1
1
1
1
0.998303569745414
0.889487027460098
1
0.997354812707037
1
1
1
0.996176281921707
1
1
0.9994718819503
0.998513755460353
1
1
1
0.972320161841419
0.99077469068156
1
1
1
1
1
1
1
0.970118048801937
1
1
1
1
1
0.997560997638577
1
1
1
1
1
0.989462656525039
1
1
1
0.99904363028027
1
1
1
1
1
1
1
0.958449268115445
1
1
1
1
1
1
0.99917894712002
1
1
1
1
1
0.998674967030005
1
1
1
1
1
1
1
1
1
1
0.99689886390992
1
1
1
1
1
1
1
0.994009623629382
0.993898954966971
0.979588236340783
0.992935119483355
1
1
1
1
1
0.996684994107734
1
1
1
1
1
0.996296564121058
1
1
1
1
1
1
0.997319731235609
1
0.993898954966971
1
1
1
1
1
0.99828903414295
1
1
1
1
1
1
1
1
0.986909306263212
1
0.993694273147828
0.985621297175614
1
1
1
0.989683270326343
1
1
0.999037699833417
1
1
1
1
1
1
1
1
1
1
1
1
1
1
1
1
0.992562873649737
1
0.996026736799068
1
0.939759115345603
0.981124034442839
1
0.998616096285784
1
1
1
0.997560997638577
0.998160183537786
1
1
0.986324973823236
0.996354794963084
0.964416800560152
0.991840879429043
1
1
1
1
0.992498742457971
0.986295420515689
0.982111941681645
1
0.999153285048726
1
0.995677471380114
1
1
0.983473632265307
1
0.996296564121058
1
1
0.999860343058715
0.982284495124408
0.991709010708535
1
0.993437917497301
1
0.993927604258128
1
1
1
1
0.952526104040555
1
1
1
1
1
1
1
1
1
1
1
1
1
1
0.982959361316693
1
1
0.969861494936039
1
1
1
1
1
1
1
1
0.977231197653418
1
1
1
1
0.991672439310779
1
0.969707856726763
1
1
0.986333241748947
1
1
0.983554537901944
1
0.996119454349136
0.996296564121058
1
0.999153285048726
1
1
1
0.99824870567502
1
0.999721418878694
1
1
1
1
1
1
1
1
1
1
0.998342809401989
0.946091320488751
1
0.986762445584787
1
1
0.997463047198433
0.994289531869759
1
1
0.990959747675062
0.97592383208264
1
1
0.996296564121058
1
1
0.942772872791664
0.999918109131094
1
0.988276509035432
1
0.987988820335309
1
1
1
1
1
1
1
1
1
1
1
1
1
1
1
1
1
1
1
1
1
0.99077469068156
0.998706838511518
1
1
1
0.999403878016053
1
1
0.997049499226757
1
0.997560997638577
1
1
1
1
1
0.981124034442839
1
1
1
1
1
1
0.988945050506004
1
1
0.999153285048726
1
1
1
1
1
1
1
1
1
0.997463047198433
0.92921004197289
1
1
1
1
1
1
1
1
1
0.981048391542685
0.990236301365129
1
1
0.998864471896804
1
1
0.964073324678628
1
1
0.996071828743944
0.993690137702811
0.983554537901944
1
1
1
1
1
1
1
0.997863515017114
1
1
0.99845837960627
0.910970398385902
1
1
0.997867473051521
1
0.964416800560152
1
0.997810713355044
1
1
0.988078201292712
0.993187506545495
1
1
1
1
1
0.998418595380507
1
1
1
1
1
1
0.981518418955599
0.966066263202479
1
1
1
1
1
1
1
1
0.98607555264059
0.996296564121058
1
1
1
1
1
0.998160183537786
1
1
0.978238323139303
1
1
1
0.99419822859743
1
1
0.999338141246319
1
1
1
0.990043111439162
1
1
0.982111941681645
1
1
1
0.972302744977829
0.964073324678628
0.997177965410374
0.998125819617719
1
1
1
1
1
0.999359657040032
0.974931992699667
1
1
1
1
1
0.99689886390992
0.997049499226757
0.995350903498532
1
1
0.988780245709106
1
1
1
1
0.998257483007926
0.996944651419135
1
1
1
1
1
1
1
1
1
1
1
0.892174129285809
1
1
1
1
1
1
1
1
0.991548438074046
1
0.99488494254006
0.97592383208264
0.991743382126853
1
0.996105706558962
1
1
1
1
1
1
1
0.962521906226244
1
1
1
1
1
0.996833032632559
1
0.960026607869821
1
1
1
1
1
1
0.990762825970835
0.988758817873066
1
1
1
1
0.996105706558962
1
1
1
0.996684994107734
1
1
1
0.99985351156016
1
1
1
1
1
1
1
1
1
1
1
0.983473632265307
0.838449018804584
0.999550586011445
1
1
1
1
1
1
1
1
1
1
1
1
1
1
0.991382418466347
0.999858114548396
0.998560814329396
1
1
1
1
1
1
1
1
1
0.989683270326343
1
1
1
1
0.989683270326343
1
1
0.998263628957916
1
0.999860343058715
0.955372342938614
1
1
1
1
0.991245905038458
1
1
1
0.998315008592294
1
0.996684994107734
1
1
1
0.998516487597609
1
1
1
1
0.984859807017061
0.994463995061847
1
1
1
1
1
0.997463047198433
1
1
0.996119454349136
1
0.699404134651319
1
1
1
1
1
1
1
0.989293829935095
1
1
1
1
1
1
0.970413612283022
1
0.990419695094948
1
1
1
1
1
0.996105706558962
0.999858114548396
0.978832195900654
1
1
1
1
1
1
1
1
0.998560498899452
1
1
1
1
1
0.944672770528712
0.993868166312876
1
0.999850059620981
0.990419695094948
1
1
1
1
1
1
1
1
1
0.992514233317146
1
1
1
1
1
0.927625835842333
1
1
0.994060606186547
1
1
1
1
1
1
1
1
1
1
1
1
1
1
1
1
0.995647300472531
1
1
1
1
1
1
1
1
1
1
1
1
1
0.995647300472531
1
1
1
0.780878106240028
1
0.995512284548906
0.966749624336306
1
1
1
1
1
1
0.999889276155689
1
1
1
1
1
1
0.98292705531889
0.996105706558962
1
1
1
1
1
1
1
1
1
1
1
1
1
1
0.995240976457316
0.986643860763847
1
0.994463995061847
1
1
1
0.989776784582704
0.995647300472531
1
1
1
1
1
0.996176281921707
0.998616096285784
1
0.972248126301126
0.978238323139303
1
1
1
0.97592383208264
1
1
1
1
1
1
0.970667892176591
0.999811802041571
1
1
0.971266793561575
1
0.983473632265307
1
1
1
0.995004542967563
1
1
1
1
1
0.962521906226244
1
0.998160183537786
0.998521234425775
1
1
1
1
1
1
1
1
0.989785221551276
1
1
0.97167200787129
1
1
0.998616096285784
1
1
1
1
0.999620719868234
1
1
1
1
1
1
1
1
1
0.999171659950827
0.999278344400193
1
1
1
0.984859807017061
0.963514009911888
0.996105706558962
1
1
0.978133078597554
1
1
1
1
1
1
1
1
1
1
0.995163887113325
1
1
0.991743382126853
1
1
1
1
0.99419822859743
0.994009623629382
1
0.982111941681645
0.986295420515689
1
1
1
1
1
1
1
1
1
1
1
1
1
1
1
1
1
0.997319731235609
1
0.999996679619118
1
1
1
1
1
1
1
0.981048391542685
1
1
1
1
1
1
1
1
1
1
0.99987298133183
1
0.944672770528712
1
1
1
1
1
0.998526471068899
1
1
0.9994718819503
1
0.999850810918561
1
1
1
1
1
1
1
1
1
0.98671548046798
1
1
1
1
1
0.982659342288359
1
1
1
1
0.999864601705227
1
0.997171996118519
1
0.98671548046798
0.993694273147828
1
1
1
0.993049368355674
1
0.992304660543841
1
1
1
0.928285266178608
0.982659342288359
1
0.99147559360727
0.946035859431742
1
1
1
1
0.992370165522292
1
1
1
1
0.998548115920287
1
1
1
1
1
1
1
1
1
1
0.955616415706646
1
1
1
1
0.982103265884832
1
0.981676530331835
1
0.985406639068914
0.995124235345023
1
1
0.996466067528865
1
1
1
1
1
1
1
1
1
0.99392051305916
1
1
1
1
1
1
1
0.998658460654345
1
1
1
1
0.999961227813718
1
0.992061920221742
1
1
1
1
1
0.998303569745414
1
1
1
1
1
1
1
1
1
1
1
1
1
1
1
1
1
1
0.989293829935095
0.990107039535063
0.963561911594707
1
1
0.997560997638577
0.998741789652487
0.988945050506004
1
1
0.998521234425775
1
1
1
1
1
1
0.999920117360591
1
1
1
1
1
1
1
0.994184252548794
1
1
1
1
1
1
0.858191126135046
0.993595192376554
1
1
1
0.982959361316693
1
1
1
0.9994718819503
0.914454012030528
1
1
1
0.997177965410374
1
0.996833032632559
1
0.981124034442839
1
1
1
1
1
1
0.976687157399192
1
1
1
0.992562873649737
1
1
1
0.995647300472531
1
1
1
1
1
0.966274796233774
0.99828903414295
0.996071828743944
0.982284495124408
1
1
0.999338141246319
1
1
1
0.995384916990529
1
1
0.992889885488594
1
1
1
1
0.986324973823236
1
0.975846724033057
1
0.998741789652487
1
1
1
0.997252337353271
1
1
1
0.942057455825328
1
1
0.979636418181051
1
1
1
1
1
1
1
1
1
1
1
1
1
1
1
1
1
0.996684994107734
0.990301844435172
1
0.996577159460409
1
1
1
1
1
1
1
1
0.96753743096728
1
0.999854755753616
1
1
0.968193674998409
1
1
1
1
1
0.998368844082717
1
1
1
0.994289531869759
1
1
1
1
0.993831384417341
1
0.996105706558962
0.994999296465494
1
1
0.975342026285737
1
1
1
1
1
1
0.99985351156016
1
1
1
1
1
1
1
1
1
1
1
1
0.970667892176591
1
1
1
1
1
0.997249544209111
1
1
1
0.998963889453747
1
1
1
0.963767085645594
0.993049368355674
1
1
1
1
1
1
1
1
1
1
1
1
1
1
1
1
1
1
1
1
1
1
1
1
1
0.962557110072967
0.998677731403023
1
1
0.99970362582731
0.998593923271951
1
1
0.999403878016053
1
1
1
1
1
1
1
0.990301844435172
1
1
1
1
0.986324973823236
1
1
1
0.998706838511518
0.999931374996476
1
1
0.991466924983656
1
1
1
0.986333241748947
1
1
1
1
1
0.979588236340783
0.683002717446986
1
1
1
1
1
1
1
1
0.992889885488594
0.982284495124408
1
1
0.921696020756891
0.993049368355674
0.983554537901944
1
1
0.998560498899452
1
1
1
1
1
1
1
1
1
1
1
1
0.994060606186547
1
1
0.995350903498532
1
0.992589743551353
1
1
1
1
1
0.987390209401186
1
1
1
1
0.888036822629246
1
0.999550586011445
0.99073589027809
1
1
1
1
1
0.989462656525039
0.990236301365129
1
1
1
0.984359805497691
1
1
1
1
1
0.989866681455017
1
1
1
0.991466924983656
1
1
0.964073324678628
1
1
0.995192463500855
1
1
1
1
1
1
1
1
0.976133160789341
1
1
1
0.941993285888223
1
0.996970843207154
1
1
1
1
1
1
1
1
0.997252337353271
1
0.991245905038458
1
0.999171659950827
1
1
0.982959361316693
1
1
1
1
1
0.998593923271951
1
1
1
1
1
1
1
0.997354812707037
1
1
0.999974619995268
1
0.999996679619118
0.999278344400193
1
1
0.998125819617719
1
1
1
1
1
1
0.990144217211167
1
1
1
1
1
1
1
1
1
0.998903714487432
0.982082277930613
1
1
1
1
1
1
1
1
1
0.860188874848733
1
1
1
1
0.981676530331835
0.997110631881226
0.995240976457316
1
1
1
1
1
1
0.964316096618493
1
0.994463995061847
1
1
1
0.9790138367768
0.998741789652487
1
1
0.997354812707037
1
1
0.998692330816644
0.999954104263796
1
1
1
1
1
1
1
0.990043111439162
1
0.981048391542685
1
0.996577159460409
1
1
1
0.999877671584856
1
1
1
1
1
0.99918986253838
1
1
1
1
0.997049499226757
1
0.99987298133183
1
1
1
0.983473632265307
0.997049499226757
0.964416800560152
1
1
1
1
0.997041529096627
1
1
1
1
0.991548438074046
0.952946596589161
1
1
0.995388191044012
1
1
1
1
0.977592030365252
0.998342809401989
1
1
1
1
1
0.849520184549495
0.989785221551276
1
1
1
1
1
1
1
1
1
1
1
1
1
1
1
1
1
1
1
1
1
1
1
1
0.991743382126853
1
1
1
1
0.998658460654345
1
1
1
0.99077469068156
1
1
1
1
1
1
1
1
1
0.989829664634542
1
1
1
1
0.963767085645594
1
1
1
1
1
1
1
0.99147559360727
1
1
1
1
0.989659232676436
0.994252141652273
0.98671548046798
1
1
0.969861494936039
0.860188874848733
1
0.999278344400193
1
1
0.999860343058715
1
0.981242027831182
1
1
0.991514324215765
1
1
1
1
1
1
1
1
1
1
1
1
1
1
1
1
1
1
1
1
1
0.999858114548396
1
1
1
1
1
1
0.972302744977829
1
1
1
1
1
0.988758817873066
1
1
1
0.971189075974255
1
1
1
1
1
1
1
0.942057455825328
1
1
1
1
1
1
0.985145612677715
0.949524489143955
0.99419822859743
1
1
0.985889598336043
0.995569232895398
1
1
1
1
1
1
0.993868166312876
1
1
1
1
1
0.958498052079778
1
1
1
1
1
0.999675855414124
1
1
1
1
0.975342026285737
1
1
1
1
1
1
1
1
1
1
1
1
1
1
0.981124034442839
0.832059889551417
1
1
1
1
1
1
1
0.99987298133183
1
1
1
1
1
1
1
0.996684994107734
1
1
1
1
1
1
1
1
1
0.98607555264059
1
1
0.983473632265307
1
1
1
1
1
1
1
1
0.99689886390992
1
0.999750444217863
1
1
1
1
1
1
1
1
1
1
1
0.996466067528865
1
1
1
1
1
1
0.952678979515494
1
0.999082005898724
1
1
0.983359301384129
1
0.942057455825328
0.978832195900654
1
0.999920117360591
0.986333241748947
1
1
1
1
1
1
1
1
0.97438678283745
1
0.998864471896804
1
1
1
0.995647300472531
1
0.992370165522292
0.999902770906864
0.997177965410374
1
1
1
1
0.999082005898724
1
0.989785221551276
0.997049499226757
1
1
1
1
1
1
0.998368844082717
1
1
0.924014594064939
1
0.934303169789577
1
1
1
1
1
0.984970330853635
0.9994718819503
1
0.996871962039238
1
1
1
1
1
1
1
1
1
1
0.99904363028027
1
1
1
1
1
1
1
1
0.99392051305916
1
0.998263628957916
1
1
1
1
1
1
0.998257483007926
1
1
1
1
0.997049499226757
1
1
0.949758405242192
0.994009623629382
1
1
1
1
0.996086072512422
1
1
0.993265007405191
1
0.996086072512422
0.994009623629382
1
1
1
1
1
0.991743382126853
1
1
0.984853443223459
1
1
1
1
0.998616096285784
1
1
1
1
0.99828903414295
1
1
0.996939715852044
1
1
1
0.998257483007926
1
1
1
1
1
0.970413612283022
1
0.989776784582704
1
1
1
1
1
1
1
1
1
1
1
1
1
1
1
0.990301844435172
1
1
1
0.999954104263796
1
0.998802941986602
0.998303569745414
1
1
1
0.971189075974255
1
0.99824870567502
1
1
1
1
1
1
1
1
1
1
1
0.992370165522292
0.960085558367126
1
1
1
1
1
1
0.986333241748947
1
1
1
0.998616096285784
1
1
1
1
1
1
1
1
1
1
1
1
1
1
0.999749324654549
0.997252337353271
0.988780245709106
1
1
0.981910076082373
1
0.999278344400193
1
0.992498742457971
1
1
1
1
1
1
1
0.9904742923272
1
1
1
1
1
1
1
1
1
1
0.991840879429043
1
1
1
1
1
1
0.997354812707037
1
1
1
0.969861494936039
1
1
1
1
0.998903714487432
1
1
1
1
1
0.998299015596128
1
1
1
1
1
1
0.981048391542685
1
1
0.999858114548396
1
1
1
0.996354794963084
1
1
1
0.990019607160836
1
0.994060606186547
1
0.998310690336233
1
0.998864471896804
1
0.990806150768097
1
1
1
1
1
1
1
1
1
1
1
1
1
0.98607555264059
1
1
1
1
1
0.9904742923272
1
1
1
1
0.986333241748947
0.96753743096728
0.985889598336043
1
1
1
1
1
0.993437917497301
1
1
1
0.99987298133183
0.992304660543841
1
1
1
1
1
0.962365652493545
0.976554486740286
1
1
0.978133078597554
1
1
1
1
1
1
1
1
0.953054072304034
0.939351367920703
0.985621297175614
1
0.992524568213592
1
1
1
1
1
1
0.993694273147828
1
1
0.996466067528865
0.99293691400283
0.960085558367126
1
1
1
1
1
0.998342809401989
1
1
1
1
1
1
1
0.995512284548906
1
1
1
1
1
1
1
1
1
1
0.995647300472531
1
1
0.990043111439162
1
1
1
1
1
1
1
0.999464035372177
1
1
1
1
1
1
0.858816438851203
1
1
1
0.986055539422901
1
0.935814416797282
1
1
1
0.968193674998409
0.99488494254006
1
1
1
0.999082005898724
1
0.998310690336233
1
1
1
1
1
0.992889885488594
1
1
1
1
1
1
1
1
1
1
0.994463995061847
1
1
1
1
1
1
1
0.991709010708535
1
0.998741789652487
1
0.982284495124408
0.999153285048726
1
1
0.983473632265307
1
1
1
1
0.994060606186547
1
1
1
1
1
1
0.985280530687573
1
1
0.998303569745414
0.997354036140151
0.99828903414295
1
1
1
1
0.954137407759494
0.922035059691474
1
1
1
1
1
0.9790138367768
1
1
0.981910076082373
1
1
1
1
1
0.982959361316693
1
1
1
1
1
1
1
0.99875900458458
0.959511738446319
1
1
1
1
1
0.955372342938614
0.992782169156791
1
1
1
0.990301844435172
1
1
1
1
1
1
1
1
0.999278344400193
1
1
1
1
1
1
1
1
1
1
1
0.992782169156791
1
1
1
0.996354794963084
0.996682460482884
1
1
1
0.997177965410374
1
1
1
1
0.905825321269746
0.994252141652273
0.997171996118519
0.863419871192211
1
0.834571338471801
0.920054917387973
1
1
1
1
1
1
0.99824870567502
0.995124235345023
0.999920117360591
1
1
1
1
1
1
1
1
1
0.996238523266721
0.98671548046798
1
1
1
1
1
1
1
1
1
1
1
1
1
0.9904742923272
1
1
0.998526471068899
0.963497842163553
1
0.995839162371719
1
0.960085558367126
1
1
1
0.949758405242192
1
0.996119454349136
0.999889276155689
0.99985351156016
1
1
1
0.999838196189081
0.972320161841419
0.984359805497691
1
1
1
1
1
0.996466067528865
1
1
0.981910076082373
1
1
1
1
0.947541238027643
1
1
1
1
1
1
1
1
0.969426521586769
1
1
1
0.996071828743944
1
1
1
1
1
0.974931992699667
1
1
0.999749324654549
0.989462656525039
1
1
1
1
1
1
1
1
0.962557110072967
1
1
1
1
0.999858114548396
1
1
0.938985224505413
1
1
1
1
1
0.998788413139514
1
0.992782169156791
1
1
0.999877671584856
1
0.996466067528865
1
1
1
1
1
1
1
1
1
0.99689886390992
1
1
0.96753743096728
1
1
0.992700637469707
1
1
0.998677731403023
0.991514324215765
0.985889598336043
0.962557110072967
1
1
1
1
1
1
1
1
1
0.99293691400283
0.992498742457971
0.991518438505655
1
1
1
1
1
1
1
1
0.981079645620214
1
1
1
0.986480563137867
1
1
0.998560498899452
1
1
1
1
1
1
1
1
1
0.9773139118474
1
1
1
1
1
0.978133078597554
1
1
1
1
1
1
0.997748719722051
1
1
1
1
1
0.989866681455017
1
0.978133078597554
1
0.995569232895398
0.999920117360591
0.99419822859743
1
1
1
1
1
1
0.952526104040555
1
1
0.993868166312876
1
1
1
1
1
1
1
1
1
1
1
1
0.999860343058715
1
1
0.998350055597564
1
1
1
1
1
1
0.996119454349136
1
1
1
1
1
1
1
1
0.937602510520097
1
0.997463047198433
1
1
0.993868166312876
1
0.868854482936824
1
1
1
1
1
0.999082005898724
1
1
0.996833032632559
1
0.991743382126853
1
0.99655504383391
1
1
1
1
0.996944651419135
1
1
1
1
0.998903714487432
0.999858114548396
0.993868166312876
1
1
0.999082005898724
1
1
1
1
0.996113309703254
1
1
1
1
1
1
1
0.993868166312876
1
1
1
1
1
0.958498052079778
1
1
1
0.999403878016053
1
1
0.983473632265307
1
1
1
1
1
1
0.996944651419135
1
1
1
0.969995545377344
0.982386319572689
1
1
1
1
0.982587008540798
1
1
1
1
0.996296564121058
1
1
1
0.99165260804608
1
1
1
1
1
1
1
1
0.996546346422565
1
0.997041529096627
1
1
1
1
1
0.998342809401989
1
1
1
0.994497636921258
1
1
1
1
1
1
0.994463995061847
1
0.999620719868234
1
1
1
1
1
1
1
1
0.962027454815474
1
1
1
1
0.98671548046798
1
1
1
1
1
1
0.996071828743944
0.992498742457971
1
1
1
0.961996351443739
0.964043646774713
1
1
0.981124034442839
1
1
1
1
1
1
1
1
1
1
0.994238557138927
1
1
1
0.984853443223459
1
1
1
0.976350309816257
1
1
1
0.997863515017114
0.989659232676436
1
1
1
1
1
0.980828072962531
1
1
0.99689886390992
1
0.990797280549022
1
1
1
1
1
1
1
1
0.972390595783438
1
1
1
0.992370165522292
0.998658460654345
1
1
1
1
1
0.989683270326343
1
1
1
1
0.978133078597554
1
1
0.999243723793519
1
1
0.971189075974255
1
1
1
1
1
1
1
1
1
1
0.999851336983531
1
0.999858114548396
0.992764051760904
1
1
1
0.999868007227645
0.996105706558962
1
0.997088411361202
1
1
1
1
1
1
1
1
1
0.995569232895398
1
1
0.998864471896804
0.819121200184555
0.954175508815822
1
1
0.999082005898724
1
1
1
1
0.988780245709106
1
0.953902073617068
1
1
1
0.989274168678151
1
1
1
0.999850810918561
0.998263628957916
1
1
0.99845837960627
1
1
1
1
0.98607555264059
1
1
1
0.992370165522292
0.998616096285784
1
0.996354794963084
1
0.880173900937956
1
1
1
1
0.977231197653418
1
1
0.993710246359368
1
1
0.877445597602262
1
1
0.996684994107734
1
0.990144217211167
1
1
0.940350124843237
1
0.97629023517779
1
1
1
1
0.963767085645594
1
0.985280530687573
0.959372844619197
0.992889885488594
1
1
1
0.975926107175192
1
1
1
0.821391940500811
0.985889598336043
1
0.985145612677715
1
0.995243386449998
1
1
1
0.999868007227645
1
0.989321919527214
1
1
1
1
1
1
1
1
1
1
0.986333241748947
1
1
1
1
0.991245905038458
1
1
0.999716055731737
0.996113309703254
1
1
1
1
0.991995283346171
1
0.994289531869759
0.996654251319501
1
1
1
1
1
1
1
1
1
1
1
1
0.99845837960627
0.9773139118474
1
1
1
1
1
0.981048391542685
1
1
1
1
1
1
0.991995283346171
1
1
1
1
1
1
0.998616096285784
0.999851336983531
0.998560498899452
0.993898954966971
1
1
1
1
0.981676530331835
0.996814104278706
1
1
1
1
1
1
0.997863515017114
1
1
1
1
1
1
1
1
1
1
0.981048391542685
1
0.988302191014068
1
1
1
1
1
1
0.995569232895398
1
1
1
0.99077469068156
1
1
0.991518438505655
1
1
1
0.99419822859743
1
1
1
0.997354812707037
1
0.844181651832898
0.998342809401989
1
1
0.995647300472531
1
1
1
1
1
1
0.98535470447894
1
1
0.994009623629382
1
1
1
1
0.964073324678628
1
0.996119454349136
1
1
1
1
1
0.987541623173483
1
1
1
1
0.988740373707042
1
1
1
1
1
1
1
0.99165260804608
1
1
1
1
0.990144217211167
1
1
1
0.972320161841419
1
0.998451517626779
0.992562905121872
1
0.985744098725916
1
1
1
1
1
1
0.976133160789341
1
1
1
0.99824870567502
1
1
0.718878278171339
1
1
0.990669351428892
1
0.998368844082717
1
0.990342834937933
0.939351367920703
1
1
1
1
1
1
1
1
0.99875900458458
1
0.884652338973511
0.940350124843237
1
1
1
1
1
1
1
0.99688778526126
0.995677471380114
1
1
1
0.999864601705227
1
1
1
1
1
1
1
0.996296564121058
0.780878106240028
1
1
1
1
1
0.985406639068914
1
1
1
1
1
1
0.999082005898724
0.99689886390992
1
1
1
1
0.976485569588721
1
1
1
1
1
0.999868007227645
1
1
1
1
0.999278344400193
0.999935240612034
1
1
1
0.999750444217863
1
1
1
0.998257483007926
0.994807220915791
1
1
1
1
1
1
0.988740373707042
1
1
1
1
0.942754973630583
1
1
1
1
1
1
1
1
1
1
1
1
1
1
1
1
1
1
1
0.999850810918561
1
1
1
1
1
1
0.991518438505655
1
1
0.99828903414295
1
1
0.999153285048726
1
1
1
1
1
1
1
1
0.990301844435172
0.880173900937956
1
1
1
1
0.984097551390511
1
1
1
1
1
1
1
1
1
0.995505818346876
1
0.980302279535334
1
0.995647300472531
0.997226530980587
1
1
1
1
1
1
1
0.983886472822348
1
1
0.996086072512422
0.996970843207154
1
1
0.975459977153627
1
1
1
1
1
1
1
1
0.996208795199433
1
1
1
1
1
1
1
0.987541623173483
1
1
1
1
1
0.956422848122842
0.999278344400193
1
1
0.966240567077784
1
1
0.990043111439162
1
0.998513755460353
1
1
1
1
1
0.968193674998409
1
1
1
1
1
1
1
1
1
1
0.988989543748966
0.998548115920287
1
1
1
1
1
1
0.975232384000523
1
1
1
0.999854755753616
1
0.996871962039238
1
0.981124034442839
1
1
0.992562873649737
1
1
1
1
1
1
1
1
1
1
1
1
1
0.942754973630583
1
1
0.999721418878694
0.99147559360727
1
1
1
1
1
1
1
0.995647300472531
0.996466067528865
1
1
1
1
1
1
1
1
1
1
1
1
1
1
0.997041529096627
1
1
1
1
1
0.983701491913685
1
1
1
1
1
1
1
1
1
1
1
1
1
0.984853443223459
1
1
1
1
1
1
1
1
1
1
1
0.999550586011445
0.995047629327278
1
0.971266793561575
0.910970398385902
1
1
1
1
1
0.994009623629382
0.996071828743944
1
1
1
1
0.996807519458375
0.993898954966971
1
1
1
1
0.981693837344787
1
1
1
1
0.991934879370909
0.987721328986102
0.958498052079778
1
1
1
1
0.998864471896804
0.981048391542685
0.997748719722051
1
1
1
1
0.997110631881226
0.954087223800871
1
0.998160183537786
1
1
0.99392051305916
1
1
1
1
1
0.991514324215765
0.99824870567502
1
1
1
1
0.994289531869759
1
0.897904220183856
1
1
1
1
1
1
1
1
1
1
1
1
0.998674967030005
0.979636418181051
1
1
1
0.998299015596128
1
1
1
1
1
1
1
0.994060606186547
1
0.969426521586769
0.998593923271951
1
1
1
1
1
0.9792854663162
1
1
0.993898954966971
1
1
1
1
0.982267392885644
0.986324973823236
1
1
0.99828903414295
1
0.998516487597609
1
1
1
0.803640588718521
1
0.998091271092027
1
1
1
1
1
1
1
0.983235108207105
1
1
1
1
1
1
1
0.96656420842056
1
1
0.996238523266721
1
1
1
0.992562873649737
1
1
1
0.995505818346876
1
0.9790138367768
1
1
1
1
0.970305505115123
1
1
1
1
1
1
1
1
1
1
1
1
0.997252337353271
0.998516487597609
1
0.992562905121872
1
1
0.940350124843237
0.994238557138927
0.940350124843237
0.996466067528865
1
1
0.996119454349136
1
0.998368844082717
1
0.989039335071375
1
0.905700952275109
1
1
1
1
1
0.997177965410374
0.998560498899452
0.99845837960627
1
1
1
1
1
1
1
1
1
1
1
1
1
1
1
0.999359657040032
1
0.99655504383391
1
1
0.994999296465494
1
0.996208795199433
1
0.99488494254006
1
1
1
1
1
1
1
0.996176281921707
1
1
1
0.958498052079778
1
1
1
0.981693837344787
1
1
1
0.967179183034966
1
1
1
0.995957529093303
1
1
1
1
1
1
1
0.998303569745414
1
0.997226530980587
0.995163887113325
1
1
1
1
1
1
1
1
0.998418595380507
0.976554486740286
0.900192258112556
1
1
1
1
1
0.989039335071375
1
1
1
1
1
1
1
1
1
0.990419695094948
1
1
1
1
1
0.979636418181051
0.941971242414664
1
1
1
0.999854755753616
1
1
1
0.944872303013711
1
1
1
0.985744098725916
0.960085558367126
1
1
1
1
1
1
0.989785221551276
1
1
1
1
1
1
1
0.98671548046798
1
0.997110631881226
1
1
1
1
1
1
1
1
0.990959747675062
1
1
1
1
1
1
0.981676530331835
1
1
1
1
1
0.99353327855105
1
1
1
0.995647300472531
1
1
1
0.988758817873066
1
1
1
0.995647300472531
1
1
0.972248126301126
1
1
1
1
0.984097551390511
1
1
1
1
1
0.998257483007926
1
1
0.963245086864296
1
0.972248126301126
1
1
0.990019607160836
0.998571278711382
1
1
1
0.994999296465494
1
1
1
1
1
1
1
0.992700637469707
1
1
1
0.959372844619197
1
1
0.993948808773667
1
1
0.999278344400193
1
1
1
1
1
1
1
1
1
0.944740829979337
1
1
1
1
1
1
1
0.946394133495178
0.984097551390511
1
1
1
1
1
1
1
1
0.992672791269484
1
1
1
1
1
1
1
1
0.989683270326343
1
1
1
1
0.989785221551276
1
1
1
1
1
1
1
1
1
0.957854202811522
1
1
1
1
0.995839162371719
1
1
1
1
1
0.998257483007926
1
0.954175508815822
0.99828903414295
1
0.986324973823236
1
1
1
1
1
1
0.98535470447894
1
1
0.999243723793519
1
1
0.9904742923272
1
1
1
1
1
1
1
1
0.96753743096728
0.99828903414295
1
1
0.996970843207154
1
1
1
1
1
1
1
1
1
0.991518438505655
1
1
0.989776784582704
1
1
0.996105706558962
1
1
1
1
0.999403878016053
1
0.998160183537786
1
1
1
1
0.986909306263212
1
1
1
1
0.987390209401186
1
1
1
0.996296564121058
1
1
1
1
1
1
1
0.994732258225783
1
0.996466067528865
0.87639009712184
1
0.978133078597554
1
1
1
1
1
1
1
1
0.992589743551353
1
1
1
1
1
1
1
0.981518418955599
1
0.994009623629382
1
1
1
1
1
1
1
1
1
1
1
1
1
1
0.981676530331835
0.991382418466347
1
1
1
1
0.998310690336233
1
1
1
1
1
1
1
0.997171996118519
1
1
1
0.963561911594707
0.999850810918561
0.988780245709106
1
1
1
1
0.995474419159895
1
1
1
1
1
0.998741789652487
1
1
1
1
1
0.981676530331835
0.991382418466347
1
0.998593923271951
0.998342809401989
0.992764051760904
1
1
1
1
1
1
1
1
0.99904886636104
1
1
1
1
0.964073324678628
1
1
1
1
0.983359301384129
0.99739635476977
1
1
1
1
1
1
1
1
1
1
1
1
1
1
1
1
1
1
0.99987298133183
1
1
1
1
1
1
1
1
1
1
1
1
0.998864471896804
0.993049368355674
0.999403878016053
1
0.96753743096728
1
1
0.996208795199433
0.998418595380507
1
1
0.992782169156791
1
1
1
1
1
1
1
0.978281287710424
1
1
1
1
1
1
1
1
1
1
1
0.966066263202479
1
1
1
1
1
1
1
1
1
1
0.99689886390992
1
1
1
1
1
1
0.995957529093303
1
1
1
0.996296564121058
1
1
0.98607555264059
1
1
1
1
1
1
1
0.979270208200783
1
1
1
1
1
1
1
1
1
1
1
1
0.941993285888223
0.999850810918561
1
0.996119454349136
1
1
1
1
1
0.998560814329396
1
1
1
1
1
1
1
1
1
1
1
1
0.996208795199433
1
1
1
1
1
0.999082005898724
1
1
1
1
0.988683428587643
1
1
1
0.99904363028027
0.983990375734536
0.997695879440713
1
0.998091271092027
1
0.995647300472531
0.997463047198433
1
0.98970154471814
1
0.998706838511518
1
1
1
1
0.996970843207154
1
0.998864471896804
1
1
1
1
1
1
1
1
1
1
1
0.996939715852044
1
1
1
1
1
0.998903714487432
0.999961227813718
1
1
0.995839162371719
1
1
1
1
0.740814834366822
0.978133078597554
1
1
1
1
1
0.99904363028027
0.998963889453747
0.997863515017114
0.995243386449998
1
1
1
1
0.990043111439162
1
1
1
1
1
1
0.888623896353532
1
0.996238523266721
0.999620719868234
1
1
1
1
1
1
1
1
1
1
1
1
1
1
1
1
0.980089861793149
1
1
1
1
1
0.99904363028027
1
1
1
1
0.992562873649737
1
1
1
0.804469200502542
1
1
1
1
1
1
1
1
1
1
1
1
1
1
0.961996351443739
1
0.993694273147828
1
1
1
1
1
0.983473632265307
0.987815484516153
1
0.998368844082717
1
1
0.982082277930613
1
1
1
0.910973580055385
0.985621297175614
1
1
1
0.98671548046798
1
1
1
1
1
0.996238523266721
0.994999296465494
1
0.994463995061847
0.996086072512422
0.956422848122842
0.985621297175614
1
1
0.970523504794133
0.96753743096728
0.993694273147828
1
1
1
1
0.983473632265307
1
0.999954104263796
1
0.989293829935095
1
1
1
0.99688778526126
1
1
1
1
0.994463995061847
1
1
1
1
1
1
1
0.983701491913685
1
1
1
0.993187506545495
1
1
1
1
1
1
1
1
1
0.824474369883329
0.995839162371719
1
1
1
1
1
0.99824870567502
0.998125819617719
0.90896083111076
1
1
0.996086072512422
1
0.993445578896882
1
1
0.995474419159895
0.687023596799381
0.990806150768097
1
0.992843759196791
1
1
0.905712516667635
0.989146610643875
0.998418595380507
1
1
1
0.971941477155674
1
0.999954104263796
1
0.856371752063061
1
1
1
1
1
0.999171659950827
1
0.99824870567502
1
1
0.979058161051367
0.996296564121058
0.885009318774502
1
1
1
0.927106275064989
1
1
1
0.95991857040133
1
1
1
0.822846904339568
0.986338387531149
0.792165936755266
1
0.998418595380507
1
1
1
1
1
1
1
0.998521234425775
1
1
1
1
1
1
1
1
0.998160183537786
1
1
1
1
1
1
0.986324973823236
1
1
0.954087223800871
1
1
1
1
1
0.99492432822286
1
1
1
0.981910076082373
1
0.99688778526126
1
1
1
1
1
1
1
1
1
0.998418595380507
1
1
1
1
1
1
0.990144217211167
0.961061943603227
0.952526104040555
0.992370165522292
1
0.999920117360591
1
1
1
0.986295420515689
1
1
1
0.960085558367126
1
1
1
1
1
1
1
1
0.962521906226244
1
0.961130877478305
1
1
1
1
1
1
0.998513755460353
1
1
1
1
0.954087223800871
0.998350055597564
0.997452504282637
1
1
1
1
1
1
0.901986606833015
1
1
1
0.99419822859743
0.992889885488594
0.981693837344787
1
1
1
0.986150286471075
1
1
0.981676530331835
1
1
1
1
1
1
1
1
1
0.962691152740299
1
1
1
1
1
1
1
1
1
1
1
1
1
1
0.990419695094948
1
1
0.995384916990529
1
1
0.980084526753636
0.959511738446319
1
0.981048391542685
0.992370165522292
1
1
0.989146610643875
1
1
1
1
1
1
1
1
1
1
0.99828903414295
1
0.99353327855105
1
1
1
1
0.990797280549022
0.870617839036877
1
1
1
1
1
1
1
1
1
1
1
0.994184252548794
0.998257483007926
1
1
1
1
0.998963889453747
0.992782169156791
0.98607555264059
1
1
0.999858114548396
0.972248126301126
1
1
0.999620719868234
1
1
1
1
1
1
1
1
1
1
1
1
1
1
1
1
0.994009623629382
1
1
1
1
1
1
1
1
1
0.99488494254006
0.998658460654345
1
1
1
1
1
1
0.964073324678628
1
1
0.9773139118474
1
1
1
1
1
1
0.988078201292712
1
1
1
1
1
1
1
1
1
1
1
1
0.993868166312876
1
1
1
1
1
0.998516487597609
0.981048391542685
1
1
1
1
1
1
1
1
1
1
1
1
1
1
1
1
1
1
1
1
1
0.992514233317146
1
0.97943336564346
1
1
1
1
0.995647300472531
1
1
0.993694273147828
1
1
1
1
0.999850810918561
0.998526471068899
0.998342809401989
0.986333241748947
0.99077469068156
0.996654251319501
1
1
1
1
0.976485569588721
1
1
1
0.981759837373969
0.95917810476567
1
1
1
1
1
0.996086072512422
1
0.82707212535227
0.990107039535063
1
1
1
1
1
1
0.999082005898724
1
1
1
0.997978442734157
1
1
1
1
1
0.989293829935095
1
1
0.999464035372177
0.994289531869759
1
1
1
1
1
1
1
1
1
1
0.985427347371265
1
1
1
1
1
1
1
0.985280530687573
0.983990375734536
1
0.995243386449998
1
0.962691152740299
1
1
0.996071828743944
1
0.982959361316693
1
1
0.992304660543841
1
1
1
1
1
1
1
0.79049932262958
1
0.997867473051521
1
0.997463047198433
0.906717088829621
0.954175508815822
1
1
1
0.998593923271951
1
1
1
1
1
1
1
1
1
1
1
1
1
1
1
0.98705129269472
1
1
0.996807519458375
1
1
0.998125819617719
0.980084526753636
1
1
0.998368844082717
1
1
0.993868166312876
1
1
1
1
1
1
1
1
1
1
1
1
0.997041529096627
1
1
1
1
1
1
1
1
0.995243386449998
1
1
1
0.999171659950827
1
1
1
1
1
1
1
1
1
1
1
1
1
1
1
1
1
1
1
1
1
0.988078201292712
1
1
1
1
0.995384916990529
1
1
0.998310690336233
0.998303569745414
1
1
0.996970843207154
1
1
0.971266793561575
1
1
1
1
1
1
0.986295420515689
0.986295420515689
1
1
1
1
1
0.988078201292712
0.956422848122842
1
1
1
0.99970362582731
1
1
1
1
1
0.99828903414295
1
0.999037699833417
1
1
1
1
0.982386319572689
1
1
1
0.996105706558962
1
0.992498742457971
1
1
1
1
1
1
1
1
1
0.998571278711382
1
1
1
1
1
1
1
1
1
1
0.977592030365252
1
0.996807519458375
1
0.934511233201239
0.998692330816644
1
1
1
1
1
1
0.998303569745414
1
1
1
1
1
1
1
1
1
1
0.999211733845851
1
1
0.985621297175614
0.999860343058715
1
1
0.992514233317146
1
1
1
1
1
0.999464035372177
1
0.972390595783438
1
0.991995283346171
0.988214485317061
1
1
1
1
0.998788413139514
0.99147559360727
1
0.999918109131094
0.996296564121058
0.996833032632559
0.988989543748966
0.860188874848733
0.997560997638577
1
0.934541108036481
1
1
1
1
1
1
1
1
1
1
1
1
1
0.999858114548396
1
0.987721328986102
1
1
1
0.988078201292712
1
1
1
1
0.994289531869759
0.993831384417341
1
1
1
1
1
1
1
0.996071828743944
1
1
1
1
1
1
1
1
0.958120940347846
1
1
0.998571278711382
1
1
0.986324973823236
1
0.983333817957388
1
1
1
1
1
0.992370165522292
1
1
1
1
0.972302744977829
1
0.99147559360727
0.998788413139514
1
0.990236301365129
1
1
1
0.988003802257961
1
1
1
1
1
0.998125819617719
1
0.998741789652487
1
0.99655504383391
1
1
1
1
1
1
1
1
1
1
1
1
1
1
0.998674967030005
1
1
1
1
1
0.996970843207154
0.998418595380507
1
1
0.998257483007926
0.998674967030005
1
0.98705129269472
1
1
1
1
1
1
0.954087223800871
1
1
1
1
1
1
1
1
0.970556859709306
1
1
1
1
1
0.980394275392633
1
0.984853443223459
1
1
1
1
1
1
0.99918986253838
1
0.998674967030005
0.996105706558962
1
1
1
1
0.954087223800871
1
1
1
1
1
1
1
0.98607555264059
1
0.999211733845851
1
1
1
1
1
1
1
0.978281287710424
1
1
1
1
1
0.969707856726763
1
0.99392051305916
1
1
1
1
1
1
1
1
1
0.980089861793149
1
1
1
1
1
1
1
0.999868007227645
0.995569232895398
1
1
0.923192637809997
1
1
1
1
0.99739635476977
0.988078201292712
0.971915059346389
1
1
1
1
1
1
1
1
1
1
0.989462656525039
1
1
1
1
1
1
1
1
1
0.968193674998409
0.988003802257961
1
1
1
1
1
1
1
1
1
1
1
1
1
0.996466067528865
1
1
1
1
1
1
1
0.998526471068899
1
1
1
1
1
1
0.961130877478305
1
0.993663241615793
1
1
1
1
1
0.962521906226244
0.998677731403023
0.995243386449998
1
1
1
1
1
1
0.993049368355674
1
1
0.991514324215765
1
1
0.994009623629382
0.941993285888223
1
1
1
1
0.994124924175049
1
0.998263628957916
1
1
1
1
1
1
0.96938284029495
0.999851336983531
1
1
1
1
1
1
1
1
1
1
1
1
0.99987298133183
1
0.993868166312876
1
1
1
0.989764405291081
0.988683428587643
1
0.884963512022899
0.996086072512422
1
0.972647265566309
1
0.984970330853635
1
0.99419822859743
1
1
0.99460349349601
1
1
0.953783922952924
1
1
1
1
1
0.999550586011445
1
1
0.99824870567502
1
1
1
1
1
1
1
1
1
1
1
1
1
1
1
1
1
1
1
0.930553403010566
1
1
1
1
1
1
1
1
1
1
1
1
1
1
1
1
1
1
1
1
1
1
1
1
1
0.997748719722051
0.987541623173483
1
1
1
1
0.970667892176591
1
0.994463995061847
0.986713618403416
1
1
1
0.971189075974255
1
1
1
1
0.913710546794945
1
1
1
1
1
1
1
1
0.99739635476977
1
1
1
1
1
1
1
1
1
1
0.985621297175614
1
1
1
1
1
0.996296564121058
1
0.99392051305916
1
0.998342809401989
1
0.912048413987376
1
1
1
1
1
0.989683270326343
1
1
1
1
1
1
1
1
1
1
1
1
1
1
0.954087223800871
0.98292705531889
0.998674967030005
1
1
1
1
1
1
1
1
1
0.988945050506004
1
1
1
0.991245905038458
1
0.998299015596128
1
1
1
1
1
1
1
1
0.991672439310779
1
0.962027454815474
1
1
1
1
1
0.998513755460353
0.998560498899452
1
1
1
0.996176281921707
1
1
0.988945050506004
1
1
1
1
1
1
1
1
1
1
1
1
1
1
1
1
1
1
1
1
1
1
1
1
1
1
1
1
0.9904742923272
1
1
1
0.997319731235609
1
1
0.998257483007926
0.999338141246319
1
1
1
1
1
1
1
1
1
1
0.993898954966971
0.998548115920287
1
1
0.987541623173483
1
1
1
1
1
0.994238557138927
1
0.977055939817931
1
1
1
1
1
0.972390595783438
1
1
1
0.998350055597564
1
1
1
1
1
1
0.992700637469707
0.993868166312876
0.998548115920287
1
1
1
1
0.992889885488594
0.955845793656408
0.989683270326343
1
0.98607555264059
1
1
1
1
1
1
1
1
1
1
0.780878106240028
1
1
1
0.99875900458458
1
1
1
1
1
1
1
1
0.904611937668362
1
1
1
1
1
1
1
1
1
1
1
0.97629023517779
1
0.992562873649737
1
1
1
1
0.998303569745414
1
0.994289531869759
1
1
1
1
1
1
0.99165260804608
0.99845837960627
1
1
0.993445578896882
1
1
1
1
1
1
1
1
1
1
1
1
1
1
1
1
1
1
1
1
0.998674967030005
1
1
1
1
1
1
1
1
1
1
1
1
1
1
1
0.976133160789341
1
1
1
1
1
1
1
1
0.998368844082717
1
1
1
1
1
1
1
1
0.996324793327291
1
1
1
1
1
1
1
0.987541623173483
1
1
1
1
1
1
1
1
0.999153285048726
1
1
0.99918986253838
0.99904363028027
1
1
0.986295420515689
1
1
1
1
1
1
1
1
1
0.998616096285784
1
0.981910076082373
0.986333241748947
1
1
1
1
0.997110631881226
1
1
1
1
0.989683270326343
1
1
0.993595192376554
1
1
1
1
1
0.999675855414124
1
1
1
1
0.998560498899452
1
1
1
1
1
0.994732258225783
1
0.997863515017114
1
0.982959361316693
1
1
0.999153285048726
1
1
1
1
1
1
1
1
1
1
1
1
1
1
1
1
1
0.963767085645594
0.992562873649737
1
0.98671548046798
1
1
0.986896809648556
1
0.989866681455017
1
1
1
0.806903454955996
1
1
0.960085558367126
1
0.999550586011445
1
1
1
0.990419695094948
1
1
1
1
1
1
1
0.972647265566309
1
1
0.996105706558962
1
1
1
1
1
1
1
1
1
1
0.942754973630583
1
0.999359657040032
1
1
0.996833032632559
1
1
1
1
1
1
1
0.995388191044012
1
0.999920117360591
1
1
0.972390595783438
0.837951364705472
1
0.998451517626779
1
0.997252337353271
0.996654251319501
0.998418595380507
0.985280530687573
0.946168234161212
1
1
0.999838196189081
1
1
1
1
1
1
1
1
1
0.999850810918561
1
1
1
1
1
0.933963280058263
0.968541785149087
0.821391940500811
1
0.974931992699667
1
1
0.991862911537314
0.999858114548396
1
0.990342834937933
1
1
1
1
1
1
1
1
1
1
1
0.995047629327278
1
1
1
1
0.988780245709106
0.99845837960627
1
1
0.995960548809654
0.975232384000523
1
1
1
1
1
1
1
0.96753743096728
1
1
0.997748719722051
1
1
1
0.975232384000523
1
1
0.996071828743944
0.975342026285737
1
1
1
1
1
1
0.999850810918561
1
0.999864601705227
0.895881625389167
1
1
1
0.994807220915791
1
1
1
1
1
1
1
1
1
0.998257483007926
1
1
1
1
1
1
0.991743382126853
1
0.996970843207154
1
0.971108782408061
1
1
1
1
1
1
1
0.990245760257677
1
0.999920117360591
1
1
0.998802941986602
1
0.984970330853635
1
1
1
1
1
1
1
1
1
1
1
0.996176281921707
1
1
0.980828072962531
1
1
1
1
1
1
1
1
0.996577159460409
0.984442096633377
1
1
1
1
1
1
1
1
0.991245905038458
1
0.988989543748966
1
1
1
1
1
1
1
1
1
1
1
0.769102645544344
0.996105706558962
0.97167200787129
0.994463995061847
1
1
0.996105706558962
1
1
1
1
0.988945050506004
1
1
0.993694273147828
1
1
1
0.976047892609644
1
1
1
1
0.999278344400193
1
0.983473632265307
0.988003802257961
1
1
0.999877671584856
1
1
1
1
1
1
1
1
1
1
0.994009623629382
1
1
1
1
1
1
1
1
1
1
0.986150286471075
1
0.954087223800871
0.996684994107734
0.994289531869759
1
1
1
1
1
0.991862911537314
0.981910076082373
0.995512284548906
0.964043646774713
1
0.942754973630583
0.915456118452449
1
1
1
1
1
1
1
1
1
1
1
1
1
1
1
1
1
1
1
0.997110631881226
1
1
0.999037699833417
1
0.994124924175049
0.99824870567502
1
1
1
0.994999296465494
1
1
0.989462656525039
1
1
1
1
1
1
1
0.998516487597609
1
1
1
1
1
1
1
1
1
1
1
1
0.999171659950827
1
1
0.986295420515689
1
0.992764051760904
1
1
1
1
1
1
1
1
1
0.990144217211167
1
0.971354081369796
1
1
1
0.997171996118519
1
1
1
1
1
1
1
1
1
0.986333241748947
0.996086072512422
1
1
1
1
1
0.989293829935095
1
1
1
1
0.998516487597609
1
0.972390595783438
1
1
1
1
1
1
1
1
1
1
0.999902770906864
1
1
1
1
0.996105706558962
0.960085558367126
1
1
1
1
1
1
1
0.980394275392633
1
1
1
1
0.986324973823236
1
1
0.958634366340458
1
0.998513755460353
0.999858114548396
1
1
1
1
1
0.996086072512422
0.860188874848733
1
1
1
1
1
1
1
0.992843759196791
1
1
0.984853443223459
0.972248126301126
1
0.9790138367768
1
1
1
1
0.981910076082373
1
0.998303569745414
1
1
0.99985351156016
1
0.996071828743944
1
1
1
1
0.994844701192618
1
1
0.986384864816941
0.987541623173483
0.994463995061847
1
1
1
1
1
0.99147559360727
1
1
1
1
1
1
1
1
1
1
1
1
1
1
1
1
1
1
1
1
1
0.990144217211167
1
1
1
1
1
1
0.998263628957916
1
1
1
1
1
1
0.981079645620214
1
0.991672439310779
1
1
1
1
1
0.998677731403023
1
1
1
1
1
1
1
1
1
1
1
1
1
1
0.991382418466347
1
1
1
1
1
1
1
1
0.99419822859743
0.983701491913685
0.999474715677147
1
1
1
1
1
1
0.979588236340783
0.983701491913685
1
1
1
1
1
1
1
1
0.99904363028027
1
1
0.963561911594707
0.992935119483355
1
1
1
1
1
0.926633548008969
0.999864601705227
1
1
0.99985351156016
0.99970362582731
0.999278344400193
1
1
1
1
0.998571278711382
1
1
1
1
1
1
0.998342809401989
1
1
0.990301844435172
1
1
1
1
1
1
1
1
1
1
1
1
1
1
1
0.997863515017114
1
1
1
1
1
1
1
1
1
0.994807220915791
1
1
0.982284495124408
1
1
1
1
1
1
0.98535470447894
1
1
1
0.997867473051521
1
1
1
0.989683270326343
1
1
1
1
1
1
1
1
1
1
1
1
1
1
1
1
1
1
1
1
0.991514324215765
0.995474419159895
1
1
1
0.96753743096728
0.997463047198433
1
1
1
0.995384916990529
1
1
1
1
1
1
0.991518438505655
1
1
1
0.992498742457971
1
1
1
1
1
0.994463995061847
0.992498742457971
0.97438678283745
1
1
1
1
0.995505818346876
1
1
1
1
1
1
0.993868166312876
1
0.996944651419135
0.996238523266721
1
0.981124034442839
1
1
1
1
1
1
1
1
1
1
0.996071828743944
0.998658460654345
1
1
1
1
1
0.989462656525039
1
0.995027004686522
1
1
0.97598342271859
1
1
1
0.998864471896804
1
1
1
0.998342809401989
0.991981688424761
1
1
1
1
1
1
1
1
0.998560814329396
1
0.942754973630583
1
1
1
0.986295420515689
1
1
1
1
1
1
1
1
0.983359301384129
1
1
1
1
1
0.976554486740286
1
0.946035859431742
0.999954104263796
1
0.995350903498532
1
0.949758405242192
0.981079645620214
0.999359657040032
1
0.998299015596128
0.928915809301208
0.966240567077784
1
1
0.991245905038458
1
1
0.9792854663162
1
0.998741789652487
1
0.98292705531889
1
1
1
1
0.963767085645594
1
0.99987298133183
1
1
1
1
1
1
1
0.998350055597564
1
0.969995545377344
0.992061920221742
1
1
1
1
0.995647300472531
0.964043646774713
0.996944651419135
1
1
0.980828072962531
0.983990375734536
1
1
1
1
1
0.996071828743944
0.998521234425775
1
0.969995545377344
1
1
1
1
1
1
0.999850810918561
1
1
1
1
1
1
1
1
1
1
0.994463995061847
1
1
0.96994021242954
1
1
1
1
1
1
1
1
1
1
1
0.979829703271438
1
1
1
1
0.889487027460098
1
1
1
1
1
1
0.996296564121058
1
1
0.98535470447894
0.992672791269484
1
0.996871962039238
1
0.999584061847014
0.95117859952087
1
0.990019607160836
1
1
0.999868007227645
0.998342809401989
1
1
1
0.935101649237942
1
1
1
0.97167200787129
1
1
1
1
0.99165260804608
1
1
1
1
0.94569676270591
1
0.970949732054715
1
1
1
1
1
1
1
1
0.988780245709106
1
1
1
1
1
0.924473478289011
0.992304660543841
1
1
1
1
1
0.929480466001908
1
1
0.998741789652487
1
1
1
0.996208795199433
1
1
1
0.99739635476977
1
1
1
1
0.988683428587643
1
1
1
1
0.998593923271951
1
0.981676530331835
1
1
0.993663241615793
0.822645359413845
1
1
1
1
1
1
1
1
0.998418595380507
1
1
1
1
0.82665817232041
0.997354036140151
1
1
1
1
0.994289531869759
1
1
0.982659342288359
1
1
1
0.998548115920287
1
1
1
1
0.985889598336043
0.995569232895398
0.982111941681645
1
1
0.999902770906864
1
1
1
0.998811375223012
1
1
0.991840879429043
1
1
1
1
1
1
1
0.999721418878694
0.9870794067123
1
1
1
0.995664580384761
1
1
0.987541623173483
1
1
0.992370165522292
0.994478370163715
1
1
1
1
0.999860343058715
1
1
1
0.972678315403968
0.976554486740286
1
1
1
1
1
1
0.998418595380507
1
1
1
1
1
1
1
1
1
0.999037699833417
1
1
1
0.996208795199433
1
1
1
1
1
1
1
1
0.992370165522292
1
1
1
1
0.998516487597609
1
0.960085558367126
1
0.999935240612034
1
1
1
1
1
0.997171996118519
1
1
1
1
0.990301844435172
1
0.991840879429043
1
1
1
0.992782169156791
0.980503053128203
1
0.996944651419135
1
1
1
1
0.969995545377344
1
1
1
1
1
1
1
1
0.99824870567502
1
1
1
1
1
1
1
1
1
1
1
1
1
1
1
0.998368844082717
0.943491209954986
1
0.954982979596574
1
1
1
1
1
1
1
1
0.993265007405191
1
0.984853443223459
1
1
1
1
0.999935240612034
1
1
1
1
0.995647300472531
1
1
0.962459098115358
1
1
1
1
1
1
0.976554486740286
1
1
0.999811802041571
0.984359805497691
1
1
1
0.988302191014068
1
1
0.990419695094948
1
1
1
1
1
1
1
1
0.996354794963084
0.984853443223459
1
0.964416800560152
0.964438366232566
1
1
1
1
1
0.998706838511518
0.995505818346876
1
1
1
1
0.978133078597554
0.865060182340745
1
0.997452504282637
0.990342834937933
1
1
1
0.900192258112556
1
0.979510643342869
0.998571278711382
1
0.992370165522292
0.995647300472531
1
1
1
1
0.997354036140151
1
1
1
1
0.990806150768097
1
1
1
1
1
1
1
1
1
1
1
1
1
0.99488494254006
1
1
1
1
1
0.999550586011445
1
1
0.84787600236323
1
1
1
1
1
0.988078201292712
1
1
1
1
1
1
1
1
1
1
0.99688778526126
1
1
0.965043397080847
1
0.996807519458375
1
1
1
0.989039335071375
0.996119454349136
1
0.991548438074046
1
1
1
1
1
1
1
1
1
1
1
1
0.998802941986602
0.98607555264059
0.999854755753616
1
1
1
0.999403878016053
1
0.981124034442839
1
1
1
1
1
1
1
0.999889276155689
1
1
0.991840879429043
1
1
1
1
1
1
1
1
1
1
1
1
1
1
1
1
0.992304660543841
1
0.997560997638577
1
1
1
1
0.990245760257677
1
0.968193674998409
0.961996351443739
1
1
0.984853443223459
1
1
1
1
0.999850059620981
1
1
1
0.998418595380507
0.964416800560152
1
1
0.991245905038458
1
0.968541785149087
0.944980398686929
0.988780245709106
0.996071828743944
1
1
1
0.991709010708535
1
0.996354794963084
1
0.990245760257677
1
1
1
1
1
1
1
1
1
1
1
1
1
1
1
1
1
1
0.992498742457971
1
1
1
1
1
1
1
1
1
1
1
1
1
0.993694273147828
0.997041529096627
1
0.985406639068914
1
1
1
0.996466067528865
1
1
1
1
0.991672439310779
1
1
0.989785221551276
0.991709010708535
1
1
0.996807519458375
0.997049499226757
1
1
0.986055539422901
1
1
0.98607555264059
0.941900657067383
1
1
1
1
1
1
1
0.994807220915791
1
1
1
0.944740829979337
0.998571278711382
1
1
1
1
0.998368844082717
0.993049368355674
1
1
1
0.970305505115123
0.997088411361202
1
0.996086072512422
1
1
0.997177965410374
1
1
1
1
1
1
1
0.996238523266721
0.993595192376554
1
1
1
1
1
1
0.999082005898724
1
0.983990375734536
0.990959747675062
1
0.982284495124408
1
1
0.997252337353271
1
1
1
1
1
0.992061920221742
1
1
0.998560498899452
1
1
1
1
0.998903714487432
1
1
1
1
1
1
0.99392051305916
0.998548115920287
1
0.997171996118519
1
1
1
1
1
1
1
1
1
1
1
1
1
1
0.991840879429043
1
1
1
0.995647300472531
1
0.996071828743944
1
1
1
1
1
1
1
1
1
1
1
1
0.930553403010566
0.998418595380507
1
1
0.927625835842333
1
1
1
1
0.990499092746899
1
1
1
0.995163887113325
0.979510643342869
1
1
1
0.995047629327278
0.917561504611796
1
0.995474419159895
1
1
1
1
1
1
1
1
1
0.954087223800871
1
1
1
1
0.984359805497691
1
1
0.994999296465494
1
0.999410415341626
1
1
1
1
1
1
1
1
0.999889276155689
1
1
1
0.981175155362926
1
0.972390595783438
1
1
1
1
1
1
0.892396092525498
1
1
1
1
0.994060606186547
1
0.99918986253838
0.984585150400926
1
1
0.999868007227645
0.832059889551417
0.99392051305916
1
1
1
1
1
0.961996351443739
1
1
1
1
0.993595192376554
1
1
0.976047892609644
1
0.993868166312876
0.987721328986102
1
0.990419695094948
1
1
1
1
1
1
1
1
1
1
0.998342809401989
1
1
1
1
1
1
0.988078201292712
0.99824870567502
0.972390595783438
1
1
1
1
0.988758817873066
1
1
1
1
1
1
1
1
0.939351367920703
1
1
1
1
1
1
1
0.97438678283745
1
1
1
1
1
1
1
0.910973580055385
1
1
1
1
1
0.995512284548906
1
0.99419822859743
0.993049368355674
1
0.996684994107734
0.997049499226757
1
1
1
1
1
1
0.995004542967563
1
1
1
1
0.998571278711382
1
0.984970330853635
1
1
1
1
1
1
1
1
1
1
1
1
1
1
0.999211733845851
0.994060606186547
1
0.976047892609644
1
1
1
1
0.84787600236323
1
1
1
1
1
1
0.998864471896804
1
1
1
0.97572717511571
0.99392051305916
1
1
1
1
1
1
0.992370165522292
1
1
1
0.998418595380507
1
0.981693837344787
1
1
1
1
1
1
0.998692330816644
0.992562873649737
1
1
1
1
1
0.98776329033929
1
1
1
1
1
1
0.996086072512422
1
1
1
1
1
1
1
1
0.994807220915791
0.998160183537786
1
1
1
1
1
1
0.998802941986602
1
1
1
0.952946596589161
1
0.983359301384129
1
1
1
1
1
1
1
1
1
1
1
0.995384916990529
1
1
1
1
1
0.998658460654345
1
1
1
1
1
1
0.997452504282637
1
1
1
1
0.989683270326343
1
1
1
0.997249544209111
1
1
1
1
1
1
1
1
1
1
1
1
1
0.976554486740286
1
1
1
1
0.996807519458375
1
1
1
1
1
1
1
1
1
1
1
1
1
1
1
0.998368844082717
1
1
1
1
0.963767085645594
1
1
1
1
0.996176281921707
0.976687157399192
1
1
1
0.996871962039238
1
1
0.986324973823236
1
0.989776784582704
1
0.988078201292712
1
1
1
0.998418595380507
1
0.993048520631467
1
1
1
1
1
1
0.998350055597564
0.979322939577162
1
1
1
1
0.998802941986602
1
1
1
1
1
1
1
1
0.996066997281412
1
0.997249544209111
0.991518438505655
1
1
1
1
1
1
0.99655504383391
1
0.990806150768097
1
1
1
1
1
0.920158857067137
1
0.986324973823236
1
1
1
1
1
1
1
1
1
0.986072838484667
1
1
1
1
1
0.981048391542685
0.998513755460353
1
1
1
0.958498052079778
1
0.998303569745414
1
1
1
1
1
0.989785221551276
1
0.984853443223459
1
0.98607555264059
1
1
1
1
1
1
1
1
1
1
0.985406639068914
1
0.969707856726763
1
1
1
1
0.969426521586769
0.989683270326343
1
1
0.975232384000523
1
1
0.995960548809654
0.981175155362926
1
1
1
1
0.99845837960627
1
1
1
1
0.99904886636104
1
1
1
1
1
1
1
1
1
1
1
0.996944651419135
0.989785221551276
1
0.985258550760238
0.997249544209111
1
1
1
1
1
1
0.84787600236323
1
1
0.988945050506004
1
1
1
1
1
1
0.912048413987376
1
0.999403878016053
1
1
1
1
1
0.937485570497508
1
1
1
1
1
1
0.992562905121872
1
0.998526471068899
0.988945050506004
0.999620719868234
1
1
0.993694273147828
1
0.993710246359368
1
1
1
1
1
1
1
1
1
1
1
1
1
1
1
0.99077469068156
0.996119454349136
0.998706838511518
0.998263628957916
1
1
0.993868166312876
1
0.909434172167224
1
1
1
1
0.996684994107734
1
1
1
0.984585150400926
1
1
1
1
1
1
1
1
1
0.999620719868234
1
1
1
0.995957529093303
1
1
1
0.998257483007926
1
1
1
1
1
1
1
1
1
1
1
0.992562873649737
0.992562873649737
1
1
1
1
1
1
1
1
1
1
0.988003802257961
1
1
1
1
1
1
1
1
1
1
1
1
1
1
0.996086072512422
1
1
1
1
1
1
0.90896083111076
0.999851336983531
1
1
1
1
1
0.99073589027809
1
1
0.998692330816644
1
1
1
0.999851336983531
1
0.994999296465494
1
1
0.99077469068156
0.944387753279073
1
1
1
1
1
1
1
1
1
0.999403878016053
1
1
1
1
1
1
1
1
1
1
0.865060182340745
1
1
0.996577159460409
0.980163086647665
1
0.858263573839219
0.990419695094948
1
1
0.983990375734536
1
0.895881625389167
0.99985351156016
0.989785221551276
1
1
1
1
0.986480563137867
1
1
1
0.989866681455017
1
1
1
0.987007467723296
0.994807220915791
1
1
1
1
0.999721418878694
1
0.994463995061847
1
1
1
0.831745335407221
1
0.989293829935095
1
1
1
1
1
0.991245905038458
1
1
1
1
1
1
1
1
0.998521234425775
0.995388191044012
0.915065785396319
0.97592383208264
0.999171659950827
0.955372342938614
1
1
1
1
1
1
1
1
0.996466067528865
1
1
1
1
0.970556859709306
0.95117859952087
0.975342026285737
1
0.994807220915791
1
1
1
0.97438678283745
0.999082005898724
0.979322939577162
1
0.998263628957916
0.998257483007926
1
1
1
0.958498052079778
1
1
1
1
1
1
1
1
1
1
1
1
0.997978442734157
1
1
0.999850059620981
1
0.99147559360727
0.976485569588721
0.998571278711382
1
0.988989543748966
1
0.999850810918561
1
0.992764051760904
1
1
0.997171996118519
0.984970330853635
0.971809149448167
1
1
1
1
1
1
1
1
1
0.925253785387688
1
0.922035059691474
1
1
1
1
1
1
0.976067603449141
1
1
1
1
1
1
1
1
1
1
1
1
1
1
0.946091320488751
1
1
0.981910076082373
1
1
1
1
1
0.996970843207154
1
1
1
0.998521234425775
1
1
1
1
1
1
1
1
1
1
0.97167200787129
0.981048391542685
0.99904363028027
0.991743382126853
1
1
1
1
1
1
0.982284495124408
1
0.968193674998409
1
1
0.99987298133183
1
1
1
1
1
0.999860343058715
1
1
1
0.981048391542685
1
0.994999296465494
0.991245905038458
0.989146610643875
1
0.987541623173483
1
0.994252141652273
1
1
0.998658460654345
1
1
1
0.992562873649737
1
0.999877671584856
0.99165260804608
1
1
1
0.961045964890417
0.992370165522292
1
0.989293829935095
1
0.996208795199433
1
1
0.997041529096627
1
1
1
0.986295420515689
1
0.999913426079359
1
1
1
1
1
1
1
1
1
1
1
1
0.998903714487432
1
1
1
1
0.972678315403968
0.998658460654345
1
1
1
1
0.997177965410374
1
1
1
1
0.986480563137867
1
1
1
1
1
0.999721418878694
1
0.802484841818769
1
0.84787600236323
0.712163188717058
1
1
1
1
1
0.892174129285809
1
1
1
0.985280530687573
1
1
0.991672439310779
1
1
1
1
1
1
1
0.990499092746899
1
1
1
1
1
0.991981688424761
1
1
1
1
0.999550586011445
1
0.99491098049004
1
1
0.995240976457316
0.998963889453747
1
1
1
1
1
0.989462656525039
1
1
1
1
1
1
0.996119454349136
0.983473632265307
1
1
1
1
0.9790138367768
0.997110631881226
1
0.970118048801937
0.96753743096728
1
1
0.9790138367768
1
1
1
1
1
1
1
0.986055539422901
1
1
1
1
1
1
0.999243723793519
0.998516487597609
1
1
0.972320161841419
1
1
1
1
1
1
1
1
1
1
1
1
1
1
1
0.960085558367126
1
1
1
1
0.980089861793149
1
0.999359657040032
1
1
1
1
0.996105706558962
1
1
1
1
1
1
0.969426521586769
0.997171996118519
1
1
1
1
1
1
0.990043111439162
1
1
1
1
1
0.989785221551276
0.936086299911898
1
1
1
1
1
1
1
1
1
0.994060606186547
1
0.998350055597564
1
1
1
1
0.972678315403968
0.998674967030005
1
1
0.994478370163715
1
1
1
1
0.972248126301126
1
1
1
1
0.99689886390992
1
1
1
1
1
1
1
1
1
0.981242027831182
1
1
1
1
1
1
1
1
1
1
1
1
1
0.988989543748966
1
0.995004542967563
1
0.991548438074046
1
1
1
0.999750444217863
1
0.996105706558962
1
1
1
0.99824870567502
1
1
0.997319731235609
1
1
1
1
0.986324973823236
1
1
0.999860343058715
1
1
1
0.999474715677147
0.953054072304034
1
1
1
1
1
0.999918109131094
0.955616415706646
1
1
1
1
1
1
1
0.992304660543841
1
1
1
0.995243386449998
1
1
1
1
1
1
1
1
0.968540987189273
1
1
1
1
1
0.996296564121058
1
0.969995545377344
1
0.988989543748966
1
1
1
0.971266793561575
1
1
0.997319731235609
0.997177965410374
1
0.997867473051521
1
1
1
1
0.994463995061847
1
0.990419695094948
1
1
1
1
1
1
1
1
1
1
1
1
1
1
1
1
1
1
0.992562873649737
0.984853443223459
1
1
1
1
1
1
1
1
1
1
1
1
1
1
1
0.992889885488594
1
1
1
1
0.98671548046798
1
0.999584061847014
1
1
0.97592383208264
0.991743382126853
0.990342834937933
1
1
0.988780245709106
1
1
1
1
1
1
1
1
1
1
1
1
1
1
1
1
1
0.981175155362926
1
1
1
1
1
1
1
1
1
1
1
1
0.99491098049004
1
1
0.944387753279073
1
1
0.91711050684809
1
1
0.839811720657393
1
1
1
1
1
0.715249434919394
1
1
1
1
0.992061920221742
1
1
1
1
1
1
1
1
1
1
1
1
1
0.996354794963084
1
0.998516487597609
1
1
1
1
0.997041529096627
0.998741789652487
1
1
0.991862911537314
1
1
1
0.940132803991643
1
1
1
1
1
1
1
0.99824870567502
1
1
1
1
0.997867473051521
1
1
1
0.991548438074046
1
1
1
1
1
1
1
1
1
1
1
1
1
1
1
0.999850810918561
1
1
1
1
1
1
1
1
1
1
0.996833032632559
1
1
1
1
0.998310690336233
1
1
1
1
1
1
0.997049499226757
1
1
1
1
1
1
1
1
1
0.991035338780554
1
1
1
1
0.999850059620981
1
0.946035859431742
1
1
0.996466067528865
1
1
1
0.992514233317146
1
0.996238523266721
1
0.997171996118519
1
1
1
1
1
1
1
1
1
1
0.992524568213592
1
1
0.997867473051521
1
0.978238323139303
1
1
1
1
0.999974619995268
0.98671548046798
0.993898954966971
0.995004542967563
0.996119454349136
1
1
0.934511233201239
1
1
1
0.995004542967563
1
1
1
1
1
1
0.963767085645594
1
1
1
1
1
1
1
1
1
1
1
0.995569232895398
1
0.877445597602262
1
1
1
1
1
1
1
1
1
1
1
0.958449268115445
1
1
1
1
1
0.996577159460409
1
0.993265007405191
1
0.998418595380507
1
0.996071828743944
1
1
1
1
1
1
1
1
0.994252141652273
0.999858114548396
1
0.981242027831182
1
0.995569232895398
1
1
1
1
1
1
0.999935240612034
1
1
1
1
1
1
1
0.996871962039238
1
0.998706838511518
1
1
1
1
1
1
1
0.998677731403023
1
0.992700637469707
1
1
1
1
1
0.952946596589161
0.985744098725916
1
1
1
1
1
1
0.997695879440713
0.993437917497301
1
0.981518418955599
1
1
0.996208795199433
0.999889276155689
1
1
1
1
1
1
1
1
0.998418595380507
1
1
1
1
1
1
1
1
1
1
1
1
0.987541623173483
1
1
1
1
1
0.977231197653418
1
1
1
1
1
1
0.96938284029495
1
1
0.993048520631467
0.80672412697732
1
0.987541623173483
1
1
0.940350124843237
1
1
0.999338141246319
1
1
1
1
0.98292705531889
0.999464035372177
1
0.981048391542685
0.996176281921707
0.976554486740286
1
1
1
1
1
1
1
1
1
1
1
0.996577159460409
0.996807519458375
0.981447413265828
0.994060606186547
1
1
1
1
1
0.996833032632559
1
0.978133078597554
0.970305505115123
1
1
1
1
0.983297379325703
1
1
1
1
0.998303569745414
1
1
1
1
1
1
1
0.976047892609644
1
1
1
1
1
1
1
1
1
1
0.962463442220956
1
1
1
1
0.988683428587643
1
1
0.99419822859743
1
0.995647300472531
1
1
1
1
1
1
1
1
0.995240976457316
1
1
1
1
0.924014594064939
1
1
1
1
1
1
1
0.998741789652487
1
1
0.990301844435172
1
1
1
1
1
1
1
1
0.984853443223459
1
1
1
1
1
0.98776329033929
1
1
1
1
1
1
1
1
1
1
1
1
1
1
1
1
0.991518438505655
1
0.986762445584787
0.976133160789341
1
1
1
1
1
1
1
1
1
1
1
1
0.996354794963084
0.995647300472531
1
0.994009623629382
1
0.923234427746057
1
1
1
1
0.989785221551276
1
1
1
1
1
0.992700637469707
1
1
0.998257483007926
0.927106275064989
1
1
1
1
1
0.998257483007926
0.99460349349601
1
0.999851336983531
1
1
1
1
1
1
1
1
1
1
1
1
0.99419822859743
1
1
0.999243723793519
1
0.994009623629382
0.977055939817931
1
1
1
0.98607555264059
0.941993285888223
1
0.984853443223459
0.910973580055385
1
1
1
1
1
1
0.995960548809654
0.976687157399192
0.991518438505655
1
1
1
1
0.989462656525039
1
1
0.954175508815822
0.998310690336233
1
0.995647300472531
1
1
1
0.974931992699667
1
1
1
1
1
1
0.998864471896804
1
1
1
1
1
1
1
1
1
1
1
1
1
1
1
1
1
1
1
0.999920117360591
0.954982979596574
1
1
1
1
1
1
1
1
1
0.998257483007926
1
1
1
0.985839216917385
0.982959361316693
1
1
1
1
1
1
1
1
1
0.980503053128203
0.999550586011445
1
0.985280530687573
1
1
1
1
1
0.981124034442839
1
1
1
0.995647300472531
1
0.996071828743944
1
1
1
1
1
1
1
0.892174129285809
1
1
1
1
1
1
1
1
1
1
1
1
1
0.998418595380507
0.969815244478729
1
1
1
0.992498742457971
1
0.998692330816644
1
0.999854755753616
1
1
1
1
1
1
1
1
1
1
1
1
1
1
1
1
1
1
1
1
1
1
1
1
0.991743382126853
1
1
0.988302191014068
1
1
1
1
1
1
1
1
0.998091271092027
1
1
0.989683270326343
0.981048391542685
0.954137407759494
1
1
1
1
1
0.99987298133183
1
0.997560997638577
1
1
1
1
1
1
0.995384916990529
1
0.99824870567502
1
1
1
1
1
1
1
1
1
0.998674967030005
0.99904363028027
1
1
0.991514324215765
0.996970843207154
1
1
1
1
1
1
1
1
0.988602016718605
1
1
1
1
1
0.999278344400193
1
1
0.914612641951566
0.880173900937956
1
1
1
1
1
1
1
0.978281287710424
1
1
0.9790138367768
1
1
1
1
0.974931992699667
1
1
0.996324793327291
1
1
1
0.989188214420758
1
1
0.899560871860802
1
1
1
1
0.996684994107734
1
0.976350309816257
1
1
0.986333241748947
1
0.989039335071375
1
1
1
0.962521906226244
1
1
0.995647300472531
0.998368844082717
1
1
1
0.999858114548396
1
0.993868166312876
1
1
1
1
1
1
1
1
0.992304660543841
1
1
1
0.989785221551276
0.990419695094948
1
0.972390595783438
1
0.991672439310779
1
1
1
0.997177965410374
1
1
0.994807220915791
1
0.996654251319501
1
1
1
1
0.997249544209111
1
0.913710546794945
1
1
1
1
1
1
1
1
1
1
0.97592383208264
1
1
1
1
1
1
1
0.998418595380507
1
0.99828903414295
1
1
0.983297379325703
1
1
0.98535470447894
1
1
0.985889598336043
1
1
1
1
1
0.99077469068156
1
1
1
1
1
1
1
1
1
1
1
1
1
1
1
1
1
1
1
1
1
1
1
1
1
1
1
1
1
0.99828903414295
1
0.999877671584856
0.995647300472531
1
1
1
1
1
1
1
0.967268358497485
1
1
1
1
0.989866681455017
0.993049368355674
1
1
0.964416800560152
1
0.999082005898724
0.981676530331835
0.975926107175192
1
1
1
1
1
1
1
1
1
0.978281287710424
1
1
0.990301844435172
1
0.99492920999833
0.999037699833417
1
1
1
0.995677471380114
1
1
0.999877671584856
1
0.999550586011445
1
1
1
1
1
1
0.740814834366822
1
1
1
1
1
0.999851336983531
1
1
1
1
1
0.995388191044012
1
1
1
1
1
1
0.963561911594707
0.999620719868234
1
1
1
1
1
1
0.998658460654345
0.982659342288359
0.994463995061847
0.999954104263796
1
1
1
1
0.982959361316693
1
1
0.991934879370909
1
0.983146135153002
1
1
0.790367770033277
1
1
1
1
0.976350309816257
0.99655504383391
1
1
0.990301844435172
1
1
0.969426521586769
1
1
1
1
1
1
1
1
1
1
1
0.992782169156791
1
1
0.934541108036481
1
1
1
1
1
1
1
1
0.954175508815822
1
1
0.97438678283745
0.986333241748947
1
1
1
0.996113309703254
0.97592383208264
1
1
1
1
1
1
1
1
1
1
1
1
0.989776784582704
1
1
1
0.996176281921707
1
1
1
1
1
0.992514233317146
1
1
1
0.992061920221742
0.992370165522292
1
1
0.99688778526126
0.99904363028027
0.996208795199433
1
1
1
1
1
1
1
1
1
1
1
0.987541623173483
1
1
1
1
1
1
1
1
0.998418595380507
1
1
1
0.96753743096728
1
0.996701695417219
1
1
1
1
0.997049499226757
1
1
0.993694273147828
1
1
0.998616096285784
1
1
1
1
1
1
1
1
1
1
0.998560814329396
1
1
0.993437917497301
1
1
1
0.997867473051521
0.990144217211167
1
1
1
0.992304660543841
1
1
0.998368844082717
1
1
1
0.986338387531149
0.962691152740299
1
0.9904742923272
1
1
1
1
1
0.998418595380507
0.981124034442839
1
1
1
0.995937796927042
0.986384864816941
1
0.993710246359368
1
1
1
1
1
1
1
1
1
1
1
1
1
1
0.993868166312876
1
0.989683270326343
0.98535470447894
1
1
0.993265007405191
1
1
1
1
1
1
1
1
0.964939683537847
0.992889885488594
0.999211733845851
0.998548115920287
1
1
1
1
0.994999296465494
1
1
1
1
0.986324973823236
1
1
1
1
0.998692330816644
1
1
1
1
1
0.999888474632751
0.996817209973166
1
1
1
1
1
1
0.991245905038458
0.986150286471075
1
1
1
1
1
1
1
1
1
1
1
1
0.991548438074046
0.99875900458458
0.98970154471814
1
0.998263628957916
1
1
1
1
1
1
1
1
1
0.984585150400926
1
1
1
1
1
0.999889276155689
1
1
0.998303569745414
0.99828903414295
1
1
1
1
1
0.988078201292712
1
0.99845837960627
1
1
1
1
1
1
1
1
1
1
1
1
0.914145550726735
1
0.999082005898724
1
1
1
1
1
1
1
0.94996894304933
1
1
1
1
1
1
1
1
1
1
0.996577159460409
1
1
1
1
0.998963889453747
1
0.988003802257961
1
1
1
1
1
1
1
1
1
1
1
1
0.962365652493545
1
1
1
1
1
1
1
1
1
1
0.993049368355674
1
0.998368844082717
1
1
0.999243723793519
0.97167200787129
0.97167200787129
1
1
1
1
1
1
1
0.999403878016053
0.980084526753636
1
0.993049368355674
1
1
1
1
1
1
1
1
0.987721328986102
1
1
1
1
1
1
1
1
1
1
1
1
1
1
0.997269368294155
1
1
1
1
1
1
1
1
1
0.980089861793149
1
1
0.997041529096627
0.97592383208264
1
1
1
0.998350055597564
1
1
1
0.998160183537786
1
0.717539023367693
1
1
1
1
0.912048413987376
1
1
1
1
1
1
0.998963889453747
0.998706838511518
1
1
1
0.99917894712002
1
0.952678979515494
1
1
0.999851336983531
1
1
1
0.977592030365252
1
1
1
1
0.993868166312876
1
1
1
1
1
1
1
1
0.97598342271859
1
1
0.99488494254006
1
1
1
1
1
1
1
1
1
1
1
1
1
1
1
0.994807220915791
1
0.997041529096627
1
1
1
0.994732258225783
1
1
1
1
0.997354036140151
1
1
1
1
1
1
0.98535470447894
1
0.998864471896804
1
1
1
1
1
1
1
1
0.996970843207154
1
1
1
1
1
1
0.942754973630583
0.981910076082373
1
0.999850059620981
1
0.954087223800871
1
0.995350903498532
1
1
0.987815484516153
1
1
1
1
0.99139318205127
1
1
1
1
1
1
1
1
1
1
1
1
1
1
0.998310690336233
1
0.992562905121872
0.963767085645594
1
1
1
1
1
1
1
1
0.997252337353271
1
1
1
1
0.977702333636994
0.999620719868234
0.941993285888223
1
0.9790138367768
0.88350840086598
1
0.998526471068899
1
1
1
1
1
0.994289531869759
1
1
1
1
1
1
0.978133078597554
1
0.964073324678628
1
0.999338141246319
1
1
1
1
1
1
1
1
1
1
1
1
1
1
0.9870794067123
1
0.995243386449998
1
0.998674967030005
1
0.994807220915791
1
1
1
1
1
1
1
1
1
1
1
0.996807519458375
1
1
1
1
1
1
1
1
1
1
0.984853443223459
1
1
0.99996722568743
1
1
1
1
1
1
0.999749324654549
1
0.998418595380507
1
1
1
1
1
1
1
0.972248126301126
1
1
1
1
1
1
0.999338141246319
0.986909306263212
0.978832195900654
1
1
0.984097551390511
0.98607555264059
0.991245905038458
1
1
1
0.990959747675062
1
1
1
1
1
1
0.994844701192618
1
0.998303569745414
1
1
1
1
1
1
0.996546346422565
1
0.963767085645594
0.986333241748947
1
1
1
1
1
1
1
1
1
1
0.964983681945308
1
1
1
1
0.981676530331835
1
1
0.99165260804608
0.997354036140151
1
0.900452018774654
1
1
1
0.99073589027809
1
1
1
1
1
1
1
1
1
1
1
0.99491098049004
1
0.986333241748947
0.99491098049004
1
0.998125819617719
0.992370165522292
1
1
1
1
1
0.990144217211167
1
0.999889276155689
1
1
1
1
1
1
1
1
1
1
1
1
0.982267392885644
0.991683978631103
1
1
1
0.997463047198433
0.992370165522292
1
1
0.964073324678628
0.998658460654345
1
0.941993285888223
1
1
1
1
1
0.944291382442184
1
0.947440111306104
1
1
1
1
0.999721418878694
1
1
1
1
1
1
1
1
1
1
1
1
1
1
0.998521234425775
0.805864046218461
1
1
1
0.995647300472531
1
0.9994718819503
0.998903714487432
1
0.987390209401186
1
1
1
0.99419822859743
0.998513755460353
1
0.877445597602262
1
1
1
1
1
1
1
1
1
0.871542452596814
1
1
1
1
0.999850810918561
1
1
1
0.953902073617068
1
1
0.995163887113325
1
1
1
1
0.899351599911471
1
1
1
1
1
1
0.996238523266721
1
0.996105706558962
1
1
1
0.991840879429043
1
0.87639009712184
0.983554537901944
1
1
1
1
1
1
1
1
1
1
1
0.947541238027643
1
1
1
1
0.995350903498532
1
0.996654251319501
0.99875900458458
1
1
1
1
0.991514324215765
0.998706838511518
1
1
1
1
1
1
1
1
1
1
1
0.996176281921707
0.99824870567502
1
1
0.999550586011445
1
1
1
1
1
1
0.994463995061847
1
1
1
1
1
1
1
0.99147559360727
0.964073324678628
1
0.998516487597609
1
1
1
1
1
1
1
1
1
0.985896557052508
1
1
1
1
0.993049368355674
1
1
1
1
0.99918986253838
1
0.990144217211167
1
0.989866681455017
1
1
1
0.994478370163715
1
1
1
1
1
0.99392051305916
0.998263628957916
1
1
1
1
1
1
0.998560498899452
1
1
1
0.990419695094948
1
1
1
1
1
1
1
0.986338387531149
0.982103265884832
1
1
1
0.962691152740299
0.99970362582731
1
1
1
1
0.999171659950827
1
1
1
1
1
1
0.995839162371719
1
0.796423059424777
1
0.997177965410374
1
1
0.999868007227645
0.978402230841004
1
1
1
0.996654251319501
1
1
1
0.997810713355044
1
0.998257483007926
0.994124924175049
1
1
1
0.994478370163715
0.965178422702536
1
1
0.954175508815822
1
1
1
1
1
1
1
0.983146135153002
0.999864601705227
1
0.996086072512422
1
1
1
1
1
0.96753743096728
1
0.946035859431742
1
1
1
0.988683428587643
0.971809149448167
1
1
1
1
1
1
1
1
1
1
1
0.982284495124408
1
1
1
0.952352237424372
1
0.9790138367768
1
1
1
1
1
1
1
1
1
0.99268022756785
1
0.998802941986602
1
1
1
0.987541623173483
1
1
1
1
1
1
1
1
1
1
1
1
1
1
0.996807519458375
0.978281287710424
1
0.991862911537314
1
1
1
1
1
1
1
1
1
1
1
1
1
0.996176281921707
1
1
1
1
1
1
0.999464035372177
1
1
1
1
1
1
0.993868166312876
0.996119454349136
1
0.997354036140151
1
0.994513642411925
1
0.988276509035432
1
0.9991455517357
0.960356483798781
0.990144217211167
1
1
1
1
0.982659342288359
1
1
1
1
1
0.995124235345023
1
1
1
1
1
1
1
1
1
1
1
1
0.999851336983531
1
1
0.99987298133183
0.998299015596128
1
0.980084526753636
0.999918109131094
0.998571278711382
1
0.980394275392633
1
1
1
1
1
1
0.996105706558962
1
1
1
1
1
1
1
1
1
1
1
1
1
1
1
0.97592383208264
1
1
0.996176281921707
1
1
1
1
0.999850059620981
0.99460349349601
1
1
0.991672439310779
1
1
1
0.990301844435172
1
1
1
1
1
1
1
1
1
1
1
1
1
1
1
1
1
1
1
1
1
1
0.997088411361202
1
1
1
1
1
0.982386319572689
1
1
1
1
1
1
0.996026736799068
1
0.970413612283022
0.998257483007926
1
0.996807519458375
1
1
1
1
1
1
0.9870794067123
1
1
1
1
1
1
1
1
0.99824870567502
1
1
1
1
1
1
0.982386319572689
1
1
1
0.989462656525039
1
1
1
1
0.998526471068899
0.998516487597609
0.995647300472531
1
1
1
1
1
1
1
1
0.995512284548906
1
1
1
0.996071828743944
1
1
0.985621297175614
1
1
1
1
1
1
1
1
0.99987298133183
1
1
0.99985351156016
1
1
0.996577159460409
1
1
0.994999296465494
1
1
0.988740373707042
1
1
1
1
0.997249544209111
1
1
1
1
1
1
1
1
0.999037699833417
1
1
1
1
0.996354794963084
1
1
0.99904363028027
1
1
1
0.999918109131094
1
1
1
0.998160183537786
1
1
0.981693837344787
1
1
1
0.946091320488751
1
1
1
1
1
1
0.983235108207105
1
0.996208795199433
1
1
1
1
0.998903714487432
0.996577159460409
1
1
0.99353327855105
1
1
1
0.990301844435172
0.998263628957916
1
1
1
1
1
1
1
1
1
1
1
1
0.974682914890302
1
0.998303569745414
1
1
0.994844701192618
1
1
1
1
1
1
0.99828903414295
1
1
1
1
1
1
1
1
1
1
1
1
1
1
0.999338141246319
1
1
1
0.984853443223459
1
1
0.972678315403968
0.98671548046798
1
1
1
1
1
1
1
0.998303569745414
1
0.990419695094948
1
1
1
1
1
0.992562873649737
1
1
0.944291382442184
1
1
1
1
1
1
1
1
1
1
1
1
0.993898954966971
1
0.906717088829621
1
0.998593923271951
0.971220062480589
1
1
1
1
0.974931992699667
1
1
1
1
0.987727108371066
0.999864490947663
1
0.996944651419135
1
0.991934879370909
0.927625835842333
1
1
1
1
1
1
1
1
0.944672770528712
0.97167200787129
0.997226530980587
1
1
0.998692330816644
1
0.98607555264059
1
1
1
1
1
1
1
1
1
1
1
1
0.989683270326343
1
1
1
1
1
0.99419822859743
1
1
1
1
0.956422848122842
0.998963889453747
1
0.998963889453747
0.998963889453747
1
1
1
0.99165260804608
1
1
1
1
1
1
1
0.986324973823236
1
0.995647300472531
0.993595192376554
0.986324973823236
1
0.980503053128203
1
1
0.998516487597609
1
1
0.99139318205127
0.995474419159895
1
1
1
1
1
1
1
0.999838196189081
1
1
1
1
0.983990375734536
1
1
0.996296564121058
1
1
1
1
1
1
0.994999296465494
1
0.996354794963084
0.997041529096627
1
1
0.998125819617719
1
1
1
1
1
1
0.970667892176591
1
1
1
1
0.981910076082373
0.991934879370909
1
1
1
1
0.956422848122842
1
1
1
1
1
1
1
1
1
1
1
1
1
1
0.999851336983531
1
0.994999296465494
1
1
1
0.941993285888223
1
1
1
1
1
1
0.997110631881226
1
1
1
0.996119454349136
1
1
0.998788413139514
0.981595622886347
1
0.997177965410374
0.99492920999833
0.999211733845851
1
1
1
1
1
1
1
1
1
1
1
1
1
1
1
1
1
0.999902770906864
1
1
0.964983681945308
1
1
1
1
1
1
1
1
1
1
1
0.989146610643875
1
1
1
0.955438713961446
1
0.99392051305916
1
1
1
1
1
1
1
1
0.999864601705227
1
1
0.99147559360727
1
1
1
0.970305505115123
1
1
0.999961227813718
1
1
1
1
1
1
1
1
1
1
1
1
1
1
1
1
1
1
1
0.998342809401989
1
1
1
1
1
1
1
0.98705129269472
0.883935556541424
1
1
1
1
0.968540987189273
1
1
1
1
1
0.99824870567502
1
0.927625835842333
1
1
1
1
1
1
1
1
1
0.99828903414295
1
1
0.998342809401989
1
1
1
1
1
1
1
0.991840879429043
1
1
0.995677471380114
1
0.947541238027643
1
1
1
1
1
1
0.964416800560152
1
1
1
1
1
1
1
1
1
1
1
0.994289531869759
1
1
1
1
1
0.996814104278706
1
1
1
1
1
1
1
1
1
1
1
0.969861494936039
1
0.99824870567502
1
1
1
1
1
1
1
0.958460161408557
1
1
1
0.985280530687573
1
1
1
1
0.966126728222386
1
1
0.999850810918561
0.993187506545495
1
1
1
1
1
1
1
1
0.947541238027643
0.994807220915791
1
1
1
1
1
1
1
1
1
1
1
1
1
1
0.993927604258128
0.998548115920287
1
0.853117768072905
1
1
1
1
1
1
0.954087223800871
1
1
1
1
1
1
1
0.913710546794945
1
1
1
0.999854755753616
0.997177965410374
1
1
1
1
0.993898954966971
1
1
1
1
1
1
1
1
1
1
1
1
1
0.964073324678628
1
1
0.999918109131094
0.992562873649737
0.987596096102623
1
1
0.999082005898724
0.999850059620981
1
0.996208795199433
1
1
1
1
0.993898954966971
1
0.95177882332172
0.992061920221742
1
1
1
1
0.670095651963097
1
1
1
1
1
1
1
1
1
1
1
0.996684994107734
1
1
1
1
0.99918986253838
1
1
0.988780245709106
1
1
0.989293829935095
1
1
1
0.899029499713479
0.999877671584856
1
1
1
1
1
1
1
0.868019024714457
1
1
1
1
1
1
0.979636418181051
1
0.990254396690297
1
1
1
0.990245760257677
0.98535470447894
0.985280530687573
0.997560997638577
1
1
1
1
1
1
0.997354812707037
1
1
1
1
1
1
1
0.998160183537786
1
1
1
1
1
1
1
1
1
1
0.842960307068131
1
1
1
1
1
0.994289531869759
1
1
1
1
1
1
1
1
1
1
1
1
1
1
1
1
1
0.996296564121058
0.994513642411925
1
1
0.998658460654345
1
1
1
1
0.996071828743944
1
1
1
1
1
1
1
1
1
1
1
1
1
1
1
0.975846724033057
1
1
0.993710246359368
1
1
1
1
1
0.991672439310779
1
1
1
1
0.97592383208264
1
1
1
1
0.99828903414295
1
1
1
1
1
1
1
1
0.998418595380507
1
1
1
1
1
1
1
0.999749324654549
0.982103265884832
1
1
1
0.992370165522292
1
1
1
0.997520259663208
1
1
1
1
1
0.988780245709106
1
1
1
0.996026736799068
1
1
0.962365652493545
1
1
1
1
1
1
1
1
1
1
1
0.982284495124408
0.98535470447894
0.99985351156016
1
1
1
1
1
0.997354036140151
1
0.99845837960627
1
1
1
1
0.998299015596128
0.98535470447894
1
1
0.99491098049004
1
1
1
1
1
1
1
1
1
0.97167200787129
1
1
0.981447413265828
1
0.995047629327278
0.991840879429043
1
1
1
0.996807519458375
1
0.934511233201239
1
1
1
1
1
1
0.998677731403023
0.981242027831182
0.996466067528865
0.982284495124408
1
0.991518438505655
1
1
1
1
1
1
0.996176281921707
1
1
1
0.951581382249265
1
1
1
1
0.965178422702536
0.995647300472531
1
1
1
1
1
1
0.986324973823236
1
1
1
0.998368844082717
1
1
1
0.996654251319501
1
0.999171659950827
1
0.904611937668362
1
0.988740373707042
1
0.995647300472531
1
1
1
1
1
0.998418595380507
0.954175508815822
1
1
1
1
1
1
0.946091320488751
1
0.889034806872697
1
1
1
1
1
1
1
1
1
0.99828903414295
1
1
1
1
0.954982979596574
1
1
1
0.984970330853635
1
1
0.990301844435172
1
0.996176281921707
0.999359657040032
1
1
1
0.992524568213592
1
1
1
1
1
1
0.975037973815795
1
0.993048520631467
1
1
1
1
1
1
1
0.946035859431742
1
1
1
1
0.976485569588721
1
1
1
1
1
1
1
0.982284495124408
1
1
0.945529562259938
1
1
1
1
1
0.988683428587643
1
0.997867473051521
1
1
1
1
1
1
1
0.978281287710424
1
1
1
1
0.992524568213592
1
0.97438678283745
0.933963280058263
0.962386683587009
1
1
0.995027004686522
0.990301844435172
1
1
1
1
0.985889598336043
0.992782169156791
0.99460349349601
1
1
1
1
0.981676530331835
1
1
1
1
1
1
1
0.990144217211167
1
1
1
1
0.998513755460353
1
1
1
1
0.997463047198433
1
1
1
1
0.984970330853635
1
1
0.998091271092027
1
0.99987298133183
1
1
1
1
1
1
1
1
1
1
1
1
1
1
1
1
1
1
1
1
1
1
0.997249544209111
0.990342834937933
1
1
1
1
1
0.989146610643875
1
0.996577159460409
1
1
1
1
1
0.957119351220137
1
1
0.979322939577162
1
1
1
1
1
0.983547484552303
1
1
1
1
1
1
1
1
1
1
1
1
1
1
1
1
1
1
1
0.995240976457316
1
0.997863515017114
1
0.974931992699667
1
0.976554486740286
1
1
1
1
1
1
0.998299015596128
0.985744098725916
1
1
0.998526471068899
0.999403878016053
1
1
0.988945050506004
1
1
1
1
1
0.958498052079778
1
0.996086072512422
1
0.996086072512422
0.99828903414295
0.990107039535063
1
1
1
1
0.999211733845851
0.992304660543841
1
1
1
0.999211733845851
0.986055539422901
1
1
0.984859807017061
1
0.958460161408557
0.999211733845851
1
1
1
1
1
1
1
1
1
1
1
0.992562873649737
1
1
1
1
1
0.985621297175614
1
1
1
1
0.996119454349136
1
1
0.970667892176591
1
1
1
1
1
1
1
1
0.992370165522292
1
1
0.927625835842333
0.998741789652487
1
1
0.998368844082717
1
1
1
1
1
1
1
1
1
0.998342809401989
0.999338141246319
0.991014790520036
1
1
1
1
1
0.992061920221742
1
1
1
1
0.999337152766501
1
1
1
1
1
1
1
1
0.946168234161212
0.99689886390992
0.998418595380507
1
0.996086072512422
1
1
1
1
1
0.998513755460353
0.995677471380114
1
1
1
1
1
0.965178422702536
1
1
1
1
1
1
0.988003802257961
1
0.982284495124408
1
1
1
1
1
1
0.988780245709106
1
1
1
1
1
0.989293829935095
1
0.996684994107734
0.999889276155689
1
1
0.912048413987376
1
1
1
1
1
1
1
0.998257483007926
1
1
1
0.740814834366822
1
0.969861494936039
1
1
1
1
1
1
1
1
0.998864471896804
1
0.923192637809997
1
1
1
1
1
1
1
1
1
1
1
0.999851336983531
1
1
0.998560814329396
1
1
1
1
1
1
1
1
1
1
1
1
1
1
0.990043111439162
1
0.999620719868234
1
0.997177965410374
1
1
1
1
1
0.997354036140151
0.978133078597554
0.997110631881226
1
1
1
0.991499362007274
1
1
1
1
0.995647300472531
1
1
1
0.990419695094948
0.99491098049004
0.997520259663208
0.964226848129888
1
0.996871962039238
1
1
0.990301844435172
0.783276358452613
1
1
1
1
0.999858114548396
1
0.948385580552623
1
1
1
0.946035859431742
1
1
1
1
1
1
1
1
0.822533201797056
1
0.99492920999833
0.971197855553132
0.991743382126853
1
1
0.978832195900654
0.998091271092027
0.935433186000735
0.964983681945308
1
1
1
1
1
1
1
1
0.985621297175614
1
0.995192463500855
1
1
1
1
1
1
0.979106810121774
1
1
1
1
1
0.988945050506004
0.988740373707042
1
1
1
1
1
1
1
1
1
0.930553403010566
0.99739635476977
0.999954104263796
1
0.999153285048726
1
1
0.99077469068156
1
1
0.988780245709106
1
1
1
1
1
1
0.988683428587643
1
0.992370165522292
1
1
1
1
1
0.998350055597564
1
1
0.983235108207105
0.985621297175614
1
1
1
1
1
0.999860343058715
1
1
0.99824870567502
0.994463995061847
1
1
1
1
1
1
0.985889598336043
1
1
1
1
1
1
1
1
1
1
1
0.991514324215765
1
0.981910076082373
1
0.995243386449998
1
1
1
1
1
1
1
1
1
1
0.974931992699667
1
1
1
0.978133078597554
1
1
0.988083979555692
1
0.996119454349136
1
1
1
1
1
1
1
1
1
1
1
0.992889885488594
1
1
0.952526104040555
1
0.970305505115123
1
1
0.995960548809654
0.832238431745746
0.95917810476567
1
1
1
0.983554537901944
1
0.996208795199433
0.985280530687573
1
1
1
1
1
1
1
1
1
1
1
0.998513755460353
1
0.986333241748947
1
1
1
1
1
1
1
0.99419822859743
0.975366283170846
1
0.993690137702811
1
0.998368844082717
1
0.981447413265828
1
1
1
0.981676530331835
0.993831384417341
0.985406639068914
1
1
1
0.996577159460409
1
1
1
0.997867473051521
1
1
1
1
1
1
1
1
0.986333241748947
1
0.996086072512422
1
1
1
1
1
1
1
1
1
1
1
1
1
1
1
1
1
1
1
1
1
1
1
1
1
1
1
1
0.997520259663208
1
1
1
1
1
1
1
1
1
1
0.985145612677715
1
1
1
1
1
1
1
1
1
1
0.990144217211167
1
1
1
0.994732258225783
1
1
1
1
1
1
1
1
1
1
1
1
1
1
1
1
1
1
1
0.940350124843237
1
0.996354794963084
1
1
0.999464035372177
0.998257483007926
1
1
1
1
1
1
0.996238523266721
1
1
1
1
1
1
1
1
1
1
0.991514324215765
1
0.997171996118519
1
0.982103265884832
1
1
1
1
1
1
1
1
1
1
1
1
1
1
1
0.99828903414295
1
1
1
1
1
0.970413612283022
1
1
1
1
1
1
1
1
1
1
0.998303569745414
1
1
1
1
1
0.965178422702536
0.996208795199433
1
1
1
0.983473632265307
0.996119454349136
1
1
1
0.994732258225783
0.997171996118519
1
1
1
1
1
1
0.983547484552303
1
1
1
1
0.993831384417341
1
1
1
1
1
1
1
0.99824870567502
0.962365652493545
0.981124034442839
1
1
0.924473478289011
1
1
1
1
1
1
1
1
1
1
1
1
0.990669351428892
1
1
1
1
1
1
1
1
0.88350840086598
1
0.981242027831182
1
1
1
0.976485569588721
1
1
1
1
1
1
0.999550586011445
1
0.971220062480589
1
1
1
1
1
1
0.983473632265307
0.990301844435172
1
1
0.995192463500855
1
1
0.998548115920287
1
0.999171659950827
1
1
1
1
1
1
0.991934879370909
0.995004542967563
0.97438678283745
1
0.993898954966971
0.991518438505655
1
1
0.979636418181051
1
1
0.999278344400193
1
1
1
0.998802941986602
1
0.99845837960627
1
1
1
1
0.991245905038458
1
1
1
0.985145612677715
1
1
1
1
0.962521906226244
1
1
1
1
1
1
1
1
1
1
0.999854755753616
1
0.990019607160836
1
1
1
1
1
1
1
0.999403878016053
1
1
1
1
1
1
1
1
1
0.99073589027809
1
0.975926107175192
1
0.998257483007926
1
0.997249544209111
0.989146610643875
1
0.99165260804608
1
1
1
1
1
1
1
1
1
1
0.98671548046798
1
1
1
0.986384864816941
1
1
1
1
1
1
1
1
1
0.997171996118519
1
0.97167200787129
1
0.997463047198433
1
1
1
1
0.979636418181051
0.996105706558962
1
0.984970330853635
1
1
0.994513642411925
1
1
1
1
1
0.998516487597609
1
1
1
1
1
0.954302164139188
1
1
0.989764405291081
1
1
1
1
0.998658460654345
1
1
1
1
0.915456118452449
1
0.995647300472531
1
1
1
1
1
1
1
1
1
1
1
1
0.883741704702361
1
1
1
1
1
1
1
1
1
1
1
1
1
1
0.997249544209111
1
0.99845837960627
1
0.964416800560152
0.994060606186547
1
1
0.98705129269472
0.996701695417219
1
1
0.995240976457316
1
1
0.96753743096728
0.988683428587643
1
0.892396092525498
0.99985351156016
0.894316763325917
0.992672791269484
0.932331448105779
1
1
0.978281287710424
1
1
1
1
1
0.999037699833417
0.996026736799068
0.976485569588721
1
