x
1
1
1
0.988745786425834
1
1
1
1
1
1
0.944829051768753
1
1
0.98103139374672
1
1
0.997560870396164
1
1
1
1
1
1
1
1
1
0.888514166133375
1
1
1
0.958571738738071
0.957834199024898
0.985205816603898
0.988457434684453
0.998108979992205
1
1
0.988439723126404
1
0.974760812202577
1
0.978509475638868
0.993867659519172
1
1
1
1
0.760480466004734
1
1
0.976896643301586
0.892369334732015
1
0.979598947775504
1
1
0.992394623415436
0.915470005146959
1
1
1
0.981780271485535
1
0.966369457010478
1
0.877286236031017
1
0.989056895949531
1
1
1
0.934990352052823
0.978423733077927
1
1
1
1
1
1
0.977375899957539
1
1
1
0.996097214472003
1
1
1
1
1
1
1
1
1
0.991702529481311
0.999611326924448
1
1
1
0.928955599533947
1
1
0.99605307197777
1
1
1
1
0.918617868861326
1
1
1
1
0.954446611211903
1
1
1
1
1
1
0.958319692521715
1
0.9947984266127
1
1
0.990247104444759
1
1
0.604883108937962
0.920318548047757
1
0.920052273739036
1
1
1
1
1
1
1
0.995055139335054
1
1
1
1
1
0.994833503616382
0.753376849290797
1
1
0.966858489039688
1
0.988439723126404
1
1
1
0.999437282003271
1
1
1
1
1
1
1
1
1
1
1
1
1
0.956814267836831
1
1
1
0.983975752755743
1
1
1
0.991593284460337
1
1
1
1
1
0.989439325657524
0.997257320069062
1
1
1
1
0.997097365937859
1
1
1
0.972861748399152
1
0.983975752755743
0.987553689887301
1
0.981676196038061
1
0.985944708804756
1
0.773279481631801
1
0.988331982735954
0.941069676052598
0.987666334564291
1
0.988331982735954
1
1
1
1
1
1
1
1
1
0.988265084833109
0.968048110226155
1
1
0.95294756156549
1
1
1
1
1
0.996176832402363
1
1
1
0.998103312710942
1
1
1
0.994720436300316
1
0.960973810255552
1
0.928929049500516
1
1
1
1
1
1
1
0.958738024297422
1
1
1
1
1
1
1
1
1
1
1
1
1
0.766567363788246
1
1
1
0.994810784078095
1
0.974291656661222
1
1
1
1
1
1
0.981749284802324
0.94985565727378
1
1
1
0.958571738738071
0.989619213195012
1
0.99783035970291
1
1
1
1
0.969669034684357
1
0.966858489039688
1
0.968469805284359
1
1
0.996147750107886
1
0.987151601597728
1
1
1
1
1
1
1
1
1
1
1
1
1
1
1
1
1
1
1
1
1
0.999188262026394
1
0.99664054242738
1
0.983783716654222
0.957106286878029
1
0.992612729194507
1
1
1
1
1
1
1
0.994963250337592
1
1
1
1
1
1
1
0.994732107311548
1
1
1
0.99768958840123
1
0.979442528608751
1
1
1
0.984930844609047
1
1
1
1
1
1
1
1
1
1
1
1
1
0.991900961132266
0.944520498734935
1
1
0.933597714050744
1
1
0.999267434680302
0.931477045296123
0.989919149318864
1
1
1
1
1
1
1
0.763791611018283
1
1
1
1
1
1
1
1
1
0.955025896983181
1
0.991900961132266
1
1
1
1
1
0.988265084833109
1
1
0.930771231344223
1
1
0.999437282003271
0.605566461464016
1
1
0.964946241691671
1
1
0.980035264155327
1
1
1
0.962025359636203
1
1
1
1
1
1
1
1
1
1
1
0.917485869810304
1
1
1
0.994037535827233
1
1
0.958738024297422
0.927301104877137
1
0.969141744656595
1
0.992131297946515
1
1
1
1
1
1
1
1
1
0.975637178335282
1
1
0.982424138145723
1
1
1
1
0.988265084833109
1
1
1
1
1
0.899761881840029
1
0.894107466450788
0.773279481631801
1
1
1
1
1
1
0.981659948208704
1
1
0.999151706660269
1
1
0.994810784078095
1
0.993813077215721
0.999380539905042
1
1
1
1
0.967356084358954
1
0.861559761393924
1
1
1
0.997027139919126
0.993671520225835
1
1
1
1
0.956571069502576
1
0.982129455965976
1
1
1
1
1
0.931797996842167
0.902976327223914
1
0.892503218499488
0.990247104444759
1
0.792596112587965
1
1
1
1
1
0.99980608082251
1
1
1
1
0.953478555637339
1
1
1
1
1
1
1
1
1
0.999513954318273
0.74517633130656
1
1
1
1
1
1
1
0.961533232298117
1
1
0.980013246231558
1
1
0.912447696464121
1
1
1
1
1
1
1
0.996325863903985
1
1
0.983975752755743
0.991166673441893
1
1
0.988239180374286
1
0.990298475026138
0.998128066563542
1
0.999396556385228
1
1
1
1
1
0.994948648978549
0.727382077378593
1
1
1
1
1
1
1
1
1
0.982365792002484
1
1
1
0.951295865279108
0.967265755171801
0.999384645334868
1
1
1
1
1
0.819533709652669
0.95764279733975
1
1
1
1
1
0.978778929403279
1
1
1
1
1
1
1
1
1
0.9948777451007
1
1
1
1
1
1
1
0.940206526368246
1
1
1
0.976777227152482
1
1
0.96145624306207
1
1
1
1
1
0.99163560879547
1
1
1
1
1
0.996176832402363
1
1
1
1
0.987456734172807
1
1
1
1
1
1
1
0.982792124129841
1
0.894107466450788
0.970558923630717
1
1
1
1
0.997560870396164
0.988588370923773
1
1
1
1
1
1
1
1
0.74517633130656
1
1
1
0.982109250048973
1
1
0.970059851809034
1
1
1
1
0.996688251484483
1
1
1
1
1
1
1
1
0.929938440286459
1
0.995338178370933
1
1
0.988170126297669
1
0.992802536476403
1
1
0.993959432875737
0.893000669578954
1
1
1
1
1
1
1
1
1
1
1
1
1
1
1
0.993397096377441
1
0.986118439252016
0.884470421283319
0.667304409013005
0.995962035201156
1
0.997215004965479
1
1
1
1
1
1
1
1
0.999498168496414
1
0.99385404526198
1
1
1
0.987798106356033
0.993671520225835
0.956814267836831
1
1
0.988265084833109
1
0.979002035545527
1
1
0.974760812202577
1
0.988982237173687
1
1
0.999388907905487
0.964840778031582
0.970627310521691
1
0.969596912127257
1
0.97670733066247
1
1
1
1
0.993707902816225
0.988457434684453
0.997190259587289
1
1
1
1
1
1
1
1
1
1
1
1
1
1
0.998108979992205
1
1
1
1
1
0.979783876882081
0.994762246669776
1
1
0.975601677714368
1
1
1
0.988265084833109
0.99139392247644
1
0.913682361499047
1
1
0.992050352345511
1
1
1
1
0.988778205177563
0.988331982735954
1
0.988982237173687
1
1
1
0.994720436300316
1
0.998283128526386
1
0.995338178370933
1
0.957206047261923
1
1
1
1
1
1
0.99823488206391
0.951616605351097
1
1
1
1
1
0.983783716654222
1
1
0.994578853923692
0.988439104508835
1
1
0.999498168496414
1
1
0.774503039887731
0.999406604691942
1
1
1
0.861559761393924
1
1
1
1
1
1
0.988982237173687
1
1
0.99768958840123
0.995338178370933
1
1
1
1
1
1
1
1
1
1
0.966442624579199
0.994948648978549
1
0.9947984266127
1
1
1
1
0.998741858956456
1
0.966631597106496
1
1
1
1
1
0.987173599260022
1
1
1
1
1
1
0.985944708804756
1
1
1
1
1
1
1
1
1
1
1
1
0.996698908922387
0.740303397624536
1
1
1
1
1
1
1
1
1
0.975718966956608
0.899997917791642
1
1
0.998909123143234
1
1
1
1
1
0.994732107311548
1
0.837593991478544
1
1
1
1
1
1
1
1
1
1
1
0.893869529450528
1
1
0.999437282003271
1
0.954777479069914
1
0.975401311091319
1
1
1
0.946444033655676
1
1
1
1
1
0.994762246669776
1
1
1
1
1
1
0.944472335329396
0.951295865279108
1
1
1
1
1
1
1
1
0.995258304198255
0.988331982735954
1
1
1
1
1
0.988733535430661
1
1
0.973865941244345
1
1
1
1
1
0.99995744584736
1
1
1
1
0.984665014186959
1
1
0.930324841109677
1
1
1
0.892593672836537
0.980513110492859
1
0.992394623415436
1
1
1
1
1
0.986169243375204
1
1
1
1
1
1
0.959533108889111
0.997097365937859
0.992802536476403
0.995787744439335
1
0.991593284460337
1
1
1
1
0.994732107311548
0.958571738738071
1
1
1
1
1
1
1
1
1
1
1
0.944484051833662
1
0.957630510336892
1
1
1
0.999384645334868
1
0.992394623415436
1
1
0.968526539881161
1
0.974594795762417
1
0.990036440806241
1
1
1
1
0.94586481714647
1
1
1
0.995055139335054
1
1
1
1
1
1
0.71996610437856
1
1
1
1
1
1
0.845256401279246
0.945033679582389
1
1
1
1
0.99605307197777
1
0.994833503616382
1
1
1
0.988733535430661
1
0.999388907905487
1
1
1
1
1
1
1
1
1
1
1
0.974594795762417
0.822167498490619
0.999379719202447
1
1
1
1
1
1
1
1
1
1
1
1
0.996698908922387
1
0.958165911146136
0.999384645334868
0.978423733077927
1
1
1
1
1
1
1
0.995055139335054
1
0.991166673441893
1
1
1
1
0.989420410944714
1
1
0.997915232197991
1
0.999501293938897
0.956616431151037
1
0.991005536414208
1
1
1
1
1
1
0.959085595967474
1
0.994654068913676
1
1
1
1
1
1
0.995550868605154
1
0.829582057193624
0.991702529481311
1
1
1
1
1
0.988331982735954
1
1
1
1
0.941372006031734
1
1
1
1
1
1
1
0.998547058281188
1
1
1
1
1
1
1
1
1
1
0.801869569575524
1
1
1
0.988778205177563
0.99956871176664
0.930788896775788
1
1
1
1
1
1
1
1
0.994020744772451
1
1
1
0.96338068692613
0.944829051768753
0.87318656629472
1
1
0.999383588122079
0.98649498373122
1
1
1
1
1
1
1
1
1
0.964279566602491
1
1
1
1
1
0.959727101225404
1
1
0.981676196038061
1
1
1
1
0.984930844609047
1
1
1
1
1
1
1
1
1
1
1
1
1
1
1
1
1
1
1
1
1
1
1
1
1
0.9947984266127
1
1
1
0.870188387076974
1
0.958437712317517
0.685866449874045
1
1
1
1
1
1
0.999406604691942
1
1
1
1
1
1
0.947832725630806
0.988254640754036
1
1
1
1
1
1
1
0.998906105280626
1
1
1
1
1
1
0.982109250048973
1
1
1
1
1
1
1
1
1
0.847376975414478
1
1
1
0.999498168496414
0.99385404526198
1
0.997651969535043
1
1
1
1
0.975401311091319
1
1
1
1
1
1
0.914939776697784
0.974718057394743
1
1
0.979598947775504
1
0.974561611692592
1
1
1
0.957744462603401
1
1
1
1
1
0.953024105746166
1
0.998906105280626
0.990715967868903
1
1
1
1
1
0.892369334732015
1
1
0.978778929403279
1
1
1
1
1
0.987465424109272
1
1
1
1
0.994963250337592
1
1
1
1
1
1
1
1
1
0.999419147929338
0.999396556385228
0.994863349110552
1
1
0.984825272843259
0.879420809529453
0.989619213195012
1
1
0.996356951982054
0.998879298572527
1
1
1
1
1
1
1
0.992050352345511
1
1
1
1
0.974617213252496
1
1
1
1
0.989919149318864
1
1
0.982064142270978
0.980022130355389
1
1
1
1
1
1
1
1
1
1
1
1
1
1
1
1
1
0.962707178406698
1
1
1
1
1
1
1
0.891596423324116
1
0.988733535430661
1
1
1
1
1
1
1
1
1
1
1
1
0.972756282861219
0.990815179919399
1
1
0.990805833286058
1
0.980484243514239
1
1
0.975209808265047
1
1
1
1
0.999408324635831
1
1
1
1
1
1
0.975954567978503
1
1
1
0.98324120146474
1
0.946480142700481
1
1
1
1
0.998283128526386
1
0.997604904006875
1
0.981701822182365
1
1
1
0.725340123854871
0.975649336720202
1
1
1
1
1
0.799686335229033
1
1
0.974561611692592
1
1
1
1
1
1
1
1
1
1
0.994037535827233
1
0.989270745722698
1
1
1
1
1
1
1
1
0.96145624306207
1
1
1
1
0.98231092603177
1
0.955025896983181
1
0.986252417042532
0.966369457010478
1
1
0.988439723126404
1
1
1
1
1
1
1
0.967265755171801
1
0.981780271485535
0.99795807203496
1
1
1
1
1
0.957744462603401
1
1
1
1
1
1
1
0.976777227152482
1
1
1
1
1
1
1
1
1
1
1
1
1
1
1
1
0.969182396225387
1
0.916297219970276
1
1
0.98324120146474
1
1
1
0.886837200423756
0.912436340872478
1
1
0.971455251400285
0.999578046344023
1
1
1
0.999578046344023
1
1
1
1
0.99783035970291
1
0.999380539905042
0.998369454839773
1
1
1
1
1
1
0.654504110103862
1
1
1
1
1
1
0.669249112390938
0.997257320069062
1
1
1
1
1
1
0.996176832402363
0.935762370517021
0.870701488622665
1
1
1
0.966826863269168
1
0.975954567978503
1
1
1
1
1
1
1
1
1
0.999380539905042
1
0.999213476588651
0.981676196038061
1
1
0.997567417469524
1
1
1
1
1
1
0.873358923684675
0.997755269678759
0.994963250337592
0.986252417042532
1
1
0.988556411891851
1
1
1
1
1
1
0.994137262695118
1
1
1
1
0.983783716654222
1
0.935911074408972
1
1
1
1
0.995546856650959
0.995725612700802
1
1
1
0.958279163571839
1
1
0.932718171654543
0.989054025587202
1
1
1
0.997633006243657
1
1
1
1
1
1
1
1
1
1
1
1
0.989270745722698
0.997560870396164
1
1
0.999498168496414
1
1
1
1
1
1
1
0.983221280051604
1
1
0.996356951982054
1
1
1
1
1
1
1
0.994948648978549
1
1
1
1
0.999775543284145
1
0.994720436300316
1
1
1
0.992612729194507
0.99163560879547
1
1
1
1
1
1
1
1
1
0.999513954318273
1
1
1
1
1
0.74985001338362
1
1
1
1
1
0.845781955119837
1
1
1
1
1
1
0.987099712885353
0.995185053878987
1
1
0.988449118119658
1
1
1
1
0.974992107507684
0.998103312710942
1
1
1
1
1
0.993813077215721
1
0.99795807203496
1
1
1
1
1
0.99783035970291
1
1
1
1
1
1
1
1
1
1
0.892503218499488
0.998701849501925
1
1
1
0.98103139374672
1
1
0.999406604691942
1
1
1
1
1
1
1
1
1
1
1
1
0.991702529481311
1
1
1
0.994963250337592
0.987292586367866
0.974594795762417
1
1
1
1
1
0.997257320069062
1
1
1
0.93675419493676
1
0.908061180836098
0.775310404748702
1
1
1
1
1
1
1
1
0.994797795455111
0.984785280640772
1
1
1
0.975649336720202
0.978429078178441
1
1
0.995195222045503
1
1
1
1
1
1
1
1
1
1
1
1
0.981749284802324
0.985457827966098
0.940218644335961
1
1
0.969596912127257
1
1
1
1
1
0.945082489250563
1
1
0.980035264155327
1
0.714749931253574
0.987151601597728
1
1
1
1
1
1
1
0.985944708804756
0.874994347002211
1
1
0.998028046727303
0.88386379642126
1
1
1
1
0.961729697291647
0.968158427627919
1
1
1
1
1
1
0.956741855610233
1
1
0.969182396225387
1
1
1
1
1
0.992612729194507
1
1
0.975601677714368
0.994137262695118
1
1
0.979598947775504
1
0.987088177409631
0.952719763543568
1
1
1
1
1
1
1
1
1
1
1
0.999719046509337
1
1
0.976967804693162
1
1
1
1
1
1
1
1
1
1
1
0.959533108889111
1
0.984433438605288
1
0.997884484686603
0.999532295981143
1
0.999475031394764
0.99872563286612
1
1
0.981947896269314
1
1
1
1
1
0.987456734172807
0.981905217407399
1
1
1
1
1
1
1
1
1
1
0.910127186906317
1
0.990815179919399
1
1
1
1
1
1
1
0.697075199217201
1
0.982179184352098
1
1
0.944829051768753
0.995550868605154
0.993405219634787
1
0.95841972413011
1
1
1
1
0.79637330356601
1
0.981676196038061
1
0.906304554754771
0.982418421488998
0.995865096889085
1
1
1
1
1
1
0.994797795455111
1
1
1
1
1
1
1
1
0.984665014186959
1
0.982236105983843
1
1
1
1
1
1
1
1
1
1
1
1
1
1
0.881566916139155
1
0.988312065325244
1
0.999388907905487
1
1
1
0.974933215929401
0.988254640754036
0.956846512503992
1
1
1
1
0.999111551496979
1
1
1
1
1
1
1
1
0.980729914469987
1
1
1
1
1
0.997604904006875
1
1
1
1
1
1
0.990438733105306
1
1
1
1
1
1
1
1
1
1
1
1
1
1
1
1
1
1
0.989619213195012
1
1
1
1
1
1
1
1
1
1
0.994797795455111
1
1
1
0.985031929187846
1
1
1
1
1
1
0.986252417042532
1
1
0.872919039587946
1
1
1
1
0.946012390787564
1
1
1
1
1
1
1
1
1
1
1
1
0.982064142270978
0.960650807669558
0.992850824549595
1
1
0.962187255003782
0.863022082612127
1
1
1
1
0.999383588122079
1
0.974383459393028
0.983221280051604
1
0.96780109240364
1
1
1
1
1
1
1
1
1
1
1
1
1
1
1
1
1
1
1
0.652570605109983
1
0.999611326924448
1
1
1
1
1
1
1
1
0.875331515031141
1
1
1
0.957834199024898
1
1
1
1
1
1
0.975649336720202
1
1
1
1
0.826074011410899
1
1
1
1
1
1
0.958571738738071
1
0.981635896728474
1
1
0.945326164147109
0.993867659519172
1
1
1
0.999388907905487
1
1
1
1
1
1
1
1
0.946012390787564
1
1
1
1
1
0.956814267836831
1
1
1
1
0.916065271740133
1
1
0.997633006243657
1
1
1
1
1
1
1
1
1
0.981635896728474
1
0.989054773424059
1
0.99223055108936
1
1
1
1
1
1
0.999406604691942
1
1
1
1
1
1
1
0.997097365937859
1
1
1
1
1
0.994706948791444
1
1
0.949865814427869
0.957206047261923
1
1
0.990298475026138
1
1
1
1
1
1
1
1
0.987099712885353
0.958571738738071
1
1
1
1
1
1
1
1
1
1
1
1
0.989619213195012
1
1
1
1
0.493064425430628
1
0.978429078178441
1
0.999058103902167
0.989420410944714
1
1
1
0.91134482144321
1
1
0.999434448282962
0.978423733077927
1
1
1
1
1
1
0.997097365937859
1
0.963670107607578
1
0.998369454839773
1
1
1
0.995752851740152
1
0.994833503616382
0.999398252295074
0.961930895781506
1
1
1
1
0.998879298572527
1
0.990438733105306
0.988239180374286
1
1
1
1
1
1
0.994810784078095
1
1
0.913880522683787
1
0.818877277355285
1
1
1
1
1
0.978917334556717
0.977464637173447
1
0.989601548922156
1
1
0.987099712885353
1
1
1
1
0.999578046344023
1
1
1
1
1
1
1
1
1
1
1
0.984433438605288
1
0.997915232197991
1
1
1
1
1
1
0.998010330309719
1
1
1
1
0.988331982735954
0.967265755171801
1
0.965411229297549
0.983783716654222
1
1
1
1
0.988778205177563
0.828694340458381
0.998369454839773
1
1
1
1
1
1
1
1
1
0.992802536476403
1
1
0.991702529481311
1
1
1
1
0.982365792002484
1
1
0.994284909012992
1
0.995055139335054
1
1
0.959766533793641
1
1
1
0.999775543284145
1
1
1
1
1
0.916065271740133
1
1
1
0.995865096889085
1
1
1
1
1
1
1
1
1
1
1
1
1
0.995936646030696
1
1
1
0.999452921901075
0.988412292094038
0.992612729194507
0.99783035970291
1
1
1
0.923169325236996
0.990532290852186
1
1
1
1
1
1
1
1
1
1
1
1
0.990036440806241
0.973865941244345
1
1
1
1
1
1
0.994417721466097
1
1
1
0.994120233242098
1
1
1
1
1
1
1
1
1
1
1
1
1
0.984046349794228
0.992769649807747
0.980013246231558
0.985031929187846
1
1
0.985457827966098
1
0.999513954318273
0.999111551496979
0.978423733077927
1
1
1
1
1
1
0.995962035201156
0.981067763834258
0.739775753116588
1
1
1
1
1
1
1
0.974383459393028
1
0.995195222045503
1
1
1
1
1
1
0.981749284802324
1
1
1
0.91263235350586
1
1
1
1
0.994137262695118
1
1
1
1
1
0.98992105073404
1
1
1
1
1
0.990298475026138
1
1
1
1
1
1
1
0.996698908922387
1
1
0.991900961132266
0.958970957456924
1
1
1
0.988254640754036
1
1
1
0.969252182296603
1
0.842976910257807
1
1
1
1
1
1
0.987099712885353
1
1
0.957756038565484
1
0.957206047261923
0.972769510019905
1
1
1
1
1
1
1
1
1
0.974594795762417
0.981067763834258
0.944829051768753
1
1
1
1
1
1
1
1
1
0.998283128526386
0.974760812202577
1
1
1
1
1
0.949865814427869
1
1
1
1
1
1
1
1
1
1
1
1
0.845826371337435
1
0.980513110492859
1
0.909407282916158
1
1
1
1
1
1
0.99635403030144
1
1
0.988778205177563
0.930618938053493
0.94612701595154
1
1
1
1
1
0.994948648978549
1
1
1
0.944520498734935
1
1
1
0.963027279109479
1
1
1
1
1
1
1
1
1
1
0.995055139335054
1
1
0.972861748399152
0.980593750445561
1
1
1
1
0.994037535827233
1
0.994963250337592
1
1
1
1
1
1
0.898881846805768
0.958571738738071
1
1
0.974307960175728
1
0.738222806953866
1
1
1
1
0.938776481238108
1
1
1
0.998283128526386
1
1
1
1
1
1
1
0.990715967868903
1
1
1
1
1
1
1
1
1
1
0.98324120146474
1
0.957744462603401
0.995550868605154
1
1
1
0.988966093104313
1
1
0.996147750107886
1
0.956741855610233
0.988412292094038
0.915499332590872
1
0.989420410944714
1
1
1
1
0.983783716654222
0.998701849501925
1
1
1
1
1
1
1
1
0.994762246669776
1
0.998369454839773
1
1
1
0.987151601597728
0.899997917791642
0.973788835675862
1
1
1
1
1
0.977526346965267
1
1
0.967892757234132
1
1
1
1
1
0.987292586367866
0.954446611211903
1
1
1
1
1
1
0.969596912127257
1
1
1
1
1
1
0.938561606423652
0.998906105280626
1
1
1
0.99180641944684
1
1
1
1
1
1
1
1
0.999380539905042
1
1
1
1
1
0.995450234054082
1
1
1
1
1
0.989420410944714
1
1
1
0.999498168496414
0.91621986511275
0.98649498373122
1
1
0.994138231220409
1
1
0.990532290852186
1
0.74882015521816
1
0.999151706660269
0.838000351081195
1
1
0.854600997524374
1
0.99783035970291
1
1
1
1
0.99811624420747
0.98649498373122
0.999452921901075
0.988567115059769
0.993707902816225
1
1
1
1
1
1
1
0.978898504632275
0.998108979992205
1
1
1
1
1
1
1
1
1
1
1
1
1
1
1
1
1
1
1
0.938776481238108
1
0.969141744656595
1
1
1
1
1
1
0.999661068868544
0.999383588122079
1
1
1
0.9903762421495
0.948633648076523
0.934988315916668
1
1
1
1
1
0.994833503616382
0.982236105983843
1
0.970272899322936
1
1
1
1
0.930788896775788
1
1
1
0.916057963846344
1
1
1
1
0.982109250048973
1
1
0.978515420595216
0.998010330309719
1
1
1
1
1
0.992936154730983
1
1
0.992769649807747
0.996356951982054
1
1
1
1
1
1
1
1
1
1
1
1
1
0.998128066563542
0.95078301031176
1
0.824649102979338
1
1
1
1
1
0.994797795455111
1
1
1
1
0.999384645334868
1
0.995787744439335
1
1
1
1
1
1
0.732299598613896
1
1
0.980593750445561
1
1
0.957630510336892
1
1
1
1
1
0.9947984266127
1
0.990802389959116
1
1
1
1
1
1
1
1
1
1
0.932484113459318
0.990815179919399
0.975718966956608
1
1
1
0.960875066347513
1
1
1
1
0.997567417469524
1
1
1
1
1
1
0.994037535827233
1
1
1
1
1
1
1
1
1
0.944472335329396
1
1
1
1
1
0.969286191809638
1
1
1
1
1
1
0.969669034684357
0.9578330168198
1
1
1
1
1
1
0.984665014186959
1
1
0.999058103902167
1
1
1
1
1
1
0.870495369586909
0.922333531699639
1
1
0.982424138145723
1
1
1
1
1
0.976482562790662
1
1
1
1
1
1
0.999058103902167
1
1
0.961930895781506
1
1
1
1
1
1
0.995148355012019
1
1
1
1
1
1
1
1
0.818877277355285
1
1
1
1
0.993025714456853
1
0.769678705360002
1
1
1
1
1
0.999058103902167
1
1
1
1
0.974561611692592
1
0.994706948791444
1
1
1
1
0.987666334564291
1
1
1
1
1
1
0.991900961132266
0.864088749389641
1
0.999398252295074
1
1
1
1
1
1
0.927905699199218
1
1
1
1
1
0.981749284802324
1
1
1
1
1
0.977375899957539
0.979182726080098
1
1
1
1
0.975954567978503
0.986010620371367
1
1
1
1
1
1
0.968869091818383
1
1
1
0.944520498734935
0.946012390787564
1
1
1
1
0.863022082612127
1
1
1
1
0.994654068913676
1
1
0.978515420595216
0.987111512720813
1
1
1
1
1
1
1
1
0.992593220793895
1
0.987151601597728
1
1
1
1
1
0.994720436300316
1
0.997633006243657
1
1
1
1
1
1
1
1
0.998028046727303
1
0.995185053878987
1
1
1
1
0.46490426233633
1
1
1
0.972492051887441
1
1
1
1
0.963027279109479
1
1
1
1
1
1
0.998909123143234
0.994682289321563
1
1
1
0.948434334585705
0.91775827081809
1
1
0.987292586367866
1
1
1
1
1
1
1
1
1
1
0.975637178335282
1
1
1
0.98324120146474
1
0.981947896269314
1
1
1
0.927756304087686
1
0.99635403030144
0.975601677714368
1
1
1
1
1
0.917256068655283
1
1
0.987173599260022
1
0.882619490111035
1
1
1
1
1
1
1
1
0.979442528608751
1
1
1
0.995550868605154
0.993959432875737
1
1
1
1
1
0.983975752755743
1
1
1
1
0.978778929403279
1
1
1
1
1
0.970059851809034
1
1
1
1
1
1
1
1
1
1
0.999661068868544
1
0.999390363772419
0.932998377499092
1
1
1
0.999384645334868
0.99605307197777
1
0.990247104444759
1
1
1
1
1
1
1
1
1
0.983160340126619
1
1
1
0.506000639665644
0.968958353737392
1
1
0.99995744584736
1
1
1
1
0.994507506607224
1
0.94985565727378
1
1
1
0.901087775864281
1
1
1
0.999475031394764
1
1
1
0.994810784078095
1
1
1
1
1
1
0.994654068913676
1
0.988982237173687
1
1
0.989270745722698
1
1
1
1
1
1
1
1
1
0.974933215929401
1
1
1
1
1
0.988588370923773
1
0.981780271485535
1
1
0.961533232298117
1
0.947540654625991
0.997090948124835
1
1
1
0.983985713636558
0.972479589259378
0.989056895949531
0.847755108265089
1
1
1
1
1
1
1
1
0.902419290598425
0.944737177713231
0.882571839040645
0.973866193996625
1
1
1
1
1
0.999501293938897
0.988733535430661
1
1
0.998103312710942
1
0.9947984266127
1
1
1
1
1
1
0.974594795762417
1
1
1
0.917630071821389
0.993554792122696
1
1
0.947329142959718
0.971853646325798
1
1
0.969596912127257
1
0.917630071821389
1
0.981676196038061
0.982129455965976
1
1
1
1
1
1
1
1
1
1
1
1
0.998701849501925
1
1
1
1
0.997111423331902
1
0.992802536476403
1
1
1
0.999151706660269
1
1
0.97187398485023
1
1
1
1
1
1
0.993867659519172
0.999452921901075
1
1
1
1
1
1
0.976453423236477
1
1
1
1
1
1
1
1
1
1
1
1
1
1
1
1
1
1
0.977526346965267
1
0.949782931514161
1
1
1
1
1
1
1
1
1
0.999408324635831
0.966413124630579
1
1
0.989054025587202
1
1
0.999398252295074
0.99163560879547
1
1
1
0.993639788400933
1
0.88099123140673
0.998523670473308
1
0.992936154730983
0.994720436300316
1
1
1
0.999406604691942
1
1
1
1
1
0.989919149318864
1
1
1
1
0.981701822182365
1
1
1
1
1
1
1
0.984115352882829
1
1
1
1
0.966442624579199
1
1
1
1
1
0.917485869810304
1
0.967892757234132
1
1
1
0.982474587887097
0.986118439252016
1
1
0.979598947775504
0.954777479069914
1
0.934990352052823
1
1
1
1
1
1
1
1
0.967892757234132
0.967503724249643
1
1
1
1
1
1
0.659541398537619
1
1
0.938776481238108
1
0.997755269678759
1
0.872919039587946
0.850385475774234
1
1
1
1
1
1
1
0.943114665986955
0.970059851809034
1
0.989971905250604
0.896938884196087
1
1
1
1
1
1
1
0.988210010843551
0.980729914469987
1
1
1
0.99956871176664
1
1
1
1
1
1
1
1
1
1
1
1
1
1
1
1
1
0.991702529481311
1
1
1
0.999398252295074
0.987630542535344
1
1
1
1
1
1
1
1
1
1
0.998006805508016
1
1
1
1
0.99872563286612
0.999383588122079
1
1
1
0.985457827966098
1
1
1
0.994863349110552
1
1
0.992612729194507
1
1
1
1
0.966369457010478
1
1
0.992050352345511
1
1
1
1
1
1
1
1
1
1
1
1
1
0.982064142270978
1
1
1
1
1
1
1
0.999388907905487
1
1
1
1
1
1
0.974561611692592
1
1
0.998909123143234
1
1
1
1
1
1
1
1
1
1
1
0.995148355012019
0.818515542434973
1
1
1
1
0.857181677227594
1
1
1
1
1
1
1
1
1
0.979783876882081
1
1
1
0.994863349110552
0.990414065949581
1
1
1
1
1
1
0.947329142959718
0.949596674671526
1
1
0.988778205177563
0.988594526349189
1
1
0.904654538699947
0.993671520225835
1
1
1
1
1
1
1
0.994833503616382
1
1
1
1
1
1
1
0.969513287284285
1
1
1
1
1
0.960730894824304
0.998476655650559
1
1
0.835130864735355
1
1
0.967356084358954
1
0.988966093104313
1
1
1
1
1
0.908061180836098
1
1
0.984115352882829
1
1
1
1
1
1
1
0.982418421488998
0.993867659519172
1
1
1
1
1
1
1
1
1
1
1
1
0.987456734172807
1
0.987630542535344
1
1
0.981676196038061
1
1
1
1
0.980013246231558
1
1
0.980484243514239
1
0.945302050742764
1
1
1
0.91775827081809
1
1
0.999390363772419
1
0.96094350382308
1
1
1
0.984665014186959
1
1
0.994863349110552
0.995338178370933
1
0.969669034684357
0.999437282003271
1
1
1
1
1
1
1
1
1
1
0.931807070452109
0.965008867117332
1
1
1
0.998180247571595
1
0.941190591411278
0.960232225073594
1
1
1
1
0.845781955119837
1
1
1
0.967265755171801
1
1
1
1
1
1
1
1
1
1
1
1
1
1
1
0.999396556385228
0.93675419493676
1
0.977464637173447
0.968004947800723
1
1
1
1
1
0.993025714456853
0.994948648978549
1
1
1
1
1
0.991702529481311
1
1
1
1
0.980837970824089
1
1
1
1
0.982236105983843
0.995962035201156
0.974383459393028
1
1
1
1
0.999775543284145
0.976777227152482
0.970473697578648
1
1
1
1
1
0.987634536947119
1
0.989054025587202
1
0.995341936845504
0.982474587887097
1
1
1
1
1
0.989439325657524
0.995185053878987
1
0.999390363772419
1
1
1
1
1
1
1
1
1
1
1
1
1
1
1
1
1
0.997027139919126
0.935762370517021
1
1
1
0.973866193996625
1
1
1
1
1
1
1
0.981905217407399
0.988588370923773
0.979182726080098
1
0.961230856639449
1
1
1
1
0.743182838930667
1
1
1
1
1
1
1
0.932718171654543
0.993025714456853
1
1
0.995752851740152
1
0.997915232197991
1
1
1
0.575815888355017
1
1
1
1
1
1
1
1
0.993899984456091
0.930771231344223
1
1
1
1
1
1
1
0.676056194149266
1
1
0.979002035545527
1
1
1
1
1
1
1
1
1
1
1
1
1
1
0.94985565727378
1
1
1
1
1
1
1
0.989054773424059
1
1
1
0.989619213195012
0.983160340126619
0.998369454839773
1
1
1
0.941909229662712
0.976896643301586
0.944472335329396
0.909893668500744
0.988439723126404
1
1
0.999498168496414
0.972861748399152
0.996325863903985
0.966575331844799
1
1
0.641745678646922
1
1
1
1
1
0.988594526349189
0.982365792002484
0.997633006243657
0.991702529481311
1
1
1
1
1
0.969187790973795
1
1
1
1
1
1
1
1
0.993862170606542
1
0.992612729194507
1
1
1
1
0.99605307197777
1
0.986745554886311
1
1
1
1
1
1
1
0.994706948791444
0.987634536947119
1
1
1
1
1
1
0.958453989327791
1
1
1
0.882664192582278
1
1
1
0.968048110226155
0.998728111310335
1
1
0.999437282003271
1
1
1
0.995752851740152
1
0.968526539881161
1
1
1
1
1
1
0.990815179919399
1
1
0.996016306799391
0.972479589259378
1
0.999408324635831
1
1
1
0.982424138145723
1
1
1
1
1
1
1
0.974963253012189
1
1
0.987798106356033
1
1
1
0.999398252295074
1
0.96094350382308
0.478964910864455
1
1
1
0.999406604691942
0.956814267836831
1
1
0.867003172415814
1
1
1
0.959180753108134
0.964316189380127
1
1
1
1
1
1
1
0.923639412063185
1
1
1
1
1
1
0.957106286878029
0.746875153993755
0.988331982735954
1
1
1
1
1
1
1
1
0.980484243514239
1
1
1
1
1
1
0.944737177713231
1
1
1
1
1
0.916065271740133
1
1
1
0.9948777451007
1
1
1
1
1
1
1
1
1
0.944737177713231
0.967356084358954
1
1
1
1
0.932672037110124
1
0.994720436300316
1
1
1
0.998909123143234
1
1
0.948633648076523
1
0.991593284460337
1
0.974718057394743
0.967523980094247
0.997915232197991
0.870495369586909
1
1
0.982129455965976
1
1
1
1
1
1
1
0.969596912127257
0.944737177713231
1
1
0.835170270316804
1
1
0.918851018594278
1
1
0.998879298572527
1
1
1
1
0.988588370923773
1
0.992692245346974
0.988966093104313
1
0.924480925313741
1
1
1
1
1
1
1
1
0.938735426128881
1
1
1
1
1
1
1
1
0.985457827966098
1
0.71996610437856
1
1
0.992802536476403
1
1
1
0.99139392247644
1
1
1
0.844150816087931
0.994507506607224
1
1
1
1
1
1
1
1
1
0.738018408473804
1
1
1
0.896766322233879
0.975401311091319
1
1
1
1
0.899597928356273
0.994948648978549
1
0.930209783501565
0.996688251484483
1
1
1
1
1
1
1
1
0.956571069502576
1
1
0.994732107311548
1
1
0.975954567978503
1
1
1
1
1
1
1
1
0.987553689887301
0.997755269678759
1
1
0.995962035201156
1
1
1
0.988239180374286
1
1
1
1
1
1
1
1
0.875685041309816
1
1
0.988439723126404
1
1
1
1
0.999532295981143
1
0.994682289321563
1
1
1
1
1
1
1
1
1
0.850385475774234
1
1
1
1
1
1
1
1
1
1
0.988982237173687
0.966057948093383
1
0.988588370923773
0.886242214524551
1
0.966858489039688
0.992802536476403
1
1
1
1
1
1
1
0.970059851809034
0.981780271485535
0.538233501808933
1
1
1
1
1
0.955025896983181
1
1
1
1
1
1
1
1
1
1
1
1
1
1
1
1
0.979560246160791
0.957888475423438
1
1
1
1
0.99180641944684
1
1
1
1
1
1
1
0.996016306799391
1
1
1
0.964654585363806
0.99872563286612
0.971455251400285
1
1
1
1
0.981947896269314
1
1
1
1
1
0.997884484686603
0.998079439254792
1
1
1
1
0.978409385303655
0.891596423324116
1
0.99385404526198
0.998909123143234
0.906934200250488
1
1
1
0.985205816603898
1
1
1
1
0.971193111712656
0.981466843722695
1
1
0.956571069502576
0.985116713508749
1
0.584827413955638
1
1
0.997567417469524
1
1
1
1
1
1
1
1
1
1
1
0.994578853923692
1
1
1
1
1
1
1
0.999381094313149
1
1
1
1
1
1
1
0.986252417042532
1
1
0.995865096889085
1
0.997111423331902
0.99139392247644
0.999532295981143
1
1
1
1
0.995787744439335
0.994762246669776
1
1
0.975242649743403
1
1
1
1
1
1
1
1
0.992131297946515
1
1
1
1
1
1
1
1
1
1
1
1
1
1
1
1
1
1
1
1
1
0.987456734172807
1
1
1
1
1
1
0.969998851598657
0.990815179919399
1
1
0.988312065325244
1
1
0.980513110492859
1
1
0.981635896728474
1
1
0.990715967868903
1
0.902902595755405
1
1
1
1
1
1
1
1
1
1
1
1
0.937788049160469
0.999390363772419
1
0.988982237173687
1
1
1
1
1
1
1
1
1
1
1
1
1
1
1
1
1
1
1
1
1
1
1
1
1
1
1
1
1
0.988567115059769
1
1
1
1
1
0.987456734172807
1
0.985031929187846
1
0.994810784078095
0.994980408427861
1
0.946889374363386
1
0.997633006243657
1
1
1
1
0.987262292864977
0.994682289321563
0.997755269678759
1
1
1
1
1
1
1
1
1
1
1
0.959650248096065
1
1
1
1
0.994720436300316
0.984046349794228
0.998523670473308
1
1
1
1
1
1
1
1
0.996356951982054
1
1
1
0.995338178370933
1
0.994948648978549
0.993025714456853
0.99605307197777
0.994980408427861
1
1
1
1
0.998547058281188
1
1
0.994810784078095
1
1
0.912246225413024
0.772749086268168
1
0.982109250048973
0.998523670473308
1
1
1
1
1
1
1
1
1
1
0.99872563286612
1
1
1
1
1
0.978870630460631
1
1
1
1
1
0.996016306799391
1
0.873027250693572
1
0.995529731737826
0.991702529481311
1
1
1
1
0.991166673441893
1
1
1
1
1
1
1
1
1
1
1
1
1
0.906436258038779
1
0.994980408427861
0.789852539929534
1
1
1
1
0.976777227152482
0.907132693226068
1
1
1
1
0.799358021529075
0.981635896728474
1
1
1
0.956741855610233
1
1
1
0.981067763834258
1
1
1
1
0.964279566602491
1
0.986118439252016
1
0.981749284802324
0.998103312710942
0.942214811342623
0.981701822182365
1
1
0.934988315916668
0.956814267836831
1
1
1
1
1
0.989054025587202
1
0.999513954318273
1
0.989439325657524
1
0.947832725630806
1
0.988210010843551
1
1
1
1
0.997027139919126
1
1
1
1
1
1
1
0.810710259693053
1
1
1
0.969818851025417
1
1
1
0.967180896129056
1
1
1
1
1
0.889211957263976
1
1
1
1
1
1
0.997111423331902
0.982424138145723
0.924901963186503
1
1
1
1
1
1
1
0.991702529481311
0.510568807159036
0.960875066347513
1
0.855630197764509
1
0.934988315916668
0.75274375597832
0.985116713508749
0.998851656557903
1
1
0.578767150503508
0.911044849041237
1
0.999408324635831
1
1
0.721168157809398
1
1
1
0.994948648978549
0.999396556385228
1
0.998369454839773
1
1
0.991692813230831
1
0.650539232921608
1
1
1
0.837865416482275
1
0.471191115361506
0.614991412733473
0.730680256998941
0.62982708053378
1
1
0.77564223974671
0.991593284460337
0.728554283367646
1
0.995529731737826
1
1
1
1
0.99980608082251
1
0.997915232197991
0.980484243514239
1
1
1
1
1
1
0.982179184352098
1
0.976777227152482
1
1
1
0.977375899957539
1
1
0.982424138145723
0.985031929187846
1
0.990802389959116
1
1
1
1
1
0.919827943493794
1
0.995148355012019
1
1
1
1
1
1
1
1
1
1
1
1
1
0.995752851740152
1
0.988556411891851
1
1
0.9948777451007
1
0.993025714456853
1
0.913878146751031
0.988556411891851
1
0.998128066563542
1
1
1
0.969513287284285
1
1
1
0.969975828546742
1
1
1
1
1
1
1
1
0.990416058319949
1
0.828108610196692
1
1
1
1
1
1
1
0.998523670473308
1
1
1
0.979560246160791
1
0.987666334564291
1
1
1
1
1
0.910127186906317
0.903108665876919
1
1
1
0.981905217407399
1
0.958970957456924
1
1
1
0.943478405371406
1
1
0.974307960175728
1
1
1
1
1
1
1
1
0.878911093160472
1
1
1
1
1
1
1
1
1
1
1
1
1
1
1
0.992936154730983
1
1
0.991702529481311
1
1
1
1
1
0.974760812202577
0.995550868605154
1
1
0.956571069502576
1
1
1
1
1
1
1
1
1
1
0.995341936845504
1
0.91263235350586
1
1
0.987666334564291
1
1
0.89165817209629
1
1
1
1
1
1
1
1
1
1
1
1
1
1
1
1
1
1
0.974617213252496
0.957206047261923
1
1
0.999501293938897
0.985031929187846
1
1
0.994720436300316
1
1
1
1
1
1
0.903870854650097
0.986118439252016
1
0.998906105280626
1
1
1
1
1
1
1
1
0.91775827081809
1
1
1
1
1
1
1
0.979002035545527
0.981657463691327
1
1
1
1
1
1
0.981701822182365
1
1
0.945199576544587
1
1
1
1
1
1
1
1
0.994020744772451
1
1
1
1
0.998369454839773
1
1
1
1
1
0.992394623415436
1
1
1
1
0.953555130417222
0.996325863903985
0.976157262361508
1
1
1
1
1
1
0.994980408427861
1
1
1
1
1
1
1
1
1
1
1
1
1
1
0.886837200423756
0.965331260140182
0.780857490295571
1
1
1
0.873027250693572
0.998369454839773
1
0.981947896269314
0.99605307197777
0.998128066563542
1
1
1
0.999267434680302
0.999578046344023
0.99783035970291
0.997257320069062
0.966575331844799
0.981905217407399
1
1
1
1
0.995001317910767
1
1
1
0.719041174993553
0.923719583410355
1
1
1
1
1
0.994654068913676
1
0.555513121620827
0.959766533793641
1
0.998201187552811
1
1
1
1
0.998006805508016
1
1
1
0.990247104444759
1
1
1
1
1
0.997651969535043
1
1
0.999437282003271
0.997027139919126
1
1
1
1
1
1
1
1
1
1
1
1
1
1
1
1
1
1
0.982418421488998
0.94586481714647
1
0.99180641944684
1
1
1
1
0.99768958840123
1
0.988210010843551
1
1
0.976157262361508
1
1
1
1
1
1
1
0.731622364393524
0.981635896728474
1
1
0.995787744439335
0.882930769250164
0.930324841109677
1
1
1
0.99385404526198
1
1
1
1
1
1
1
1
1
1
0.898498817353066
0.988745786425834
1
1
1
0.96150344667518
1
1
0.988412292094038
1
1
0.996176832402363
1
1
1
1
1
1
0.989919149318864
1
1
1
1
1
1
1
1
1
1
1
0.999475031394764
0.987151601597728
1
1
1
0.537482915677286
1
1
1
1
1
1
1
1
0.999452921901075
1
1
1
1
1
1
1
1
1
1
1
1
1
1
1
0.788123747937875
0.997560870396164
1
1
1
0.946889374363386
0.991702529481311
1
1
1
1
0.999213476588651
1
1
0.997560870396164
0.995529731737826
1
1
0.966826863269168
0.972861748399152
1
0.984281950093097
1
1
0.977462480745661
1
1
1
0.980022130355389
0.998108979992205
1
1
1
1
1
0.98324120146474
1
1
1
1
1
1
1
1
1
1
1
1
0.993959432875737
1
1
1
1
0.944520498734935
0.992936154730983
1
1
0.988312065325244
1
0.974760812202577
1
0.988778205177563
1
1
1
1
1
0.997874364453888
1
0.998851656557903
1
1
1
1
1
0.998701849501925
1
1
1
1
0.929788855432372
1
1
1
1
0.99385404526198
1
1
1
1
1
1
0.99811624420747
1
1
1
1
0.988284494254264
1
1
1
1
1
0.997215004965479
1
1
0.981067763834258
0.999475031394764
1
1
0.886837200423756
1
1
0.979842307896803
1
1
0.994948648978549
1
1
1
1
1
1
1
1
1
0.997215004965479
0.995865096889085
1
0.998476655650559
0.988745786425834
0.969513287284285
0.982418421488998
0.685866449874045
0.985457827966098
1
0.838000351081195
1
1
1
0.982129455965976
1
1
1
1
1
1
1
1
1
0.998879298572527
1
0.992929766739387
1
1
1
0.993025714456853
1
1
1
1
0.986118439252016
0.967356084358954
1
1
1
1
1
1
1
0.994720436300316
1
1
1
1
1
1
1
1
0.669249112390938
1
1
0.994948648978549
1
1
1
1
0.816318661329615
1
0.860020341213414
0.999381094313149
1
1
0.997434660479737
1
1
1
1
1
1
0.99139392247644
0.99385404526198
1
1
1
1
1
1
0.994963250337592
1
1
0.851136162357984
1
0.993813077215721
1
1
0.979490859360784
0.988412292094038
1
1
1
0.923169325236996
1
1
1
1
1
1
1
1
1
1
0.99163560879547
1
1
1
0.930771231344223
1
0.987666334564291
0.994762246669776
1
1
0.99768958840123
0.997027139919126
1
0.986252417042532
1
1
1
1
1
1
0.949168035647566
1
1
1
1
1
1
1
1
1
1
1
0.882619490111035
1
1
0.930324841109677
1
0.982792124129841
0.966575331844799
1
1
1
1
1
1
1
0.996176832402363
0.997434660479737
1
1
1
1
0.944401042860337
0.959180753108134
1
1
1
1
1
1
0.958319692521715
0.896214958293936
1
1
1
0.975718966956608
1
1
1
0.999775543284145
0.973958925502387
1
1
1
1
1
0.981012548653512
1
0.982424138145723
1
1
1
1
1
1
1
1
1
0.938776481238108
1
1
1
1
1
1
0.981780271485535
0.99795807203496
0.99664054242738
1
1
0.845781955119837
1
0.980752210788501
1
1
1
1
1
1
1
1
1
1
1
1
1
1
1
0.987798106356033
1
1
1
0.993867659519172
1
0.99783035970291
1
1
1
0.949865814427869
0.980035264155327
1
1
0.994100168203294
1
1
1
1
1
1
1
1
1
1
0.988254640754036
1
1
1
1
0.964840778031582
1
0.994137262695118
0.986169243375204
1
1
1
1
1
1
0.832905782733344
1
1
1
0.920521143281436
1
1
1
0.871817265974549
1
0.994706948791444
1
1
1
1
1
0.999384645334868
0.977526346965267
1
1
1
1
1
0.995450234054082
0.975601677714368
1
0.967356084358954
1
1
1
1
0.994863349110552
1
1
1
1
1
1
0.939545556847466
0.999058103902167
1
1
0.990298475026138
1
1
1
1
1
1
1
1
1
0.999452921901075
1
1
1
1
1
0.928955599533947
0.985457827966098
0.988778205177563
0.940661827349048
0.988745786425834
1
0.882846907898648
1
1
1
0.981635896728474
1
1
1
1
1
1
1
1
1
1
1
0.999267434680302
1
1
0.998851656557903
1
1
1
1
0.984046349794228
1
1
1
1
1
1
0.981357728254766
1
1
1
1
1
1
1
0.947329142959718
1
1
1
1
1
0.845781955119837
1
1
0.98992105073404
1
1
1
1
1
1
1
1
1
1
0.982424138145723
1
1
0.932857840617247
0.999498168496414
1
0.909407282916158
0.969513287284285
1
1
1
1
1
1
0.994825583082165
0.841783182456124
1
1
1
0.969385756044241
1
1
1
1
1
1
1
1
1
1
1
1
1
0.976157262361508
1
1
1
1
1
0.991900961132266
1
1
1
1
1
1
1
1
1
1
1
1
1
1
0.998909123143234
1
0.796662677217234
1
1
1
1
1
0.989420410944714
1
1
1
1
1
1
1
1
1
0.943648602940644
1
1
1
1
0.955025896983181
1
0.991900961132266
1
1
1
1
1
0.993639788400933
1
1
1
0.989439325657524
1
1
1
0.99605307197777
1
1
1
1
1
1
0.966442624579199
1
0.989439325657524
1
0.977526346965267
1
0.932905906838205
1
1
0.991702529481311
1
1
0.987465424109272
0.98103139374672
1
1
1
0.998741858956456
1
1
0.969286191809638
1
1
1
1
1
1
1
1
0.990802389959116
0.992394623415436
1
1
1
0.994654068913676
1
1
1
1
1
1
1
0.981676196038061
1
1
1
1
1
1
0.959180753108134
1
1
1
1
1
1
0.994732107311548
0.990532290852186
1
1
0.925341889549356
1
1
1
1
1
1
0.957630510336892
1
0.994037535827233
1
1
1
1
1
1
1
1
0.949168035647566
1
1
1
1
1
1
0.998128066563542
0.979002035545527
1
1
1
0.971193111712656
1
1
1
1
1
1
0.904811269359674
0.994284909012992
0.985040173385637
1
1
1
1
0.994395926542183
0.62634669289598
0.975649336720202
1
1
0.620492789544821
1
1
1
1
1
1
0.849760007868827
0.958319692521715
1
0.742562892355321
1
1
1
0.927756304087686
1
1
1
1
1
1
1
1
0.984825272843259
1
1
1
1
1
0.984665014186959
1
1
1
1
1
0.927679816547786
1
0.981749284802324
1
1
1
0.983985713636558
0.994948648978549
1
0.99163560879547
1
1
1
1
1
0.999058103902167
0.996356951982054
0.995055139335054
1
1
1
1
1
1
1
1
1
1
1
1
1
1
0.988745786425834
1
1
1
1
1
1
1
1
0.991702529481311
1
0.981676196038061
1
1
1
1
1
1
1
1
1
1
1
1
1
1
1
1
1
1
1
1
1
1
0.9948777451007
1
0.929788855432372
1
1
1
1
1
1
1
1
1
0.99768958840123
0.998701849501925
1
1
1
0.984785280640772
0.717860581410535
1
1
1
1
1
1
1
0.989619213195012
0.769001058937426
1
0.993862170606542
0.998523670473308
1
1
0.980513110492859
0.91296733700947
1
1
1
1
1
1
1
1
0.98103139374672
1
1
1
1
1
1
1
1
1
1
1
1
0.988457434684453
0.994720436300316
1
0.994682289321563
1
1
1
1
1
1
1
1
1
1
1
1
1
1
1
0.996698908922387
0.968158427627919
1
1
1
1
1
1
0.988556411891851
1
0.993862170606542
1
1
1
1
1
1
1
1
1
1
1
0.988594526349189
1
1
0.944109190212275
1
0.981676196038061
1
0.995258304198255
1
1
0.918851018594278
1
0.957888475423438
1
1
1
0.488463112137095
1
1
0.923169325236996
1
0.999379719202447
1
1
1
1
1
1
0.986252417042532
1
1
1
1
1
1
1
1
1
1
1
1
1
1
1
1
1
1
1
0.987666334564291
0.996147750107886
1
1
0.957206047261923
1
1
1
0.988265084833109
1
1
1
0.979182726080098
1
0.99806338072434
1
1
0.979783876882081
0.607334211191472
1
1
0.899601418430722
1
0.992394623415436
0.999437282003271
0.986252417042532
0.927679816547786
1
1
0.980632492298901
1
1
1
1
0.987553689887301
1
1
1
1
0.99806338072434
1
1
1
1
0.868230521850446
0.913880522683787
0.741594000661161
0.76515219022057
1
0.966413124630579
1
1
0.944401042860337
0.999390363772419
1
0.878911093160472
1
1
1
0.930209783501565
1
1
0.999434448282962
1
1
1
1
0.978870630460631
1
1
1
1
0.987798106356033
0.9947984266127
1
1
0.906934200250488
0.898276579098046
1
1
1
1
0.980752210788501
1
0.931636712320974
0.990805194222422
1
1
0.969669034684357
1
1
1
0.898498817353066
1
1
0.994720436300316
0.91775827081809
1
1
1
1
1
1
1
1
0.998592664374819
0.914975405095461
1
0.935762370517021
1
0.992394623415436
1
1
1
0.981012548653512
1
1
1
1
1
1
1
1
1
1
1
1
0.991166673441893
1
0.995546856650959
1
0.881766603361616
0.996176832402363
1
1
1
1
1
1
0.946444033655676
1
0.999408324635831
1
1
0.992612729194507
1
1
0.978870630460631
1
1
0.993892349549237
1
1
1
1
1
1
1
1
1
0.950324036153845
0.774503039887731
0.995195222045503
1
1
1
1
1
1
1
0.999775543284145
1
1
1
1
1
1
1
1
1
1
1
1
1
1
1
1
1
1
1
1
1
1
1
0.839685464705026
1
1
0.991702529481311
1
1
0.988265084833109
0.996325863903985
1
1
1
0.996356951982054
1
1
0.988412292094038
1
1
1
1
1
1
1
1
0.999058103902167
1
0.992802536476403
1
1
1
1
1
1
1
1
1
1
1
1
1
1
0.997027139919126
1
1
0.981701822182365
1
1
1
1
0.927301104877137
1
1
0.943478405371406
1
0.997567417469524
0.99180641944684
0.99163560879547
1
1
1
1
1
1
1
0.986252417042532
0.91310938786344
1
1
1
0.983584369723234
1
1
0.943114665986955
1
1
1
1
1
1
1
1
1
1
1
1
1
1
1
0.995550868605154
1
0.988778205177563
0.993959432875737
1
0.993867659519172
0.995752851740152
1
1
0.988239180374286
0.981780271485535
1
1
0.966413124630579
1
1
1
1
1
1
1
0.998701849501925
1
1
1
1
1
1
0.869741501942114
1
1
1
1
1
1
1
0.99163560879547
0.956476910571702
1
0.964316189380127
1
1
1
1
1
1
1
1
1
1
1
1
1
1
1
0.9948777451007
1
1
1
1
1
1
1
1
1
0.975649336720202
0.990532290852186
1
0.98021002557628
1
1
1
0.966369457010478
0.967356084358954
1
1
1
0.9948777451007
1
0.979442528608751
1
0.969513287284285
1
1
1
1
1
1
1
1
0.998006805508016
1
1
1
1
0.988588370923773
1
1
1
1
1
1
1
1
0.932718171654543
1
1
1
1
0.993397096377441
1
1
0.701529997698165
1
1
0.998128066563542
1
1
1
1
1
0.998741858956456
0.863319805041135
1
1
1
1
1
1
1
0.953362516931672
1
1
1
1
1
0.993671520225835
1
1
1
1
1
1
1
1
1
1
1
0.994732107311548
1
1
1
1
1
0.960650807669558
1
0.86942060693334
0.995258304198255
0.981947896269314
1
0.969385756044241
1
0.997755269678759
1
0.997257320069062
0.988254640754036
1
1
1
1
1
1
1
1
1
0.984115352882829
1
1
1
1
1
1
1
1
1
1
0.991900961132266
1
1
1
1
1
1
0.99783035970291
1
1
1
1
1
1
0.94586481714647
0.974933215929401
1
1
1
0.988778205177563
1
1
0.996016306799391
1
1
0.980035264155327
1
1
1
1
1
1
1
1
1
1
1
0.985436040970078
1
1
0.988588370923773
1
1
0.894568243306769
1
1
0.993025714456853
1
0.973866193996625
1
1
1
1
1
1
0.954777479069914
0.975974665645707
0.999434448282962
1
1
1
1
1
1
1
0.99823488206391
1
1
0.97187398485023
0.927756304087686
1
1
1
1
1
0.936056226944
1
0.863541053980997
1
0.998201187552811
0.998701849501925
1
1
1
1
1
0.997633006243657
1
1
1
1
1
1
0.99823488206391
1
1
1
0.988449118119658
1
1
1
0.980837970824089
1
1
1
1
1
1
1
1
1
1
0.995936646030696
1
1
1
1
0.995055139335054
1
1
1
1
0.982129455965976
1
1
0.96150344667518
1
1
1
1
1
1
0.958437712317517
1
1
1
1
1
1
1
0.975649336720202
1
1
1
1
1
1
1
0.945326164147109
1
1
1
1
1
1
1
0.982792124129841
1
1
1
1
1
0.996176832402363
1
1
1
0.980513110492859
0.988439723126404
1
1
0.994753273454956
1
1
1
1
1
0.998851656557903
1
0.990815179919399
1
1
1
0.975649336720202
1
1
0.984433438605288
1
1
0.998028046727303
0.975311275582262
0.959727101225404
1
1
1
1
0.934990352052823
1
1
1
1
1
1
0.981905217407399
1
0.973866193996625
1
1
0.965008867117332
1
1
1
1
1
1
0.969333386570569
1
1
1
0.994863349110552
0.988966093104313
1
1
1
1
1
0.997651969535043
1
0.931797996842167
1
0.958437712317517
0.904184816991076
1
1
0.989353347780138
0.995341936845504
1
1
1
0.994810784078095
1
1
1
1
1
1
1
1
1
1
0.930947450575637
0.91310938786344
1
1
1
0.985116713508749
1
1
1
1
1
1
1
1
0.946889374363386
1
1
1
0.976453423236477
1
1
0.994020744772451
1
0.99795807203496
1
0.974933215929401
1
0.953362516931672
1
1
1
1
0.874994347002211
0.66648555469074
1
1
0.988265084833109
1
1
0.771783365690613
1
0.980013246231558
1
0.996072564807044
1
1
1
1
0.944829051768753
1
0.999398252295074
1
1
1
1
1
1
1
0.961930895781506
1
0.945326164147109
0.974992107507684
0.998369454839773
1
1
1
0.994727401852071
0.938206343595869
0.96338068692613
1
1
0.931477045296123
0.960973810255552
1
1
1
1
1
0.9948777451007
0.99385404526198
1
0.955025896983181
1
1
1
1
1
0.879508754588492
0.998592664374819
1
1
1
1
1
0.909893668500744
1
1
1
0.993945018751932
1
1
1
0.889272452531854
1
1
1
1
1
1
1
1
1
1
0.998006805508016
0.79637330356601
1
1
1
1
0.709716896721773
0.973866193996625
1
1
1
0.994762246669776
1
0.989270745722698
1
1
0.980035264155327
0.988567115059769
1
0.987099712885353
0.989439325657524
0.946889374363386
0.857537695854016
1
0.985436040970078
1
1
0.999408324635831
0.994727401852071
1
1
1
0.970992178356873
1
1
1
0.981067763834258
1
1
1
1
0.966631597106496
1
1
1
0.982129455965976
0.930110966551202
1
0.88099123140673
1
1
1
1
1
0.998283128526386
1
1
0.985944708804756
1
0.931807070452109
1
0.990414065949581
1
1
0.980752210788501
1
1
0.987071101256589
1
1
0.893000669578954
1
1
0.985040173385637
1
1
1
0.988239180374286
1
1
1
0.974617213252496
1
1
1
1
0.970272899322936
1
1
1
1
1
1
1
1
1
0.957630510336892
0.852221528061335
1
1
1
0.936935383295698
1
1
1
1
0.994732107311548
1
1
1
1
0.791538274771161
0.987262292864977
1
1
1
1
1
1
1
0.914975405095461
1
1
1
0.994395926542183
1
1
1
1
0.975637178335282
1
0.930947450575637
1
1
0.999388907905487
1
1
1
1
1
1
1
1
1
1
1
1
1
1
0.998374401594143
0.94496142680444
1
1
1
0.886837200423756
1
1
0.981701822182365
1
1
0.988254640754036
0.974617213252496
1
1
1
1
0.999058103902167
1
1
1
0.913878146751031
0.980035264155327
1
1
1
1
1
1
1
1
1
1
1
1
1
0.997915232197991
1
1
1
1
1
1
1
1
1
1
1
1
1
1
1
0.996698908922387
0.997090948124835
1
1
1
1
1
0.97670733066247
1
0.999379719202447
1
1
1
0.998879298572527
1
1
1
1
0.993945018751932
1
1
1
0.981657463691327
1
0.996176832402363
1
1
0.93569764006324
1
1
1
1
1
1
0.977375899957539
1
1
1
1
1
1
1
1
1
1
1
1
1
0.96338068692613
1
1
1
1
1
0.970513779923276
1
1
1
1
0.99768958840123
0.793867783392004
0.990715967868903
0.877456379163371
1
1
1
1
1
1
1
1
0.93905718643228
1
0.997027139919126
1
1
1
1
1
1
1
1
1
0.99768958840123
0.850385475774234
1
0.688824980614745
1
1
1
1
1
1
0.959180753108134
1
1
0.988733535430661
0.930771231344223
1
1
1
1
1
1
0.985457827966098
1
1
1
1
1
1
0.98021002557628
1
1
1
1
0.893000669578954
0.845435682323265
0.930788896775788
1
1
1
1
1
1
1
1
1
1
0.987111512720813
0.693589472521359
1
0.961930895781506
0.909893668500744
1
1
1
1
0.998010330309719
0.860020341213414
0.994720436300316
0.979560246160791
1
0.9948777451007
1
1
1
1
0.987262292864977
1
1
1
1
0.916297219970276
1
1
0.958319692521715
1
1
1
1
1
1
1
1
1
1
0.978870630460631
1
0.994417721466097
1
1
1
1
1
1
0.947838157000985
1
1
1
1
1
1
1
1
1
1
1
1
1
1
1
1
0.987456734172807
1
1
0.828258661970959
1
0.995787744439335
0.854600997524374
1
0.86990136065948
0.966413124630579
0.998103312710942
1
0.974992107507684
1
1
1
1
1
0.994825583082165
1
0.969333386570569
1
1
0.937399180715879
1
0.995787744439335
1
0.999532295981143
1
1
1
1
1
0.987891575349825
1
1
1
1
1
1
1
0.999408324635831
1
1
1
1
1
1
1
1
1
1
1
1
1
1
1
1
1
1
0.98021002557628
0.975718966956608
1
1
1
1
1
1
0.948434334585705
1
0.976372184296701
0.838359071486092
1
1
0.997027139919126
1
1
1
1
0.999383588122079
1
1
1
1
0.892369334732015
1
1
0.988745786425834
1
1
0.525841507468611
0.968469805284359
1
1
1
1
0.959085595967474
1
0.995787744439335
1
1
1
1
1
1
1
1
0.94586481714647
1
1
1
0.989919149318864
1
1
1
1
1
1
1
0.974617213252496
1
1
1
1
0.982424138145723
1
1
1
1
1
1
1
1
0.999188262026394
0.987630542535344
1
0.959180753108134
1
1
1
0.988412292094038
1
1
1
1
0.991166673441893
1
1
0.97452494452477
0.967523980094247
1
1
0.997097365937859
0.998103312710942
1
1
1
0.988265084833109
1
1
0.735118233687054
1
1
1
1
1
1
1
0.998028046727303
1
1
1
1
1
1
0.992612729194507
1
1
0.998010330309719
0.974617213252496
1
1
1
0.877456379163371
0.960650807669558
1
1
1
1
1
1
1
0.999775543284145
1
1
1
1
0.990414065949581
1
1
1
1
0.994020744772451
1
1
0.999513954318273
1
0.944520498734935
0.993867659519172
1
0.990805194222422
1
1
0.992769649807747
1
1
1
1
1
0.988457434684453
1
1
0.993862170606542
1
1
1
1
0.995725612700802
1
1
1
1
1
1
0.983783716654222
0.982365792002484
1
0.998523670473308
1
1
0.998476655650559
1
1
1
1
1
1
0.988567115059769
1
1
1
1
0.98103139374672
0.984115352882829
1
1
0.99811624420747
1
0.995529731737826
1
1
1
1
1
1
1
0.966369457010478
1
1
1
1
0.948434334585705
1
1
1
0.91310938786344
1
1
1
1
0.902976327223914
1
1
0.956814267836831
0.979842307896803
0.981370691653214
1
1
1
0.979442528608751
1
0.763791611018283
0.991702529481311
1
1
1
1
0.915470005146959
1
1
0.984115352882829
1
0.974383459393028
1
1
1
1
1
0.998028046727303
1
0.992692245346974
0.98103139374672
1
1
1
1
1
1
1
1
0.99180641944684
0.999475031394764
1
1
0.997215004965479
0.957756038565484
1
0.988439104508835
1
1
1
1
1
1
0.835767359444486
1
0.932484113459318
0.96338068692613
1
1
1
1
0.975637178335282
1
1
0.998201187552811
0.78956060667548
0.982424138145723
1
1
1
1
1
0.937399180715879
1
1
1
1
0.974992107507684
1
1
0.982064142270978
1
0.981659948208704
0.961930895781506
1
0.966575331844799
1
1
1
1
1
1
1
1
1
0.988239180374286
0.994732107311548
1
1
1
1
1
1
0.994825583082165
0.99811624420747
0.992716696467762
1
1
1
1
0.94539513470868
1
1
1
1
1
1
1
1
0.961639524195056
1
1
1
1
1
0.989439325657524
1
0.968884414412304
1
1
1
1
1
0.980484243514239
1
0.773279481631801
0.933182852915403
1
1
1
1
0.985116713508749
1
0.989919149318864
0.974933215929401
1
1
0.988778205177563
1
1
1
1
1
1
1
1
1
1
1
0.997755269678759
1
0.978870630460631
0.959533108889111
1
1
1
1
1
1
1
1
1
1
1
1
1
0.993862170606542
0.982424138145723
1
1
1
1
1
1
0.628973567779731
0.999267434680302
1
1
1
1
1
0.998909123143234
1
0.984930844609047
1
0.954777479069914
0.981749284802324
1
1
1
1
1
1
0.988265084833109
1
1
1
1
1
0.938394102857264
0.989601548922156
1
1
1
1
1
1
0.994825583082165
1
1
1
1
1
0.945326164147109
1
1
1
1
1
1
1
1
1
1
1
1
1
1
1
0.981635896728474
0.990298475026138
1
1
1
1
1
1
1
1
1
1
0.927301104877137
1
0.947832725630806
0.976482562790662
1
1
1
1
1
1
1
0.997097365937859
1
1
0.981635896728474
1
1
1
1
0.983928270534484
0.993862170606542
1
1
1
1
1
1
0.980593750445561
1
1
0.970558923630717
1
0.975718966956608
1
1
1
0.989054773424059
1
1
1
1
1
1
1
1
0.987630542535344
1
1
0.654504110103862
1
0.972479589259378
1
1
1
1
1
1
1
1
1
1
1
1
1
1
1
1
0.835130864735355
1
1
1
0.996325863903985
1
1
1
1
0.944520498734935
1
1
1
0.959533108889111
1
0.931807070452109
1
1
0.981466843722695
1
1
0.998523670473308
0.982474587887097
1
0.909893668500744
1
0.997027139919126
1
1
1
0.997604904006875
1
0.976122443452309
1
1
1
1
1
1
0.968869091818383
0.961230856639449
1
1
1
1
0.990532290852186
1
1
1
1
1
0.994732107311548
1
1
0.726554767400771
1
0.966826863269168
1
1
1
1
1
1
1
0.995148355012019
1
1
1
1
1
1
1
1
1
1
1
1
1
1
0.989420410944714
1
1
1
1
0.875331515031141
1
1
1
1
1
0.974718057394743
0.99664054242738
1
1
0.710572729982631
0.944472335329396
1
0.995529731737826
1
1
1
1
1
0.985944708804756
1
1
1
1
1
1
1
1
1
1
1
1
1
1
1
0.999513954318273
0.919827943493794
1
0.660172941130844
1
1
0.979182726080098
0.983975752755743
1
1
0.944047460313084
1
1
0.969209857789253
0.944401042860337
1
1
1
1
0.994753273454956
1
1
1
1
0.987456734172807
1
0.982236105983843
1
1
1
1
1
1
1
1
1
0.989601548922156
0.966369457010478
0.969818851025417
1
0.988210010843551
1
1
1
1
0.975649336720202
1
0.92121630416785
1
1
1
1
1
1
1
1
1
0.906304554754771
0.994727401852071
1
1
1
1
1
1
0.872072123389598
1
1
1
1
1
1
1
1
0.993892349549237
1
0.998701849501925
1
1
0.995338178370933
1
0.988457434684453
1
1
1
0.998369454839773
1
1
1
1
1
1
0.995725612700802
1
1
1
1
1
0.990036440806241
0.994963250337592
1
1
1
0.982474587887097
1
0.96322684331359
1
1
1
1
0.988239180374286
1
1
1
1
1
1
1
0.930771231344223
1
1
1
1
1
0.9947984266127
1
1
1
0.929788855432372
1
1
1
0.994810784078095
1
1
1
1
1
1
1
1
1
1
1
0.981947896269314
0.981749284802324
0.78617349008425
1
1
1
1
0.981659948208704
0.974933215929401
1
1
0.966935996569759
0.983221280051604
1
1
1
1
1
0.994244427663471
1
1
1
0.96780109240364
1
0.987666334564291
1
1
0.997560870396164
1
1
1
1
1
1
0.769001058937426
1
1
1
1
1
1
1
1
1
0.993902816563802
1
1
0.94612701595154
0.999381094313149
1
0.981905217407399
1
1
0.976482562790662
0.847376975414478
1
1
1
1
1
1
1
1
1
0.99978660288271
1
1
1
1
1
1
1
1
1
0.993959432875737
0.687107493770589
1
1
1
0.859666724230236
1
0.82392997871
0.992936154730983
1
1
1
1
0.981370691653214
0.999865385998033
1
1
0.996147750107886
1
0.998006805508016
0.906934200250488
0.999380539905042
1
1
1
1
1
0.993902816563802
0.925341889549356
0.981635896728474
1
1
1
1
1
1
0.98324120146474
1
1
1
0.575519882512279
1
0.968469805284359
1
1
1
1
1
1
1
1
0.91296733700947
0.994833503616382
1
0.981947896269314
1
1
1
0.949778062529598
0.845129742870556
0.982109250048973
0.99806338072434
0.873027250693572
1
1
0.945770464666179
1
1
1
1
1
0.988312065325244
0.986010620371367
1
1
1
0.902976327223914
1
1
1
1
1
1
1
0.981012548653512
0.999388907905487
0.915086537666841
0.982179184352098
0.998180247571595
0.998369454839773
1
0.892503218499488
1
0.947832725630806
1
1
1
1
1
1
1
1
1
1
1
1
1
1
1
0.99995744584736
0.965819136428732
0.980752210788501
1
0.996325863903985
1
0.958319692521715
1
1
1
0.970558923630717
1
1
0.99811624420747
0.978898504632275
0.981012548653512
1
1
1
1
1
1
1
1
1
0.896892471794914
1
1
1
1
1
0.970558923630717
1
1
0.859034108157246
1
0.995185053878987
1
0.994138231220409
1
1
1
1
1
1
1
1
1
1
0.875685041309816
1
1
0.967356084358954
1
1
1
1
1
0.987666334564291
1
1
1
1
1
1
1
1
1
1
1
1
1
1
0.958437712317517
0.992802536476403
0.995529731737826
0.978423733077927
1
1
0.970627310521691
1
1
1
0.981067763834258
1
0.898825550752136
1
1
0.998592664374819
1
0.880469431416115
1
0.976122443452309
1
0.999501293938897
1
1
1
0.977526346965267
1
0.995450234054082
0.997097365937859
0.990805194222422
1
0.995258304198255
1
0.960650807669558
1
1
0.996147750107886
1
1
1
0.981749284802324
1
0.999406604691942
0.966575331844799
1
1
0.969818851025417
1
1
0.981701822182365
0.966369457010478
1
0.988439723126404
1
1
1
1
1
1
0.982418421488998
1
0.997560870396164
1
1
1
1
1
0.974933215929401
1
1
1
1
1
1
0.99664054242738
1
1
0.956571069502576
1
0.944122205063828
0.993892349549237
1
1
0.981947896269314
1
0.961930895781506
0.981659948208704
1
1
1
0.970473697578648
1
1
0.9947984266127
1
1
0.999390363772419
1
1
1
1
0.681614355634288
1
1
1
1
1
0.985057604677433
1
1
1
0.958437712317517
1
1
0.993671520225835
1
1
1
1
1
1
1
0.878911093160472
1
1
1
1
1
0.957206047261923
1
1
1
1
0.999611326924448
1
0.953478555637339
1
1
0.979002035545527
0.982474587887097
1
1
0.912447696464121
1
1
0.966858489039688
0.99872563286612
1
1
1
1
0.977526346965267
0.988778205177563
1
0.978429078178441
1
1
1
0.989834509052418
1
1
0.697075199217201
0.983221280051604
1
1
0.992802536476403
1
1
1
1
1
1
1
0.946889374363386
1
1
1
1
1
1
0.998010330309719
1
1
1
0.981633111471091
1
1
1
1
0.988588370923773
1
1
1
1
1
1
1
1
0.979182726080098
1
0.964316189380127
1
1
1
1
0.933474626876833
0.998028046727303
0.994244427663471
1
1
1
1
0.988778205177563
1
1
1
1
1
1
0.982109250048973
0.996016306799391
1
1
1
1
1
1
0.97452494452477
1
0.988745786425834
1
0.966442624579199
0.99795807203496
0.984665014186959
0.833038850874214
1
1
1
1
1
1
1
1
1
1
1
1
1
0.99768958840123
1
1
0.912447696464121
1
1
1
0.982236105983843
1
1
1
1
0.968469805284359
1
1
1
1
0.987292586367866
1
1
1
1
0.991900961132266
1
1
1
1
0.980849158191606
1
1
1
1
0.86990136065948
1
1
1
1
1
1
1
0.979598947775504
0.964840778031582
1
1
1
0.975311275582262
1
1
1
0.967265755171801
1
0.988412292094038
1
1
1
0.996688251484483
1
1
1
1
1
1
1
0.991900961132266
1
1
1
1
1
1
1
1
1
1
1
1
1
0.998006805508016
0.908061180836098
1
1
1
0.951616605351097
1
1
1
0.975311275582262
1
1
1
0.990036440806241
1
1
1
1
1
1
1
1
0.952210587738752
0.979560246160791
1
1
1
1
1
1
0.964754376483691
1
0.983221280051604
1
1
0.953478555637339
1
1
1
0.984056461114859
0.976967804693162
0.812511580814141
0.997915232197991
1
1
1
1
0.992131297946515
1
0.966413124630579
1
1
1
1
1
1
1
1
1
1
0.969669034684357
1
1
1
0.993639788400933
1
1
1
0.999213476588651
1
1
1
1
1
1
1
1
1
1
1
0.837086501426278
0.999775543284145
1
1
0.951295865279108
0.993862170606542
0.998701849501925
1
1
1
0.963027279109479
1
0.944401042860337
1
1
0.949778062529598
1
0.959085595967474
1
1
0.969286191809638
1
1
1
1
1
1
1
1
1
1
1
1
1
1
1
1
1
0.978409385303655
1
1
1
1
1
1
1
1
0.994948648978549
1
1
1
1
1
1
0.848796716961586
1
1
0.5328595930768
1
1
0.464849974993979
1
1
1
0.966858489039688
1
1
1
1
0.994810784078095
1
0.995865096889085
1
1
1
1
1
0.982109250048973
1
1
1
0.976453423236477
1
1
0.992802536476403
0.988439723126404
1
0.998180247571595
0.967523980094247
1
0.994706948791444
1
0.987088177409631
0.996147750107886
0.932998377499092
1
0.946012390787564
1
1
1
1
1
1
1
1
1
1
1
0.998523670473308
1
1
1
0.985031929187846
1
1
1
1
0.988733535430661
1
1
1
1
1
1
1
1
1
1
1
1
1
1
1
0.999434448282962
1
1
1
1
1
1
1
1
1
1
0.957206047261923
1
1
1
0.986118439252016
0.988745786425834
1
1
1
1
1
1
0.997560870396164
1
1
0.992850824549595
1
1
1
1
1
1
1
1
1
1
1
0.999267434680302
0.980035264155327
0.870009367172415
1
1
0.988239180374286
0.958571738738071
1
1
1
1
1
1
0.9948777451007
1
1
1
1
1
1
1
1
1
1
0.971853646325798
1
0.99795807203496
1
1
1
1
0.994863349110552
1
0.974561611692592
0.999380539905042
0.987553689887301
0.997027139919126
1
0.998103312710942
1
1
0.91310938786344
1
1
1
0.978870630460631
1
1
0.998741858956456
1
0.979490859360784
1
0.978409385303655
1
1
1
1
1
1
1
1
1
1
1
1
1
0.899997273408391
1
1
1
1
1
1
1
1
1
1
1
0.994043529526926
1
1
1
1
1
1
1
0.932998377499092
1
1
1
0.995055139335054
1
1
1
1
1
1
1
1
0.971193111712656
1
1
0.952719763543568
1
0.993892349549237
1
0.985457827966098
1
1
1
1
0.999513954318273
0.933182852915403
1
1
1
1
1
1
0.987666334564291
1
0.996016306799391
1
1
1
1
1
1
1
0.997633006243657
1
0.985989534110081
1
1
0.933127855993668
1
1
0.9578330168198
0.986252417042532
1
1
1
1
1
1
1
0.93905718643228
1
0.974383459393028
1
1
1
1
1
1
1
1
1
1
1
1
0.996016306799391
1
1
1
1
1
1
1
1
1
1
1
1
0.972479589259378
1
1
1
1
1
0.988284494254264
1
1
1
1
1
1
0.92377123772478
1
1
0.906934200250488
0.726162592207455
1
0.964840778031582
1
1
0.958165911146136
1
1
0.988412292094038
1
1
1
0.994948648978549
0.9859202839079
1
1
0.992802536476403
0.998103312710942
0.957630510336892
1
0.922333531699639
1
1
1
1
1
0.99795807203496
1
0.987262292864977
1
0.996325863903985
0.998103312710942
0.82859633616725
0.993813077215721
1
1
1
1
1
0.956814267836831
0.988439723126404
0.966442624579199
1
1
1
0.988556411891851
1
0.933597714050744
1
1
1
1
0.998369454839773
1
0.988265084833109
0.994037535827233
0.988588370923773
1
1
1
0.982064142270978
1
1
1
1
1
1
1
1
1
1
0.7766812682021
1
1
1
1
0.970272899322936
1
1
1
1
0.999775543284145
1
1
0.993899984456091
1
1
1
1
1
0.957744462603401
1
1
1
1
1
1
1
1
1
1
1
1
0.994395926542183
1
1
1
1
1
1
1
1
0.987099712885353
1
1
0.994825583082165
1
1
1
1
1
0.975637178335282
1
1
1
1
1
1
1
1
1
0.986745554886311
1
1
1
1
1
1
0.988457434684453
1
0.845781955119837
1
0.997604904006875
1
1
1
1
1
1
0.988312065325244
1
1
0.99189328322661
1
0.988412292094038
0.994753273454956
1
0.981635896728474
0.956533105908236
0.791373245643416
1
1
1
1
0.966631597106496
1
1
1
1
1
0.989353347780138
1
1
0.998701849501925
0.922201915790805
1
0.791538274771161
1
1
1
1
0.997027139919126
0.901087775864281
0.99795807203496
1
1
1
1
1
1
1
1
1
1
1
1
0.993639788400933
1
1
0.99823488206391
1
0.994284909012992
0.899997273408391
1
1
0.924852312284792
0.998108979992205
0.930324841109677
1
0.981947896269314
1
1
1
1
0.945082489250563
1
1
1
0.92987812852957
0.974561611692592
1
1
1
1
0.967892757234132
1
1
0.931807070452109
0.995550868605154
1
0.998909123143234
1
1
1
1
1
1
1
1
1
0.99139392247644
0.995341936845504
1
1
1
1
1
1
1
1
1
1
1
1
1
1
1
1
1
1
1
1
0.938561606423652
1
1
1
1
1
0.924480925313741
1
1
1
1
1
1
0.915614855539297
1
0.989054773424059
0.999406604691942
1
1
1
1
1
1
1
1
0.918617868861326
1
1
0.981701822182365
1
1
1
1
1
1
1
1
1
0.998523670473308
0.97452494452477
1
1
1
1
1
1
1
1
0.977462480745661
1
1
1
1
1
0.977464637173447
1
1
1
0.999501293938897
1
1
1
1
0.714320323563374
1
1
1
1
0.994037535827233
0.994244427663471
1
1
1
1
1
1
1
1
1
1
1
1
1
1
1
1
1
1
0.962707178406698
1
1
0.997633006243657
1
1
1
1
0.974933215929401
0.788123747937875
1
0.850385475774234
1
1
1
1
1
1
1
0.870009367172415
0.976482562790662
1
1
0.990815179919399
0.989420410944714
1
0.965008867117332
1
1
1
1
1
1
0.990438733105306
1
1
1
1
1
1
1
1
0.997915232197991
1
1
1
1
1
0.894568243306769
1
0.994720436300316
1
0.981749284802324
0.994963250337592
1
1
0.971455251400285
0.958571738738071
1
1
0.985205816603898
1
1
1
1
1
0.96145624306207
1
1
1
1
1
0.998283128526386
1
1
0.828103685569405
0.843978249935989
1
0.966631597106496
1
1
1
1
1
0.971174726422058
1
1
0.991166673441893
1
1
1
1
0.966369457010478
1
1
1
1
1
1
0.841783182456124
0.967523980094247
1
0.896241094265641
1
1
1
1
0.988239180374286
1
0.868230521850446
1
1
1
1
0.994507506607224
1
1
1
0.880469431416115
1
1
0.994963250337592
0.99811624420747
1
1
1
0.999419147929338
1
1
1
1
1
1
1
1
1
1
0.99139392247644
1
1
1
0.967265755171801
0.968469805284359
1
0.981357728254766
1
0.990298475026138
0.835767359444486
1
1
0.958571738738071
1
1
1
1
0.982424138145723
1
1
0.872244825190078
1
0.988594526349189
1
0.857181677227594
1
1
1
0.788123747937875
1
1
1
1
1
1
1
1
1
1
1
1
0.984433438605288
1
1
1
0.999151706660269
1
1
0.86942060693334
1
1
0.963027279109479
1
1
0.94586481714647
0.999437282003271
1
1
1
1
1
1
1
1
1
1
1
1
1
1
1
1
1
0.981659948208704
1
1
1
1
1
1
1
0.998231590148159
1
1
1
1
1
1
1
1
0.99783035970291
1
0.998374401594143
0.994732107311548
1
1
1
1
1
1
1
1
1
1
1
0.988431619208152
0.938394102857264
0.998906105280626
1
1
0.956846512503992
1
0.999408324635831
1
1
1
1
0.978778929403279
1
1
0.998180247571595
1
1
1
1
1
1
0.997097365937859
1
0.975401311091319
0.994120233242098
1
1
1
0.949778062529598
1
1
0.999267434680302
1
1
1
1
1
1
1
1
1
1
1
1
1
1
0.999396556385228
1
1
1
1
1
0.934990352052823
1
1
1
1
1
1
0.908061180836098
0.995185053878987
1
1
1
1
1
1
0.984046349794228
0.961230856639449
0.993025714456853
1
1
1
1
1
0.965008867117332
1
1
0.99139392247644
1
0.932672037110124
0.966442624579199
1
1
1
1
1
1
0.838359071486092
0.990532290852186
1
1
0.996698908922387
1
1
0.979182726080098
1
1
1
1
1
1
1
1
0.981905217407399
1
0.995185053878987
1
1
1
1
0.999398252295074
1
1
1
1
1
1
1
1
1
1
0.981012548653512
0.975649336720202
1
1
1
0.969596912127257
0.981357728254766
1
1
1
1
1
1
0.971095282855574
1
0.997097365937859
0.989601548922156
1
1
0.896938884196087
1
1
1
1
1
1
1
1
1
0.878911093160472
1
0.988745786425834
1
0.974992107507684
0.998741858956456
1
1
1
1
0.994980408427861
1
1
1
1
1
1
0.990532290852186
1
1
1
1
1
1
1
1
0.998374401594143
1
1
1
1
0.999636831668168
1
1
1
0.957206047261923
1
0.941069676052598
1
1
0.892503218499488
0.904654538699947
0.988778205177563
1
1
0.988239180374286
1
1
0.993945018751932
1
1
1
1
1
1
1
1
1
1
0.974617213252496
1
1
1
1
1
0.98649498373122
1
1
0.944520498734935
1
1
1
1
1
1
1
1
1
0.985031929187846
1
1
0.958437712317517
1
1
0.998906105280626
1
1
1
0.961930895781506
1
1
1
0.988170126297669
0.822476860447762
1
1
1
1
1
1
1
1
1
0.988439723126404
1
1
1
1
1
1
0.981659948208704
1
1
0.956814267836831
1
1
1
0.975718966956608
1
1
1
1
1
1
1
0.581965608936086
0.998079439254792
0.998079439254792
0.992769649807747
1
1
1
1
0.994825583082165
0.995450234054082
1
0.988331982735954
1
0.992692245346974
1
1
1
1
0.993892349549237
1
1
1
1
1
0.934990352052823
0.946889374363386
0.959766533793641
1
1
1
1
1
1
0.943478405371406
1
1
1
1
0.981067763834258
1
1
1
0.98649498373122
0.949596674671526
1
1
0.978423733077927
0.915470005146959
1
1
1
1
1
1
0.946889374363386
1
1
1
1
1
0.946889374363386
0.922394184152339
0.968869091818383
0.94586481714647
1
1
0.999475031394764
1
1
0.997111423331902
1
1
1
1
1
1
1
1
1
1
1
0.980245522635743
1
1
1
1
1
1
1
1
0.978515420595216
0.902419290598425
1
0.999408324635831
1
0.974561611692592
1
1
1
1
1
0.537482915677286
1
1
1
1
1
1
1
0.957888475423438
1
1
0.995341936845504
1
1
1
1
0.986118439252016
1
0.966986359669844
1
1
1
1
1
1
1
1
1
0.77040759826127
1
0.796154702693831
0.949865814427869
1
1
1
1
1
1
1
1
1
1
0.988457434684453
1
0.994810784078095
1
1
1
0.957746789630412
0.995258304198255
1
1
0.919101230075381
1
1
1
1
0.999381094313149
0.898901890390702
1
1
1
1
1
1
1
1
1
1
0.988210010843551
1
1
1
1
1
1
1
1
1
1
0.99995744584736
1
1
1
0.947156839764499
1
1
1
1
1
1
1
1
1
0.943648602940644
1
1
0.997190259587289
0.933474626876833
1
1
1
0.961930895781506
1
1
1
0.978423733077927
1
1
1
1
1
1
0.813213418788065
1
1
0.968958353737392
1
1
1
0.993813077215721
0.996016306799391
1
0.996016306799391
0.990532290852186
1
1
1
1
1
0.999434448282962
1
1
1
0.930788896775788
1
1
1
0.938776481238108
0.987191615417306
1
1
1
1
1
1
1
1
0.865012001996025
1
0.971455251400285
0.98021002557628
1
1
1
1
0.992850824549595
1
1
1
1
1
1
1
1
1
1
0.981676196038061
1
0.987891575349825
0.821319928375518
1
1
1
1
1
1
1
1
1
1
1
1
1
1
0.982418421488998
1
0.998909123143234
1
1
1
1
1
1
1
1
0.98486200661898
1
1
1
1
1
1
0.985239152899713
0.988286568445225
1
1
1
0.976453423236477
1
0.979490859360784
1
1
0.923531390240741
1
1
1
1
0.805698102224983
1
1
1
1
1
1
1
1
1
0.920521143281436
1
1
1
1
0.988331982735954
1
0.969209857789253
1
1
0.929938440286459
1
1
1
1
1
1
1
1
1
1
0.993945018751932
1
0.999437282003271
1
1
0.978423733077927
1
1
0.993959432875737
1
1
1
1
1
0.981947896269314
1
1
1
1
1
1
0.991593284460337
1
1
1
0.998741858956456
1
1
1
1
1
1
1
1
1
1
1
1
1
1
0.946444033655676
1
0.988588370923773
1
0.991702529481311
1
0.982474587887097
1
1
1
1
0.988556411891851
1
1
1
1
1
1
0.99605307197777
1
1
1
1
1
1
1
1
1
1
0.982129455965976
1
1
0.988966093104313
1
0.979037943862604
1
1
0.999381094313149
1
0.980484243514239
1
1
1
1
1
1
1
0.940218644335961
1
1
1
1
1
1
1
1
0.993554792122696
0.930788896775788
1
1
1
0.801869569575524
0.986252417042532
0.995338178370933
0.999267434680302
1
1
0.993862170606542
1
1
1
1
1
1
1
1
0.999437282003271
1
1
1
1
1
0.994706948791444
0.968469805284359
1
0.955025896983181
0.997257320069062
1
1
1
1
1
1
1
1
1
1
0.951295865279108
1
1
1
1
0.952719763543568
1
1
1
0.987173599260022
0.988254640754036
0.737838769448553
1
1
1
0.98992105073404
1
1
1
1
1
1
1
1
1
1
1
0.983002143395997
1
0.989054025587202
0.933474626876833
1
0.992692245346974
0.988312065325244
1
1
1
1
1
0.986118439252016
1
0.999058103902167
1
1
1
1
1
1
1
1
1
0.995364921617905
1
1
0.99223055108936
0.80423869788462
0.992593220793895
1
1
0.988312065325244
1
1
1
0.96150344667518
0.982365792002484
1
0.971174726422058
1
1
1
1
1
0.818515542434973
1
0.972756282861219
1
1
0.952930422348715
1
0.99806338072434
1
1
1
1
1
1
0.941069676052598
1
1
1
1
0.99385404526198
1
1
0.995057879125477
0.589730011320042
1
1
1
0.995752851740152
1
0.934088225687018
0.993862170606542
1
0.965411229297549
1
1
1
0.981905217407399
0.994395926542183
0.998010330309719
1
1
1
1
1
1
1
1
1
1
0.848796716961586
1
1
1
1
0.999380539905042
1
1
1
0.875331515031141
1
1
0.933474626876833
1
1
1
1
0.928108168050028
1
1
1
1
1
1
0.957744462603401
1
0.988778205177563
1
1
1
0.988966093104313
1
0.88083625042181
0.931797996842167
0.988439104508835
0.957746789630412
1
1
1
0.938394102857264
1
0.966826863269168
1
1
1
0.932718171654543
1
1
1
1
1
1
0.982792124129841
0.969209857789253
1
1
1
1
0.967265755171801
0.994732107311548
0.983584369723234
1
1
1
1
1
1
1
1
1
1
1
1
1
1
0.999058103902167
1
1
1
1
0.956741855610233
0.971455251400285
0.987191615417306
1
1
1
1
1
1
1
0.988733535430661
1
1
1
1
1
0.993813077215721
1
0.969286191809638
1
1
1
1
1
1
1
1
1
0.974718057394743
1
1
1
1
1
0.972479589259378
0.982792124129841
1
0.959085595967474
1
1
1
0.983975752755743
1
1
1
1
1
0.981905217407399
1
1
1
1
1
1
1
1
1
1
1
0.967265755171801
1
1
1
1
1
1
1
1
1
0.898901890390702
1
1
0.893000669578954
1
1
1
1
1
0.999475031394764
1
1
1
1
1
1
1
1
0.734945123635607
1
0.988210010843551
1
0.995450234054082
0.99806338072434
1
1
1
1
0.987191615417306
0.982236105983843
0.799358021529075
0.96780109240364
0.978917334556717
1
0.999775543284145
1
1
1
1
0.980752210788501
0.969141744656595
1
1
0.971174726422058
0.994863349110552
0.99605307197777
1
1
1
1
1
0.88386379642126
0.999406604691942
1
0.988312065325244
1
1
1
1
1
0.964840778031582
1
0.871533056507902
1
1
0.994395926542183
0.985031929187846
0.91263235350586
1
1
1
1
1
1
1
1
1
0.967892757234132
1
1
1
1
1
0.828952371688284
1
0.982236105983843
1
1
1
1
1
1
1
1
1
0.969998851598657
1
0.991117975143034
1
1
1
0.986252417042532
1
1
1
1
1
1
1
1
1
1
1
0.998369454839773
1
0.983985713636558
0.990532290852186
0.977464637173447
1
0.997567417469524
1
1
1
0.920521143281436
1
1
0.990815179919399
1
0.974718057394743
1
1
1
1
0.990036440806241
1
1
0.901344209531251
1
1
1
0.997111423331902
1
1
1
1
1
1
0.981905217407399
1
1
1
1
0.97670733066247
1
0.844942283527979
1
0.980729914469987
0.796283405895344
0.995450234054082
1
0.980245522635743
1
1
0.920318548047757
1
1
1
0.995787744439335
1
0.987111512720813
1
1
1
1
1
1
1
1
1
1
1
1
0.998879298572527
1
1
0.998201187552811
0.987891575349825
1
1
0.998283128526386
1
1
0.975209808265047
1
1
1
1
1
0.923719583410355
0.995148355012019
0.986169243375204
1
1
1
1
1
1
1
1
1
0.971193111712656
1
1
1
1
0.993405219634787
1
1
0.988265084833109
1
1
1
1
1
0.993025714456853
1
0.979842307896803
0.989834509052418
1
1
0.9948777451007
0.998103312710942
1
1
1
1
1
1
1
1
1
1
0.886837200423756
1
1
1
1
1
1
1
1
1
1
1
0.987456734172807
1
0.998201187552811
0.993902816563802
1
1
0.974383459393028
1
1
1
1
1
1
0.991900961132266
1
0.944122205063828
0.995529731737826
1
1
1
1
1
1
1
1
1
1
1
1
1
1
1
1
1
0.99768958840123
1
1
1
0.987553689887301
1
1
1
1
1
1
0.984665014186959
0.940206526368246
1
1
1
0.994797795455111
1
1
1
1
1
1
1
1
1
1
0.957206047261923
1
1
1
0.997755269678759
1
1
1
1
1
1
1
1
1
1
1
0.99795807203496
1
1
1
1
1
1
1
1
0.992394623415436
1
1
0.985031929187846
0.99783035970291
1
1
1
0.987891575349825
1
1
1
1
1
1
1
1
0.980013246231558
1
1
1
1
1
1
1
1
1
0.999151706660269
0.984046349794228
0.99980608082251
1
1
1
0.990815179919399
1
1
0.917912315772614
1
1
1
0.958165911146136
1
1
1
1
0.974992107507684
1
0.829582057193624
1
0.99635403030144
1
1
1
0.975242649743403
0.993902816563802
0.995185053878987
1
1
0.91296733700947
1
0.994395926542183
1
0.994980408427861
0.994948648978549
1
1
1
1
0.995338178370933
1
1
1
1
1
1
1
0.770363988523543
1
0.995185053878987
1
1
0.975601677714368
1
1
1
1
1
0.961729697291647
0.994762246669776
1
1
1
1
0.875685041309816
1
1
0.987111512720813
1
1
1
1
1
1
0.995338178370933
1
0.985944708804756
1
0.981905217407399
1
1
0.993707902816225
0.96150344667518
0.994753273454956
1
1
1
1
1
0.988265084833109
0.998701849501925
0.954777479069914
0.998547058281188
1
1
1
0.870701488622665
0.999267434680302
0.991702529481311
1
1
0.825617546755061
1
0.743182838930667
1
1
0.972861748399152
1
0.966986359669844
1
1
1
1
1
0.992394623415436
1
0.936056226944
1
0.99664054242738
0.719041174993553
1
0.998369454839773
1
1
1
1
1
1
1
0.933788362121425
0.981676196038061
1
1
1
0.992050352345511
0.91263235350586
1
1
1
1
0.988265084833109
1
1
1
1
0.986252417042532
0.983002143395997
1
1
0.981657463691327
1
0.982418421488998
1
1
1
1
1
1
1
1
0.948633648076523
1
1
1
0.990815179919399
1
1
1
0.994762246669776
1
0.991900961132266
1
0.982064142270978
1
1
1
0.981659948208704
1
0.995982671661763
0.981749284802324
1
0.931807070452109
1
0.969286191809638
1
1
1
1
1
1
0.990532290852186
0.999213476588651
1
0.994762246669776
1
0.981635896728474
1
0.91621986511275
1
1
0.998010330309719
1
1
0.922394184152339
0.991900961132266
1
1
1
1
1
0.994762246669776
1
0.970558923630717
1
1
1
1
1
0.612359431590971
1
0.995550868605154
1
1
1
1
1
1
0.997027139919126
1
1
0.989054773424059
1
1
0.991702529481311
1
1
0.956741855610233
0.997257320069062
0.957206047261923
1
0.960875066347513
1
1
1
1
0.967265755171801
0.974594795762417
1
1
1
1
1
1
1
1
1
1
1
1
1
1
1
1
1
1
0.971455251400285
0.999661068868544
1
0.993813077215721
1
1
1
0.984930844609047
1
1
1
1
1
1
0.988588370923773
1
1
1
1
0.967892757234132
1
0.993959432875737
0.773046347577371
1
0.989054773424059
0.938776481238108
0.994120233242098
1
1
0.968526539881161
1
1
1
1
1
1
1
1
1
1
1
1
1
1
0.999398252295074
1
1
1
1
1
1
1
1
1
0.982418421488998
1
1
1
1
0.995258304198255
1
1
1
0.569220345081495
1
1
1
1
1
1
1
1
1
1
1
1
1
0.992802536476403
1
1
0.966858489039688
0.960730894824304
1
1
0.995055139335054
1
1
1
1
1
1
1
1
1
1
1
1
1
1
1
1
1
1
1
1
1
1
1
1
1
1
1
0.987553689887301
0.863541053980997
1
1
1
1
0.846179487584136
1
0.998231590148159
1
1
0.997633006243657
0.998010330309719
1
0.91296733700947
1
1
1
1
1
1
1
1
1
0.99823488206391
1
1
0.994720436300316
1
1
1
1
1
1
1
0.994578853923692
1
1
0.949778062529598
1
0.996901901950489
1
1
1
0.993899984456091
1
1
0.97187398485023
1
1
1
1
1
1
1
1
1
1
1
0.981947896269314
0.982424138145723
1
1
1
1
1
1
1
1
1
1
1
0.892503218499488
1
1
1
1
0.914939776697784
1
0.998909123143234
1
0.975954567978503
1
1
1
1
1
0.791373245643416
1
1
0.967356084358954
0.956533105908236
1
1
1
1
0.871817265974549
1
1
0.999408324635831
0.947329142959718
1
1
1
1
1
1
1
1
1
0.993025714456853
1
1
1
1
1
1
1
1
1
1
1
1
1
1
0.932998377499092
0.995057879125477
1
1
1
1
1
1
1
1
0.946739559009081
1
1
1
1
1
1
1
1
1
1
0.934088225687018
0.999381094313149
0.988210010843551
1
1
1
0.998006805508016
1
1
1
1
1
1
1
1
1
0.993554792122696
1
1
0.966858489039688
1
0.96150344667518
1
1
1
0.993397096377441
1
1
1
0.999398252295074
0.999384645334868
1
1
1
1
1
1
1
1
0.563959541349809
0.993671520225835
1
1
1
1
0.642213262806626
1
1
1
1
1
0.981676196038061
1
1
1
1
1
0.994833503616382
1
1
0.985239152899713
1
0.994137262695118
1
1
0.972861748399152
1
1
0.991593284460337
1
1
1
0.726758154103897
0.99795807203496
1
0.99768958840123
0.984665014186959
1
0.970059851809034
1
1
0.823830364585881
1
1
1
0.993813077215721
1
1
0.937788049160469
1
1
1
1
1
0.947329142959718
0.963027279109479
1
0.966575331844799
0.993892349549237
1
1
1
1
1
0.991702529481311
1
1
1
1
1
0.975718966956608
1
1
1
1
1
1
1
1
1
1
1
1
0.883565071473607
1
1
1
1
1
1
1
1
1
1
0.988439723126404
1
1
1
1
0.975637178335282
1
0.974718057394743
1
1
0.97359859063522
1
1
1
0.973865941244345
1
1
0.980013246231558
1
1
1
1
0.999151706660269
1
1
0.982792124129841
1
1
1
1
1
0.991702529481311
0.992394623415436
1
1
1
1
1
0.902902595755405
1
1
1
1
0.985040173385637
1
1
1
0.994417721466097
1
1
1
1
1
1
1
1
1
0.995529731737826
1
1
1
1
1
1
1
1
1
1
1
0.995787744439335
1
0.976482562790662
1
1
0.994395926542183
0.983985713636558
1
1
1
0.995338178370933
1
1
1
0.981067763834258
1
1
1
1
1
0.994507506607224
1
0.981947896269314
1
0.981905217407399
1
0.966369457010478
0.892593672836537
1
1
1
1
0.985031929187846
1
1
1
1
1
1
0.990372287803807
0.957206047261923
0.999406604691942
1
1
1
1
0.944472335329396
0.987151601597728
1
0.996688251484483
0.944737177713231
1
1
1
0.965008867117332
0.957106286878029
1
1
0.993405219634787
1
1
1
1
1
0.999475031394764
1
1
1
0.959180753108134
1
1
0.79637330356601
1
0.957744462603401
1
1
1
1
0.99605307197777
1
0.916065271740133
1
1
1
1
0.957888475423438
1
1
1
0.996698908922387
0.958437712317517
1
0.980752210788501
1
1
1
1
1
0.999398252295074
0.994833503616382
1
1
1
0.923718852991861
1
1
1
1
0.923169325236996
0.994732107311548
1
1
1
1
1
1
0.981659948208704
0.981633111471091
1
1
0.999151706660269
1
1
1
0.986118439252016
1
0.999381094313149
1
1
1
1
1
1
1
1
1
1
0.984046349794228
0.998369454839773
0.930324841109677
0.964654585363806
1
1
0.999379719202447
1
1
0.959085595967474
1
1
1
1
1
1
1
1
1
1
1
0.994727401852071
1
1
0.997884484686603
1
0.888514166133375
1
1
1
0.941069676052598
1
1
0.995338178370933
1
0.996698908922387
0.994578853923692
1
0.999406604691942
1
1
0.975718966956608
1
1
1
1
1
0.907382507974761
1
0.932998377499092
1
1
1
1
1
1
1
0.873027250693572
1
1
1
1
1
1
1
1
1
1
1
1
0.985116713508749
1
1
0.948731191512759
1
1
1
1
1
0.967265755171801
1
0.995055139335054
1
1
0.999213476588651
1
1
1
1
0.973958925502387
1
1
1
1
0.912246225413024
1
0.913878146751031
1
0.66648555469074
0.966986359669844
1
0.931797996842167
0.988312065325244
1
1
1
1
0.945326164147109
0.974594795762417
0.991702529481311
1
1
1
1
0.945326164147109
1
1
1
1
1
1
1
1
1
1
1
1
0.994120233242098
1
1
1
1
1
1
1
1
1
1
1
1
0.988567115059769
1
0.999408324635831
1
1
1
1
1
1
1
1
0.992050352345511
1
1
1
1
0.990805194222422
1
0.930771231344223
1
1
1
1
1
1
0.966826863269168
1
1
1
1
0.95841972413011
1
0.956476910571702
1
1
1
1
1
1
1
0.869741501942114
1
1
0.918851018594278
1
1
0.969669034684357
0.944047460313084
1
0.958738024297422
1
0.989619213195012
0.871817265974549
1
0.989353347780138
1
1
1
1
1
1
1
1
1
1
1
1
0.984665014186959
1
0.979037943862604
1
0.988254640754036
1
0.966858489039688
1
0.956741855610233
1
1
1
0.988312065325244
1
1
1
0.984115352882829
1
1
1
0.99872563286612
1
1
0.984610051594247
0.994578853923692
1
1
1
1
1
1
0.99605307197777
1
0.991117975143034
0.994810784078095
0.966057948093383
1
1
0.998028046727303
0.99795807203496
0.984046349794228
0.995865096889085
1
1
1
1
0.947832725630806
1
1
0.805944707493916
1
0.89608852446006
0.981657463691327
1
1
1
1
1
0.881095929460289
1
1
1
1
0.988286568445225
1
1
1
1
1
1
0.957746789630412
1
1
1
1
0.999188262026394
1
1
0.963670107607578
1
1
1
1
1
0.978423733077927
1
1
0.994706948791444
1
1
0.977399219328454
0.994037535827233
1
1
0.9947984266127
1
1
0.975209808265047
1
0.912436340872478
1
1
1
1
1
0.989619213195012
0.931047437333402
1
1
1
1
1
0.976777227152482
1
1
1
1
0.933182852915403
1
1
1
1
1
1
1
1
0.939359316766933
1
0.994810784078095
1
0.988331982735954
1
0.970059851809034
1
1
1
0.995195222045503
0.986745554886311
1
1
1
1
1
0.971095282855574
1
1
1
1
1
1
0.987553689887301
1
1
0.721851058640652
1
1
1
1
1
1
1
1
1
1
1
0.976482562790662
1
1
0.999661068868544
1
1
0.807582315740416
1
1
1
1
0.975401311091319
1
1
1
1
1
1
1
1
0.971600964090878
1
0.725626756427376
1
1
1
1
1
1
0.99823488206391
1
0.868230521850446
1
1
1
1
1
1
1
1
1
1
1
0.99872563286612
1
1
1
1
1
0.986745554886311
0.983783716654222
1
1
1
1
1
0.98649498373122
1
1
1
1
0.96780109240364
1
0.998851656557903
1
0.960650807669558
1
1
1
1
1
1
1
0.989270745722698
1
1
1
0.933788362121425
1
1
1
1
1
1
1
1
0.970272899322936
0.934990352052823
0.959180753108134
0.972756282861219
0.994020744772451
0.96338068692613
1
0.999111551496979
1
0.538233501808933
1
1
1
1
0.999501293938897
1
0.837086501426278
1
1
1
0.942214811342623
1
1
1
1
1
1
1
1
0.778993409065382
1
0.992716696467762
0.645642662773351
0.976777227152482
1
1
0.934088225687018
0.988567115059769
0.927679816547786
0.948633648076523
1
1
1
1
1
1
0.998201187552811
1
1
1
0.970059851809034
1
1
1
1
1
1
0.878907149259995
1
1
1
0.966575331844799
1
0.984610051594247
0.991593284460337
1
1
1
0.987292586367866
0.975242649743403
0.930947450575637
1
1
1
0.884470421283319
0.997257320069062
1
1
1
1
1
0.966575331844799
0.998523670473308
1
0.96780109240364
1
1
1
1
1
1
0.992936154730983
1
0.997560870396164
1
1
1
1
1
1
1
1
0.931047437333402
0.966986359669844
1
1
1
1
1
0.999058103902167
1
1
1
0.993397096377441
1
0.746875153993755
1
1
0.932998377499092
1
0.978409385303655
0.987456734172807
1
1
0.998128066563542
1
1
1
1
1
1
1
0.966631597106496
1
0.991593284460337
1
0.991117975143034
0.99139392247644
1
1
1
1
1
1
1
1
1
0.991593284460337
1
1
0.962707178406698
0.992936154730983
1
1
1
0.966413124630579
0.988778205177563
1
1
1
1
1
1
1
1
1
1
0.982129455965976
0.993945018751932
1
1
1
1
1
1
1
0.969385756044241
0.740551882008326
1
1
1
1
0.88386379642126
1
0.998741858956456
0.957746789630412
1
1
1
1
1
1
1
1
1
1
1
1
1
1
1
1
1
1
1
1
1
0.995450234054082
0.913714459684364
1
0.989353347780138
1
0.994948648978549
1
0.97359859063522
1
1
1
0.983985713636558
0.984610051594247
0.981701822182365
0.88083625042181
1
0.991702529481311
0.995055139335054
1
1
1
0.995341936845504
1
1
1
1
1
1
1
1
0.977526346965267
1
0.998103312710942
1
1
1
0.929938440286459
1
1
1
1
1
1
1
1
1
1
1
1
1
1
1
0.882846907898648
1
1
1
1
1
1
1
1
0.956814267836831
1
1
1
1
1
1
1
1
1
1
0.987666334564291
1
1
1
1
1
1
1
1
1
1
0.982179184352098
1
1
1
1
1
1
1
1
0.957206047261923
1
1
1
1
1
1
1
1
1
1
1
1
1
1
0.958165911146136
1
1
0.969669034684357
1
0.998180247571595
1
1
1
1
0.980013246231558
1
1
0.957744462603401
1
1
1
1
1
1
1
1
1
1
0.994507506607224
1
0.994948648978549
1
0.944472335329396
1
1
1
0.976482562790662
1
1
1
1
1
1
1
1
1
1
1
0.994810784078095
1
1
1
1
1
0.958738024297422
1
1
1
0.975649336720202
0.852469507855437
1
1
1
1
0.998103312710942
0.994810784078095
1
1
1
1
1
0.969975828546742
0.988745786425834
1
1
1
0.974617213252496
1
0.988982237173687
1
1
0.985436040970078
1
1
1
1
1
1
1
0.922333531699639
1
1
1
0.934088225687018
0.992593220793895
1
1
1
1
0.974594795762417
1
1
0.999636831668168
1
0.987173599260022
0.932905906838205
0.955680931651957
0.91621986511275
1
1
1
1
1
1
1
1
0.985944708804756
1
1
1
1
1
1
1
1
1
1
1
1
0.988431619208152
1
0.955025896983181
1
1
1
0.930788896775788
1
1
1
1
1
1
0.999058103902167
1
0.88083625042181
1
1
1
1
0.994762246669776
1
0.974718057394743
0.988412292094038
1
1
0.969385756044241
1
1
0.993945018751932
1
0.999452921901075
1
1
1
1
1
1
0.974594795762417
0.988439104508835
0.960875066347513
1
0.987191615417306
0.994417721466097
1
1
0.955353906879073
1
1
1
1
1
1
0.988265084833109
1
0.997111423331902
1
0.99872563286612
1
1
0.995550868605154
1
1
1
0.958571738738071
1
1
0.819812155471877
1
0.870009367172415
0.999390363772419
1
1
1
1
1
0.982236105983843
1
1
1
0.999501293938897
1
0.891596423324116
1
1
1
1
1
1
1
0.99872563286612
1
1
1
1
1
1
1
1
1
1
1
1
1
0.994762246669776
1
0.987630542535344
0.956814267836831
1
0.966413124630579
1
1
1
1
1
1
1
1
1
1
0.984785280640772
1
1
1
0.94755765227369
1
1
1
1
1
1
0.981635896728474
1
1
0.995055139335054
1
0.990805194222422
1
1
1
1
1
1
1
0.995550868605154
1
0.933474626876833
1
1
0.971853646325798
1
1
1
1
1
0.997633006243657
0.977399219328454
1
1
1
1
1
1
1
0.73183093054361
1
0.966858489039688
1
1
0.997884484686603
1
1
0.914939776697784
1
0.737838769448553
1
0.99783035970291
1
1
1
1
1
1
1
1
1
1
1
1
0.874891400573692
0.989971905250604
1
1
1
1
1
1
1
1
1
1
0.798955940211307
1
1
0.980593750445561
1
1
1
0.92377123772478
0.983783716654222
1
1
0.956476910571702
0.98021002557628
1
0.933597714050744
1
1
1
0.964840778031582
0.966442624579199
1
0.66514549907223
0.999398252295074
0.847770977028299
0.966575331844799
1
1
1
0.968958353737392
1
0.957756038565484
1
1
1
0.990715967868903
0.992131297946515
1
1
