x
1
1
1
1
1
1
1
1
1
1
0.90901848299033
1
1
0.973912076144155
1
1
1
1
1
1
1
1
1
1
1
1
0.837483455564104
1
1
1
0.94791079712785
0.975015730252167
0.980847980807658
0.956923793475791
0.988856403634724
1
1
1
1
0.937188534286162
1
0.981535373139336
0.99296496610527
1
1
1
1
0.630398421182057
1
1
0.988541573359156
0.848601711388061
1
0.974196037146711
0.995362026422772
1
0.989564529495707
0.974748220869644
1
1
1
0.979688015218829
1
0.891709559175588
1
0.879782324130412
1
0.966192208568908
1
1
1
0.948150296040618
0.936664794240947
1
1
1
1
1
1
0.96911850807544
1
1
1
0.990116997901877
1
1
1
1
1
1
1
0.999454487113508
1
0.986318047456104
1
1
1
1
0.95568278386202
1
1
1
1
1
1
1
0.948040205205238
1
1
1
1
0.985450728561837
1
1
1
1
1
1
0.906184346326964
1
1
1
1
0.990729102806159
1
1
0.520900354379345
0.955658582310122
1
0.945768331616526
1
1
1
1
1
1
0.993107058985953
1
1
1
1
0.999042316963299
1
1
0.859425978101327
1
1
0.925514897256611
1
1
1
1
1
1
1
1
1
1
1
1
1
1
1
1
1
1
1
0.887811749372207
1
1
1
0.965835643969775
1
1
1
0.969629377236585
1
1
1
1
1
0.971233881216461
0.992915597308194
1
1
1
1
1
1
1
1
0.904063287742261
1
0.965835643969775
0.960170557515009
1
0.97636728831116
1
0.945780722179042
1
0.963884253604719
1
1
0.975616587439612
0.987139914185645
1
1
1
1
1
1
1
1
1
1
1
1
0.946585225778202
1
1
0.897192517399478
1
1
1
0.999262947090888
1
0.996202783906941
1
1
1
1
1
1
1
1
1
0.94212501153831
1
0.905136022079509
1
1
0.998140409039758
1
1
1
1
0.930096413764495
1
1
1
1
1
0.999375097319791
1
1
1
1
1
1
1
0.822518103144319
1
1
1
1
1
0.964633118792625
1
1
1
1
0.999201139295796
1
0.987811529876814
0.986055176897335
1
1
1
0.94791079712785
1
1
1
1
1
1
1
0.990349797990096
1
0.925514897256611
1
0.926864442161071
1
1
0.996788252181056
1
0.992922128530525
1
1
1
1
1
1
1
1
1
1
1
1
1
1
1
1
1
1
1
1
1
1
1
0.996593527313081
1
0.981536873645409
0.917445953643675
1
1
1
1
1
1
1
1
1
1
1
1
1
1
1
1
1
1
1
1
1
1
1
0.990161067640587
1
1
1
0.985648888334398
1
1
1
1
1
1
1
1
1
1
1
1
1
0.985712614468409
0.894962285009745
1
1
0.958637004176832
1
1
1
0.940480851690885
0.988443738417628
1
1
1
1
1
1
1
0.810907578720677
1
1
1
1
1
1
1
1
1
0.913980199684515
1
0.985712614468409
1
1
1
1
1
1
1
1
0.941088245705553
1
1
1
0.493303004949954
0.998976903288308
1
0.968062910347193
1
1
0.921405709581322
1
1
1
0.974948779270432
0.999157905861824
1
1
1
1
1
1
1
1
1
1
0.944299161718971
1
1
1
0.994675622139056
1
1
0.930096413764495
0.962121983296572
1
0.987404739329587
1
0.986739956800773
1
1
1
1
0.999157905861824
1
1
1
1
0.938758231319452
1
1
0.983196102124754
1
1
1
1
1
1
1
1
1
1
0.948456795844783
1
0.881055459796687
0.963884253604719
1
1
1
1
1
1
0.984221846421237
1
1
1
1
0.999389538878306
1
1
0.997169571704414
1
1
1
1
1
0.909701250273292
1
0.964194516634092
1
1
1
0.997411511806769
0.981613750009554
1
1
1
1
0.870778870131732
1
0.982307121855523
1
1
1
1
1
0.958748612933013
0.98132821763802
1
0.887570417007768
0.990729102806159
1
0.822730751381671
1
1
1
1
1
1
1
1
1
1
0.979742789655646
1
1
1
1
1
1
1
1
1
1
0.788535396620719
1
1
1
1
1
1
1
0.985007266831039
1
1
0.973091142924859
1
1
0.89290992201347
1
1
1
1
1
1
1
1
1
1
0.965835643969775
0.96099400236392
1
1
1
1
0.989792146648525
1
1
1
1
1
1
1
1
1
0.67162812376273
1
1
1
1
1
1
1
1
1
0.986893626104577
1
1
1
0.902159229444437
0.911021855426751
1
1
1
1
1
1
0.904131063778599
0.951677026395258
1
1
1
1
1
0.944147894189927
1
1
1
1
1
1
1
1
1
1
1
1
0.995505373721903
1
1
1
1
0.887984206327601
1
1
1
0.953080547336678
1
1
0.909886709038512
1
1
1
1
1
0.986732905924436
1
1
1
1
0.998912171295727
0.996202783906941
1
1
1
1
0.989508127131986
1
1
1
1
1
1
1
0.985586642418614
1
0.881055459796687
0.987303976111365
1
1
1
1
1
1
1
1
1
1
1
1
1
1
0.788535396620719
0.998902290411841
1
1
0.988577728462876
1
1
0.989641831008867
1
1
1
1
1
1
1
1
1
1
1
1
1
0.914101083516522
1
1
1
1
0.982234085693614
1
0.978316360124656
1
1
0.995038740674849
0.911846600280163
1
1
1
1
1
1
1
0.995505373721903
1
1
1
1
1
1
1
0.99840309481681
1
0.984091127759652
0.939679553498871
0.822476532225964
0.992603170394206
1
0.99608379842999
1
1
1
0.99584530492554
1
1
1
1
1
1
0.993528975641512
1
1
1
0.991585980102731
0.981613750009554
0.887811749372207
1
1
1
0.998806875790258
0.99325680228883
1
1
0.937188534286162
1
1
1
1
1
0.893843088403165
0.987401323681516
1
0.991557888228145
1
0.990847180727009
1
1
1
1
0.997073332072164
0.956923793475791
0.99586973127686
0.998976903288308
1
1
1
1
1
1
0.999124214457343
1
1
1
1
1
1
0.988856403634724
1
1
1
1
1
0.990663198186541
1
1
1
0.989291979382958
1
1
1
1
0.991009988405517
1
0.926360312379269
1
1
0.982589275643915
1
1
1
1
1
1
1
1
1
1
0.999071227200394
1
1
1
1
1
1
0.90641723483047
1
1
1
1
1
1
1
0.982909498490386
1
1
1
1
1
0.981536873645409
1
0.999389538878306
0.994526980625967
0.993610331221025
1
1
1
1
1
0.766833323194638
1
1
1
1
0.964194516634092
1
1
1
1
1
1
1
1
1
1
1
1
1
1
1
1
1
1
1
1
1
0.88303374143039
1
0.995505373721903
1
1
1
1
1
1
1
0.898570474152433
1
1
1
1
1
0.988113577278804
1
1
1
1
1
1
0.945780722179042
1
1
1
1
1
1
0.998806875790258
1
1
1
1
1
1
0.735355700332241
1
1
1
1
1
1
1
1
1
0.932304427157971
0.871037389877543
1
0.997680940450289
1
1
1
0.995369909922302
1
1
1
1
0.974416896825515
1
1
1
1
1
1
1
1
1
1
1
0.894850208757522
1
1
1
1
0.950318622301518
1
0.9904039386648
1
1
1
0.969689093070859
1
1
1
1
1
1
1
1
1
1
1
1
0.928566902347462
0.902159229444437
1
1
1
1
1
1
1
1
0.986926908208012
1
1
1
1
1
1
0.955039610548594
1
1
0.988162432888531
1
1
1
1
1
1
1
1
1
1
0.929274380141785
1
1
0.925732099843107
1
1
1
0.836875946663419
0.918016303167296
1
0.989564529495707
1
1
1
1
1
0.989124078906669
0.99584530492554
1
1
1
1
1
0.945668599965516
1
0.978316360124656
1
1
0.969629377236585
1
1
1
1
1
0.94791079712785
1
1
1
1
1
1
1
1
1
1
1
0.94296655369939
1
0.90149108925556
1
0.999276988646942
1
1
1
0.989564529495707
1
1
0.985954186259271
1
0.950894661420625
1
1
1
1
1
1
0.920260204168937
1
1
1
1
1
1
1
0.998714988237104
1
1
0.818459751726764
1
1
1
1
1
1
0.820298748866899
0.973045969998737
1
1
1
1
1
1
1
0.999155669925502
1
1
0.955039610548594
1
1
1
1
1
1
1
1
1
1
1
1
1
0.950894661420625
0.911927366022651
1
1
1
1
1
1
1
1
1
1
1
1
1
1
1
0.979657266415552
1
0.936664794240947
1
1
1
1
1
1
1
1
1
0.96099400236392
1
1
1
1
0.967058729265037
1
1
1
1
1
0.952562830071418
1
0.992627481943222
1
1
1
1
1
1
0.982052228569332
1
1
1
1
1
1
1
1
1
1
0.949251420254879
0.986318047456104
1
1
1
1
1
1
1
1
1
1
0.945820345287096
1
1
1
1
1
1
1
0.989998070316752
1
1
1
1
1
1
1
1
1
1
0.802726974348932
1
1
1
1
1
0.945740290457578
1
1
1
1
1
1
1
1
0.994758590476136
1
1
1
0.974428813453541
0.90901848299033
0.851398974105308
1
1
1
0.965364900693592
1
0.995505373721903
1
1
1
1
1
0.995505373721903
1
0.979478483059998
1
1
1
1
1
0.927071276817983
1
1
0.97636728831116
1
1
1
1
0.985648888334398
1
1
1
1
1
1
1
1
1
1
1
1
1
1
1
1
1
1
1
1
1
1
1
1
1
1
1
1
1
0.78296894929541
1
0.879409489740995
0.842443123873946
1
1
1
1
1
1
1
1
1
1
1
1
1
0.934534009173266
1
1
1
1
0.999375097319791
1
1
1
0.993963207993782
1
1
0.999421456979136
1
1
1
0.988577728462876
1
1
1
1
1
1
1
1
1
0.86852766752044
1
1
1
1
0.993528975641512
1
0.997038051406359
1
1
1
1
0.9904039386648
1
1
1
0.999157905861824
1
1
0.910714940591956
0.961872329036057
1
1
0.974196037146711
1
0.932814686663585
1
1
1
0.974806056717722
1
1
1
1
1
0.975371365848329
1
0.993963207993782
0.992472006485193
1
1
1
1
1
0.848601711388061
1
1
0.944147894189927
1
1
1
1
1
0.986454881006335
1
1
1
1
1
1
1
1
1
1
1
0.998806875790258
1
1
1
1
1
1
1
0.982715865468994
0.938805270545678
1
1
1
0.988265382373406
1
1
1
1
1
1
1
1
0.982589275643915
1
1
1
1
0.927260406662266
1
1
1
1
0.988443738417628
1
1
0.978114831989187
0.925113941397572
1
1
1
1
1
1
1
1
1
1
1
1
1
1
1
1
1
0.978614511811305
1
1
1
1
1
1
1
0.978821235851307
1
0.955039610548594
0.999036110124912
0.998140409039758
0.997494558751722
1
1
1
1
1
1
1
1
1
0.978155905115428
0.994922809681498
1
1
0.992949469950919
1
0.97191409019377
1
1
0.953740157107562
1
1
1
1
1
1
1
1
1
1
1
0.934421141648012
1
1
1
0.984939557173922
1
0.966711239285204
1
1
1
1
1
1
1
1
0.939705997325671
1
1
1
0.901419631246648
0.94777833733808
1
1
1
1
1
0.810119341862393
1
1
0.932814686663585
1
1
0.999389538878306
1
1
1
1
1
1
0.999207775366367
0.994675622139056
1
1
1
1
1
1
1
1
1
1
0.909886709038512
1
1
1
1
0.974357606131233
1
0.913980199684515
1
0.967976103462801
0.891709559175588
1
1
1
1
1
1
1
1
1
1
0.911021855426751
1
0.979688015218829
1
1
1
1
1
1
0.974806056717722
1
1
1
1
1
1
1
0.953080547336678
1
1
1
1
1
1
0.999335018042891
1
0.997680940450289
1
1
1
1
1
1
1
0.990923507329269
1
0.89211935134575
1
1
0.984939557173922
1
1
1
0.95687233474779
0.865398851298026
1
1
0.897747574597201
0.999835910952135
1
1
1
0.999835910952135
1
1
1
1
1
1
1
1
1
1
1
1
1
1
0.829694700776904
1
1
1
1
1
1
0.914870705083006
0.992915597308194
1
1
1
1
1
1
0.996202783906941
0.944410904506367
0.838735542409519
1
1
1
0.993776821156315
1
0.934421141648012
1
1
1
1
1
1
1
1
1
1
1
0.998100808140881
0.97636728831116
1
1
0.991091039513057
1
0.997756548844927
1
1
1
1
0.855757188386745
1
1
0.967976103462801
1
1
1
1
1
1
1
1
1
0.993477355654953
1
1
1
1
0.981536873645409
1
0.962085836026417
1
1
1
1
0.992754169669526
0.996255940286201
1
1
1
0.96868350828125
1
1
0.938170545191527
0.958237916564196
1
1
0.999157905861824
1
1
1
1
1
1
1
1
1
1
1
1
1
1
1
1
1
1
1
1
1
1
1
1
1
0.981181709199996
1
1
0.988265382373406
1
1
1
1
1
1
1
1
1
1
1
1
1
1
1
1
1
1
1
0.986732905924436
1
1
1
1
1
1
1
1
1
1
1
1
1
1
1
0.885148269830916
1
1
1
1
1
0.861081570351202
1
1
1
1
1
1
0.986126458923493
1
1
1
0.989098557638383
0.995156289016463
1
1
1
0.947911786981793
1
1
1
1
1
1
0.997169571704414
1
1
1
1
1
1
0.999364205734204
1
1
1
1
1
0.999157905861824
1
1
1
1
0.999245763699413
0.887570417007768
1
0.999245763699413
1
1
0.973912076144155
1
1
1
1
1
1
1
1
1
1
1
1
1
0.995505373721903
1
0.986318047456104
1
1
1
1
0.990225274226951
0.950894661420625
1
1
1
1
1
0.992915597308194
1
1
1
0.951789327675629
1
0.856796675388671
0.719968519578939
1
1
1
1
1
1
1
1
0.993917209904632
0.929414309288963
1
0.999389538878306
1
0.94777833733808
0.969658456116092
1
1
0.995574636086017
1
1
1
1
1
1
1
0.996464510341608
1
1
1
1
0.987811529876814
0.93141003433509
0.925117796743316
1
1
0.991557888228145
1
1
1
1
1
0.95915290628839
1
0.999042316963299
0.921405709581322
1
0.700215255276379
0.992922128530525
1
1
1
1
1
1
1
0.945780722179042
0.86436181471752
1
1
0.997770627474817
0.910498063191507
1
1
1
1
0.97858034901689
0.984147283480232
1
1
1
1
1
1
0.930970228738406
1
1
0.990923507329269
1
1
1
1
1
1
1
1
0.989291979382958
0.993477355654953
1
1
0.974196037146711
1
0.990806418297811
0.908274804260466
1
1
1
1
1
1
1
1
1
1
1
1
1
1
0.977570790058645
1
1
1
1
1
1
1
1
1
1
1
0.945668599965516
1
0.97951361013074
1
0.996320170298237
1
1
1
1
1
1
0.983240088553757
1
1
1
1
1
0.989508127131986
0.985309551626828
1
1
1
1
1
1
1
1
1
1
0.93464517659209
0.996464510341608
0.994922809681498
1
1
1
1
1
1
1
0.919765904289046
1
0.982031089056778
1
1
0.90901848299033
1
0.992950357897086
1
0.972817400726025
1
1
1
1
0.937035963090737
1
0.97636728831116
1
0.936701590434918
0.961452133768003
0.991776819802458
1
1
0.999096399608254
1
1
1
0.993917209904632
1
1
1
1
1
1
1
1
0.929274380141785
1
0.960332286711793
1
1
1
1
1
1
1
1
1
1
1
1
1
1
0.954512040611419
0.999124214457343
1
1
1
1
1
1
0.954209158380632
1
0.97569405371519
1
1
1
1
0.999677411553464
1
1
1
1
1
1
1
0.999262947090888
0.991645547686368
1
1
1
1
1
1
1
1
1
1
1
1
0.964211645024134
1
1
1
1
1
1
1
1
1
1
1
1
1
1
1
1
1
0.998902290411841
1
1
1
1
1
1
1
1
1
1
1
0.993917209904632
1
1
1
0.926214675908722
1
1
1
1
1
1
0.967976103462801
1
1
0.913106616979918
1
1
1
1
0.919068870679744
1
1
1
1
1
1
1
1
1
1
1
1
0.978114831989187
0.949476387657992
0.984830952741401
1
1
0.946414849853444
0.911545363228316
1
1
1
1
1
1
0.939575666178517
0.981181709199996
1
0.915288409390303
1
1
1
1
1
1
1
1
1
1
1
1
1
1
1
1
1
1
1
0.950905136230438
1
1
1
1
1
1
1
0.997014377090241
1
1
0.827114365870867
1
1
1
0.975015730252167
1
1
1
1
1
0.998714988237104
0.94777833733808
1
1
1
1
0.834830943915398
1
1
1
0.998902290411841
1
1
0.94791079712785
1
0.978228888443193
1
1
0.92429831986672
0.99296496610527
1
1
1
1
1
1
1
1
0.999454487113508
1
1
1
0.919068870679744
1
1
1
1
1
0.887811749372207
1
1
1
1
0.916243094895491
1
1
1
1
1
1
1
1
1
0.998806875790258
0.999357506128292
1
0.978228888443193
1
0.988009526132137
1
0.991560601883411
1
1
1
1
1
1
1
1
1
1
1
1
1
1
1
1
1
1
1
1
1
0.995156289016463
1
0.894837599025204
0.90641723483047
1
1
0.989792146648525
1
1
1
1
1
0.998140409039758
1
1
0.986126458923493
0.94791079712785
1
1
1
1
1
1
1
1
1
1
1
1
1
1
1
1
1
0.847249871119239
1
0.969658456116092
1
1
0.967058729265037
1
1
1
0.885427447854251
1
1
1
0.936664794240947
1
1
1
1
1
1
1
1
0.965772968774453
1
1
1
1
1
1
1
1
1
0.960022949046089
1
1
1
0.998912171295727
1
1
0.964211645024134
1
1
1
1
1
1
1
1
0.999357506128292
0.999244189211157
0.893377068876486
1
0.823417141143085
1
1
1
1
1
0.986784444908113
0.979274553584366
1
0.988804741831647
1
1
0.986126458923493
1
1
1
1
0.999835910952135
1
1
1
0.999110451540398
1
1
1
1
1
1
1
0.97951361013074
1
1
1
1
1
1
1
1
1
1
1
1
0.999042316963299
1
0.911021855426751
1
0.981510420578199
0.981536873645409
1
1
1
1
1
0.84437128703454
1
1
1
1
1
1
1
1
0.999124214457343
1
0.978316360124656
1
1
0.986318047456104
1
1
0.998714988237104
1
0.986893626104577
1
1
0.994506501489251
1
1
1
1
0.977983811248989
0.998976903288308
1
1
1
1
1
1
1
1
0.916243094895491
1
1
1
0.991776819802458
1
1
1
1
1
1
1
1
1
1
1
1
1
1
1
0.999042316963299
1
1
1
1
1
1
0.998035618222361
1
0.993855454353727
1
1
1
1
1
1
1
1
1
1
1
1
1
1
0.988162432888531
1
1
1
1
1
1
0.977482777581223
1
1
1
0.995025542021448
1
1
1
1
1
1
1
1
1
1
1
1
1
0.996828472204514
0.994863279455471
0.973091142924859
0.926214675908722
1
1
0.93141003433509
1
1
0.999677411553464
0.936664794240947
1
1
1
1
1
1
0.992603170394206
0.923772018593421
0.676016106989804
1
1
1
1
1
1
1
0.939575666178517
1
0.995574636086017
1
1
1
1
1
1
0.987811529876814
1
1
1
0.884322301352648
0.999124214457343
1
1
1
0.993477355654953
1
1
1
1
1
0.991322801011763
1
1
1
1
1
0.989792146648525
1
1
1
1
1
1
1
1
1
1
0.985712614468409
0.982333527304864
1
1
1
1
1
1
1
0.98529256080228
1
0.871160499368736
1
1
1
1
1
0.998893556020637
0.986126458923493
1
1
0.927997404827929
1
0.90641723483047
0.98935196128159
0.999207775366367
1
1
1
1
1
1
1
1
0.950894661420625
0.923772018593421
0.90901848299033
1
1
1
1
1
1
1
1
1
1
0.937188534286162
1
1
1
1
1
0.894837599025204
1
1
1
1
1
1
1
1
1
1
1
1
0.902333164691888
1
0.918016303167296
1
0.950098046931521
1
1
1
1
1
1
1
1
1
1
0.945916292037088
0.97785147816098
1
1
1
1
1
1
1
1
1
0.894962285009745
1
1
1
0.886908602846045
1
1
1
1
0.995505373721903
1
1
1
1
1
1
1
1
0.904063287742261
0.985265487458517
1
1
1
1
0.994675622139056
1
1
1
1
1
1
1
1
0.92196874473101
0.94791079712785
1
1
0.93684583439624
1
0.690211650508786
1
1
1
0.994010392368178
0.961864404822803
0.999124214457343
1
1
1
1
1
1
1
1
1
1
0.992472006485193
1
1
1
1
0.999155669925502
1
1
1
1
1
0.984939557173922
1
0.974806056717722
1
1
1
1
0.988514690692955
1
1
0.996788252181056
1
0.930970228738406
1
0.96267979154913
1
0.967058729265037
1
1
1
1
0.981536873645409
1
1
1
1
1
1
1
1
1
1
1
1
1
1
1
0.992922128530525
0.871037389877543
0.973652381869698
1
1
1
1
1
0.942756557493262
1
1
0.890910819168194
1
1
1
1
1
0.990225274226951
0.985450728561837
1
1
1
1
1
1
0.991557888228145
1
1
1
1
1
1
0.891078252709234
0.993963207993782
1
1
1
1
1
1
1
1
0.995362026422772
1
1
1
1
1
0.999389538878306
1
1
1
0.994197242896207
1
1
1
1
1
0.967058729265037
0.998902290411841
1
1
1
0.95477949614879
0.965364900693592
1
1
0.99228791177297
1
1
1
1
0.648436807023095
1
1
0.858853774955201
1
1
0.85281422969996
1
1
1
1
1
1
1
0.965364900693592
1
0.985115902133966
0.997073332072164
1
1
1
1
1
1
1
0.991241541400679
0.988856403634724
1
1
1
1
1
1
1
1
1
1
1
1
1
1
1
1
1
1
0.998912171295727
0.961864404822803
1
0.987404739329587
1
1
1
1
1
1
1
1
0.998140409039758
1
1
0.992696568414607
0.899148024147139
0.964676579292569
1
1
1
1
1
1
0.960332286711793
1
0.907341735818313
1
1
1
1
0.945740290457578
1
1
1
0.926227185858
0.999375097319791
1
1
1
0.988577728462876
1
1
0.99272129926904
1
1
1
1
1
1
0.980062647955783
1
1
0.994863279455471
0.988265382373406
1
1
1
1
1
1
1
1
1
1
1
1
1
1
0.916939749866556
1
0.908385412263569
1
0.999124214457343
0.997756548844927
1
1
0.993917209904632
1
1
1
1
1
1
1
1
1
1
1
1
1
0.72531253773683
1
1
0.985265487458517
1
1
0.90149108925556
1
1
1
1
1
1
1
0.98786914245738
1
1
1
1
1
1
1
1
1
1
0.956377479344871
0.994922809681498
0.932304427157971
1
1
1
0.932207891283878
1
1
1
1
0.991091039513057
1
1
1
1
1
1
0.994675622139056
1
0.999036110124912
1
1
1
1
1
1
1
0.928566902347462
1
1
1
1
1
0.923716057699637
1
1
1
1
1
1
0.990349797990096
0.978159297011365
1
1
1
1
1
1
0.929274380141785
1
1
1
1
1
1
1
1
1
0.899408852561146
0.908380197134068
1
1
0.983196102124754
1
1
1
0.999042316963299
1
0.93530475732301
1
1
1
1
1
1
1
1
1
0.960022949046089
1
1
1
1
1
1
1
1
1
1
1
1
1
1
1
0.823417141143085
1
1
1
1
0.996785139095778
1
0.788079632457785
1
1
1
1
1
1
1
1
1
1
0.932814686663585
1
1
1
1
1
1
0.987139914185645
1
1
1
1
1
1
0.985712614468409
0.917786259291919
1
1
1
1
1
1
1
1
0.936151012129528
1
1
1
1
1
0.987811529876814
1
1
1
1
1
0.96911850807544
0.991853609580836
1
1
1
1
0.934421141648012
0.963817352006689
1
1
1
1
1
1
0.988996266195701
1
1
1
0.894962285009745
0.919068870679744
1
1
1
1
0.911545363228316
1
1
1
1
1
1
1
0.99272129926904
0.983104668266326
1
1
1
1
1
1
1
1
0.963002575378282
1
0.992922128530525
1
1
1
1
1
1
1
1
1
1
1
1
1
1
1
1
0.997770627474817
1
1
1
1
1
1
0.587623574911154
1
1
1
0.987842466269346
1
1
1
1
0.886908602846045
1
0.999042316963299
0.999972096588849
1
1
1
1
0.987948757583761
1
1
1
0.975427122745301
0.927695314623185
1
1
0.990225274226951
1
1
0.998035618222361
1
1
1
1
1
1
1
0.938758231319452
1
1
1
0.984939557173922
1
0.983240088553757
1
1
1
0.989134911099032
1
1
0.989291979382958
1
1
1
1
1
0.945187234345551
1
1
0.988113577278804
1
0.932977569406739
1
1
1
1
1
1
1
1
0.990161067640587
1
1
1
1
0.995038740674849
1
1
1
1
1
0.965835643969775
1
1
1
1
0.944147894189927
1
1
1
1
1
0.989641831008867
1
1
1
1
1
1
1
1
1
1
1
1
1
0.979019502317992
1
1
1
1
1
1
0.990729102806159
1
1
1
1
1
1
1
1
1
0.993623516815236
1
1
1
0.550799932777164
0.95037360299642
1
1
1
0.995505373721903
0.999375097319791
1
1
0.986382921976638
1
0.986055176897335
1
1
1
0.940373136115326
1
1
1
1
1
1
1
1
1
1
1
1
1
1
1
0.99630019918067
1
1
1
1
1
1
1
1
1
1
1
1
1
0.954209158380632
1
1
0.981998368671373
1
0.999155669925502
1
1
0.979688015218829
1
1
0.985007266831039
1
0.954012333328606
0.999450021021228
1
1
1
0.968088727866792
0.93800991546474
0.966192208568908
0.909422865422658
1
1
1
1
1
1
1
1
0.978500306996206
0.944345056395764
0.944838817874532
0.973579431643088
1
1
1
1
1
1
0.955039610548594
1
1
1
1
1
1
1
1
1
1
1
0.950894661420625
1
1
1
0.886699929054187
1
1
1
0.971250015376369
0.99134224298996
1
1
0.991557888228145
1
0.886699929054187
1
0.97636728831116
0.982307121855523
1
1
1
1
1
1
1
1
1
1
1
0.999972096588849
1
1
1
1
1
1
1
0.978316360124656
1
1
1
1
1
1
0.956405116995084
1
1
1
1
1
1
0.99296496610527
1
1
1
1
1
1
1
0.951617914664148
1
1
1
1
1
0.999244189211157
1
1
1
1
1
1
1
1
1
1
1
1
0.942756557493262
1
0.974299354740772
1
1
1
1
1
1
1
1
1
1
0.920237033766513
1
1
0.958237916564196
1
1
1
0.986732905924436
1
1
1
0.987525665072197
1
0.940596455232411
1
1
0.980062647955783
1
1
1
1
1
1
1
0.995369909922302
1
1
0.988443738417628
1
1
1
1
0.939705997325671
1
1
1
1
1
1
1
0.990624927612593
1
1
1
1
0.88303374143039
1
1
1
1
1
0.944299161718971
1
0.890910819168194
1
1
1
0.978058273297555
0.984091127759652
1
1
0.974196037146711
0.950318622301518
0.998902290411841
0.948150296040618
1
1
1
1
1
1
1
1
0.890910819168194
0.950871018285401
1
1
1
1
1
0.998714988237104
0.77506125902232
1
1
0.961864404822803
0.999042316963299
1
1
0.913106616979918
0.888817625214661
1
1
1
1
1
1
1
0.92982760263759
0.989641831008867
1
0.981578538312111
0.989418967162535
1
1
1
1
1
1
1
0.991230577845035
0.991645547686368
1
1
1
1
1
1
1
1
1
1
1
1
1
1
1
1
1
1
1
1
1
0.986318047456104
1
1
1
1
0.990199211458159
1
1
1
1
1
1
1
1
1
1
1
1
1
1
1
1
1
1
1
1
0.93141003433509
1
1
1
1
1
1
1
1
1
1
1
0.891709559175588
1
1
0.982589275643915
1
1
1
1
1
1
1
1
1
1
1
1
1
0.978114831989187
1
1
1
1
1
1
1
1
0.997756548844927
1
1
1
1
1
0.932814686663585
1
1
1
1
1
1
1
1
1
1
1
1
1
1
1
0.835992011778762
0.99630019918067
1
1
1
0.915035504488929
1
1
1
1
1
1
1
1
1
0.990663198186541
1
0.993107058985953
1
1
0.99265267701719
1
1
1
1
1
1
0.971250015376369
0.904475931488633
1
1
1
0.989214496939796
1
1
0.949461644135611
0.981613750009554
1
1
1
1
1
1
1
1
1
1
1
1
1
1
1
0.928243104706201
1
1
1
1
1
0.941084123945535
1
1
1
0.929180895437496
1
1
0.909701250273292
1
0.988514690692955
1
1
1
1
1
0.856796675388671
1
1
0.990624927612593
1
0.998976903288308
1
0.999389538878306
1
1
1
0.961452133768003
0.99296496610527
1
1
1
1
1
1
1
1
1
1
1
1
0.989508127131986
1
0.990199211458159
1
1
0.97636728831116
1
1
1
1
0.973091142924859
1
1
0.97191409019377
1
0.979288351297694
1
1
1
0.927695314623185
1
1
1
1
0.957073171321656
1
1
1
0.929274380141785
1
1
1
1
1
0.990349797990096
1
1
1
1
1
1
1
1
1
1
1
0.934022414457253
0.987511080451007
1
1
1
1
1
0.949228805361395
0.915463771458057
1
1
1
1
0.861081570351202
1
1
1
0.911021855426751
1
1
1
1
1
1
1
1
1
1
1
1
1
1
1
1
0.951789327675629
1
0.979274553584366
0.948674098565084
1
1
1
0.999357506128292
1
0.996785139095778
1
1
1
1
1
1
0.986318047456104
1
1
1
1
0.98681956157065
0.99964331897765
1
1
1
0.960332286711793
0.992603170394206
0.939575666178517
1
1
1
1
1
0.953080547336678
0.990324068742069
1
1
1
1
1
0.966969906446873
0.998035618222361
0.958237916564196
1
1
0.978058273297555
1
1
1
1
0.997756548844927
0.971233881216461
1
1
1
1
1
1
1
1
1
1
1
1
1
1
1
1
0.999454487113508
1
1
1
0.997411511806769
0.944410904506367
1
1
0.999459797330365
0.973579431643088
1
1
1
1
1
1
1
0.985309551626828
1
0.991853609580836
1
0.959284189470017
1
1
1
1
0.719636451577493
1
1
1
1
1
1
1
0.938170545191527
0.996785139095778
1
1
1
1
1
1
1
1
0.779922336195195
1
1
1
1
1
1
1
1
0.989546950308834
0.941088245705553
1
1
0.998967993030927
1
1
1
1
0.764303299306199
1
1
0.99325680228883
1
1
1
1
1
1
1
1
1
1
1
1
1
1
0.986055176897335
1
1
1
1
1
1
1
0.988009526132137
1
1
1
1
0.993623516815236
1
1
1
1
0.936002198213555
0.988541573359156
0.928566902347462
0.964101507125385
1
1
1
1
0.904063287742261
1
0.93777516408041
1
1
0.545214874238804
1
1
1
1
1
0.989214496939796
0.986893626104577
1
0.986318047456104
1
1
1
1
1
0.947151966847826
1
1
1
1
1
1
1
1
0.99533308348312
1
1
1
1
1
1
1
0.999244189211157
0.993976065449333
1
1
1
1
1
1
1
1
0.966969906446873
1
1
1
1
1
1
0.985381777973069
1
1
1
0.930414689681311
1
1
1
0.946585225778202
0.999438384636867
1
1
1
1
1
1
1
1
0.985954186259271
1
1
1
0.999201139295796
1
1
0.994922809681498
1
1
1
0.93800991546474
1
1
1
1
1
0.983196102124754
1
1
1
1
1
1
1
0.977419595373557
1
1
0.991585980102731
1
1
1
1
1
0.957073171321656
0.532616953954608
1
1
1
1
0.887811749372207
1
1
0.842005324465168
1
1
1
0.918933402717246
0.990059023434744
1
1
1
1
1
0.999459797330365
1
0.909988923031484
1
1
1
1
1
1
0.917445953643675
0.670514079945612
1
1
1
1
1
1
1
1
1
0.97191409019377
1
1
1
1
1
1
0.944345056395764
1
1
1
1
1
0.916243094895491
1
1
1
1
1
1
1
1
1
1
1
1
1
0.944345056395764
0.909701250273292
1
1
1
1
0.955674379831933
1
1
1
1
1
1
1
1
0.899148024147139
1
0.969629377236585
1
0.961872329036057
0.985261663147131
1
0.899408852561146
1
1
0.982307121855523
1
1
1
1
1
1
1
0.991557888228145
0.944345056395764
1
1
0.917971003147642
1
1
0.931400189570163
1
1
1
1
0.999110451540398
1
1
1
1
0.993373813897718
0.988514690692955
1
0.95426487982479
1
1
1
1
1
1
1
1
0.954413746514182
1
1
1
1
1
1
1
0.998912171295727
0.93141003433509
1
0.818459751726764
1
1
0.978316360124656
1
1
1
0.991009988405517
1
1
1
0.864473529962238
0.986382921976638
1
1
1
1
1
1
1
1
1
0.739941383795088
0.999071227200394
1
1
0.880764792654954
0.9904039386648
1
1
1
1
0.916873280082263
1
1
0.954776781222523
1
1
1
1
1
1
1
0.998976903288308
1
0.870778870131732
1
1
1
1
1
0.934421141648012
1
1
1
1
0.999212494783524
1
1
1
0.960170557515009
1
1
1
0.992603170394206
1
1
1
1
1
1
1
1
1
1
1
1
0.909449825922685
1
1
1
1
1
0.999124214457343
1
1
1
0.987948757583761
1
1
1
1
1
1
1
1
1
0.888817625214661
1
1
1
1
1
1
1
1
1
1
1
0.980844530279783
1
1
0.916122409518787
1
0.925514897256611
0.978316360124656
1
1
1
0.999421456979136
1
1
1
0.989641831008867
0.979688015218829
0.757289615714593
1
1
1
1
1
0.913980199684515
1
1
1
1
1
1
1
1
1
1
1
1
1
1
1
1
0.992505916763769
0.984279891021478
1
1
1
1
1
0.998806875790258
1
1
1
1
1
1
1
1
1
1
0.958697365048073
1
0.897747574597201
1
1
0.998714988237104
1
0.983240088553757
1
1
1
1
1
0.996320170298237
0.996229042717286
0.998714988237104
1
1
1
0.984946667533926
0.978821235851307
1
0.993528975641512
1
0.946335564238988
1
1
1
0.980847980807658
1
1
1
1
0.978753426360681
0.940899899404854
1
1
0.870778870131732
0.983420426790071
1
0.704642573464536
1
1
0.991091039513057
1
1
1
1
0.999262947090888
1
1
1
1
1
1
0.994526980625967
1
1
1
1
1
1
1
1
1
1
0.998976903288308
1
1
1
1
0.967976103462801
1
1
0.991776819802458
1
1
0.991009988405517
1
1
1
1
1
1
1
1
1
0.945084837962509
1
1
1
1
1
1
1
1
0.986739956800773
1
1
1
1
1
1
1
1
1
1
1
1
1
1
1
1
1
1
1
1
1
0.989508127131986
1
1
1
1
1
1
0.960830791117198
0.994922809681498
1
1
1
1
1
0.918016303167296
1
1
0.978228888443193
1
1
0.992472006485193
1
0.921691210922599
1
1
1
1
1
1
1
1
1
1
1
1
0.932267962678279
1
1
1
1
1
1
1
1
1
1
1
1
1
1
1
1
1
1
1
1
1
1
1
1
0.999245763699413
1
1
1
1
1
1
1
0.985115902133966
1
1
1
1
1
0.989508127131986
1
0.926214675908722
1
1
1
1
0.902092747607358
1
1
1
0.998714988237104
1
1
0.991449015504138
0.987948757583761
1
1
1
1
1
1
1
1
1
1
1
1
0.983238258459437
1
1
1
1
1
0.996828472204514
1
1
1
1
1
1
1
1
1
0.988265382373406
1
1
1
1
1
1
0.996785139095778
1
1
1
1
1
1
0.989998070316752
1
1
1
0.999244189211157
1
0.960517992905659
0.712660898751812
1
0.988577728462876
1
1
1
1
1
1
0.999124214457343
1
1
1
1
1
1
0.999244189211157
1
1
1
0.987846767418083
1
1
1
1
1
1
1
0.857787345856142
1
1
0.986318047456104
1
1
1
1
0.96099400236392
1
1
0.999124214457343
1
1
1
1
1
1
1
1
1
1
0.936405581072698
1
1
0.869262779536007
1
1
1
1
0.953080547336678
0.947113014075905
1
1
1
1
0.881806673678608
0.978228888443193
1
1
0.981998368671373
0.930970228738406
1
1
1
0.923772018593421
1
1
1
1
0.979478483059998
1
0.984091127759652
1
0.987811529876814
1
0.911143322082698
0.939705997325671
1
1
0.964676579292569
0.887811749372207
1
1
1
1
1
0.958237916564196
1
1
1
0.971233881216461
1
0.934534009173266
1
0.991230577845035
1
1
0.999042316963299
1
0.997411511806769
1
1
1
1
1
1
1
0.808140496010613
1
1
1
0.980380918780787
1
1
1
0.991686085567874
1
1
1
1
1
0.970060928692117
1
1
1
1
1
1
1
0.983196102124754
0.942706509731079
0.999036110124912
1
1
1
1
1
1
0.986318047456104
0.920522902387901
0.932207891283878
1
0.927749052199898
1
0.964676579292569
0.591032698643963
0.983420426790071
1
1
1
0.67729072969711
0.946682952854004
1
1
1
1
0.699578529997667
1
1
1
1
1
1
1
1
1
0.997961673732135
1
0.758417785977343
1
1
1
0.857899107071648
1
0.535439435040277
0.557281437805906
0.872529503846914
0.517452924085065
1
1
0.659456782153462
0.969629377236585
0.832179298057805
1
1
1
1
1
1
1
1
1
0.97191409019377
1
1
1
1
1
1
0.982031089056778
1
0.953080547336678
1
1
1
0.96911850807544
1
1
0.983196102124754
0.926214675908722
1
0.98786914245738
1
1
1
1
1
0.924580812582562
1
1
1
1
1
1
1
1
1
1
1
0.996464510341608
1
1
1
1
1
1
1
1
1
1
0.996785139095778
0.993107058985953
0.916452493028578
1
1
1
1
1
1
0.928243104706201
1
1
1
0.989803613196116
1
1
1
1
1
1
1
1
0.995087265740273
1
0.92321329217209
1
1
1
1
1
1
1
1
1
1
1
0.992505916763769
1
0.987139914185645
1
1
1
1
1
0.93464517659209
0.856437923386695
1
1
1
0.985309551626828
1
0.982333527304864
1
1
1
0.943976398930305
1
1
0.93684583439624
1
1
1
1
1
1
1
1
0.915663936946074
1
1
1
1
1
1
1
1
1
1
1
1
1
1
1
0.980062647955783
1
1
0.986318047456104
1
1
1
0.993107058985953
1
0.937188534286162
1
1
1
0.870778870131732
1
1
1
1
1
1
1
1
1
1
1
1
0.884322301352648
1
1
0.987139914185645
1
1
0.944980371832619
1
1
1
1
1
1
1
1
1
1
1
1
1
1
1
1
1
0.999212494783524
0.927260406662266
0.90641723483047
1
1
1
0.926214675908722
1
1
1
1
1
1
1
1
1
0.927292135619815
0.984091127759652
1
0.993963207993782
1
1
1
1
1
1
1
1
0.927695314623185
1
1
1
1
1
1
1
0.99325680228883
0.979422398313189
1
1
1
1
1
1
0.939705997325671
1
1
0.933319392158063
1
1
1
1
1
1
1
1
0.994758590476136
1
1
1
1
1
1
1
1
1
1
0.989564529495707
1
1
1
1
0.953604734138483
1
0.955055158975232
1
1
1
1
1
1
1
1
1
1
1
1
1
1
1
1
1
1
1
1
1
0.95687233474779
0.9833050484572
0.811073073971297
1
1
1
0.857787345856142
1
1
0.983240088553757
1
1
1
1
1
1
0.999835910952135
1
0.992915597308194
0.93777516408041
0.985309551626828
1
1
1
1
0.997871251228619
1
1
1
0.850664458158767
0.887995280233559
1
1
1
1
1
1
1
0.767187796519021
0.977983811248989
1
1
1
1
1
1
1
1
1
1
0.990729102806159
1
1
1
1
1
0.997038051406359
1
1
1
0.997411511806769
1
1
1
1
1
1
1
1
1
1
1
1
1
1
1
1
1
1
0.961452133768003
0.920260204168937
1
1
1
1
1
1
1
1
0.991230577845035
0.999036110124912
1
0.955055158975232
1
1
1
1
1
1
0.999207775366367
0.85079557726884
0.978228888443193
1
1
1
0.940367315083513
0.925732099843107
1
1
1
0.993528975641512
1
1
1
1
1
1
1
1
1
1
0.91531665395425
1
1
1
1
0.897445351269915
1
0.998140409039758
1
1
1
0.996202783906941
1
1
1
1
1
1
0.988443738417628
1
1
1
1
1
1
0.999201139295796
1
1
1
1
1
0.992922128530525
1
1
1
0.600531845663618
1
1
1
1
1
1
1
1
1
1
1
1
1
1
1
1
1
1
1
1
1
1
1
1
0.875053023361334
1
1
0.998806875790258
1
0.902092747607358
0.986318047456104
1
1
1
1
0.998100808140881
1
1
1
1
1
1
0.993776821156315
0.904063287742261
1
0.973239288852569
1
1
0.977460872686892
1
1
1
0.925113941397572
0.988856403634724
1
1
1
1
1
0.984939557173922
1
1
1
1
1
1
1
1
1
1
1
1
0.995038740674849
1
1
1
1
0.894962285009745
0.980062647955783
1
1
1
1
0.937188534286162
1
1
0.999733638991692
1
1
1
1
0.999681503244642
0.998902290411841
1
1
1
1
1
1
1
1
1
1
1
0.920604442425172
1
1
1
1
0.993528975641512
1
1
1
1
1
1
1
1
1
1
1
0.990204815714583
1
1
1
1
1
0.99608379842999
1
1
0.923772018593421
1
1
1
0.95687233474779
1
1
0.987749560634081
0.999972096588849
1
1
1
1
1
1
1
1
1
1
1
0.99608379842999
0.991776819802458
1
1
1
0.928243104706201
0.961452133768003
0.842443123873946
0.93141003433509
1
0.858853774955201
1
1
1
0.982307121855523
1
1
1
1
1
1
1
1
1
1
1
0.993293258507003
1
1
1
0.996785139095778
1
1
1
1
0.984091127759652
0.909701250273292
1
1
1
1
1
1
1
1
1
1
1
1
1
1
1
1
0.914870705083006
1
1
1
1
1
1
1
0.944322700946914
1
0.889588365975106
1
1
1
1
1
1
1
1
1
0.987289246980933
0.991009988405517
0.993528975641512
1
1
0.999454487113508
1
0.997680940450289
1
1
1
1
0.854037168699174
1
0.997169571704414
1
1
0.940678487699265
1
1
1
1
0.993855454353727
1
1
1
1
1
1
1
1
1
1
0.986732905924436
1
1
1
0.941088245705553
1
0.987139914185645
1
1
1
1
0.997411511806769
1
0.967976103462801
1
1
1
1
1
1
0.931700027399496
1
1
1
1
1
1
1
1
1
1
1
0.932977569406739
1
1
0.925732099843107
1
0.985586642418614
0.93777516408041
1
1
1
1
1
1
1
0.996202783906941
1
1
1
1
1
0.902815319452304
0.918933402717246
1
1
1
1
1
1
0.906184346326964
0.936335682239564
1
1
1
0.932304427157971
1
1
1
1
0.993950853024115
1
1
1
1
1
0.980298839556558
1
0.983196102124754
1
1
1
1
1
1
1
1
1
0.961864404822803
1
1
1
1
1
1
0.979688015218829
1
0.996593527313081
1
1
0.861081570351202
1
0.950497019290452
1
1
1
1
1
1
0.999276988646942
1
1
1
1
1
1
1
1
0.991585980102731
1
1
1
0.99296496610527
1
1
1
1
1
0.894837599025204
0.921405709581322
1
1
0.998321668137308
1
1
1
1
1
1
1
1
1
0.999157905861824
1
1
1
1
1
0.893843088403165
1
0.993477355654953
0.989124078906669
1
1
1
1
0.999733638991692
1
0.911977885260478
1
1
1
0.957862674971103
1
1
1
0.864688560728972
1
1
1
1
1
1
1
1
0.942756557493262
1
1
1
1
1
0.994197242896207
0.989291979382958
1
0.909701250273292
1
1
1
1
1
1
1
1
1
1
1
0.91619769742517
1
1
1
0.989792146648525
1
1
1
1
1
1
1
1
1
1
1
1
1
1
1
0.95568278386202
0.93141003433509
1
0.96110332019112
1
1
0.936747824842458
1
1
1
0.978228888443193
0.999110451540398
1
1
1
1
1
1
1
1
1
1
1
1
1
1
1
1
1
1
0.996828472204514
1
1
1
1
1
1
0.989725325103581
1
1
0.999459797330365
1
1
1
1
0.971250015376369
1
1
1
1
1
0.861081570351202
1
1
0.991322801011763
0.995505373721903
1
1
1
1
1
1
1
1
1
0.983196102124754
1
1
0.944703116556658
1
1
0.950098046931521
0.928243104706201
1
1
1
1
1
1
0.993150762037231
0.851221728505631
1
1
1
0.988265149886513
1
1
1
1
1
1
1
1
1
1
1
1
1
0.955055158975232
1
1
1
1
1
0.985712614468409
1
1
1
1
1
1
1
1
1
1
1
1
1
1
1
1
0.841241961388494
1
1
1
1
1
0.967058729265037
1
1
1
1
1
1
1
1
1
0.988095571421321
1
1
1
1
0.913980199684515
1
0.985712614468409
1
1
1
1
1
0.987525665072197
1
1
1
0.971233881216461
1
1
1
1
1
1
1
1
1
1
0.88303374143039
1
0.971233881216461
1
0.942756557493262
1
0.92000661193095
1
1
0.986318047456104
1
1
0.986454881006335
0.973912076144155
1
1
1
1
1
1
0.923716057699637
1
1
1
1
1
1
1
1
0.98786914245738
0.989564529495707
1
1
1
1
1
0.996464510341608
1
1
1
1
1
0.97636728831116
1
1
1
1
1
1
0.918933402717246
1
1
1
1
1
1
1
1
1
1
0.898885857407586
1
1
1
1
1
1
0.90149108925556
1
0.994675622139056
1
1
1
1
1
1
1
1
0.931700027399496
1
1
1
1
1
1
1
0.99325680228883
1
1
1
0.978753426360681
1
1
1
1
1
1
0.948551110038149
0.994506501489251
0.994384264549255
1
1
1
1
0.995547965023699
0.802362809835671
0.94777833733808
1
1
0.682010745630002
1
1
1
1
1
1
0.920957533880541
0.906184346326964
1
0.723192396777958
1
1
1
0.989134911099032
1
1
1
1
1
1
1
1
0.982715865468994
1
1
1
1
0.999124214457343
0.929274380141785
1
1
1
1
1
0.891325431678478
1
0.987811529876814
1
1
1
0.968088727866792
1
1
0.986732905924436
1
1
1
1
1
1
0.988265382373406
1
1
1
1
1
1
1
1
0.999276988646942
1
1
1
1
1
1
1
1
1
1
1
1
1
1
1
0.986318047456104
1
0.97636728831116
1
1
1
1
1
1
1
1
1
1
1
1
1
1
1
1
1
1
1
1
1
1
1
1
0.920604442425172
1
1
1
1
1
1
1
1
1
1
1
1
1
1
0.929414309288963
0.682942784848183
1
1
1
1
1
1
1
1
0.751366536674473
1
0.99533308348312
1
1
1
0.918016303167296
0.938487412223176
1
1
1
0.999244189211157
1
1
1
1
0.973912076144155
1
1
1
1
1
1
1
1
1
1
1
1
0.956923793475791
1
1
0.987948757583761
1
1
1
1
1
1
1
1
1
1
1
1
1
1
1
1
0.984147283480232
1
1
1
1
1
1
1
1
0.99533308348312
1
1
1
1
1
1
1
1
1
1
1
0.989214496939796
1
1
0.952652696104126
1
0.97636728831116
1
0.986926908208012
1
1
0.931400189570163
1
0.984279891021478
1
1
1
0.545934769884603
1
1
0.993855454353727
1
1
1
0.999245763699413
1
1
1
1
0.967976103462801
1
1
1
1
1
1
1
1
1
1
1
1
1
1
1
1
1
1
1
0.987139914185645
0.996788252181056
1
1
0.90641723483047
1
1
1
1
1
1
1
0.991853609580836
1
1
1
1
0.990663198186541
0.543570811323392
1
1
0.912114389795284
0.998434949193142
0.989564529495707
1
0.967976103462801
0.891325431678478
1
1
0.993757615561637
1
1
1
1
0.960170557515009
1
0.996926212712881
1
1
1
1
1
1
1
0.982031878531697
0.893377068876486
0.867293881980724
0.764455177828428
0.999207775366367
0.920237033766513
1
1
0.902815319452304
1
1
0.915663936946074
1
1
1
0.954776781222523
1
1
1
1
1
1
1
0.987846767418083
1
1
1
1
0.991585980102731
1
1
1
0.946335564238988
0.92233154621586
1
1
1
1
0.950497019290452
1
0.963979233215763
0.97779634855534
1
1
0.990349797990096
1
1
1
0.91531665395425
1
0.999124214457343
1
0.927695314623185
1
0.999042316963299
1
1
1
1
1
1
1
0.931958693619881
1
0.944410904506367
1
0.989564529495707
1
1
1
0.980298839556558
1
1
1
1
1
1
1
1
1
1
1
1
0.96099400236392
1
0.992754169669526
1
0.922666526077079
0.996202783906941
0.999262947090888
1
1
1
1
1
0.969689093070859
1
1
1
1
1
1
1
0.987846767418083
1
1
0.996405330322609
1
1
1
1
1
1
1
1
1
0.952402184851703
0.766833323194638
0.995574636086017
1
1
1
1
1
1
1
1
1
1
1
1
1
1
1
1
1
1
1
1
1
1
1
1
1
0.999157905861824
1
1
1
1
1
0.887591886994193
1
1
0.986318047456104
1
1
1
1
0.996464510341608
1
1
0.988265382373406
1
1
1
1
1
1
1
1
1
1
1
1
1
0.978316360124656
1
1
0.995505373721903
1
1
1
1
1
1
1
1
1
1
0.995505373721903
0.997411511806769
1
1
0.939705997325671
1
1
1
1
0.962121983296572
1
1
0.943976398930305
1
0.991091039513057
1
0.986732905924436
1
0.999155669925502
1
1
1
1
1
0.967976103462801
0.899700251917103
1
1
1
0.991729787694815
1
1
0.92982760263759
1
1
1
1
1
1
1
1
1
1
1
1
1
1
1
1
1
1
0.995038740674849
1
0.99296496610527
1
1
1
1
0.979688015218829
1
1
0.920237033766513
1
1
1
1
1
1
1
1
1
1
0.997680940450289
1
0.999207775366367
1
0.828322721479443
1
0.999155669925502
1
1
1
1
1
0.986732905924436
0.880285213274808
1
0.990059023434744
1
1
1
1
1
1
1
1
1
1
1
1
1
1
1
1
1
1
1
1
1
1
1
1
1
0.94777833733808
1
1
0.992009334099771
1
1
1
0.891709559175588
0.909701250273292
1
1
1
1
1
0.990161067640587
1
0.928243104706201
1
1
1
1
1
1
1
1
1
1
1
1
1
1
1
1
1
1
1
1
1
1
0.938170545191527
1
1
1
1
0.99840309481681
1
1
0.804126425764667
1
1
1
1
1
1
1
1
1
0.903513803217051
1
1
1
1
1
1
1
0.964757155108364
1
1
1
1
1
0.981613750009554
1
1
1
1
1
1
1
1
1
1
1
1
1
1
1
1
1
0.949476387657992
1
0.895326654373332
0.986926908208012
0.983240088553757
1
0.988265149886513
1
1
0.997680940450289
0.992915597308194
1
1
1
1
1
1
1
0.998976903288308
1
1
0.990624927612593
1
1
1
1
1
1
1
1
1
1
0.985712614468409
1
1
1
1
1
1
1
1
1
1
1
1
1
0.920260204168937
0.954209158380632
1
1
1
1
1
1
1
1
1
0.921405709581322
1
1
1
1
1
1
1
1
1
1
1
0.987618335529697
1
1
1
1
1
0.925419226170047
1
1
0.996785139095778
1
0.973579431643088
1
1
1
1
1
1
0.950318622301518
0.96953673609851
1
1
1
1
1
1
1
1
1
1
1
0.956405116995084
0.989134911099032
1
1
1
1
1
0.92983338621097
1
0.968065526784876
1
1
1
1
1
1
1
1
1
1
1
1
1
1
1
1
1
0.995505373721903
1
0.989098557638383
1
1
1
0.98681956157065
1
1
0.998912171295727
1
1
1
1
1
1
1
1
1
1
1
1
1
1
1
1
1
0.982307121855523
1
1
0.897445351269915
1
1
1
1
1
1
0.879409489740995
1
1
1
1
1
1
1
0.94777833733808
1
1
1
1
1
1
1
0.92429831986672
1
0.999155669925502
1
1
1
1
1
0.985586642418614
1
1
1
1
1
0.996202783906941
1
1
1
0.918016303167296
1
1
1
1
1
1
1
1
1
1
1
0.994922809681498
1
0.999357506128292
1
0.94777833733808
1
1
0.97951361013074
1
0.999459797330365
0.997770627474817
0.944249871755401
0.927071276817983
1
1
1
1
0.948150296040618
1
1
1
1
1
1
0.985309551626828
1
0.973579431643088
1
1
0.987511080451007
0.997680940450289
1
1
1
1
1
0.993012184168792
1
1
1
1
0.988514690692955
1
1
1
1
1
0.997038051406359
1
0.958748612933013
1
0.879409489740995
0.949633662445209
1
1
0.992846369476512
1
1
1
1
1
1
1
1
1
1
1
1
1
1
1
0.938327503925946
0.899700251917103
1
1
1
0.983420426790071
1
0.999389538878306
1
1
1
1
0.999244189211157
1
0.902092747607358
1
1
1
0.951617914664148
1
0.995369909922302
0.994758590476136
1
1
1
0.954209158380632
1
0.964757155108364
1
1
0.9410733949746
1
0.86436181471752
0.912914977640729
1
1
1
1
1
0.68807431538253
1
0.973091142924859
1
0.997362232054996
1
1
1
1
0.90901848299033
1
1
1
1
1
1
1
1
1
0.960022949046089
1
0.92429831986672
0.947911786981793
1
1
1
0.995156289016463
1
0.936044028154878
0.974428813453541
1
0.998976903288308
0.940480851690885
0.94212501153831
1
1
0.999155669925502
1
1
1
0.993528975641512
1
0.913980199684515
1
1
1
1
1
0.894325358217684
1
0.998912171295727
0.999036110124912
1
0.998912171295727
0.999454487113508
0.964101507125385
1
1
1
0.995658643063475
1
1
1
0.898554680207813
1
1
1
0.999335018042891
1
1
1
1
1
1
1
0.937035963090737
1
1
1
1
0.744556855976547
0.973579431643088
1
1
1
1
0.999972096588849
1
1
1
0.921405709581322
0.985115902133966
1
0.986126458923493
0.971233881216461
0.902092747607358
0.88092768932825
1
0.987618335529697
1
1
1
1
1
1
1
0.970073361054769
1
1
1
0.923772018593421
1
1
1
1
0.898570474152433
1
1
1
0.982307121855523
0.91381696654799
1
0.940596455232411
1
1
1
1
1
1
1
1
0.945780722179042
1
0.934022414457253
1
0.99265267701719
1
1
0.950497019290452
1
1
0.987241987231252
1
1
0.911846600280163
1
1
0.994384264549255
1
1
1
1
1
1
1
0.927260406662266
1
1
1
1
0.907341735818313
1
1
1
1
1
1
1
1
1
0.90149108925556
0.902412438064048
1
1
1
0.884556271234388
1
1
1
1
1
1
1
1
1
0.797256501450195
0.991449015504138
1
1
0.999244189211157
1
1
1
1
0.931958693619881
1
1
1
0.995547965023699
1
1
1
1
0.938758231319452
1
0.938327503925946
1
0.998806875790258
1
1
1
1
1
1
1
0.998434949193142
1
1
1
1
1
1
1
1
0.962475164171496
1
1
1
0.95687233474779
1
1
0.939705997325671
1
1
1
0.927260406662266
1
1
1
1
1
1
1
1
0.916452493028578
0.921405709581322
1
1
1
1
1
1
1
1
1
1
1
1
1
1
1
1
1
1
1
1
1
1
1
1
1
0.996926212712881
1
1
1
1
0.999450021021228
1
1
1
1
1
0.990847180727009
1
1
1
1
1
1
1
1
1
1
0.995658643063475
1
1
1
0.979422398313189
1
0.996202783906941
1
1
0.950901647452014
1
1
1
1
1
0.997680940450289
0.96911850807544
1
1
1
1
1
1
1
1
1
1
1
1
1
0.974428813453541
1
1
1
1
1
0.961781374876952
1
1
1
1
1
0.867924402218933
0.992472006485193
0.882319996922564
1
1
1
1
1
1
1
1
0.97390928084072
1
0.997411511806769
1
1
1
1
1
1
1
0.999459797330365
1
1
0.888817625214661
1
0.842170623699568
1
1
0.999042316963299
1
1
1
0.918933402717246
1
1
0.955039610548594
0.941088245705553
1
1
1
1
0.999459797330365
1
0.93141003433509
1
1
1
1
1
0.998806875790258
0.992009334099771
1
1
1
1
0.911846600280163
0.931011184316034
0.945740290457578
1
1
1
1
1
1
1
1
1
1
0.983104668266326
0.708144412184776
0.995470559835681
0.960022949046089
0.964101507125385
1
1
0.999124214457343
1
1
0.889588365975106
1
0.992505916763769
1
1
1
1
0.999071227200394
1
0.991449015504138
1
1
1
1
0.89211935134575
1
1
0.906184346326964
1
1
1
1
1
1
1
1
1
1
0.987846767418083
1
0.977482777581223
1
1
1
1
1
1
0.930644710432857
1
1
1
1
1
1
1
1
0.995156289016463
1
1
1
1
1
1
1
0.989508127131986
1
1
0.882235714049208
1
1
0.85281422969996
1
0.872017138156348
0.920237033766513
1
0.998902290411841
0.947911786981793
1
1
1
1
1
0.993150762037231
1
0.993012184168792
1
1
0.971056863681565
1
1
1
1
1
1
1
1
1
0.991612504415589
1
1
1
1
0.999375097319791
1
1
1
1
1
1
1
1
1
1
1
1
1
1
1
1
1
1
1
1
1
0.992009334099771
0.932304427157971
1
1
1
1
1
1
0.975427122745301
1
0.971332126351746
0.857017877986254
1
1
0.997411511806769
1
1
1
1
1
1
1
1
1
0.848601711388061
1
1
1
1
1
0.646746249243377
0.926864442161071
1
1
1
1
0.982052228569332
1
1
1
1
1
1
1
1
1
1
0.920260204168937
1
1
1
0.988443738417628
1
1
1
1
0.999364205734204
1
1
0.927260406662266
1
1
1
1
0.983196102124754
1
1
1
1
1
1
1
0.999276988646942
1
0.990199211458159
1
0.918933402717246
1
1
1
1
1
1
1
1
0.96099400236392
1
1
0.919604853983659
0.985261663147131
1
1
1
1
1
1
1
1
1
1
0.903827034454957
1
1
1
0.995156289016463
1
1
1
0.997770627474817
1
1
1
1
1
1
1
1
1
1
0.927260406662266
1
1
1
0.882319996922564
0.949476387657992
1
1
1
1
1
1
1
1
1
1
1
1
0.99265267701719
1
1
1
1
0.994758590476136
0.999972096588849
1
1
1
0.894962285009745
0.99296496610527
1
0.97779634855534
1
1
0.994863279455471
1
1
1
1
1
0.956923793475791
1
0.999245763699413
0.99533308348312
1
1
1
1
0.996255940286201
1
1
1
1
1
1
0.981536873645409
0.986893626104577
1
1
1
0.993107058985953
1
1
1
1
1
1
1
0.985115902133966
1
1
1
1
0.973912076144155
0.990624927612593
1
1
1
1
1
1
1
1
1
1
1
1
0.891709559175588
1
1
1
1
0.975427122745301
1
1
1
0.899700251917103
1
1
1
1
0.98132821763802
1
1
0.887811749372207
0.987749560634081
0.978349199438955
1
1
1
0.990161067640587
1
0.810907578720677
0.986318047456104
1
1
1
1
0.974748220869644
1
1
0.990624927612593
1
0.939575666178517
1
1
1
1
1
0.997770627474817
1
0.993373813897718
0.973912076144155
1
1
1
1
1
1
1
1
1
1
0.999244189211157
1
0.99608379842999
0.927997404827929
1
0.993610331221025
1
1
1
1
0.998902290411841
1
0.909878012842802
1
0.956377479344871
0.974428813453541
1
1
1
0.998434949193142
0.938758231319452
1
1
1
0.633052131728674
0.983196102124754
1
1
1
1
1
0.971056863681565
1
1
1
1
0.947911786981793
1
1
0.978114831989187
1
0.984221846421237
0.960022949046089
1
0.93777516408041
1
1
1
1
1
1
1
1
0.999262947090888
1
1
1
1
1
1
1
1
0.993150762037231
1
0.993096810873367
1
1
1
1
0.965066268928977
1
1
1
1
1
1
1
1
0.978420423440466
1
1
0.999124214457343
1
1
0.971233881216461
1
0.937093500258124
1
1
1
1
1
0.97191409019377
1
0.963884253604719
0.920513618541709
1
1
1
1
0.983420426790071
1
0.988443738417628
0.954209158380632
1
1
1
1
1
1
1
1
1
1
1
1
1
1
1
1
0.987846767418083
0.945668599965516
1
1
1
1
1
1
1
1
1
1
1
0.998806875790258
1
0.99533308348312
0.983196102124754
1
1
1
1
1
1
0.601437370375863
1
1
1
1
1
1
1
1
0.985648888334398
1
0.950318622301518
0.987811529876814
1
1
1
1
1
1
1
1
1
1
1
1
0.975036603964435
0.988804741831647
1
1
1
1
1
1
0.993150762037231
1
1
1
1
1
0.92429831986672
1
1
1
1
1
1
1
1
1
1
1
1
1
1
1
0.978228888443193
0.989792146648525
1
1
1
1
1
1
1
1
1
1
0.962121983296572
1
0.934534009173266
0.93530475732301
1
1
1
1
1
1
1
1
1
1
0.978228888443193
1
1
1
1
0.994536553212556
0.99533308348312
1
1
1
1
1
1
0.985265487458517
1
1
0.987303976111365
1
0.932304427157971
1
1
1
0.988009526132137
1
1
1
1
1
1
1
1
0.990199211458159
1
1
0.829694700776904
1
0.93800991546474
1
1
1
1
1
1
1
1
1
1
1
1
1
1
1
1
0.929180895437496
1
1
1
1
1
1
1
1
0.894962285009745
1
1
1
0.945668599965516
1
0.934022414457253
1
0.999389538878306
0.940899899404854
1
1
1
0.978058273297555
1
0.964101507125385
1
0.997411511806769
1
1
1
1
1
0.9914322829175
1
1
1
1
1
1
0.988996266195701
0.959284189470017
1
1
1
1
1
1
1
1
1
1
1
1
1
0.732949919597404
1
0.993776821156315
1
1
1
1
1
1
1
1
1
0.995894813207352
1
1
1
1
1
1
1
1
1
1
1
1
0.967058729265037
1
1
1
1
0.827114365870867
0.998140409039758
1
1
1
1
0.961872329036057
0.996593527313081
1
1
0.631547062256395
0.928566902347462
1
1
1
1
1
0.999245763699413
1
0.945780722179042
1
1
1
1
1
1
1
1
1
1
0.999071227200394
1
1
1
1
1
0.924580812582562
1
0.692869835884119
1
1
0.991853609580836
0.965835643969775
1
1
0.959747536533036
1
1
0.986303532393993
0.902815319452304
0.999375097319791
1
1
1
1
1
1
1
1
0.989508127131986
1
0.960332286711793
1
1
1
1
1
1
0.999357506128292
1
1
0.988804741831647
0.891709559175588
0.980380918780787
1
0.991230577845035
1
1
1
1
0.94777833733808
1
0.919796958326563
1
1
1
1
1
1
1
1
1
0.936701590434918
1
1
1
1
1
1
1
0.892174719015849
1
1
1
1
1
1
1
1
0.996405330322609
1
1
1
1
1
1
0.956923793475791
1
1
1
1
1
1
1
1
1
1
0.996255940286201
1
1
1
1
1
1
1
1
1
1
0.978058273297555
1
0.951600018693415
1
1
1
1
1
0.999733638991692
1
1
1
1
1
1
0.941088245705553
1
1
0.999071227200394
1
1
1
1
1
1
0.920604442425172
1
1
1
1
1
1
1
1
1
1
1
1
1
1
1
0.983240088553757
0.987811529876814
0.860430574739502
1
1
1
1
0.984221846421237
0.954209158380632
1
1
0.91550005228278
0.981181709199996
1
1
1
1
1
0.995741486925607
1
1
1
0.915288409390303
1
0.987139914185645
1
1
1
1
1
1
1
1
1
0.751366536674473
1
1
1
0.995362026422772
0.999042316963299
1
1
1
1
0.993969851274928
1
1
0.97785147816098
1
1
0.985309551626828
1
0.999155669925502
0.93530475732301
0.86852766752044
1
1
0.999262947090888
1
1
1
1
1
1
1
1
1
1
1
1
1
1
1
1
0.995038740674849
0.632898592689476
1
1
1
0.876974719690554
1
0.891758846881508
0.980062647955783
1
1
1
1
0.978349199438955
1
1
1
0.996788252181056
1
1
0.946335564238988
1
1
1
1
1
0.998976903288308
0.993969851274928
0.898885857407586
0.978228888443193
1
1
1
1
1
1
0.984939557173922
1
1
1
0.604903266278353
1
0.926864442161071
1
1
1
1
1
1
1
1
0.938487412223176
1
1
0.983240088553757
1
1
1
0.989511687711818
0.87566720638965
0.988577728462876
1
0.857787345856142
1
0.998714988237104
0.97494446111314
1
1
1
1
1
1
0.963817352006689
1
1
1
0.98132821763802
1
0.995894813207352
1
1
1
1
1
0.980298839556558
1
0.951318647557979
0.982031089056778
1
1
1
0.887570417007768
1
0.934534009173266
1
1
1
1
1
1
1
1
1
1
1
1
1
1
1
1
0.969475156318847
0.950497019290452
1
1
1
0.906184346326964
1
1
1
0.987303976111365
1
1
1
0.991241541400679
0.980298839556558
1
1
1
1
1
1
1
1
1
0.957041027798667
1
1
1
1
0.999071227200394
0.987303976111365
1
1
0.916533610185528
1
1
1
0.99228791177297
1
1
1
0.997756548844927
1
1
1
1
1
1
0.909449825922685
1
1
0.909701250273292
1
1
1
1
1
0.987139914185645
1
1
1
1
1
1
1
1
1
1
1
1
0.998140409039758
1
0.879409489740995
0.978316360124656
1
0.936664794240947
1
1
0.987401323681516
1
1
1
0.923772018593421
1
0.896715199479013
1
1
1
1
0.877418331644987
1
0.9914322829175
1
1
1
1
1
0.942756557493262
1
0.994197242896207
1
0.97779634855534
1
0.986926908208012
1
0.949476387657992
1
1
0.996788252181056
1
1
1
0.987811529876814
1
1
0.93777516408041
1
1
0.980380918780787
1
1
0.939705997325671
0.891709559175588
1
1
1
1
1
1
1
1
0.961452133768003
1
1
1
1
1
1
1
0.954209158380632
1
1
1
1
1
1
0.996593527313081
1
1
0.870778870131732
1
0.944789991313817
0.996405330322609
1
1
0.983240088553757
1
0.960022949046089
0.984221846421237
1
1
1
0.990324068742069
1
1
1
1
1
1
1
1
1
1
0.665560569277348
1
1
1
1
1
0.980567740506723
1
1
1
0.879409489740995
1
1
0.981613750009554
1
1
1
1
0.998806875790258
1
1
0.915663936946074
1
1
1
1
1
0.90641723483047
1
0.998893556020637
1
1
1
1
0.979742789655646
1
1
0.99325680228883
0.978058273297555
1
1
0.89290992201347
1
1
0.925514897256611
1
1
1
1
1
0.942756557493262
1
1
0.969658456116092
1
1
1
0.979018711785611
1
1
0.919765904289046
0.981181709199996
1
1
0.978316360124656
1
1
1
1
1
1
1
0.902092747607358
1
1
1
1
1
1
1
1
0.997756548844927
1
0.980399616042239
1
0.999201139295796
1
1
1
1
1
1
1
1
1
1
1
0.991853609580836
1
0.990059023434744
1
0.998714988237104
1
0.998714988237104
0.950293216539972
0.997770627474817
0.995741486925607
1
1
1
1
1
1
1
1
1
1
1
0.988577728462876
1
1
1
1
1
1
1
0.919604853983659
1
1
1
0.88303374143039
1
0.929274380141785
0.883086869270322
1
1
1
1
1
0.999096399608254
1
1
1
1
1
1
1
1
1
1
0.89290992201347
1
1
1
0.960332286711793
1
1
1
1
0.926864442161071
1
1
1
1
0.990225274226951
1
1
1
1
0.985712614468409
1
1
1
1
0.986739721487043
1
1
1
1
0.872017138156348
1
1
1
1
0.998806875790258
1
1
0.974196037146711
0.893843088403165
1
1
1
0.944249871755401
1
1
1
0.911021855426751
1
1
1
1
1
1
1
1
0.997070844419457
1
1
1
1
0.985712614468409
1
1
1
1
1
1
1
1
1
1
1
1
1
1
0.856796675388671
1
1
1
0.982909498490386
1
1
1
0.944249871755401
1
1
0.998140409039758
1
1
1
1
1
1
1
1
1
0.947461147380167
0.992505916763769
1
1
1
1
1
1
0.950068238601895
1
0.981181709199996
1
1
0.979742789655646
1
1
1
0.99116790024585
0.977570790058645
0.934893956212199
1
1
1
1
1
0.986739956800773
1
0.920237033766513
1
1
0.998967993030927
0.999459797330365
1
1
1
1
1
1
0.990349797990096
1
1
1
0.987525665072197
1
1
1
0.998100808140881
1
1
1
1
1
1
1
1
1
1
1
0.755112555584485
1
1
1
0.902159229444437
0.99533308348312
1
1
1
1
0.886908602846045
0.999201139295796
0.902815319452304
1
1
0.989511687711818
1
0.982052228569332
1
1
0.923716057699637
1
1
1
1
1
1
1
1
1
1
1
1
1
1
1
1
1
0.984946667533926
1
1
1
1
1
1
1
1
1
1
1
1
1
1
1
0.8618024838076
1
1
0.590232797740758
1
1
0.587604325313477
1
1
0.999357506128292
0.925514897256611
1
1
1
1
1
1
0.991776819802458
1
1
1
1
1
0.988577728462876
1
1
1
0.951617914664148
1
1
0.978316360124656
1
1
1
0.985261663147131
1
1
1
0.990806418297811
0.996788252181056
0.979019502317992
1
0.919068870679744
1
1
1
1
1
1
1
1
1
1
1
1
1
1
1
0.926214675908722
1
1
1
1
0.955039610548594
1
1
1
1
1
1
1
1
1
1
1
1
1
1
1
1
1
1
1
1
1
1
1
1
1
1
0.90641723483047
1
1
1
0.984091127759652
1
1
1
1
1
1
1
1
1
1
0.984830952741401
1
1
1
1
1
1
1
1
1
1
1
1
0.921405709581322
0.815240914936625
1
1
1
0.94791079712785
1
1
1
1
1
1
1
1
1
1
1
1
1
1
1
1
1
0.99134224298996
1
1
1
1
1
1
1
1
0.932814686663585
1
0.960170557515009
0.997411511806769
1
1
1
1
0.899700251917103
1
1
1
0.987846767418083
1
1
1
1
0.940678487699265
1
0.984946667533926
1
1
1
1
1
1
1
1
1
1
1
1
1
0.940910800663021
1
1
1
1
1
1
1
1
1
1
1
0.983429965258974
0.995505373721903
1
1
1
1
1
1
0.979019502317992
1
1
0.995362026422772
1
1
1
1
1
1
1
1
1
0.978753426360681
1
1
0.908274804260466
1
0.996405330322609
1
0.93141003433509
1
1
1
1
1
0.920513618541709
1
1
1
1
1
1
0.987139914185645
1
1
1
1
1
1
1
1
1
1
1
0.99238606557849
1
0.999454487113508
0.902011508182819
1
0.998976903288308
0.978159297011365
0.967976103462801
1
1
1
1
1
1
1
0.97390928084072
1
0.939575666178517
1
0.99964331897765
1
1
1
1
1
1
1
1
1
1
1
1
1
0.995678663739988
1
1
1
1
1
1
1
1
1
0.93800991546474
1
1
1
1
1
0.990204815714583
1
1
1
1
1
0.999201139295796
0.908412194678451
1
1
0.946335564238988
0.735130122194857
1
0.893843088403165
1
1
0.979657266415552
1
1
1
1
1
1
1
0.972925554437215
1
1
0.978316360124656
1
0.90149108925556
1
0.908380197134068
1
1
1
1
1
1
1
0.991449015504138
1
1
1
0.89511575478355
0.997169571704414
1
1
1
1
1
0.887811749372207
1
0.88303374143039
1
1
1
1
1
0.958637004176832
1
1
1
1
1
1
1
0.994675622139056
1
1
1
0.999042316963299
0.978114831989187
1
1
1
1
1
1
1
1
1
1
0.825505962899076
1
1
1
1
0.907341735818313
1
1
1
1
1
1
1
0.989546950308834
1
1
1
1
1
0.974806056717722
1
1
1
1
1
1
1
1
1
1
1
1
0.995547965023699
1
1
1
1
1
1
1
1
0.986126458923493
1
1
0.993150762037231
1
1
1
1
1
0.938758231319452
1
1
1
1
1
1
1
1
1
0.993976065449333
1
1
1
0.997756548844927
1
1
0.956923793475791
1
0.861081570351202
1
1
0.995362026422772
1
1
1
1
0.998902290411841
1
1
1
0.99367719504249
1
1
1
1
0.978228888443193
0.911631688772742
0.858968430271146
1
1
1
1
0.898570474152433
1
1
1
1
1
0.992846369476512
1
1
1
0.886498860875279
1
0.797256501450195
1
1
1
1
0.997411511806769
0.940373136115326
1
1
1
1
1
1
1
1
1
1
1
1
1
0.987525665072197
1
1
1
1
0.994506501489251
0.940910800663021
0.998140409039758
1
0.959442266053469
0.988856403634724
0.925732099843107
1
0.983240088553757
1
1
1
1
0.95915290628839
1
1
1
0.941837241202147
0.932814686663585
1
1
1
1
0.890910819168194
1
1
0.934022414457253
1
1
1
1
1
1
1
1
1
1
1
1
0.991009988405517
1
1
1
1
1
1
1
1
1
1
1
1
1
1
1
1
1
1
1
1
1
0.891078252709234
1
1
1
1
1
0.95426487982479
1
1
0.999157905861824
1
1
1
0.927357859732573
0.987289246980933
0.988009526132137
1
1
1
1
1
1
1
0.999207775366367
1
0.948040205205238
1
1
0.939705997325671
1
1
1
1
1
1
1
1
1
1
0.919604853983659
1
1
1
1
1
1
1
1
0.977460872686892
1
1
1
1
1
0.979274553584366
1
1
1
1
1
1
1
1
0.856365946590225
1
1
1
1
0.994675622139056
0.995741486925607
1
1
1
1
1
1
1
1
1
1
1
1
1
1
1
1
1
1
0.978614511811305
1
1
1
1
1
1
1
0.954209158380632
0.875053023361334
1
0.888817625214661
1
1
1
1
1
1
1
0.815240914936625
0.93530475732301
1
1
0.994922809681498
0.967058729265037
1
0.987511080451007
0.999335018042891
1
1
1
1
1
0.964211645024134
1
1
1
1
1
1
1
0.999042316963299
1
1
1
1
1
1
0.925419226170047
1
1
1
0.987811529876814
1
1
1
0.897747574597201
0.94791079712785
1
1
0.980847980807658
1
1
1
1
1
0.909886709038512
1
1
1
1
1
1
1
1
0.748017948720238
0.844791190289816
1
0.898570474152433
1
1
1
1
1
0.975030594463963
1
1
0.96099400236392
1
1
1
1
0.891709559175588
1
1
1
1
1
1
0.851221728505631
0.985261663147131
1
0.947365363120916
1
1
1
1
1
1
0.982031878531697
1
1
1
1
0.986382921976638
1
1
1
0.877418331644987
1
0.998902290411841
1
1
1
1
0.999357506128292
1
1
1
1
1
1
1
1
1
0.998912171295727
1
0.991009988405517
1
1
1
0.911021855426751
0.926864442161071
1
0.989725325103581
1
0.989792146648525
0.909878012842802
1
1
0.94791079712785
1
1
0.999212494783524
1
0.983196102124754
1
1
0.815190990464427
1
0.989214496939796
1
0.915035504488929
1
1
1
0.875053023361334
1
1
1
1
1
1
1
1
1
1
1
1
0.97951361013074
1
1
1
1
1
1
0.895326654373332
1
1
0.886908602846045
1
1
0.920260204168937
1
1
1
1
1
1
1
1
1
1
1
1
0.999733638991692
1
0.999124214457343
1
1
1
0.984221846421237
1
1
1
1
1
1
1
0.998213534363111
1
0.999244189211157
1
1
1
1
1
1
1
1
1
1
1
1
1
1
1
1
1
1
1
1
1
0.995239521241148
0.975036603964435
0.993963207993782
1
1
0.97569405371519
1
1
1
1
1
0.995156289016463
0.944147894189927
1
1
1
1
0.998035618222361
1
1
1
0.998976903288308
1
0.995362026422772
0.9904039386648
0.995025542021448
1
1
1
0.989511687711818
1
1
1
1
1
1
1
1
1
1
1
1
1
1
1
1
1
1
1
1
1
1
1
0.948150296040618
1
1
1
1
1
1
0.856796675388671
1
1
1
1
1
1
1
0.996828472204514
0.959284189470017
0.996785139095778
1
1
1
1
1
0.987511080451007
1
1
0.991009988405517
1
0.955674379831933
0.88303374143039
1
1
1
1
1
1
0.857017877986254
1
1
1
1
1
1
0.991853609580836
1
1
1
1
1
1
1
1
0.985309551626828
1
1
1
1
1
1
1
1
1
1
1
1
1
1
1
1
1
0.980298839556558
0.94777833733808
1
1
0.998893556020637
0.991557888228145
0.989725325103581
1
1
1
1
1
1
0.991719287527912
1
1
0.988804741831647
1
1
0.989418967162535
1
1
1
1
1
1
1
1
1
0.915663936946074
1
1
1
0.947911786981793
1
1
1
1
1
1
1
1
1
1
1
1
1
1
1
1
1
1
1
1
1
1
1
1
1
1
1
1
1
1
0.90641723483047
1
0.975616587439612
1
1
0.887570417007768
0.949461644135611
1
1
1
1
1
1
0.995658643063475
1
0.999244189211157
1
1
1
1
1
1
1
1
0.927260406662266
1
1
1
1
1
0.965364900693592
1
1
0.894962285009745
1
1
1
1
1
1
1
0.999459797330365
1
0.926214675908722
1
1
0.879409489740995
1
1
0.993963207993782
1
1
1
0.960022949046089
1
1
1
0.982234085693614
0.898536962090669
1
1
1
1
1
1
1
1
1
1
1
1
1
1
1
1
0.984221846421237
1
1
0.887811749372207
0.998806875790258
1
1
0.932304427157971
1
1
1
1
1
1
1
0.531996522020076
0.996229042717286
0.996229042717286
0.994863279455471
1
1
1
1
0.993150762037231
0.994197242896207
1
1
1
0.993373813897718
1
1
1
1
0.996405330322609
0.999071227200394
1
1
0.996464510341608
1
0.948150296040618
0.902092747607358
0.977983811248989
1
1
1
1
1
1
0.943976398930305
1
1
0.995505373721903
1
0.923772018593421
1
1
1
0.965364900693592
0.904475931488633
1
1
0.936664794240947
0.974748220869644
1
1
1
1
1
1
0.902092747607358
1
1
1
1
1
0.902092747607358
0.953604050715808
0.988996266195701
0.920260204168937
1
1
1
1
1
1
1
1
1
1
1
1
0.999212494783524
1
1
1
1
0.963433385811698
1
1
1
1
1
1
1
1
0.99272129926904
0.978500306996206
1
1
1
0.932814686663585
0.997680940450289
1
1
1
0.999245763699413
0.600531845663618
1
1
1
1
1
1
1
0.984279891021478
1
1
1
1
1
1
1
0.984091127759652
0.998035618222361
0.910935570909496
1
1
1
1
1
1
1
1
1
0.83091291556149
1
0.843452891649775
0.894837599025204
1
1
1
1
1
1
1
1
1
1
0.956923793475791
1
1
1
1
1
0.900039023212024
0.986926908208012
1
1
0.987668299766993
1
1
1
1
1
0.957483244310165
1
1
1
1
1
1
0.998714988237104
1
1
1
0.991230577845035
1
1
1
1
1
1
1
1
1
1
1
1
1
1
0.964490969293889
1
1
1
1
1
1
1
1
1
0.988095571421321
1
1
0.99586973127686
0.950293216539972
1
1
1
0.960022949046089
1
1
1
0.936664794240947
1
1
1
0.999276988646942
1
1
0.837299497462378
1
1
0.95037360299642
1
1
1
0.997169571704414
1
0.996464510341608
1
1
1
1
1
1
1
1
1
1
1
0.945740290457578
1
1
1
0.961864404822803
0.987310145567748
1
1
1
1
1
1
1
1
0.941394835189085
1
0.897747574597201
0.992009334099771
1
1
1
1
0.984830952741401
1
1
1
1
1
1
1
1
1
1
0.97636728831116
1
0.991612504415589
0.870890737161013
1
1
1
1
1
1
1
1
1
1
0.997756548844927
1
1
1
0.961452133768003
1
1
1
0.999262947090888
1
1
1
1
1
1
0.98993209942599
1
1
0.999244189211157
1
0.999207775366367
1
0.986544618461783
0.936365824225101
0.999071227200394
1
1
0.951617914664148
1
0.940678487699265
0.998806875790258
1
0.9499956420201
1
1
1
1
0.968140124651293
1
1
1
1
1
0.998714988237104
1
1
1
0.957862674971103
1
1
1
1
1
1
0.986303532393993
1
1
0.914101083516522
1
1
1
1
1
1
1
1
1
1
0.995658643063475
1
1
1
1
0.936664794240947
1
1
0.995038740674849
1
1
1
1
1
0.983240088553757
1
1
1
1
1
1
0.969629377236585
1
1
1
1
1
1
1
1
1
1
1
1
1
1
1
1
1
1
0.969689093070859
1
1
1
0.986318047456104
1
0.978058273297555
1
1
1
1
1
1
1
1
1
1
1
1
0.999459797330365
1
1
1
1
1
1
1
1
1
0.982307121855523
1
1
0.988514690692955
1
0.98867682285119
1
1
1
1
0.97191409019377
1
1
1
1
1
1
1
0.925117796743316
1
1
1
1
1
1
1
1
1
0.945740290457578
1
1
0.998714988237104
0.802726974348932
0.967976103462801
1
1
1
1
0.99533308348312
1
1
1
1
1
1
1
1
1
1
1
1
1
1
1
0.926864442161071
1
0.913980199684515
0.992915597308194
1
1
0.999454487113508
1
1
1
1
1
1
1
0.902159229444437
1
1
1
1
0.908274804260466
1
1
1
0.988113577278804
1
0.798372859186425
1
1
1
0.991322801011763
1
1
1
1
0.995362026422772
1
1
1
1
1
1
0.989335073459808
1
0.958237916564196
0.950293216539972
1
0.993373813897718
1
1
1
1
1
1
0.984091127759652
1
1
1
1
1
1
1
1
1
1
1
0.995293919543135
0.995156289016463
1
0.991560601883411
0.861204510301283
0.963002575378282
1
1
1
1
1
1
0.897445351269915
0.986893626104577
1
0.975030594463963
1
1
1
1
1
0.835992011778762
1
0.978155905115428
1
1
0.922476263486023
1
1
1
1
1
1
1
1
0.975616587439612
1
1
1
1
0.993528975641512
1
1
0.994319587827704
0.654470680623233
1
1
1
1
1
0.946737040431449
0.99533308348312
1
0.981510420578199
1
1
1
0.985309551626828
0.995547965023699
1
1
1
1
1
1
1
1
0.999364205734204
1
1
0.8618024838076
1
1
1
1
1
1
1
1
0.827114365870867
1
1
0.950293216539972
1
1
1
0.999207775366367
0.856507022972839
1
1
1
1
1
1
0.974806056717722
1
1
1
1
1
0.988514690692955
1
0.916809992585914
0.958748612933013
0.993610331221025
0.900039023212024
1
1
1
0.975036603964435
1
0.993776821156315
0.998893556020637
1
1
0.938170545191527
1
1
1
1
1
1
0.985586642418614
0.986303532393993
1
1
1
1
0.911021855426751
1
0.991729787694815
1
1
0.999201139295796
1
1
1
1
1
1
1
1
1
1
1
1
1
1
1
1
0.930970228738406
0.897747574597201
0.987310145567748
1
1
1
1
1
1
1
0.955039610548594
1
1
1
1
0.995362026422772
0.997169571704414
1
0.923716057699637
1
1
1
0.999335018042891
1
1
1
1
1
0.961872329036057
1
1
1
1
0.998434949193142
0.93800991546474
0.985586642418614
1
0.982052228569332
0.999357506128292
1
1
0.965835643969775
1
1
0.998912171295727
1
1
0.985309551626828
1
1
1
1
1
1
1
1
1
1
1
0.911021855426751
1
1
1
1
1
0.998976903288308
1
1
1
0.957483244310165
1
1
0.911846600280163
1
1
1
1
1
1
0.998912171295727
1
1
1
1
1
1
1
0.87752575052598
1
0.991230577845035
0.999733638991692
0.994197242896207
1
1
1
1
1
0.987310145567748
0.960332286711793
0.881806673678608
0.915288409390303
0.986784444908113
1
1
1
1
1
1
0.950497019290452
0.987404739329587
1
1
0.975030594463963
1
1
1
1
1
1
1
0.910498063191507
1
1
1
1
0.999276988646942
1
1
1
0.893843088403165
1
0.880217305768023
1
1
0.995547965023699
0.926214675908722
0.884322301352648
1
1
1
1
1
1
1
1
1
0.890910819168194
1
1
1
1
1
0.88778028251825
1
0.960332286711793
1
1
1
1
1
1
1
1
1
0.960830791117198
1
1
1
1
1
0.967976103462801
0.999157905861824
1
1
1
1
1
1
1
1
1
1
1
1
0.968088727866792
1
0.979274553584366
1
0.991091039513057
1
1
1
0.957862674971103
1
1
0.994922809681498
1
0.961872329036057
1
1
1
1
1
1
1
0.892366572627623
1
1
1
1
1
1
1
1
1
1
0.985309551626828
1
1
1
1
0.990847180727009
1
0.833067757497352
1
0.991645547686368
0.906786891694054
0.994197242896207
1
0.963433385811698
1
1
0.955658582310122
1
1
0.998140409039758
1
1
0.983104668266326
0.995362026422772
1
1
1
1
0.995505373721903
1
1
0.999155669925502
1
1
1
1
1
1
1
0.991612504415589
1
1
1
1
1
0.953740157107562
1
1
1
1
1
0.887995280233559
1
0.989124078906669
1
1
1
1
1
1
1
1
1
0.978753426360681
1
1
1
1
0.992950357897086
1
1
1
1
1
0.999364205734204
1
1
0.996785139095778
1
0.987749560634081
0.979018711785611
1
1
1
1
1
1
1
1
1
1
1
1
1
1
0.95687233474779
1
1
1
1
1
1
1
1
1
1
1
0.989508127131986
0.999276988646942
1
0.993969851274928
1
1
0.939575666178517
1
1
1
1
1
1
0.985712614468409
1
0.944789991313817
1
1
1
1
1
1
1
0.999124214457343
1
1
1
1
1
1
1
1
1
1
1
1
1
1
0.960170557515009
1
1
1
1
1
1
0.929274380141785
0.887984206327601
1
1
1
0.993917209904632
1
1
1
0.998902290411841
1
1
1
1
1
1
0.90641723483047
1
1
1
1
1
1
1
1
1
1
1
1
1
1
1
1
1
1
1
0.996464510341608
1
1
1
1
0.989564529495707
1
1
0.926214675908722
1
1
1
1
0.991612504415589
1
1
1
1
0.999389538878306
1
1
1
0.973091142924859
1
1
1
1
1
1
1
1
1
1
0.996828472204514
1
1
1
1
0.994922809681498
1
1
0.955455534649534
1
1
1
0.979657266415552
1
1
1
1
0.947911786981793
0.997680940450289
0.949251420254879
1
1
1
1
1
0.945084837962509
0.993969851274928
1
1
1
0.938487412223176
1
0.995547965023699
1
1
1
1
1
1
1
1
1
1
1
1
1
1
1
0.837903735165503
1
1
1
1
0.989291979382958
1
1
0.99964331897765
1
1
0.97858034901689
1
1
1
1
1
0.909449825922685
1
1
0.983104668266326
1
1
1
1
1
1
1
1
0.945780722179042
1
0.985309551626828
1
1
0.997073332072164
0.897445351269915
1
1
1
1
1
1
1
1
0.950318622301518
0.989998070316752
1
1
1
0.838735542409519
1
0.986318047456104
1
1
0.870577551618927
1
0.719636451577493
1
1
0.904063287742261
1
0.910935570909496
1
1
1
1
1
0.989564529495707
1
0.92983338621097
1
0.996593527313081
0.850664458158767
1
1
1
1
1
1
1
1
1
0.945475191529225
0.97636728831116
1
1
1
0.982589275643915
0.884322301352648
1
1
1
1
1
1
1
1
1
0.967976103462801
0.989335073459808
1
1
0.979422398313189
1
0.961452133768003
1
1
1
1
1
1
1
1
0.899148024147139
1
1
1
0.994922809681498
1
1
1
1
1
0.985712614468409
1
0.978114831989187
1
1
1
0.984221846421237
1
0.992853583739981
0.987811529876814
1
0.934022414457253
1
0.923716057699637
1
1
1
1
1
1
1
0.998100808140881
1
1
1
0.978228888443193
1
0.95477949614879
1
1
1
1
1
0.953604050715808
0.985712614468409
1
1
1
1
1
1
1
0.987303976111365
1
1
1
1
1
0.894411558690161
1
1
1
1
1
1
1
0.997680940450289
0.997411511806769
1
1
0.988009526132137
1
1
0.986318047456104
0.999155669925502
1
0.930970228738406
0.992915597308194
0.90641723483047
1
0.932207891283878
1
1
1
1
0.911021855426751
0.950894661420625
1
1
1
1
1
1
1
1
1
1
1
0.999096399608254
1
1
1
1
1
1
0.897747574597201
1
1
0.997169571704414
1
0.997680940450289
1
0.985648888334398
1
1
1
1
1
1
1
1
1
1
1
0.890910819168194
1
0.995038740674849
0.748483937863639
1
0.988009526132137
0.961864404822803
0.995025542021448
1
1
0.985954186259271
1
1
1
1
1
1
1
1
1
1
1
1
1
1
1
1
1
0.994010392368178
1
1
1
1
1
1
0.961452133768003
1
1
1
1
0.986926908208012
0.998976903288308
1
1
0.613200205289369
1
1
1
1
1
1
1
1
1
1
1
1
1
0.978316360124656
1
1
0.925514897256611
0.941084123945535
1
1
1
1
1
1
1
1
1
0.998912171295727
1
1
1
1
1
1
1
1
1
1
1
1
1
1
1
1
1
1
1
1
0.960170557515009
0.968065526784876
1
1
1
1
0.947226163587766
1
0.998213534363111
0.999262947090888
1
1
1
1
0.938487412223176
1
1
1
1
1
1
1
1
1
1
1
1
1
1
1
1
1
1
1
1
0.994526980625967
1
1
0.989511687711818
1
0.992808043610721
1
1
1
0.989546950308834
1
1
0.956405116995084
1
1
1
1
1
1
1
1
1
1
1
0.983240088553757
0.983196102124754
1
1
1
1
1
1
1
1
1
1
1
0.887570417007768
1
1
1
1
0.910714940591956
1
1
1
0.934421141648012
1
1
1
1
1
0.858968430271146
1
1
0.909701250273292
0.911631688772742
1
1
1
0.99964331897765
0.864688560728972
1
1
1
0.971250015376369
1
1
1
1
1
1
0.998912171295727
1
1
0.996785139095778
1
0.999262947090888
1
1
1
1
1
1
1
1
1
1
1
1
0.979019502317992
0.994319587827704
1
0.977896201603644
1
0.999389538878306
1
1
1
1
0.924107535268168
1
1
1
1
1
1
1
1
1
1
0.946737040431449
1
0.991230577845035
1
1
0.998976903288308
1
1
1
1
1
1
1
1
1
1
1
1
1
0.925514897256611
1
0.897445351269915
1
1
1
0.99840309481681
1
1
0.998806875790258
1
1
1
1
1
1
1
1
1
1
0.677365952789186
0.981613750009554
1
1
1
1
0.573709611318717
1
1
1
1
1
0.97636728831116
1
1
1
1
1
1
1
1
0.986544618461783
1
0.993477355654953
1
1
0.904063287742261
1
1
0.969629377236585
1
1
1
0.874814240279843
1
1
1
0.929274380141785
1
0.989641831008867
1
1
0.949964357981297
1
1
1
0.997169571704414
0.979627031890966
1
0.932267962678279
1
0.959885901814594
1
1
0.999157905861824
0.971250015376369
0.886908602846045
1
0.93777516408041
0.996405330322609
1
1
1
1
1
0.986318047456104
1
1
1
1
1
0.932304427157971
1
1
1
1
1
1
1
1
1
1
1
1
0.830676142368563
1
1
1
1
1
1
1
1
1
1
1
1
1
1
1
0.938758231319452
1
0.961872329036057
1
1
0.962240926505366
1
1
1
0.988162432888531
1
1
0.973091142924859
1
1
1
1
1
1
1
0.985586642418614
1
1
1
1
1
0.986318047456104
0.989564529495707
1
1
1
1
1
0.921691210922599
1
1
1
1
0.994384264549255
1
1
0.998035618222361
0.977482777581223
1
1
1
1
1
1
1
1
1
1
1
1
1
1
1
1
1
1
1
1
1
1
1
0.93530475732301
1
1
0.995547965023699
0.968088727866792
1
1
1
1
1
1
1
0.923772018593421
1
1
1
1
0.999155669925502
0.986382921976638
1
0.983240088553757
1
0.985309551626828
1
0.891709559175588
0.836875946663419
1
1
1
1
0.926214675908722
1
1
1
1
1
1
0.958877823839628
0.90641723483047
1
1
1
1
0.999972096588849
0.928566902347462
0.992922128530525
1
1
0.944345056395764
1
1
1
0.987511080451007
0.917445953643675
1
1
0.992950357897086
1
1
1
1
1
1
1
1
1
0.918933402717246
1
1
0.937035963090737
1
0.974806056717722
1
1
1
1
1
1
0.916243094895491
1
1
1
1
0.984279891021478
1
1
1
1
0.879409489740995
0.995505373721903
0.950497019290452
0.995156289016463
1
1
1
1
1
1
1
1
1
0.973444391697604
1
1
1
1
0.993855454353727
1
1
1
1
1
1
1
0.984221846421237
0.980399616042239
1
1
1
1
1
1
0.984091127759652
1
1
1
1
1
1
1
1
1
1
1
1
0.996828472204514
1
0.925732099843107
0.958697365048073
1
1
1
1
0.999207775366367
0.982052228569332
1
1
1
1
1
1
1
1
1
1
1
1
1
1
0.996320170298237
0.998967993030927
0.837483455564104
1
1
1
0.975616587439612
1
1
1
1
1
0.994526980625967
1
1
1
0.996965124010303
0.932304427157971
1
1
1
1
1
0.89552563928463
1
0.979019502317992
1
1
1
1
1
1
1
0.857787345856142
1
1
1
1
1
1
1
1
1
1
1
1
0.983420426790071
1
1
0.953972052195575
1
1
1
1
1
0.911021855426751
1
1
1
0.998035618222361
0.998100808140881
1
1
1
1
0.993950853024115
1
1
1
1
0.960517992905659
1
0.916452493028578
1
0.912914977640729
0.910935570909496
0.998976903288308
0.958748612933013
1
1
1
1
0.998967993030927
0.92429831986672
0.950894661420625
0.986318047456104
1
1
1
1
0.92429831986672
1
1
1
1
1
1
1
1
1
1
1
1
0.995025542021448
1
1
1
1
1
1
1
1
1
1
1
1
0.985115902133966
1
1
1
0.999389538878306
1
1
1
1
0.995362026422772
1
0.982589275643915
1
1
1
1
0.97779634855534
1
0.941088245705553
1
1
1
1
1
1
0.993776821156315
1
1
1
1
0.972817400726025
1
0.880285213274808
1
1
1
1
1
1
1
0.828322721479443
1
1
0.931400189570163
1
1
0.990349797990096
0.959747536533036
1
0.930096413764495
1
1
0.864688560728972
1
0.992846369476512
1
1
1
1
1
1
1
1
1
1
1
1
0.929274380141785
1
0.98867682285119
1
1
1
0.925514897256611
1
0.930970228738406
1
1
1
1
1
1
1
0.990624927612593
1
1
1
1
1
1
0.932469016189956
0.994526980625967
1
0.998035618222361
1
1
1
1
1
1
1
1
0.980844530279783
1
1
0.997770627474817
1
0.996828472204514
0.991776819802458
1
1
1
1
0.934534009173266
1
1
0.795024364254478
0.998976903288308
0.8667850394741
0.979422398313189
1
1
1
1
1
0.909275956625429
0.999459797330365
1
1
1
0.936365824225101
1
1
1
1
1
1
0.900039023212024
1
1
1
1
1
1
1
0.965772968774453
1
1
1
1
1
0.936664794240947
1
1
1
1
1
0.969987772313432
0.994675622139056
1
1
1
1
1
0.953740157107562
1
0.865398851298026
1
1
1
1
1
1
0.970250349769545
0.996464510341608
0.995156289016463
1
0.996464510341608
1
0.953080547336678
1
1
1
1
0.920513618541709
1
1
1
1
1
1
1
1
0.986486538612968
1
1
1
1
1
0.989641831008867
1
1
1
0.995574636086017
0.993976065449333
1
1
1
1
1
0.991719287527912
0.999454487113508
1
1
1
1
1
0.960170557515009
1
1
0.629339059212075
1
1
1
1
1
1
1
1
1
1
1
0.93530475732301
1
1
1
1
1
0.864866224363408
1
1
0.998967993030927
1
0.9904039386648
1
1
1
1
1
1
1
1
0.971573545385286
1
0.85830776352051
1
1
1
1
1
1
1
1
0.982031878531697
1
1
1
1
1
1
1
1
1
1
1
1
1
1
1
1
1
0.993976065449333
0.981536873645409
0.999421456979136
1
1
1
1
0.965364900693592
1
1
1
1
0.915288409390303
1
1
1
0.949476387657992
1
1
1
1
1
1
1
1
1
1
1
0.945475191529225
1
1
1
1
1
1
1
1
0.907341735818313
0.948150296040618
0.918933402717246
0.978155905115428
0.994758590476136
0.974428813453541
1
0.999677411553464
1
0.757289615714593
1
1
1
1
1
1
0.755112555584485
1
1
1
0.911143322082698
1
1
1
1
1
1
1
1
0.653799440365491
1
0.993096810873367
0.699756974149776
0.953080547336678
1
1
0.946737040431449
0.985115902133966
0.891325431678478
0.899148024147139
1
1
1
1
1
1
1
1
1
1
0.989641831008867
1
1
1
1
1
1
0.925626518961291
1
1
1
0.93777516408041
0.999459797330365
0.932469016189956
0.969629377236585
1
1
1
0.990225274226951
0.945084837962509
0.938327503925946
1
1
1
0.939679553498871
0.992915597308194
1
1
1
1
1
0.93777516408041
1
1
0.915288409390303
1
1
1
1
1
1
0.980062647955783
1
1
1
1
1
1
1
1
1
1
0.970250349769545
0.910935570909496
1
1
1
1
1
1
1
1
1
0.99840309481681
1
0.670514079945612
1
1
0.979019502317992
1
0.984946667533926
0.989508127131986
1
1
1
1
1
1
1
1
1
1
0.898570474152433
1
0.969629377236585
0.999972096588849
1
0.991009988405517
1
1
0.999207775366367
1
1
1
0.999454487113508
1
1
0.969629377236585
1
1
0.978614511811305
0.980062647955783
1
1
1
0.920237033766513
1
0.999454487113508
1
1
1
1
0.999207775366367
1
1
1
1
0.982307121855523
0.995658643063475
1
1
1
1
1
1
1
0.988265149886513
0.690077135935935
1
1
1
1
0.910498063191507
1
1
0.900039023212024
1
1
1
1
1
1
0.997756548844927
1
1
1
1
1
1
1
1
1
1
1
1
0.998035618222361
0.973785981389834
0.994197242896207
0.927136651409796
1
0.992846369476512
1
1
1
0.962240926505366
1
1
1
0.968088727866792
0.932469016189956
0.939705997325671
0.916809992585914
1
0.986318047456104
1
1
1
1
1
1
1
1
1
1
1
1
0.999454487113508
0.942756557493262
1
1
1
1
1
0.914101083516522
1
1
1
1
1
1
1
1
1
1
1
1
1
1
1
0.936747824842458
1
1
1
1
1
1
1
1
0.887811749372207
1
1
1
1
1
1
1
1
1
1
0.987139914185645
1
1
0.999364205734204
1
1
1
0.999733638991692
1
1
1
0.982031089056778
1
1
1
1
1
1
1
1
0.90641723483047
1
1
1
1
1
1
1
0.931694808487807
1
1
1
1
1
1
0.979657266415552
1
1
0.990349797990096
1
1
1
1
1
1
0.973091142924859
1
1
0.974806056717722
1
1
1
1
1
1
1
1
1
1
0.986382921976638
1
1
1
0.928566902347462
1
1
1
0.93530475732301
1
1
1
1
1
1
1
1
1
1
1
1
1
1
1
1
1
0.930096413764495
1
1
0.998976903288308
0.94777833733808
0.712212013777781
1
1
1
1
1
1
1
1
1
1
1
0.989803613196116
1
1
1
1
0.927260406662266
1
1
1
1
0.987618335529697
1
1
1
1
1
1
1
0.908380197134068
1
1
1
0.946737040431449
0.963002575378282
1
1
1
1
0.950894661420625
1
1
1
1
0.988113577278804
0.92000661193095
0.967118098161741
0.95477949614879
0.997756548844927
1
1
1
1
0.997680940450289
1
1
0.945780722179042
1
1
1
1
1
1
1
1
0.999110451540398
1
1
1
0.995239521241148
1
0.913980199684515
1
1
1
0.945740290457578
1
1
1
1
1
1
1
1
0.916809992585914
1
1
1
1
1
1
0.961872329036057
1
1
1
0.988265149886513
1
0.999157905861824
0.995658643063475
0.995156289016463
1
1
1
1
1
1
1
0.950894661420625
0.993610331221025
0.932207891283878
1
0.987310145567748
0.977482777581223
1
1
0.959457266121708
1
1
1
1
1
1
1
1
1
1
1
1
1
1
1
1
1
0.94791079712785
1
1
0.845993440006055
1
0.815240914936625
1
1
1
0.998140409039758
1
1
0.960332286711793
1
1
1
1
1
0.978821235851307
1
1
1
1
1
1
1
1
1
0.996926212712881
1
1
1
1
1
1
1
1
1
1
1
1
1
0.990199211458159
0.887811749372207
1
0.920237033766513
1
1
1
1
1
1
1
1
1
1
0.929414309288963
1
1
1
0.960904446122815
1
1
1
1
1
1
0.978228888443193
1
1
1
1
0.97779634855534
1
1
1
1
1
1
1
1
1
0.950293216539972
1
1
0.99134224298996
1
0.998893556020637
1
1
1
1
0.969987772313432
1
1
1
1
1
1
0.998893556020637
0.723033302270571
1
0.925514897256611
1
1
0.996320170298237
1
1
0.910714940591956
1
0.798372859186425
1
1
1
1
1
0.999262947090888
1
1
1
1
1
1
1
1
0.939861877916768
0.981578538312111
1
1
1
1
1
1
1
1
1
1
0.913538923053586
1
1
0.985265487458517
1
1
1
0.908412194678451
0.981536873645409
1
1
0.880285213274808
0.992009334099771
1
0.958637004176832
1
1
1
0.893843088403165
0.88303374143039
1
0.805135940628621
1
0.716307776000801
0.93777516408041
1
1
1
0.95037360299642
1
0.927997404827929
1
1
1
0.992472006485193
0.986739956800773
1
1
