x
0.99922448061732
1
1
0.993519266047638
1
1
1
1
1
1
0.92759625632244
1
1
0.999652290686193
1
1
0.996404085967603
1
0.948056492218387
1
1
1
1
1
1
1
0.996018843765951
1
1
1
0.986090993061847
0.937493579377825
1
1
0.914871717943592
0.976397622987331
1
0.993084990464748
1
0.953173626583483
0.919446038573027
0.995492000757506
1
1
1
1
1
1
1
1
1
0.879374983645647
1
0.984229346805373
1
1
0.989328277156205
1
1
1
1
0.98787902646779
1
1
1
1
1
0.914871717943592
1
1
1
0.99243859425198
0.952712458816252
0.978366952664492
1
1
1
1
1
0.894302129055796
1
1
1
0.955071519015868
1
1
1
1
1
1
1
1
1
0.995358993056203
0.999875278735136
1
1
1
1
1
1
0.996404085967603
1
1
1
1
0.88448428272809
1
1
1
1
0.999047496834269
1
1
1
1
1
1
0.935592286326421
1
1
0.982862218312659
0.89775741557507
0.986857457276255
1
1
0.819377438391267
0.902835721642677
1
1
1
1
1
1
1
1
0.851104732188034
1
1
1
1
1
1
1
0.893709233288995
1
1
0.955532502365607
1
0.992704477300954
1
1
1
1
1
1
1
1
1
1
1
1
1
1
1
1
0.996820990480544
1
1
1
1
0.959711814606909
1
1
1
0.955532502365607
1
1
0.995900956017963
1
1
1
0.985479745728125
1
1
1
1
1
1
1
1
1
1
1
0.985074893855786
1
1
1
0.9317123463655
1
0.884759194736102
1
0.995900956017963
0.971610699182784
1
1
0.997444506079274
1
1
1
1
1
1
1
1
1
0.994616722854254
0.927981342509626
1
1
0.942479511753066
1
1
1
1
1
1
1
1
1
1
0.996195722731608
1
0.908607358451001
1
1
0.963416868478237
1
0.997253829373971
1
1
1
1
1
1
1
0.969898882009184
1
1
1
1
1
1
0.94102870307585
1
1
1
1
1
1
0.79176898024803
1
1
1
1
1
1
1
1
1
1
1
1
0.982862218312659
0.835592069892347
1
1
1
0.994346745667132
0.993737442744177
1
1
1
1
1
1
0.975356713084829
1
0.924480669255158
1
0.968609829202737
1
1
0.988038180327815
1
0.991560004826469
1
1
1
1
1
1
0.840762089783624
1
1
0.991728559705324
1
1
1
1
1
1
1
1
1
1
1
0.997444506079274
1
0.996195722731608
1
0.971935757068533
1
1
0.997098230360272
1
1
1
0.977190352089314
1
1
1
1
1
1
1
1
1
1
1
1
1
1
1
1
1
0.975960959745105
1
1
1
0.984229346805373
1
1
1
1
1
1
1
1
1
0.983935259693388
1
1
1
0.973576199571818
0.922231534704978
0.909711137236931
1
0.934953610098214
1
0.963609799506473
0.997974748042985
0.88448428272809
0.989328277156205
1
1
1
1
1
1
1
1
1
1
1
1
1
1
1
1
1
0.984146148513812
1
0.977470814189944
0.999484474002984
1
1
1
1
0.994982159872708
1
1
0.974597586994742
1
1
1
0.702585901835377
1
1
0.937467919725799
1
1
1
1
1
1
0.896511108274552
1
1
1
1
1
1
1
1
1
1
1
1
1
1
1
1
1
1
0.930066938352077
0.985692354308218
1
0.982723352542024
1
0.979006052513062
1
0.978366952664492
1
1
1
1
1
1
1
0.922231534704978
1
1
0.98787902646779
1
1
1
1
0.999820952707317
1
1
1
1
1
0.893709233288995
1
0.951928966768159
1
1
1
1
1
1
1
1
1
1
1
1
1
1
1
1
0.99668107297424
1
1
1
1
1
1
0.951988788148102
1
1
1
0.981214855837245
0.976289891314338
1
1
1
1
1
0.909756315855987
0.977470814189944
1
1
1
1
1
1
0.950256266863698
1
0.871706925577401
0.991560004826469
1
0.944473811371136
1
1
1
1
1
0.99668107297424
1
1
1
1
0.995705278830366
0.999047496834269
1
1
1
1
1
1
1
1
0.996492565681904
0.996669959578154
1
1
1
1
1
1
1
1
1
1
0.986782075145048
1
1
1
1
1
1
1
1
0.948350663508448
1
1
1
1
1
1
1
1
0.998887420826999
1
0.954509940670751
0.99922448061732
0.997974748042985
0.997136678670746
1
1
1
1
1
1
0.946449314366245
1
0.981214855837245
1
1
1
0.995900956017963
1
1
0.931897638810176
0.999652290686193
1
1
1
0.979199992034395
0.965588235966889
0.996492565681904
1
1
1
1
1
0.824681254851389
0.861678598165693
1
1
1
1
1
0.978946864854336
1
1
1
1
1
1
1
1
1
1
1
1
1
1
1
1
1
0.851104732188034
1
1
1
0.966430871697259
1
1
0.945334137962313
1
1
1
1
1
1
1
1
1
1
1
1
1
1
1
1
1
1
1
1
1
1
0.848415820698518
1
1
1
0.909818575851156
0.994042105876653
1
1
1
1
0.995508286255087
0.998887420826999
1
1
1
1
1
0.99804943575522
1
1
0.862793369603655
1
1
1
1
1
0.999253654665535
1
1
1
1
1
1
1
1
1
1
1
1
1
1
0.894519791391779
1
0.997444506079274
1
1
0.909271376201191
1
0.949761192690458
1
1
1
1
1
1
1
1
1
1
1
1
1
1
1
1
1
1
1
0.975844020542514
1
1
0.93043266515764
1
0.98802406876391
1
0.990674325005852
1
1
1
0.972378281884673
0.966430871697259
1
1
0.989328277156205
1
0.897494289328779
1
1
1
1
0.965588235966889
1
0.935592286326421
0.927981342509626
1
0.993084990464748
1
0.973391195800342
1
1
0.980958715908957
1
0.993751531062146
1
1
0.998639553213508
1
1
1
0.970272852675583
1
1
1
1
1
1
1
0.985479745728125
0.990744044292627
1
1
1
1
1
1
1
1
1
1
1
1
0.98802406876391
1
1
0.901887554626095
1
1
1
1
0.987599390823418
1
1
1
1
1
1
1
0.994982159872708
0.956789411463901
1
1
1
1
1
1
1
1
1
0.996404085967603
0.993519266047638
1
0.992707067796097
1
1
1
1
1
0.997489034727961
1
1
1
0.944516938647569
1
1
1
1
1
1
1
0.956029520463454
1
1
1
1
0.997098230360272
0.980134641929207
1
1
1
0.98132560156734
1
1
0.993084990464748
1
1
0.981815734504013
1
1
0.921935959916013
1
0.93043266515764
1
1
1
1
1
1
1
1
1
1
0.992868653056389
1
1
1
1
1
1
1
1
1
1
0.961037001387473
1
1
1
1
0.997489034727961
1
1
1
1
0.978946864854336
1
1
1
1
1
0.984195815111629
1
1
1
1
1
1
1
1
1
0.994229715646195
1
1
1
1
1
1
1
1
1
1
1
1
1
1
1
1
1
1
1
1
1
0.942479511753066
1
1
1
1
1
0.914676134304568
1
1
1
0.973895997449071
1
1
1
1
1
1
1
1
1
1
1
1
0.88403707006011
1
1
1
1
1
1
0.980241464454867
1
1
1
1
1
1
1
1
1
1
1
1
1
1
1
1
0.906044112585749
0.871706925577401
1
1
1
1
1
1
1
1
0.914025617753003
0.997444506079274
1
1
1
1
1
0.953067016164865
1
1
0.966301063044394
1
1
1
1
1
0.997974748042985
0.997098230360272
1
1
1
0.919245667800651
1
1
0.941341356302038
1
1
1
0.996665906692124
0.957089146822867
0.980234713062801
1
1
1
1
1
1
0.990674325005852
1
1
1
0.996785480024717
1
1
0.981553251320292
0.993737442744177
0.980958715908957
0.994982159872708
1
0.988015194625928
1
1
1
1
1
0.981553251320292
1
1
1
1
0.993751531062146
1
1
1
1
1
1
1
1
0.917322583328131
1
1
1
0.998216867448739
1
1
0.959711814606909
1
1
0.98132560156734
0.985479745728125
1
0.995508286255087
1
1
1
1
1
1
1
0.975142977795675
1
1
1
1
1
1
1
0.786947161838873
1
1
1
1
1
1
0.928855612999095
1
1
1
1
1
1
1
0.995900956017963
1
1
1
0.976289891314338
1
1
1
1
1
1
1
1
1
1
1
1
1
1
0.988729553663275
0.995628518420333
1
1
1
1
1
1
1
1
1
1
1
1
0.995508286255087
1
1
1
0.976289891314338
1
1
1
1
1
1
1
1
1
0.980958715908957
1
1
1
1
1
1
1
1
1
1
1
1
1
1
1
0.996820990480544
1
1
1
1
1
1
1
1
1
1
1
1
1
1
0.974597586994742
0.984971547577845
1
1
1
1
1
1
1
1
0.995508286255087
1
1
1
1
1
1
1
1
1
0.972378281884673
1
1
1
1
1
1
0.901137263818669
1
1
1
1
1
1
1
1
1
0.99746951753402
1
1
1
1
1
1
1
1
1
1
1
1
1
1
1
0.973832628578174
1
1
0.919156295672343
1
1
1
1
1
1
1
1
1
1
1
1
1
1
1
1
1
1
1
1
1
1
1
0.95464088806433
1
1
1
1
1
1
1
1
1
1
1
1
1
1
1
1
1
1
1
1
1
1
1
1
1
1
1
0.904836963762747
1
0.874506216780862
1
0.985074893855786
1
1
1
1
1
1
1
0.99668107297424
1
1
1
1
1
1
0.97213071864056
0.99804943575522
1
1
1
1
1
1
1
0.949761192690458
1
1
1
1
1
1
0.982360885792967
0.968532310946832
1
0.986718155193035
1
1
1
0.966211905692957
1
1
1
1
1
1
0.994616722854254
0.991185232275117
1
0.937153773822353
0.962647558222993
1
1
1
0.985943290048087
1
1
1
1
1
1
1
0.976289891314338
1
1
0.900144175511632
1
0.969384224174797
1
1
1
0.985943290048087
1
1
1
1
1
1
1
0.966430871697259
0.994327445822774
1
1
1
1
1
0.897494289328779
1
1
1
1
1
0.931891880725344
1
1
0.996195722731608
1
1
1
1
1
1
1
1
1
1
1
1
1
0.912224474002842
1
0.999875278735136
1
1
1
1
0.81928165291463
1
1
1
1
0.997974748042985
1
1
1
1
1
1
1
0.953067016164865
1
1
1
1
1
1
1
1
1
0.995358993056203
0.973773346418231
1
1
0.997604782277684
1
1
1
1
1
1
1
1
1
1
1
1
1
1
1
1
1
0.971610699182784
1
0.998639553213508
1
1
1
1
1
0.96418343648061
1
0.953067016164865
1
1
0.966430871697259
1
0.982723352542024
1
1
1
1
1
0.99668107297424
1
0.848415820698518
0.973163103247366
1
1
0.976397622987331
1
0.991185232275117
1
1
1
1
1
0.997604782277684
1
0.997780812869921
1
1
1
1
1
1
0.935592286326421
1
1
1
1
1
1
1
1
1
1
0.999875278735136
1
1
1
1
0.993300893085663
1
1
1
0.998670798555006
1
0.969384224174797
1
1
1
0.916873703408141
0.967517411472777
1
0.952712458816252
1
1
1
1
1
0.997444506079274
1
1
1
1
1
1
0.998887420826999
1
1
1
1
1
1
1
1
1
1
1
1
1
1
1
1
1
0.935592286326421
0.972378281884673
1
1
0.995250931548339
1
1
1
1
1
1
1
0.931868251346351
1
0.973898544996519
1
1
1
1
1
1
0.988696803166833
1
1
1
1
1
1
1
1
0.986348843404575
1
1
1
1
1
1
1
1
0.996861504917552
1
1
1
1
1
1
1
1
1
1
1
0.984971547577845
1
1
0.998075509859774
0.945588083934181
1
1
0.99243859425198
1
0.991185232275117
0.955532502365607
1
1
0.988640630331202
1
1
1
0.995585693322831
1
1
0.99922448061732
1
1
1
1
1
1
1
1
1
0.968045391392987
1
1
1
1
0.86658453541292
0.953173626583483
1
1
1
0.999484474002984
1
1
1
0.90654635967328
0.851104732188034
1
1
1
0.994346745667132
1
0.935592286326421
1
1
1
1
1
1
1
1
0.984229346805373
1
1
0.970115096805463
0.979006052513062
1
1
1
1
1
1
1
1
1
1
1
1
0.917322583328131
0.856702580523337
1
0.995508286255087
1
1
1
0.999253654665535
1
1
1
1
1
1
1
1
1
0.906269829073452
1
0.992958599850124
1
1
0.990744044292627
1
1
1
1
0.971834837572309
0.981143414310927
1
0.963609799506473
1
1
1
1
1
1
1
1
1
1
1
1
1
1
1
1
1
0.993928174408952
0.993928174408952
1
1
1
1
1
1
1
1
1
1
0.915089174650184
1
1
0.941422694985448
0.909756005376373
0.996665906692124
1
1
1
1
1
1
1
1
1
1
1
1
1
1
1
1
0.997098230360272
0.973898544996519
1
1
0.982880473129622
1
1
1
1
1
1
1
1
1
1
1
1
1
1
1
1
1
1
0.937493579377825
0.944189058003428
1
1
1
1
1
0.978924884865992
1
0.968609829202737
1
1
1
1
1
0.92759625632244
0.976289891314338
0.995508286255087
1
1
1
1
1
1
1
0.997780812869921
1
1
1
1
1
1
1
1
1
1
1
1
1
1
1
1
0.914800372690217
1
1
1
1
1
1
1
1
1
1
1
1
1
1
1
0.993519266047638
1
1
1
1
0.999253654665535
1
1
1
1
0.985288940028707
0.998670798555006
1
0.958922832769862
1
1
1
0.964493293648174
1
1
1
0.99243859425198
1
0.945334137962313
0.818604896923308
1
1
1
1
1
1
1
1
1
0.960863990255762
1
1
0.906565610109427
1
0.974597586994742
1
1
0.991963534197068
1
1
1
1
1
1
1
1
1
1
1
1
0.973832628578174
1
0.941341356302038
0.991728559705324
1
1
1
1
1
1
1
0.935693258818887
1
1
0.985074893855786
1
1
1
1
1
1
1
1
1
1
1
0.845909929940363
1
0.973576199571818
0.982862218312659
0.914752269656786
1
1
1
1
0.909818575851156
1
1
1
1
0.923736617056249
1
1
0.914025617753003
1
1
1
1
1
1
1
1
0.993751531062146
0.961037001387473
1
0.941341356302038
1
1
1
1
1
1
1
1
1
1
1
1
1
1
0.989412529981718
1
0.995900956017963
1
1
1
1
0.985288940028707
1
1
1
1
1
0.990140066000511
1
1
1
1
1
0.991560004826469
1
1
1
0.991185232275117
0.997974748042985
1
0.995964441395004
0.997974748042985
1
1
0.986718155193035
1
1
1
1
1
0.991560004826469
0.977470814189944
1
1
1
1
1
1
1
1
1
1
1
1
0.945237472321447
1
1
1
1
1
1
1
1
1
0.973832628578174
1
1
0.984146148513812
1
1
1
0.971382073854399
1
1
1
1
1
1
1
1
1
1
1
1
1
1
0.975844020542514
1
1
0.991963534197068
0.99668107297424
1
1
1
1
1
1
1
0.972378281884673
1
0.985479745728125
1
1
1
1
1
1
1
1
1
1
1
1
1
1
1
1
0.99804943575522
1
0.995964441395004
1
1
0.942479511753066
1
0.995250931548339
0.880879229369054
1
1
1
1
0.990744044292627
1
1
1
1
0.969384224174797
0.952038137088415
1
1
0.987599390823418
1
1
1
1
0.984229346805373
1
1
1
1
1
1
1
1
1
1
1
1
1
1
1
1
1
1
1
1
1
1
1
1
1
1
1
1
1
1
1
1
0.966430871697259
0.960480614177399
1
1
1
0.988038180327815
1
1
0.900172863540963
0.965588235966889
1
1
1
1
1
1
0.951400800312052
1
1
0.95913944437048
1
1
1
1
0.908578764982409
1
1
1
1
1
1
1
0.959711814606909
1
1
1
1
0.941341356302038
1
0.957089146822867
1
1
0.925993387645167
0.931378819389793
0.966430871697259
0.996861504917552
1
1
0.995066527066088
1
0.954399889009453
0.926850948278639
1
1
1
1
1
1
1
1
1
1
1
1
1
1
1
1
1
1
1
1
1
1
1
1
1
1
1
1
1
0.941341356302038
0.864825021700098
1
0.956232565552667
1
1
1
0.937493579377825
1
1
1
0.984261416454078
1
1
0.966430871697259
1
1
1
1
1
1
1
1
1
0.985288940028707
1
0.986857457276255
0.636778203991219
0.982862218312659
1
1
0.909271376201191
1
1
1
1
1
1
1
1
1
1
1
1
1
0.954399889009453
1
1
0.996236144356511
1
1
0.915089174650184
1
1
1
1
0.887933525058067
1
1
1
1
1
1
1
1
1
1
1
1
0.984971547577845
1
0.983034877309988
1
1
1
1
1
1
1
1
0.999875278735136
1
1
1
1
1
1
1
0.995508286255087
1
1
1
1
1
0.99804943575522
1
1
1
1
1
1
0.962468101134036
1
1
1
1
1
1
1
1
1
1
0.932041595308891
1
1
1
1
1
1
1
1
1
1
1
0.996820990480544
1
1
1
1
0.872239888361398
1
0.912224474002842
1
1
0.969384224174797
1
0.954399889009453
1
0.934756449995085
1
1
0.996492565681904
1
1
1
1
1
1
1
1
1
0.925993387645167
1
1
1
1
1
1
1
0.997098230360272
0.995639526878274
1
1
1
1
1
1
1
0.920514926890937
0.999820952707317
1
1
1
1
1
1
1
1
1
1
1
0.809028239811875
1
1
1
1
1
1
0.941341356302038
1
0.984195815111629
1
1
1
1
1
1
1
1
1
1
1
1
1
1
1
1
1
1
1
0.973773346418231
1
1
1
1
1
1
1
1
1
1
1
1
1
1
0.920380827481899
1
0.934833734020949
1
1
1
1
1
0.993690593273533
0.993829659254057
1
0.994042105876653
1
0.99804943575522
0.981214855837245
1
1
1
1
1
0.976289891314338
1
0.995618617940255
0.980134641929207
1
1
1
1
1
1
1
1
1
1
1
1
1
1
1
0.969522616463172
1
1
1
0.978366952664492
1
1
0.904939552327334
1
0.976397622987331
1
0.962468101134036
1
1
1
1
1
1
1
1
1
1
1
1
1
0.994229715646195
1
1
1
1
0.99804943575522
0.99804943575522
1
1
1
1
0.964921274700462
0.994229715646195
1
1
1
1
1
1
1
1
1
1
1
1
0.995508286255087
0.98617390081841
1
1
1
1
1
1
0.985479745728125
1
1
1
0.996195722731608
1
1
1
1
1
1
1
1
1
1
1
1
1
1
0.992958599850124
0.995008571261752
0.955532502365607
1
1
0.945446487073497
1
0.998216867448739
0.992576777113365
0.978366952664492
1
1
1
1
1
1
0.994346745667132
0.939129880129302
1
1
1
1
1
1
1
1
1
1
0.990140066000511
0.991560004826469
1
1
1
1
1
0.964146447354513
1
1
1
1
1
0.944523232688516
1
1
1
1
1
1
1
1
1
1
1
1
1
1
0.964493293648174
0.954509940670751
1
1
0.997780812869921
1
1
1
0.995900956017963
1
1
1
1
1
0.970115096805463
1
0.993300893085663
1
1
1
0.997253829373971
1
0.99713281259353
1
1
1
1
1
1
1
1
1
1
1
1
0.962647558222993
1
1
1
1
0.985074893855786
1
1
1
1
0.969384224174797
1
1
1
1
1
1
1
1
1
1
1
0.995752636520096
0.980958715908957
1
1
1
1
1
0.932054961196368
0.935592286326421
1
1
0.965588235966889
1
1
1
1
0.972277390915305
1
1
1
0.928855612999095
1
0.997604782277684
1
0.968045391392987
1
1
1
1
1
1
1
1
1
0.998887420826999
0.974597586994742
0.999047496834269
1
1
1
1
1
1
1
1
1
1
1
1
1
0.944516938647569
1
1
1
1
1
1
1
1
1
1
1
1
1
0.931193822776562
0.981642959454652
1
1
0.937153773822353
1
0.990674325005852
1
1
1
1
1
1
1
1
1
0.999484474002984
1
1
1
1
0.742959594185784
1
1
1
0.963403044890795
1
1
1
1
0.997780812869921
1
0.999820952707317
1
1
1
1
1
0.999652290686193
1
1
1
1
1
1
1
1
1
1
0.989328277156205
1
1
1
1
1
1
0.987656656935769
0.991905507748548
1
0.988640630331202
1
0.951400800312052
0.999820952707317
1
1
1
1
1
1
1
0.979006052513062
1
1
1
1
1
1
1
1
1
1
0.986090993061847
1
1
1
1
0.980894823628466
0.897875129143581
1
1
1
1
1
1
0.980958715908957
1
1
0.92207785186355
1
1
1
1
1
0.996785480024717
0.999047496834269
1
0.939129880129302
1
1
1
1
1
1
1
1
0.999047496834269
1
1
0.856282915973471
1
1
1
1
1
1
1
1
1
1
1
1
1
1
1
1
1
1
1
0.984971547577845
1
1
1
1
1
0.956789411463901
1
1
1
0.997444506079274
0.88448428272809
0.968609829202737
1
1
0.986090993061847
1
1
1
1
1
1
1
1
1
0.684571302556312
0.873887968425858
1
1
1
1
1
1
1
0.937153773822353
1
0.955532502365607
0.915923342160694
1
1
1
1
1
1
1
0.990063144230858
0.939129880129302
1
1
1
1
1
1
1
1
1
1
1
1
1
1
1
1
1
1
1
1
1
0.970272852675583
1
1
1
0.935693258818887
1
0.994616722854254
0.998639553213508
1
1
1
1
0.975356713084829
0.876007017076996
0.925392597035635
1
1
1
1
1
0.997098230360272
1
1
0.972378281884673
1
1
1
1
0.972277390915305
1
1
1
0.530054082294866
1
1
1
1
0.978762595250377
1
1
0.989492281479978
1
1
1
1
1
1
0.968609829202737
1
1
1
1
1
1
1
1
1
1
1
1
0.945334137962313
1
1
1
1
1
1
1
0.853118433893775
1
1
1
1
1
1
1
0.985479745728125
0.84970604836714
1
0.99668107297424
1
1
1
1
1
1
1
1
0.623086433267358
1
1
0.981411957657096
1
1
0.935592286326421
1
1
0.965193741708511
1
1
1
0.955532502365607
0.909711137236931
0.979199992034395
1
1
1
1
1
1
1
1
1
0.895140843045494
0.978366952664492
1
1
1
1
1
1
1
1
1
0.91653632399042
1
1
1
1
1
1
0.991185232275117
1
1
1
1
1
1
1
1
1
0.97213071864056
1
1
1
1
1
1
1
1
1
1
1
1
0.973895997449071
1
1
1
1
1
0.973191560867004
1
0.998075509859774
1
0.993781286349446
1
0.979006052513062
1
1
1
1
1
0.897875129143581
0.950731403244314
1
1
1
1
1
1
1
1
1
1
1
1
1
1
1
0.999875278735136
1
1
0.996785480024717
1
1
1
1
1
1
0.995900956017963
1
1
1
1
1
1
1
1
1
1
0.999820952707317
1
1
0.980134641929207
1
0.961367814298612
1
1
1
1
1
0.996492565681904
1
1
1
1
0.985479745728125
1
1
1
1
1
1
0.984195815111629
1
1
1
1
0.999652290686193
1
1
0.996106175698295
1
0.995964441395004
0.944523232688516
1
1
1
0.98617390081841
1
0.99713281259353
1
1
1
1
1
0.973898544996519
1
1
1
1
1
0.95841364829358
1
1
1
0.997136678670746
1
0.914871717943592
1
1
1
1
1
0.888874779179375
1
1
1
1
1
0.894302129055796
1
1
1
1
1
0.880614976476299
1
1
1
1
0.997098230360272
1
1
0.980398881626326
0.968609829202737
1
1
1
1
1
1
1
1
0.978946864854336
1
1
1
1
1
1
1
1
1
1
1
1
1
1
1
1
1
1
1
1
1
1
1
1
1
1
1
1
1
1
1
0.977190352089314
1
1
0.915089174650184
1
1
1
1
1
1
1
0.95329216495742
1
1
1
1
1
1
1
1
1
1
1
1
1
1
1
1
1
1
1
1
1
1
0.977470814189944
1
1
1
1
1
1
1
0.997444506079274
1
1
1
1
1
1
0.920655774566152
1
1
1
1
0.973191560867004
1
1
1
1
1
1
1
1
1
1
1
1
0.996820990480544
0.997834488904632
1
1
1
1
1
0.964493293648174
0.978151018108416
1
1
1
1
1
1
1
1
1
0.972364631675967
1
1
1
1
1
1
1
0.948464797789518
1
1
0.998639553213508
1
0.996492565681904
0.977574974459138
1
1
1
0.997136678670746
1
1
0.984195815111629
1
1
1
1
1
1
1
1
1
0.989412529981718
1
1
1
0.753856671032118
1
1
1
0.996236144356511
1
1
1
1
1
1
1
1
1
1
1
1
1
1
0.99668107297424
1
1
1
1
1
1
1
1
1
1
1
0.92759625632244
0.993928174408952
0.990674325005852
1
0.992728054991376
1
1
1
1
1
1
0.99746951753402
1
1
1
1
1
0.949442388653143
1
1
1
1
1
1
1
0.953589361331644
1
0.972995499908099
1
1
1
1
1
0.931891880725344
0.985074893855786
0.800876580434827
0.987684850217841
1
1
1
1
1
1
1
0.839637328424414
1
1
1
1
1
1
1
1
0.997489034727961
1
0.951111654676446
1
0.998887420826999
1
1
1
1
1
1
1
1
0.985479745728125
1
1
1
0.940039958219487
0.995900956017963
1
1
0.940844431420431
0.977574974459138
1
1
0.980398881626326
1
0.880295080301891
1
1
0.989328277156205
1
1
1
1
1
1
1
1
1
1
1
1
1
0.97213071864056
1
1
1
1
1
0.956789411463901
1
1
1
1
1
1
0.897494289328779
1
1
1
1
1
1
0.991963534197068
1
0.991963534197068
0.991858220843109
1
1
1
1
0.931533832338859
0.984261416454078
1
1
1
1
1
1
0.994229715646195
1
1
1
1
1
1
1
1
1
1
1
1
0.964207160140024
1
1
1
1
1
1
0.990674325005852
1
1
1
0.948401455636365
1
1
0.956789411463901
1
1
0.995465270099604
1
1
1
1
0.995358993056203
1
0.944765817323741
1
1
0.968609829202737
1
1
1
1
0.998216867448739
1
1
0.902582615618592
1
1
0.98787902646779
1
1
1
1
0.965569993409389
1
1
1
1
1
1
1
1
1
1
1
1
0.998075509859774
1
1
1
1
1
1
1
0.945446487073497
1
1
1
0.984971547577845
0.972855118465549
1
1
1
1
1
0.999312087669705
0.980398881626326
1
0.985074893855786
1
1
1
1
1
1
0.99746951753402
1
1
1
1
1
1
0.890031618827868
1
1
1
1
1
1
0.952038137088415
0.99829566099713
1
1
1
1
1
1
1
1
1
1
1
0.981143414310927
1
1
1
1
1
1
1
0.981411957657096
0.990063144230858
1
1
1
1
1
1
1
1
1
1
1
0.995900956017963
0.992465114276014
1
1
1
1
1
0.997604782277684
1
1
1
1
1
1
1
0.980894823628466
1
1
1
1
0.916981388551631
1
1
1
1
1
0.996236144356511
1
1
1
1
1
0.995311736345162
1
1
1
0.961037001387473
0.965569993409389
1
1
1
0.989328277156205
1
1
1
1
1
1
1
1
1
0.985479745728125
1
1
1
1
1
1
1
1
0.97213071864056
1
1
1
1
1
1
1
1
1
1
0.99922448061732
1
0.997136678670746
1
1
1
0.995465270099604
1
1
0.998670798555006
1
1
1
1
1
0.993767196358874
1
1
1
1
1
1
1
1
0.995900956017963
0.841698018473448
1
1
1
1
0.951775719714126
1
1
1
1
1
1
1
1
1
0.99243859425198
1
0.837591757965643
1
1
1
1
1
1
1
1
1
0.951988788148102
0.889940398390805
1
1
0.996404085967603
0.999484474002984
1
1
1
1
1
1
1
1
1
1
1
0.995508286255087
1
0.875484523291003
1
1
1
1
1
0.997604782277684
1
1
1
1
1
1
0.997780812869921
1
1
1
1
1
0.9317123463655
1
0.996195722731608
1
1
1
1
1
0.880879229369054
1
1
1
1
1
1
1
1
1
1
0.985074893855786
0.987716197033036
1
1
1
1
1
1
0.97880880612405
1
1
1
0.995964441395004
1
0.996785480024717
1
1
1
1
1
1
1
1
1
0.985150229579676
1
1
1
1
0.971382073854399
1
1
1
1
1
1
1
0.973163103247366
1
1
1
1
1
1
1
1
0.992613943964177
1
0.984261416454078
1
1
1
1
1
1
1
1
1
1
1
0.958633225532197
1
1
1
1
1
1
1
1
1
1
1
1
0.954748669524432
1
1
1
0.972378281884673
1
1
1
1
1
1
1
1
1
1
1
1
1
1
1
1
0.975181360358239
1
0.972277390915305
0.932054961196368
1
1
1
1
0.986090993061847
0.981214855837245
1
1
1
1
1
1
0.989328277156205
1
1
1
1
0.969286803715842
1
1
1
1
0.976289891314338
0.98802406876391
1
0.992868653056389
1
1
1
1
0.978366952664492
1
1
1
1
1
0.99804943575522
0.92759625632244
1
0.953067016164865
1
1
0.973773346418231
1
1
1
1
1
0.929296611187539
1
1
0.995639526878274
1
1
0.981214855837245
1
0.882334997096537
1
1
1
1
1
1
1
1
1
1
1
0.931897638810176
0.981214855837245
0.958633225532197
1
1
1
1
1
1
1
1
1
1
1
1
0.994982159872708
1
1
1
1
1
1
1
0.778223916653645
1
1
1
1
0.98787902646779
1
1
0.927981342509626
0.979006052513062
1
1
1
1
1
1
1
1
0.940454341279963
1
1
1
1
1
1
1
1
1
1
1
1
1
1
1
1
1
0.834452552050718
1
1
0.987599390823418
1
1
1
1
1
1
1
0.985943290048087
1
1
1
1
1
1
1
1
1
1
1
1
1
1
1
1
1
1
0.993928174408952
0.990140066000511
1
1
1
1
0.914105106604559
1
0.94102870307585
1
0.996404085967603
1
1
0.995250931548339
1
1
1
0.9317123463655
1
1
1
1
1
1
1
1
0.994327445822774
1
1
1
1
1
1
1
1
1
1
0.997604782277684
1
1
1
1
1
0.991185232275117
1
0.993737442744177
1
1
1
1
0.993737442744177
1
0.99243859425198
1
1
1
1
1
1
1
1
0.97213071864056
1
1
0.997456210537179
1
1
1
0.973191560867004
1
1
1
0.951111654676446
1
1
1
0.91019336773598
0.999253654665535
1
1
1
1
1
1
1
1
1
0.987599390823418
1
1
1
1
1
0.956789411463901
1
1
1
0.939129880129302
0.907626793872512
0.997489034727961
1
1
1
0.991858220843109
0.998075509859774
1
1
1
1
1
1
1
1
1
0.998075509859774
1
1
1
0.997974748042985
1
1
0.958574412257889
1
1
1
0.998216867448739
1
1
1
1
1
1
1
0.965569993409389
1
1
1
1
1
1
1
1
0.854134187315924
1
1
1
1
1
1
0.965569993409389
1
1
1
1
1
1
1
1
1
1
1
1
1
1
1
1
1
1
1
1
1
1
1
1
1
0.877031431257038
1
1
1
1
1
1
1
1
1
1
1
0.954399889009453
0.920252728442758
1
1
1
1
0.974597586994742
1
1
1
1
1
1
1
1
1
1
0.978946864854336
1
0.973163103247366
0.953589361331644
1
1
1
1
1
1
1
1
1
1
1
1
0.994042105876653
1
1
1
1
1
1
0.865542994672804
1
1
0.99668107297424
1
1
1
1
0.995900956017963
1
0.981214855837245
1
1
1
1
1
1
1
1
1
1
0.907626793872512
0.974597586994742
1
1
1
0.965588235966889
1
1
1
1
0.968609829202737
1
0.872523426366385
1
1
0.998670798555006
1
1
1
1
1
1
1
0.993829659254057
1
1
0.996861504917552
1
1
1
1
1
1
1
0.949442388653143
1
1
1
0.909818575851156
0.973391195800342
1
1
1
1
0.871855924364137
1
1
0.894519791391779
1
1
0.970467399916069
1
1
0.993084990464748
1
1
1
0.944516938647569
1
1
1
1
1
0.960863990255762
1
1
1
1
0.977470814189944
1
1
1
1
1
1
1
1
1
1
1
1
1
1
1
1
1
0.985479745728125
1
1
0.969286803715842
1
1
1
1
1
1
1
1
1
0.976289891314338
1
1
1
1
1
1
0.996861504917552
1
1
1
1
1
1
1
1
1
1
1
1
1
1
0.991905507748548
1
0.994616722854254
0.88310606250186
1
0.9317123463655
0.956789411463901
1
1
1
1
1
1
1
1
0.98787902646779
0.882124702735263
1
1
1
1
1
0.97213071864056
1
0.981214855837245
1
1
1
1
1
1
1
1
1
1
1
1
1
1
0.95841364829358
0.956029520463454
1
1
1
0.980234713062801
0.999820952707317
1
1
1
1
1
1
1
1
1
1
1
0.904603922167938
0.99922448061732
0.978946864854336
1
1
1
1
0.980134641929207
1
1
1
1
1
0.999652290686193
0.996195722731608
1
1
1
1
0.935297754616562
0.953589361331644
0.998216867448739
0.992958599850124
1
0.982723352542024
1
1
1
0.984971547577845
1
1
1
1
1
0.968609829202737
1
1
1
0.965569993409389
1
0.650861845027763
1
1
1
0.980958715908957
1
1
1
1
1
1
1
1
1
1
1
1
1
1
1
1
1
1
0.996236144356511
1
1
1
1
1
1
1
1
1
1
1
1
1
1
1
1
0.97376777470646
1
1
0.999820952707317
1
1
1
1
1
1
1
1
1
1
1
0.927981342509626
0.995358993056203
1
1
1
1
1
1
1
1
1
1
0.880571693378889
1
1
1
1
1
1
1
1
1
1
0.986857457276255
1
1
1
1
1
1
1
1
1
1
1
1
1
0.960863990255762
1
1
0.981214855837245
1
1
1
1
1
1
1
1
1
1
1
1
1
1
1
1
1
1
0.997780812869921
1
0.997098230360272
1
1
1
1
1
1
1
1
1
1
1
1
1
1
1
1
1
1
0.993767196358874
1
1
1
1
1
1
1
1
1
1
1
1
1
1
1
0.92759625632244
0.983034877309988
1
1
1
1
1
1
1
1
1
1
1
1
1
0.980234713062801
0.969384224174797
1
1
1
1
1
1
1
1
1
1
1
1
1
1
1
1
1
1
0.996195722731608
1
1
1
0.99243859425198
1
1
1
1
0.658038825032281
1
1
1
1
1
1
1
1
0.997444506079274
0.997098230360272
1
1
1
0.953589361331644
0.972378281884673
1
1
1
1
1
0.972364631675967
0.859493945260132
1
0.99243859425198
1
1
1
1
1
1
1
1
1
1
1
0.996861504917552
1
1
1
1
1
0.978762595250377
1
1
1
1
1
1
1
0.918623187140632
1
1
0.981214855837245
1
1
0.922645675725251
0.847222451307832
0.973163103247366
1
1
1
1
1
1
1
1
1
1
1
1
1
1
1
1
1
1
1
1
1
1
0.839180840506129
1
1
1
1
0.893709233288995
0.981214855837245
1
1
0.996669959578154
0.926850948278639
1
1
1
0.944516938647569
1
1
1
1
0.978515013499451
1
1
1
1
0.997444506079274
0.867922807672537
0.97376777470646
1
1
1
0.997604782277684
0.997098230360272
1
1
1
1
0.991728559705324
1
0.998216867448739
1
0.933822145544465
1
1
1
0.98802406876391
1
1
1
1
0.981214855837245
1
1
1
1
1
1
1
1
1
1
1
0.925494872893922
1
1
1
1
1
1
1
1
1
1
0.978762595250377
1
1
1
1
1
1
0.986718155193035
0.902835721642677
1
1
0.995900956017963
1
0.952152924550717
1
1
0.999253654665535
0.889776159597944
1
1
1
1
0.944523232688516
1
0.957089146822867
1
1
1
1
1
1
1
1
0.808758279543953
0.947205217745185
1
1
1
1
1
1
1
1
1
1
1
0.743369008192471
1
1
1
1
1
1
0.652286014558899
1
0.537100836269062
1
1
0.987818399866455
1
0.859116867878774
1
1
1
1
1
1
1
1
1
0.994327445822774
1
1
1
1
1
1
0.981214855837245
1
0.964493293648174
1
1
1
0.984146148513812
1
1
0.972855118465549
0.951227374224622
1
0.892484069607587
1
1
1
1
1
0.915923342160694
1
0.996820990480544
1
1
1
0.985288940028707
1
1
1
1
1
1
1
1
1
1
1
1
1
1
1
1
1
1
0.982880473129622
0.99804943575522
1
0.997974748042985
1
1
1
0.944516938647569
1
1
1
1
1
1
1
1
1
1
1
1
1
1
0.807365669223543
1
1
1
1
1
1
0.996195722731608
1
1
1
1
1
1
0.98802406876391
1
1
1
1
1
1
1
1
1
1
0.979006052513062
1
1
1
1
1
0.934756449995085
1
1
1
1
1
1
1
1
1
1
1
1
1
1
1
1
0.982862218312659
1
1
1
1
1
1
1
1
1
1
1
1
1
0.984971547577845
1
1
1
0.897875129143581
1
0.964493293648174
0.999820952707317
1
1
1
1
1
1
1
1
1
1
1
1
1
1
1
0.921731269243858
1
1
0.991560004826469
1
0.985692354308218
1
1
1
1
1
1
1
1
1
1
1
1
0.995767645467476
1
1
1
1
1
1
0.969384224174797
0.921500303931048
1
1
1
1
1
1
1
1
1
1
1
1
1
0.82171668876392
1
1
0.959711814606909
1
1
1
1
1
1
0.995358993056203
1
1
1
1
1
1
1
1
1
0.999312087669705
0.985348707969126
1
1
1
1
1
1
0.926850948278639
1
1
1
1
1
1
1
1
1
0.973773346418231
1
1
1
1
1
1
1
1
1
1
1
1
1
1
1
1
1
1
1
0.985479745728125
1
1
1
1
1
1
0.996404085967603
1
1
1
1
1
1
1
1
1
1
1
1
1
1
0.969286803715842
0.950731403244314
1
1
1
1
1
1
1
1
0.997444506079274
0.997780812869921
1
1
1
0.99489216339038
1
1
1
1
0.989328277156205
1
1
1
1
1
1
0.995508286255087
1
0.958575397883956
1
1
1
1
1
1
1
1
0.871855924364137
0.956029520463454
1
1
1
1
1
1
0.995639526878274
1
1
1
1
1
1
1
1
1
1
1
1
1
0.98787902646779
1
1
1
1
1
1
1
1
1
1
0.854134187315924
1
1
1
1
1
1
1
0.935592286326421
1
1
0.997444506079274
1
1
1
1
1
1
1
1
1
0.959711814606909
1
1
1
1
1
1
1
1
0.971026493411309
1
1
0.99804943575522
1
0.909756005376373
1
1
1
1
1
1
1
1
1
1
1
1
1
1
1
0.993519266047638
1
1
1
0.944516938647569
1
1
0.995250931548339
1
1
0.995358993056203
1
1
1
1
1
1
1
1
1
1
1
1
1
1
1
1
1
1
0.995964441395004
1
1
1
1
0.835965979400468
1
1
1
1
0.995250931548339
1
1
1
0.995618617940255
1
1
1
1
1
1
1
1
1
1
1
1
1
1
1
1
0.994616722854254
1
1
1
1
1
1
1
1
1
0.991858220843109
1
1
0.994616722854254
1
1
1
1
0.920514926890937
1
1
1
1
0.906993807668689
1
1
1
1
1
1
1
1
1
1
0.982862218312659
0.856988162042988
1
1
1
1
1
1
1
1
1
1
1
1
1
1
1
1
0.909271376201191
1
1
1
1
1
1
1
1
1
1
1
1
1
1
1
1
1
1
1
1
1
1
1
1
1
1
1
1
0.993767196358874
1
1
1
1
1
1
1
1
1
1
1
1
1
1
1
1
1
1
1
1
0.992958599850124
1
1
1
1
1
1
1
1
1
0.99243859425198
1
1
1
0.992728054991376
0.978762595250377
1
0.945334137962313
0.807365669223543
1
1
1
1
0.991185232275117
0.953173626583483
1
0.997974748042985
1
0.931891880725344
1
0.826852704882265
0.965588235966889
1
0.894386771130974
1
1
1
0.980134641929207
1
1
1
1
1
1
1
1
1
0.997136678670746
1
0.996785480024717
1
1
1
0.986718155193035
1
1
1
1
0.975844020542514
0.920252728442758
0.919832897847343
1
1
1
1
1
1
1
1
1
1
1
1
1
1
1
0.76254699858665
1
1
1
1
1
1
1
0.915590389703835
1
0.956855356818341
0.997136678670746
1
1
0.996820990480544
1
1
1
1
0.963403044890795
1
1
0.992958599850124
1
0.934568139967022
1
1
1
0.997604782277684
1
1
1
1
1
0.989328277156205
1
1
1
0.997444506079274
1
1
1
0.980398881626326
1
1
1
1
1
1
1
1
1
1
0.982862218312659
1
1
1
1
1
0.994346745667132
1
1
1
1
1
1
0.914025617753003
1
1
1
1
1
1
0.896393089491791
1
1
1
1
1
1
1
1
1
1
1
1
1
1
0.90654635967328
1
1
1
1
1
1
1
1
0.991185232275117
1
1
0.992868653056389
0.968532310946832
1
1
1
0.95841364829358
0.997604782277684
1
1
1
1
0.994229715646195
1
1
0.913025834318913
0.992958599850124
1
1
0.978366952664492
1
1
1
1
0.99746951753402
1
1
1
1
0.969384224174797
0.904939552327334
1
1
1
1
1
1
1
1
1
1
1
1
1
1
1
1
1
1
1
1
0.991963534197068
1
1
0.964207160140024
1
0.973163103247366
1
1
0.951415410746852
0.981214855837245
1
1
1
1
1
1
1
1
1
1
1
1
1
1
1
1
1
1
1
1
1
1
1
1
1
0.950618446519908
1
1
1
1
1
1
1
1
1
1
0.993751531062146
1
1
1
1
1
1
1
0.996195722731608
1
1
1
1
1
1
0.896919095316435
1
1
1
1
1
1
1
0.934568139967022
1
0.996820990480544
1
1
1
1
1
0.996492565681904
0.94648356079269
1
0.98787902646779
0.961037001387473
1
1
1
0.931897638810176
1
0.988015194625928
1
1
1
1
1
1
1
1
1
1
1
1
0.997489034727961
1
1
0.969384224174797
1
1
1
1
1
0.822316969362031
1
1
1
0.998639553213508
1
0.995358993056203
1
1
1
0.942053636657729
0.955532502365607
0.994229715646195
1
0.996404085967603
1
0.907204245251118
1
0.987599390823418
1
0.970079133785692
1
1
0.989328277156205
1
1
1
1
1
1
1
1
0.995585693322831
1
1
1
1
1
1
1
0.997834488904632
1
1
1
1
1
1
0.995705278830366
1
1
1
1
1
1
1
0.935693258818887
1
1
1
1
1
1
1
1
0.990744044292627
1
1
1
1
1
1
1
1
1
1
1
1
1
1
1
1
1
0.951400800312052
1
0.95841364829358
1
1
0.955071519015868
1
0.984971547577845
0.951988788148102
0.951227374224622
1
1
1
1
1
1
1
1
1
1
1
1
0.781533926944269
1
1
1
1
1
1
1
1
0.962026249799027
1
1
1
1
1
1
1
1
1
1
1
1
1
0.982862218312659
1
1
1
0.896511108274552
1
1
1
1
1
0.976289891314338
1
1
1
1
1
1
1
1
1
0.980241464454867
1
1
1
1
0.94102870307585
0.931533832338859
0.973898544996519
1
1
1
1
1
1
1
1
1
1
1
1
1
0.999820952707317
1
0.992576777113365
1
1
1
1
1
1
0.968609829202737
1
1
1
0.948624024029025
1
1
1
1
1
0.991185232275117
1
1
1
1
1
1
1
0.998075509859774
1
1
1
1
1
1
1
1
0.935297754616562
0.986718155193035
1
1
1
1
1
1
1
1
1
1
1
0.984971547577845
1
1
1
1
1
1
0.997604782277684
1
1
1
0.982360885792967
1
1
1
0.994982159872708
1
1
0.909756315855987
1
1
1
1
1
1
1
1
0.987716197033036
1
1
0.997604782277684
1
1
1
1
1
1
1
1
1
1
1
1
0.997974748042985
0.98132560156734
1
1
1
1
1
1
1
1
1
1
1
0.995358993056203
0.995008571261752
1
0.968609829202737
1
1
0.987716197033036
1
1
1
0.957089146822867
1
1
1
1
1
1
1
1
0.97376777470646
1
0.790687076364185
1
1
1
1
1
1
1
1
1
1
1
1
0.944523232688516
1
1
1
1
1
0.998075509859774
1
1
1
1
1
0.952432766244137
1
0.979006052513062
1
1
1
0.95841364829358
1
1
1
1
1
1
1
1
1
1
1
1
1
0.952152924550717
1
1
1
1
1
1
1
0.999312087669705
1
1
1
0.994616722854254
1
1
1
0.940231866969682
1
1
1
1
0.986718155193035
1
1
1
1
1
1
1
1
1
1
1
1
1
1
1
0.963609799506473
1
1
1
1
1
1
1
1
1
1
1
1
1
1
1
1
1
0.945237472321447
1
1
1
1
1
1
1
0.917322583328131
1
1
1
1
1
1
1
1
0.99804943575522
0.875070486919818
1
0.997834488904632
1
1
1
1
1
1
1
1
1
1
1
1
1
0.991185232275117
1
0.965588235966889
0.976289891314338
1
1
1
1
1
1
1
1
1
0.946418795887651
1
1
0.976289891314338
1
0.971382073854399
1
1
1
0.935592286326421
1
1
1
1
1
1
1
1
1
0.994616722854254
1
1
0.996820990480544
1
0.999484474002984
1
1
0.993300893085663
1
0.991185232275117
1
1
1
1
1
1
1
1
1
1
1
1
1
1
1
0.963416868478237
0.98787902646779
0.928855612999095
0.939129880129302
1
1
1
1
0.985692354308218
1
1
1
0.853118433893775
1
1
0.965275639791844
1
0.995752636520096
1
1
1
0.978946864854336
1
1
0.931891880725344
1
1
1
1
0.996382159569838
1
1
0.995508286255087
1
1
1
1
1
1
1
1
1
1
0.997253829373971
0.991560004826469
1
1
1
0.905599995989703
1
1
1
0.993767196358874
1
1
1
0.985943290048087
1
1
1
1
0.99243859425198
1
1
0.995705278830366
0.972995499908099
0.986082298265267
0.975844020542514
1
0.908607358451001
0.952432766244137
1
1
1
1
1
1
1
0.944516938647569
1
0.98802406876391
1
1
0.998639553213508
1
1
1
1
1
1
1
1
1
0.948401455636365
1
1
0.912088937130309
0.997780812869921
1
0.952280521955426
1
1
1
0.91019336773598
1
1
1
1
1
1
1
1
1
1
1
1
0.9317123463655
1
1
1
0.989492281479978
0.863201137707785
1
0.960863990255762
1
1
0.966430871697259
1
1
1
1
1
0.999047496834269
1
1
1
0.926817045561613
1
1
1
1
1
1
1
1
1
0.989281508646245
0.998216867448739
1
0.996861504917552
1
1
1
1
0.984971547577845
1
1
1
1
1
1
1
1
1
1
1
1
1
1
1
1
1
1
0.982127963526782
1
0.958575397883956
0.973898544996519
1
0.997489034727961
1
1
1
1
0.968532310946832
1
0.995752636520096
1
1
1
1
1
0.990063144230858
1
1
0.991963534197068
1
1
1
1
1
1
1
0.996820990480544
1
1
1
0.994327445822774
1
1
1
1
1
1
1
1
0.912558206304187
1
1
1
1
1
1
1
1
0.995250931548339
1
1
1
1
1
1
1
1
1
1
1
1
1
1
1
1
1
1
1
0.993767196358874
1
1
1
1
1
1
1
0.99804943575522
1
1
1
0.90996310663345
1
1
1
1
1
1
1
0.960863990255762
1
1
0.996861504917552
1
1
1
1
1
1
1
1
1
1
0.98787902646779
1
1
1
1
1
1
1
0.952038137088415
0.539540125164647
1
0.907626793872512
1
0.963416868478237
0.99804943575522
0.973898544996519
1
1
1
1
1
1
1
1
0.930066938352077
1
1
1
0.985943290048087
1
1
0.984229346805373
1
1
1
1
1
1
1
1
1
1
1
1
1
1
1
1
1
0.995900956017963
0.994327445822774
1
0.987656656935769
1
1
1
0.997444506079274
0.979006052513062
1
1
0.937153773822353
1
1
1
1
1
1
1
1
1
1
1
1
1
1
1
1
1
1
1
1
0.998216867448739
1
1
0.911645121102412
1
1
1
1
1
0.989328277156205
1
1
1
1
1
0.973773346418231
1
0.955071519015868
1
1
1
1
1
1
1
1
0.966430871697259
1
1
1
1
0.953067016164865
0.994229715646195
1
0.975303077008061
1
1
1
0.968609829202737
0.948401455636365
1
1
1
1
1
0.995705278830366
1
0.914025617753003
1
1
1
1
1
1
1
1
0.998216867448739
1
1
1
1
1
1
1
1
1
1
1
1
1
1
1
1
1
1
1
0.984261416454078
1
1
1
0.985631605292251
1
1
1
1
1
1
0.998887420826999
0.996106175698295
1
1
1
1
1
1
1
1
1
1
0.974575816618356
0.978946864854336
1
0.962468101134036
1
1
1
1
0.968609829202737
1
1
1
1
0.997489034727961
1
1
1
1
1
1
0.963609799506473
0.981595730583946
1
1
0.951400800312052
1
1
1
1
1
1
1
0.993737442744177
1
1
1
1
1
1
1
1
1
1
1
1
1
1
1
1
1
1
1
1
0.981214855837245
1
1
1
1
1
1
1
1
1
1
1
1
1
1
1
0.962468101134036
1
1
0.996404085967603
1
1
1
1
1
1
1
1
1
1
1
1
1
1
1
1
1
1
0.990674325005852
1
0.996404085967603
1
1
0.99829566099713
1
1
0.973898544996519
0.908300896027114
0.999484474002984
1
1
1
1
1
1
0.963403044890795
0.961567537471594
0.995007695255578
1
1
1
1
1
1
1
1
1
1
1
0.968045391392987
1
1
1
1
1
1
1
0.843316450940897
1
0.998216867448739
1
0.995628518420333
1
1
1
1
1
1
1
1
1
1
1
1
1
1
1
0.991858220843109
1
1
1
0.998709059019604
1
1
1
1
1
1
1
1
1
1
0.99804943575522
1
1
1
1
1
1
1
1
1
1
1
1
1
1
1
1
1
1
1
0.944516938647569
1
1
1
1
1
1
1
0.978366952664492
1
1
1
1
1
1
1
1
1
1
1
1
1
1
1
0.981214855837245
1
1
1
1
0.968609829202737
1
1
1
1
1
0.994229715646195
1
1
1
0.980134641929207
1
1
1
1
1
1
0.991728559705324
1
1
1
0.962468101134036
1
1
0.977470814189944
1
1
0.974575816618356
0.962468101134036
0.902363927940021
1
1
1
1
0.982360885792967
1
1
1
1
1
1
0.986718155193035
1
0.986090993061847
0.98132560156734
1
1
1
1
1
1
1
1
1
1
1
1
1
0.995008571261752
1
1
1
1
1
1
1
0.919446038573027
1
0.951400800312052
1
1
1
0.977574974459138
1
0.949085804545213
1
1
1
1
1
1
1
1
1
1
1
1
0.964493293648174
0.912558206304187
0.901137263818669
1
1
1
0.911645121102412
1
1
1
1
1
1
1
1
0.954399889009453
1
1
1
0.931533832338859
1
0.965569993409389
0.991963534197068
0.996018843765951
1
1
0.954509940670751
1
1
1
1
0.954399889009453
0.999484474002984
0.918623187140632
1
1
1
1
0.903749345141522
1
0.778223916653645
1
0.991185232275117
1
0.935297754616562
1
1
1
1
1
1
0.996492565681904
1
1
1
1
1
1
1
0.979580994716027
1
0.909711137236931
0.973163103247366
1
1
1
1
1
0.969898882009184
0.980894823628466
1
1
0.894856554814324
0.954399889009453
1
1
1
1
1
1
0.995008571261752
1
0.931533832338859
1
1
1
1
1
1
0.996236144356511
1
1
1
1
1
0.973191560867004
1
1
1
0.999652290686193
0.974575816618356
1
1
0.952432766244137
1
1
1
1
1
1
1
1
1
1
0.995752636520096
0.93781148389362
1
1
1
1
0.946449314366245
1
1
1
1
1
1
1
1
1
0.917322583328131
1
1
1
0.931868251346351
0.97213071864056
0.848415820698518
1
0.952038137088415
1
1
0.996236144356511
1
1
1
1
0.93180674978179
1
1
1
0.985074893855786
1
1
1
1
0.972378281884673
1
1
1
0.991858220843109
0.928855612999095
1
0.88310606250186
1
1
1
1
0.993781286349446
0.996236144356511
1
1
0.961037001387473
1
1
1
1
1
1
0.991728559705324
1
1
1
1
1
0.88403707006011
1
1
1
1
1
1
0.993519266047638
1
1
1
0.973163103247366
1
1
1
1
1
1
1
1
1
0.991963534197068
1
0.997456210537179
1
1
0.935592286326421
1
1
1
1
0.956232565552667
1
1
1
1
1
1
1
1
1
1
0.98802406876391
1
1
1
1
0.969471794040274
1
1
1
1
1
1
0.992958599850124
1
1
1
1
0.935297754616562
0.991185232275117
0.90996310663345
1
1
1
1
1
1
1
1
1
0.988640630331202
1
1
1
1
1
1
1
1
1
1
1
1
1
1
1
0.914025617753003
1
1
1
1
1
1
1
1
0.996236144356511
1
1
1
1
0.944516938647569
1
1
1
1
1
1
1
1
1
1
1
1
1
1
1
1
0.991963534197068
1
1
1
0.999820952707317
1
1
1
1
0.983034877309988
1
1
1
0.995900956017963
1
1
1
1
1
1
1
1
0.998216867448739
1
1
1
0.996236144356511
1
1
1
1
0.999652290686193
1
1
1
0.995008571261752
1
0.973898544996519
1
0.985479745728125
0.967517411472777
1
0.991560004826469
1
0.931193822776562
1
1
1
1
1
1
1
1
1
1
1
1
1
1
1
1
1
1
1
1
1
1
1
1
1
1
1
1
0.916873703408141
1
0.956232565552667
1
1
1
1
1
1
0.915089174650184
1
0.962647558222993
1
0.98787902646779
1
1
1
1
0.997489034727961
1
1
1
1
1
0.971382073854399
1
0.970919731294629
1
1
1
1
1
1
0.97376777470646
1
1
0.962468101134036
0.911977660063733
1
1
1
1
1
1
0.933822145544465
1
1
1
1
1
1
1
1
1
0.974575816618356
1
1
0.82298330654225
0.99746951753402
1
1
1
1
1
0.977190352089314
1
1
1
1
1
0.946449314366245
1
0.986090993061847
1
1
1
1
1
1
0.902835721642677
1
1
0.994229715646195
1
1
1
1
1
0.990744044292627
1
1
1
1
0.982880473129622
1
1
0.921500303931048
1
1
1
1
1
1
1
1
1
1
1
1
1
1
1
1
0.997974748042985
1
1
1
1
1
1
1
1
0.999253654665535
1
1
1
1
1
1
1
1
1
1
0.981642959454652
1
1
0.86658453541292
1
0.993751531062146
0.567553027575002
1
0.934568139967022
0.951227374224622
1
1
1
1
1
1
1
1
0.989328277156205
1
0.965366685232967
1
1
0.971382073854399
1
0.99804943575522
1
1
1
1
1
0.996861504917552
1
1
1
1
1
1
1
1
1
1
1
1
0.987656656935769
1
0.991858220843109
1
1
1
1
1
1
1
1
1
1
1
1
1
0.990063144230858
1
1
1
1
1
1
1
1
1
0.996665906692124
0.981002444047202
1
1
0.979006052513062
1
1
1
1
0.995311736345162
1
1
1
1
1
1
1
1
1
0.931378819389793
1
1
1
1
1
1
1
1
0.993928174408952
1
1
0.999312087669705
1
1
1
1
1
0.954399889009453
1
1
1
0.991858220843109
1
1
1
1
1
1
1
1
1
1
1
1
0.991858220843109
1
1
1
1
1
1
1
1
1
1
1
0.97376777470646
1
1
1
0.995250931548339
1
1
1
1
0.964493293648174
1
1
1
1
1
1
1
1
1
1
1
0.992868653056389
1
0.931891880725344
0.702735206184955
1
1
1
1
1
1
1
0.972855118465549
1
1
1
1
1
1
1
1
1
1
0.998670798555006
1
1
1
1
0.999484474002984
1
1
1
1
1
1
1
1
1
1
1
1
0.985943290048087
1
1
1
1
0.987716197033036
1
1
1
1
0.91653632399042
1
1
1
1
1
1
1
0.951400800312052
1
1
1
0.991728559705324
1
1
0.987716197033036
1
1
1
1
0.987716197033036
1
1
1
1
1
1
1
1
1
1
1
1
0.999875278735136
1
1
1
1
1
1
0.968609829202737
1
0.835268117951868
1
1
0.997834488904632
0.939129880129302
1
1
1
1
1
1
1
1
1
1
1
1
1
1
1
1
1
0.964207160140024
1
1
1
0.997253829373971
1
1
1
1
1
1
1
1
0.977190352089314
0.945552800369543
1
1
1
0.985943290048087
0.872571316761203
0.839637328424414
1
1
1
1
1
1
1
1
0.944516938647569
1
1
1
1
1
1
0.951775719714126
1
1
0.974575816618356
0.993781286349446
1
1
0.962053726377895
1
1
1
1
1
1
0.996861504917552
1
1
0.987562888624281
0.906044112585749
1
1
1
1
1
1
1
1
0.906632430150665
1
1
1
1
0.975844020542514
1
1
1
1
1
0.998216867448739
0.552693623694418
0.968932546970221
1
1
1
1
1
1
1
1
1
1
0.964493293648174
1
1
0.948624024029025
1
0.991858220843109
0.994346745667132
1
1
1
1
1
1
1
1
1
1
1
1
1
1
1
1
1
1
1
0.981214855837245
1
1
1
1
1
1
1
1
1
1
1
1
1
1
1
0.934833734020949
1
1
1
1
1
0.931193822776562
1
1
1
1
0.972378281884673
1
1
0.993781286349446
1
1
0.921731269243858
1
1
1
1
0.960863990255762
1
0.980134641929207
0.945416465524731
1
0.994982159872708
1
1
1
1
1
1
1
0.977190352089314
1
1
1
1
1
1
0.995705278830366
1
1
1
1
1
0.921731269243858
1
1
1
1
1
1
1
1
0.987716197033036
0.982862218312659
1
1
1
1
1
1
1
0.998639553213508
1
1
1
1
1
1
1
0.972277390915305
1
1
0.980134641929207
1
1
1
1
1
1
1
1
1
1
1
1
1
0.992576777113365
1
1
1
1
1
0.992958599850124
0.984971547577845
1
1
1
1
1
1
1
1
1
0.916981388551631
1
1
0.998887420826999
1
1
1
1
1
1
1
1
1
0.953067016164865
1
1
1
1
1
1
0.995900956017963
1
1
1
1
1
0.91653632399042
0.951227374224622
1
1
1
1
1
1
1
1
0.982862218312659
1
0.991858220843109
1
1
1
1
1
1
1
1
1
1
1
1
1
1
1
1
1
0.959711814606909
1
1
1
0.985288940028707
1
1
1
1
1
1
1
1
0.992576777113365
1
1
1
1
0.944516938647569
1
1
1
1
0.997444506079274
1
1
1
1
1
1
1
1
1
1
1
1
1
1
1
1
1
1
1
1
0.963416868478237
1
1
1
1
1
1
1
1
1
0.994346745667132
1
1
0.980134641929207
1
1
1
1
1
1
1
1
1
0.965193741708511
1
1
1
1
1
1
0.990744044292627
0.870337658699373
1
1
1
1
0.992728054991376
1
1
1
1
1
1
1
1
1
1
1
0.998670798555006
1
1
1
1
1
1
0.993928174408952
1
0.921731269243858
1
1
0.974575816618356
1
1
0.771274032460036
1
1
1
1
1
1
0.962468101134036
1
1
1
1
1
1
1
1
1
1
1
0.988640630331202
1
1
0.649110613293962
0.92759625632244
1
1
1
1
1
1
1
0.961037001387473
1
0.973898544996519
1
0.921500303931048
1
1
1
1
1
1
1
1
1
1
0.944516938647569
0.997780812869921
1
1
1
1
1
0.99243859425198
0.969384224174797
1
1
0.915403373906972
1
1
1
0.935297754616562
1
1
1
1
1
1
1
1
1
0.996785480024717
1
0.985479745728125
1
1
1
1
1
1
1
1
1
0.990744044292627
1
0.989281508646245
1
0.994346745667132
1
1
1
1
1
1
1
1
1
1
1
1
1
1
1
0.991858220843109
1
1
0.997489034727961
1
1
1
1
1
0.889776159597944
1
1
1
1
1
1
1
1
1
0.965588235966889
1
1
1
0.999820952707317
1
1
1
1
1
1
1
1
1
1
1
1
0.989412529981718
1
1
1
1
0.931868251346351
0.99804943575522
1
1
1
1
0.995358993056203
1
0.765097689224235
1
1
1
1
0.997098230360272
1
1
1
0.931533832338859
1
1
1
0.925392597035635
0.995900956017963
1
1
1
1
1
1
1
1
0.896821996310973
1
1
1
1
1
1
1
1
1
1
1
1
1
1
1
1
1
0.931378819389793
1
1
1
1
0.989328277156205
0.985479745728125
1
1
0.978946864854336
1
1
1
1
1
0.997444506079274
0.990674325005852
1
1
1
0.988015194625928
1
1
1
1
0.999820952707317
1
1
1
1
1
0.944473811371136
1
0.99668107297424
1
1
1
1
1
1
1
1
0.993781286349446
1
1
0.98617390081841
0.996861504917552
1
0.973773346418231
1
1
0.972378281884673
0.898816193553905
1
1
1
1
1
1
1
1
1
0.99922448061732
1
1
1
1
1
1
1
1
1
0.990674325005852
0.874952932478715
1
1
1
0.907626793872512
1
1
0.945446487073497
1
1
0.963416868478237
1
0.99713281259353
1
0.988015194625928
1
1
1
0.99668107297424
0.975356713084829
0.998639553213508
1
1
1
1
1
0.993781286349446
0.904939552327334
1
1
1
1
1
0.998639553213508
1
0.977470814189944
1
1
1
0.651858059809557
1
0.972378281884673
1
1
1
1
1
0.993751531062146
1
1
0.921731269243858
0.994982159872708
1
1
1
1
0.997834488904632
0.980241464454867
1
0.983935259693388
0.996236144356511
0.856988162042988
1
1
0.935693258818887
1
1
1
1
1
0.999820952707317
1
1
1
1
1
1
0.960480614177399
1
0.96904165861515
1
1
1
1
0.995007695255578
0.861868906783562
0.982862218312659
1
1
0.996861504917552
1
1
0.948350663508448
0.959711814606909
1
1
1
1
1
1
1
1
1
1
1
0.981642959454652
1
1
1
0.859571639231387
0.954509940670751
1
1
1
0.951400800312052
1
0.998639553213508
0.969898882009184
1
1
1
1
0.985943290048087
1
1
1
1
0.995705278830366
1
1
1
1
1
0.887732743590074
1
0.930009753344267
1
1
1
0.962647558222993
1
1
1
1
1
1
0.999484474002984
1
1
1
1
1
1
1
1
1
1
1
1
1
0.951227374224622
1
1
1
1
1
0.984195815111629
1
1
1
0.997834488904632
1
1
1
1
1
1
1
1
1
1
0.921500303931048
0.985479745728125
1
1
1
1
0.946685677575398
1
1
1
1
1
0.860387864811294
1
1
0.997974748042985
1
0.877031431257038
1
0.999047496834269
1
1
1
1
1
0.969384224174797
1
0.981214855837245
1
0.97376777470646
1
1
1
0.979580994716027
1
1
0.994327445822774
1
1
1
0.973898544996519
1
0.995311736345162
0.937153773822353
1
1
0.958922832769862
1
0.994982159872708
0.917322583328131
0.951227374224622
1
0.993690593273533
1
1
0.996785480024717
1
1
1
1
1
0.994229715646195
1
1
1
1
1
0.964493293648174
1
1
1
1
1
1
1
1
1
0.985074893855786
1
1
0.995008571261752
1
1
0.981214855837245
1
1
1
1
1
1
0.98617390081841
1
1
1
1
1
0.996236144356511
1
1
1
1
0.57581744005218
1
1
1
1
1
0.837591757965643
1
1
1
1
1
1
0.956789411463901
1
1
1
1
1
1
1
0.96418343648061
1
1
1
1
1
1
1
1
1
1
0.995964441395004
1
0.975960959745105
1
1
1
1
1
1
1
1
1
0.92207785186355
0.999875278735136
1
1
1
1
1
0.994229715646195
0.976289891314338
1
1
1
1
0.953173626583483
1
1
0.888067419234978
0.931891880725344
1
1
0.973163103247366
1
1
1
1
1
1
1
1
1
1
1
1
1
1
1
1
1
1
0.86744741957245
1
1
1
1
0.996820990480544
1
1
1
1
1
1
1
1
0.995705278830366
1
1
1
1
1
1
1
0.975844020542514
1
1
1
1
1
0.995900956017963
1
1
1
1
1
1
0.980241464454867
1
1
1
1
0.985479745728125
1
1
0.951227374224622
1
1
1
0.965588235966889
1
0.941422694985448
0.860229360802608
1
1
1
1
1
1
1
1
1
1
1
0.989513837677816
1
1
1
1
0.982880473129622
0.989328277156205
1
1
0.95329216495742
1
1
1
1
0.951227374224622
1
1
1
1
1
1
1
1
1
0.974575816618356
1
1
1
1
0.912088937130309
1
1
1
1
0.867922807672537
1
1
1
1
1
1
1
0.99746951753402
0.957089146822867
1
1
1
0.985479745728125
1
1
1
1
1
1
1
1
1
1
1
1
1
1
1
1
1
1
1
1
1
1
1
1
0.999484474002984
1
1
1
1
1
1
1
1
1
1
1
0.952152924550717
1
1
1
0.945324919940049
1
1
1
0.997098230360272
1
1
1
1
1
1
1
1
1
0.922231534704978
1
1
1
1
0.996820990480544
1
0.97213071864056
1
1
1
1
1
1
1
1
1
0.989513837677816
0.872523426366385
1
1
1
1
1
0.989328277156205
1
1
1
1
1
1
1
1
1
1
1
1
1
1
1
1
0.979006052513062
1
1
1
1
0.977470814189944
1
1
1
1
1
1
1
1
1
1
1
1
0.99746951753402
1
1
0.986782075145048
1
1
1
1
0.931891880725344
1
0.92759625632244
1
1
1
0.980958715908957
0.978515013499451
1
1
1
1
1
1
1
1
1
1
1
1
1
1
1
1
1
1
1
1
0.94102870307585
1
1
1
1
1
1
1
1
1
1
1
1
1
1
1
1
1
1
1
1
1
1
1
1
1
1
1
0.65711026149276
1
1
1
1
0.991728559705324
1
1
1
1
1
0.98132560156734
1
1
1
0.984146148513812
1
1
0.962468101134036
1
1
1
1
1
1
1
0.996785480024717
0.989412529981718
0.98617390081841
1
1
1
1
1
0.835960472930648
1
1
1
1
1
1
1
1
1
1
1
0.932041595308891
1
1
1
1
1
1
1
1
1
1
1
1
1
1
1
0.931897638810176
1
1
1
1
0.999875278735136
1
1
1
1
1
1
1
1
1
1
1
1
1
1
0.980134641929207
1
1
1
1
1
1
1
1
1
1
0.97376777470646
1
1
1
1
1
1
1
1
1
1
1
1
0.960863990255762
1
1
1
0.994982159872708
0.981553251320292
1
1
0.991905507748548
1
0.999312087669705
1
1
1
1
1
1
1
1
1
1
1
1
1
1
0.996861504917552
1
1
1
1
1
1
1
1
1
0.986718155193035
1
0.994229715646195
1
1
1
1
1
1
0.999312087669705
1
1
0.993767196358874
1
0.978366952664492
1
1
1
1
1
1
1
1
1
1
1
1
1
1
1
0.97880880612405
1
1
1
1
1
1
1
1
1
1
1
0.934568139967022
1
1
1
1
1
1
1
0.972364631675967
1
1
1
1
1
1
1
1
1
1
1
1
1
1
1
1
1
0.992958599850124
0.986718155193035
0.998075509859774
1
1
1
1
1
1
1
1
1
1
1
1
1
1
1
1
1
1
1
1
0.956789411463901
1
1
1
0.975356713084829
1
1
0.950377825061019
1
1
1
0.926850948278639
1
1
1
1
1
1
1
1
1
1
1
1
0.999820952707317
1
1
1
1
1
1
1
1
1
1
1
1
1
1
1
1
1
1
1
1
0.995618617940255
1
0.944516938647569
0.969384224174797
1
1
1
1
1
1
1
1
1
1
1
1
1
1
1
1
1
0.939129880129302
1
1
0.981143414310927
1
1
1
1
1
1
1
1
1
1
0.978366952664492
1
1
1
1
1
1
1
1
1
0.995639526878274
1
0.996785480024717
1
1
0.997098230360272
1
1
1
1
1
1
1
0.965569993409389
1
0.932041595308891
0.885598468326979
1
1
1
1
1
1
1
1
1
1
1
0.996404085967603
1
0.99804943575522
1
1
1
0.912558206304187
1
1
1
1
0.980134641929207
1
1
1
1
1
0.89775741557507
1
1
1
1
1
1
1
1
1
1
1
1
0.89260367520892
1
1
1
1
1
1
1
1
1
1
1
1
1
1
1
1
1
1
1
1
1
0.996820990480544
1
1
1
1
1
1
1
1
0.986718155193035
1
1
1
1
1
0.95841364829358
1
1
1
1
1
1
1
1
1
1
1
1
1
1
1
1
0.998670798555006
1
1
1
1
1
1
1
1
1
1
1
1
1
0.999484474002984
1
0.996820990480544
1
1
1
0.957089146822867
0.994962072817887
1
1
1
1
0.968609829202737
1
1
1
1
1
0.982723352542024
1
1
1
1
1
1
1
1
1
1
1
0.966361946595082
0.99922448061732
1
1
1
1
1
1
1
1
1
1
1
1
1
1
1
1
1
1
0.996669959578154
1
1
0.897073728698858
1
0.972277390915305
1
0.999253654665535
0.867369485719405
1
1
1
0.958922832769862
1
1
0.968045391392987
0.963609799506473
1
1
1
1
1
0.968609829202737
1
1
0.958633225532197
0.999820952707317
1
1
1
1
1
0.998075509859774
1
1
1
1
1
0.980958715908957
1
1
0.978515013499451
1
1
1
1
1
1
1
1
1
1
1
1
1
1
1
1
1
1
0.906993807668689
1
1
1
1
1
0.940231866969682
1
1
1
1
1
1
0.77306245682709
0.911016157641958
1
1
1
1
0.965193741708511
1
1
1
1
1
0.93781148389362
0.996861504917552
1
1
1
1
1
1
1
0.979580994716027
1
1
1
1
0.998075509859774
1
1
1
1
1
1
1
1
0.918623187140632
1
1
0.911645121102412
1
1
0.958633225532197
1
1
1
1
1
1
1
1
0.951111654676446
1
1
1
1
0.993781286349446
1
1
0.995964441395004
1
1
1
1
1
1
1
1
1
1
1
1
1
1
1
1
1
1
1
1
1
1
1
1
1
0.981815734504013
1
1
1
1
1
1
1
1
1
1
1
1
1
1
0.95329216495742
1
1
1
1
1
1
1
1
1
1
1
1
1
1
1
1
1
1
1
1
1
1
1
0.954748669524432
1
1
1
1
1
1
1
0.931868251346351
1
1
1
1
1
1
1
1
1
1
1
1
1
1
1
0.997780812869921
1
1
0.727705650777102
0.925764130236102
1
0.933822145544465
1
1
1
1
1
0.909756005376373
1
1
0.945237472321447
1
1
1
1
0.931193822776562
1
1
1
1
1
1
0.935359625260576
0.978515013499451
1
0.761166295616778
1
1
1
1
1
1
0.922257255408118
1
1
0.962468101134036
1
0.937153773822353
1
1
1
1
1
1
1
1
1
1
1
0.995311736345162
1
0.973832628578174
1
1
1
1
1
1
1
1
1
1
1
1
0.9317123463655
0.937153773822353
1
0.985943290048087
1
0.954509940670751
0.859595541246502
1
1
0.981642959454652
1
1
1
1
0.980134641929207
1
1
0.84338180333242
1
0.991560004826469
1
0.997738642961843
1
1
1
0.884784668105552
1
1
1
1
1
1
0.990063144230858
1
1
1
1
1
0.973898544996519
1
1
1
1
1
1
0.951775719714126
1
1
1
1
1
0.909711137236931
1
1
1
1
1
0.941422694985448
1
1
1
1
1
1
1
1
1
1
1
1
0.986718155193035
1
1
1
1
1
1
1
0.969384224174797
1
1
1
1
1
1
1
1
1
1
0.995639526878274
1
1
1
1
1
1
1
1
0.896511108274552
1
1
1
1
1
0.978366952664492
1
1
1
1
1
1
1
1
1
1
1
1
1
1
1
1
0.927981342509626
1
1
1
1
1
1
1
1
1
0.975960959745105
1
1
1
1
1
1
1
1
1
1
1
1
1
1
1
1
1
0.995752636520096
1
1
1
1
1
0.974287692635346
1
1
1
1
1
1
0.879374983645647
1
1
1
1
1
1
1
0.987684850217841
1
1
0.99922448061732
1
1
1
1
0.984195815111629
1
1
0.962468101134036
1
0.966361946595082
0.955532502365607
1
1
1
1
1
1
1
1
1
1
1
1
1
0.971029817463004
1
1
1
1
1
1
1
1
0.98787902646779
1
1
0.945237472321447
1
1
0.836537511603696
0.998639553213508
1
1
1
1
1
1
1
0.900144175511632
1
1
0.901887554626095
0.966430871697259
1
1
1
0.966301063044394
0.987599390823418
1
1
1
1
1
1
0.982723352542024
1
0.99804943575522
0.999484474002984
1
1
0.978515013499451
1
1
1
0.992868653056389
1
1
1
1
1
0.991905507748548
1
0.996404085967603
1
0.953067016164865
0.997098230360272
1
1
0.986090993061847
1
0.997444506079274
1
1
1
1
1
1
1
1
1
1
1
0.97376777470646
1
1
1
0.997489034727961
1
1
1
1
1
1
1
1
0.914871717943592
1
0.995705278830366
1
1
0.940039958219487
0.900172863540963
0.995900956017963
1
1
0.995900956017963
1
1
1
1
1
1
1
1
1
1
1
1
1
0.966430871697259
1
1
0.965193741708511
1
1
0.998075509859774
1
1
0.94102870307585
1
1
0.953067016164865
1
1
1
1
1
1
1
1
1
1
1
1
0.969384224174797
1
0.972995499908099
1
1
1
1
1
0.894122700344205
0.974597586994742
1
0.973163103247366
1
1
1
1
1
1
1
0.993767196358874
1
1
1
1
1
1
0.979006052513062
1
1
0.911645121102412
1
1
0.989492281479978
0.964493293648174
1
1
1
1
1
1
1
1
1
1
0.990674325005852
1
1
1
1
0.995358993056203
0.995358993056203
1
0.99804943575522
1
1
1
1
1
1
1
1
1
1
1
1
0.982360885792967
0.954399889009453
0.953589361331644
1
1
1
1
1
0.995508286255087
0.849832477527368
1
1
1
1
1
1
1
1
0.998075509859774
1
1
1
0.945237472321447
0.977574974459138
0.94102870307585
1
1
1
1
1
1
1
1
1
1
1
0.997456210537179
0.99713281259353
1
1
1
1
1
1
1
1
1
1
1
1
1
1
1
1
1
1
1
1
1
1
1
1
1
1
1
1
0.965275639791844
0.79176898024803
1
0.999875278735136
1
1
1
1
1
1
1
1
1
1
1
1
1
1
1
0.981143414310927
1
1
1
1
1
1
1
0.981214855837245
1
0.957089146822867
1
1
1
1
1
1
1
1
1
0.920156970743313
1
0.916873703408141
0.932054961196368
1
1
1
1
1
1
1
1
1
1
0.959711814606909
1
1
1
1
1
0.911645121102412
1
1
1
0.975356713084829
1
1
1
1
0.997974748042985
0.942053636657729
1
0.991728559705324
1
1
1
1
1
1
1
1
0.992576777113365
1
1
1
1
1
1
1
1
1
1
0.99922448061732
1
1
1
1
1
1
1
1
1
1
1
1
1
1
1
1
0.990744044292627
1
1
1
1
1
1
1
1
0.985479745728125
1
0.603752969089063
1
1
1
1
0.81506610151372
1
1
0.95464088806433
1
1
1
0.999253654665535
1
1
1
1
0.932054961196368
1
0.895183342428902
1
1
1
1
1
1
1
1
1
1
1
0.995358993056203
1
1
1
1
1
1
1
1
0.880614976476299
1
1
0.988696803166833
1
1
1
1
0.965569993409389
1
1
1
1
1
1
1
1
1
1
0.982862218312659
1
1
0.877163273284452
1
1
0.969286803715842
1
1
1
1
1
1
1
1
1
1
1
0.944516938647569
1
1
1
1
1
1
1
1
1
1
1
1
1
1
1
1
1
0.960480614177399
1
1
0.999875278735136
1
1
1
0.976289891314338
1
1
0.906269829073452
1
1
1
1
0.902835721642677
1
1
1
1
1
1
1
1
1
0.951988788148102
1
1
1
1
1
1
1
0.954399889009453
1
1
1
1
1
1
1
1
1
1
1
1
0.996195722731608
0.944189058003428
1
1
1
1
1
1
0.997834488904632
1
1
1
1
1
0.981214855837245
1
1
1
1
1
1
0.9317123463655
1
1
1
0.99804943575522
1
1
1
1
1
1
1
1
1
1
1
1
1
1
1
1
0.995900956017963
1
0.989328277156205
1
1
1
1
1
1
1
1
1
1
1
1
1
1
1
1
1
1
1
1
1
1
1
1
0.991858220843109
1
1
0.992958599850124
1
0.98132560156734
1
1
0.995752636520096
1
0.990140066000511
1
1
1
1
1
1
1
0.963609799506473
1
0.972378281884673
1
1
1
1
1
1
1
0.941341356302038
0.984229346805373
1
1
0.925392597035635
0.997604782277684
0.99804943575522
0.997974748042985
1
1
0.985584183159083
1
1
1
1
1
1
0.941341356302038
1
1
1
1
1
1
1
0.999820952707317
1
1
0.931533832338859
0.959711814606909
1
1
1
1
1
1
1
1
1
1
0.88403707006011
1
1
1
1
1
1
1
1
0.984195815111629
0.992868653056389
1
1
1
1
1
1
1
1
1
1
0.994346745667132
1
1
1
1
1
1
1
0.951415410746852
0.985943290048087
1
0.973898544996519
0.99804943575522
1
1
1
1
1
1
1
1
1
1
1
0.940039958219487
1
1
1
1
1
1
1
1
0.927981342509626
0.962641904398679
1
1
1
1
1
1
1
0.914676134304568
0.993781286349446
1
0.948624024029025
1
1
1
1
1
0.837343317974901
1
0.837825459363323
1
1
1
1
0.999875278735136
1
1
1
1
1
1
0.990063144230858
1
1
1
1
1
1
1
1
0.910326415365306
1
1
0.989328277156205
1
1
0.963609799506473
0.991185232275117
1
1
1
1
1
0.980134641929207
0.987684850217841
1
1
1
1
1
1
1
1
1
1
1
0.952432766244137
1
1
1
1
1
1
1
1
0.835592069892347
1
1
0.970450578979321
1
1
1
1
0.798773483523449
1
1
0.99804943575522
1
1
1
0.982360885792967
1
1
1
1
1
0.994327445822774
1
1
1
0.999312087669705
0.926850948278639
1
1
1
1
1
0.978151018108416
1
1
1
0.941341356302038
1
1
1
1
0.956789411463901
1
1
0.994042105876653
1
1
1
1
1
1
1
1
1
1
1
1
1
1
1
1
1
0.992613943964177
1
1
1
0.996492565681904
1
1
1
1
0.965569993409389
0.955532502365607
0.995358993056203
1
1
1
1
1
1
1
0.969384224174797
0.914025617753003
1
1
1
1
1
1
0.968609829202737
1
1
1
1
0.862303344060891
1
1
1
1
0.959711814606909
1
0.981002444047202
1
1
0.991185232275117
1
1
1
0.962053726377895
1
1
1
1
1
1
1
1
1
0.977470814189944
1
1
1
1
1
1
1
1
1
1
1
0.924480669255158
1
1
1
1
1
1
1
1
0.92759625632244
0.949442388653143
1
1
0.914800372690217
1
1
1
1
1
0.99490875688085
1
1
1
1
1
1
0.975181360358239
1
1
1
0.992576777113365
1
0.973576199571818
1
0.906269829073452
1
1
1
1
1
0.862426325409527
1
1
1
1
1
1
1
1
0.998670798555006
0.959281484222337
1
1
1
1
0.992728054991376
1
1
1
1
1
1
1
1
0.995508286255087
1
1
1
1
1
0.911645121102412
1
0.942479511753066
1
1
1
0.951227374224622
0.960480614177399
1
1
1
1
1
1
1
1
1
0.998075509859774
1
1
1
1
1
0.950377825061019
1
0.948124578472852
1
1
1
1
1
1
1
1
1
1
1
0.994982159872708
1
1
1
0.97376777470646
1
1
1
1
1
1
1
1
1
1
1
1
1
1
1
0.900144175511632
1
0.899473420974465
1
1
0.845083881132163
0.935359625260576
1
1
0.95329216495742
1
0.969384224174797
1
1
1
1
0.996820990480544
1
1
0.922380252906073
1
1
1
1
1
1
1
1
1
1
0.979006052513062
0.992728054991376
1
0.991560004826469
1
1
1
1
1
1
0.790650791063911
0.974575816618356
1
0.950731403244314
1
1
0.910232905146913
1
1
1
0.998887420826999
1
1
1
1
1
1
1
1
1
1
1
1
1
1
1
1
1
1
1
1
0.875071583036254
0.99668107297424
1
1
1
1
1
1
1
1
0.866136351420807
0.995250931548339
1
1
1
1
1
1
1
1
1
1
0.98802406876391
1
1
1
1
1
1
1
1
1
1
1
1
0.998216867448739
0.984971547577845
1
1
1
1
1
1
1
1
1
1
0.928265513260903
1
1
1
1
1
1
0.981143414310927
1
1
1
1
1
1
1
1
1
1
1
1
1
0.998216867448739
1
1
1
0.909271376201191
1
1
1
1
1
1
0.980134641929207
1
1
1
1
0.998887420826999
1
1
1
1
1
1
1
1
1
1
1
1
1
1
1
1
1
1
1
1
1
1
0.935297754616562
1
1
1
0.955532502365607
0.867922807672537
1
1
1
0.997834488904632
1
1
1
1
0.98787902646779
1
1
1
1
1
1
1
1
1
1
1
1
1
1
1
1
1
1
1
1
1
0.995628518420333
1
1
1
1
1
1
1
1
1
1
1
0.948401455636365
1
1
1
1
0.989513837677816
1
1
1
1
1
0.977470814189944
0.974575816618356
1
0.991185232275117
1
1
1
1
0.994982159872708
1
1
1
1
1
0.987562888624281
0.995628518420333
1
1
1
0.991728559705324
1
1
1
1
1
1
1
1
1
1
1
0.966430871697259
1
0.899186870630009
1
0.997098230360272
1
1
1
1
1
1
1
1
0.944189058003428
1
0.991963534197068
1
0.994982159872708
1
1
1
1
1
0.997444506079274
1
1
1
1
1
1
1
1
1
1
1
1
0.963609799506473
1
1
1
1
0.995358993056203
0.863171275263898
1
1
1
1
1
0.978515013499451
1
1
0.961037001387473
1
1
1
1
1
1
1
1
1
0.996404085967603
0.971026493411309
1
1
1
1
1
1
1
1
1
1
0.997098230360272
1
0.945334137962313
0.931193822776562
1
1
1
0.906993807668689
0.999875278735136
0.981214855837245
1
1
0.925764130236102
1
1
1
1
0.948401455636365
1
0.965569993409389
1
1
0.919446038573027
1
1
0.981214855837245
1
0.874506216780862
1
0.991963534197068
0.82171668876392
1
1
1
1
0.951227374224622
1
1
1
1
0.911977660063733
0.977470814189944
1
1
1
0.978366952664492
0.887796014718287
1
1
1
1
1
1
1
1
0.937467919725799
1
1
1
1
0.988038180327815
1
0.917322583328131
1
1
1
1
1
1
1
1
0.880879229369054
1
1
1
0.964493293648174
1
1
1
1
1
1
1
0.91019336773598
1
1
1
1
1
1
1
1
0.963609799506473
1
0.932041595308891
1
1
1
1
1
1
0.993767196358874
1
1
1
0.991728559705324
1
1
0.894856554814324
1
1
1
1
1
0.928265513260903
0.975844020542514
1
1
1
1
1
1
1
0.980398881626326
1
1
1
1
0.963416868478237
0.822974077105151
1
0.994229715646195
1
1
1
1
1
1
0.999253654665535
1
0.996820990480544
0.991560004826469
1
1
0.989328277156205
1
1
0.939129880129302
0.951415410746852
0.917322583328131
1
0.936268199043786
1
1
1
1
1
0.973163103247366
1
1
1
1
0.906993807668689
1
1
1
1
1
1
1
1
1
1
1
1
1
1
0.998216867448739
1
0.989328277156205
1
1
1
1
1
1
1
1
1
1
0.998887420826999
1
1
1
1
1
1
1
1
1
0.981553251320292
1
1
1
1
1
1
1
1
1
1
1
1
1
1
1
1
1
1
1
1
1
1
1
1
1
1
1
1
1
1
1
1
1
1
1
1
0.958922832769862
1
1
1
0.980134641929207
1
1
1
1
1
1
1
1
1
1
1
0.976289891314338
1
1
0.955532502365607
1
1
1
1
1
1
1
1
1
1
1
1
1
1
1
1
1
1
1
1
1
1
1
1
1
1
1
1
1
1
1
1
0.874952932478715
1
1
1
1
0.924837130526823
1
0.973163103247366
1
1
1
1
1
0.982880473129622
1
1
1
1
1
1
1
1
0.998887420826999
1
1
1
1
1
1
1
1
1
1
1
0.987716197033036
1
1
0.978762595250377
1
1
1
1
1
0.894302129055796
1
1
1
1
1
1
1
1
1
1
1
1
1
1
0.970115096805463
0.975844020542514
1
1
1
1
0.98617390081841
1
1
1
1
1
1
1
1
1
1
1
1
1
1
1
0.921500303931048
1
1
1
1
1
0.796476926253253
1
1
0.945446487073497
1
1
1
0.999047496834269
1
1
1
1
1
1
1
1
1
1
1
1
1
1
0.963609799506473
0.98787902646779
1
1
1
1
1
1
1
1
1
1
1
1
1
1
0.989492281479978
0.995008571261752
1
0.761500973507497
1
1
1
1
1
1
0.97213071864056
1
1
1
1
1
1
1
0.966361946595082
1
1
1
0.99668107297424
0.989513837677816
1
1
1
0.997780812869921
1
1
1
1
1
1
1
1
1
1
1
0.980241464454867
0.929296611187539
1
0.951400800312052
1
1
0.999875278735136
0.98787902646779
0.971382073854399
1
1
0.997780812869921
0.996861504917552
1
1
1
1
1
1
1
1
0.862612805826365
0.985479745728125
1
1
1
1
0.529222210922445
1
1
1
1
1
1
1
1
1
1
1
1
1
1
1
1
0.993781286349446
1
1
1
1
1
0.965588235966889
1
1
1
0.781394388664162
0.995964441395004
1
1
0.929296611187539
1
1
1
1
0.746070680923323
1
1
1
0.98787902646779
0.84970604836714
1
0.99746951753402
1
1
1
1
1
1
0.931891880725344
1
0.931868251346351
1
1
1
1
1
1
0.999253654665535
1
1
1
1
1
0.991728559705324
1
0.966430871697259
1
1
1
1
1
1
1
1
1
1
0.89775741557507
1
1
1
1
1
0.999253654665535
1
1
1
1
0.993737442744177
1
1
1
1
0.894302129055796
1
1
1
1
1
1
0.972378281884673
1
0.984261416454078
1
1
0.996195722731608
1
1
1
1
1
1
1
1
1
1
1
1
1
1
0.986718155193035
1
1
1
1
1
0.996669959578154
1
1
0.978366952664492
1
1
1
1
1
0.969384224174797
1
1
1
1
0.970557742068877
1
1
1
1
1
1
1
1
1
1
1
1
1
1
1
1
0.993737442744177
1
0.972378281884673
1
1
0.987656656935769
1
1
1
1
1
1
1
1
0.926850948278639
1
1
1
1
1
0.961037001387473
1
0.982862218312659
1
0.982862218312659
1
0.998075509859774
0.963403044890795
1
1
1
1
1
1
1
1
1
1
1
1
0.900290111905475
0.995465270099604
1
1
1
1
0.948350663508448
0.991560004826469
1
1
1
1
1
1
0.994346745667132
0.997604782277684
1
0.999820952707317
0.987599390823418
1
1
1
1
1
0.996492565681904
1
1
1
0.914676134304568
1
1
0.884784668105552
1
1
0.995008571261752
1
1
1
0.994616722854254
1
1
1
1
1
1
1
1
1
0.963416868478237
1
1
1
1
1
1
1
1
1
0.995628518420333
0.995250931548339
1
1
1
0.824681254851389
1
1
1
1
0.980398881626326
1
1
1
1
1
1
1
0.982862218312659
1
1
1
1
1
1
1
0.971935757068533
1
1
1
1
1
0.961037001387473
1
1
1
1
1
1
0.990674325005852
1
0.958633225532197
0.979199992034395
1
1
1
1
1
1
1
1
1
1
1
1
1
0.99668107297424
1
1
1
1
1
1
1
1
1
1
1
1
0.97093232289709
1
1
0.993519266047638
1
0.993751531062146
0.992958599850124
1
0.995159892240263
1
0.965366685232967
1
1
1
1
1
1
0.860799969513661
1
0.999047496834269
1
1
1
1
1
1
1
0.975142977795675
1
1
1
1
0.909756005376373
1
1
1
1
1
1
1
0.935592286326421
1
1
1
1
1
1
1
1
0.961037001387473
1
1
1
1
1
1
1
1
1
1
1
1
1
1
0.970272852675583
1
0.969898882009184
1
1
0.905599995989703
1
0.966361946595082
0.996820990480544
1
1
1
1
0.909479613347896
0.962468101134036
0.995358993056203
1
1
1
1
1
1
0.963609799506473
1
1
1
1
1
0.989328277156205
1
1
1
1
0.999652290686193
1
1
1
1
0.996820990480544
1
1
1
1
0.988696803166833
1
1
0.972378281884673
1
0.997136678670746
1
1
1
0.936268199043786
1
0.964207160140024
1
1
1
1
1
1
1
0.915089174650184
1
0.985721022585333
1
1
1
1
1
1
0.989513837677816
0.981143414310927
1
1
1
0.937493579377825
1
0.985074893855786
1
1
1
1
1
1
1
0.956232565552667
1
1
1
1
1
0.965193741708511
0.835302407142007
1
0.955071519015868
1
0.993737442744177
1
1
0.959142326226899
1
1
0.996404085967603
1
1
0.999820952707317
1
1
1
1
1
1
0.961037001387473
1
1
1
0.992860118017285
1
1
1
0.921500303931048
1
1
1
1
1
1
1
0.985074893855786
1
1
0.999652290686193
1
1
1
0.961037001387473
0.988038180327815
1
1
1
1
0.91653632399042
1
0.993690593273533
1
1
1
0.943726986636796
1
1
1
0.99922448061732
0.996195722731608
0.956789411463901
1
1
1
0.995008571261752
0.984146148513812
1
1
0.914752269656786
1
0.822316969362031
0.991185232275117
1
1
1
1
1
0.890298983963375
1
1
1
1
0.988015194625928
1
1
1
1
1
1
0.935592286326421
1
1
1
1
0.994982159872708
1
1
1
1
1
1
1
1
0.964493293648174
1
1
0.992704477300954
1
1
0.944189058003428
1
1
1
1
1
1
0.99746951753402
1
0.951928966768159
1
1
1
1
1
0.99804943575522
0.914752269656786
1
1
1
1
1
0.953067016164865
1
1
1
1
0.901887554626095
1
1
1
1
1
1
1
1
1
0.981642959454652
1
1
0.992728054991376
1
0.973895997449071
1
1
1
1
0.99243859425198
1
1
1
1
1
0.989492281479978
1
1
1
1
1
1
0.944516938647569
1
1
1
0.996785480024717
1
1
1
1
0.988015194625928
1
1
1
1
1
0.929296611187539
1
0.993737442744177
0.997489034727961
1
1
1
1
1
1
1
0.983935259693388
1
1
1
1
1
1
0.746070680923323
1
0.969898882009184
1
1
1
1
1
1
1
1
1
1
0.971382073854399
1
1
1
1
1
1
1
1
1
1
1
0.996236144356511
1
1
1
1
1
0.973391195800342
0.974575816618356
1
1
1
1
1
0.972378281884673
1
1
1
1
1
1
1
1
1
1
1
1
1
1
0.996785480024717
0.972378281884673
0.992728054991376
1
1
1
1
1
1
1
1
1
1
1
1
0.924480669255158
0.982360885792967
0.985074893855786
1
1
0.986090993061847
1
0.990744044292627
1
1
1
1
1
1
0.997974748042985
1
0.727705650777102
1
1
1
0.885598468326979
1
1
1
1
1
1
1
1
0.808786921997907
1
1
1
0.956789411463901
1
1
0.972277390915305
1
0.866136351420807
0.922380252906073
1
1
1
1
1
1
0.995964441395004
1
0.939129880129302
1
1
1
1
1
1
1
1
1
1
1
1
0.965588235966889
1
0.933822145544465
0.945446487073497
1
1
1
0.991560004826469
0.966430871697259
0.972277390915305
1
1
1
1
1
1
1
1
1
1
0.988015194625928
1
1
1
1
1
1
1
1
1
1
1
0.996820990480544
1
1
1
1
1
0.986857457276255
1
1
0.957685987996778
0.900290111905475
1
1
1
1
1
1
1
1
1
1
1
0.790687076364185
1
1
0.999047496834269
1
0.997456210537179
0.992576777113365
0.932054961196368
1
1
1
1
1
1
1
1
1
1
1
0.968609829202737
1
0.997444506079274
0.991728559705324
1
1
1
1
1
1
1
1
1
0.961037001387473
1
1
0.972502841971178
0.965588235966889
0.856282915973471
1
0.890298983963375
1
0.996820990480544
1
1
1
1
1
1
1
1
1
1
0.979006052513062
1
1
1
1
1
0.942479511753066
1
1
0.977574974459138
1
0.952432766244137
1
1
1
1
1
0.995250931548339
1
1
1
1
1
1
1
1
1
1
1
1
1
1
0.966430871697259
1
1
1
1
1
1
0.499537885941906
0.995358993056203
0.996669959578154
1
0.972364631675967
1
1
1
1
1
1
1
0.908578764982409
0.972378281884673
0.951400800312052
0.976928834790817
1
1
1
1
1
1
1
1
1
1
1
1
1
1
1
0.954509940670751
1
0.995250931548339
1
1
1
1
1
1
1
0.867369485719405
0.88403707006011
1
1
1
1
1
1
1
1
1
1
0.846764097010443
1
1
1
1
1
1
1
0.997489034727961
1
1
1
1
1
1
1
1
1
1
1
0.984195815111629
1
1
1
1
1
1
1
1
1
1
0.986718155193035
1
1
0.999875278735136
0.976397622987331
1
1
1
1
0.960863990255762
1
1
1
1
1
1
1
1
1
1
1
1
1
1
0.998709059019604
1
0.998887420826999
1
1
1
1
1
1
1
0.990674325005852
1
1
0.975303077008061
1
1
1
1
1
1
1
1
1
1
0.931868251346351
1
1
1
0.909271376201191
1
1
1
0.988015194625928
1
0.981815734504013
1
1
1
1
1
1
1
1
1
1
1
1
1
1
1
0.894886627621109
1
1
1
1
0.761500973507497
1
1
1
1
1
1
1
1
1
1
1
1
0.994982159872708
1
1
1
1
0.993690593273533
0.994229715646195
1
1
0.953589361331644
1
1
1
1
1
1
1
0.955071519015868
1
1
1
0.900144175511632
0.933822145544465
1
1
1
1
1
1
1
1
0.963403044890795
1
0.909067172986032
0.958922832769862
0.885118429282711
1
1
1
1
1
1
1
1
0.961037001387473
1
1
1
0.974287692635346
1
1
1
1
1
1
1
1
1
1
1
1
1
1
0.95464088806433
1
1
1
1
1
1
1
1
0.890298983963375
1
1
1
1
1
1
0.953067016164865
0.99804943575522
1
1
1
1
1
0.999652290686193
1
0.997974748042985
1
1
1
1
1
1
0.980958715908957
1
0.902363927940021
1
0.979006052513062
0.964493293648174
1
1
0.958633225532197
1
1
1
1
1
1
0.995250931548339
1
1
1
1
1
1
1
1
1
1
0.991560004826469
1
1
1
1
1
0.99922448061732
1
1
1
0.962468101134036
1
0.998670798555006
1
1
1
1
1
0.946685677575398
1
1
1
1
1
1
1
1
1
0.984195815111629
1
0.958633225532197
1
1
1
1
1
1
1
0.95464088806433
1
1
1
1
1
1
1
1
1
1
1
1
1
1
1
1
1
1
1
1
1
1
1
1
1
1
1
1
1
1
0.931868251346351
1
1
0.944516938647569
1
0.996820990480544
1
1
1
0.998670798555006
0.99746951753402
0.995250931548339
1
0.999312087669705
1
1
1
1
1
1
1
1
1
0.898391359650469
1
1
1
1
0.942479511753066
1
1
1
1
1
1
1
1
1
1
0.982880473129622
1
0.761166295616778
1
1
1
1
1
1
1
1
1
1
1
1
1
1
1
0.944473811371136
1
1
1
1
1
1
1
1
1
1
0.808351044748939
1
0.880879229369054
0.989513837677816
1
1
1
1
1
1
1
1
0.971610699182784
0.888957227009751
0.974597586994742
0.99243859425198
1
1
0.997604782277684
0.965588235966889
1
0.859595541246502
1
0.824493609275451
1
0.862262907990674
1
1
1
1
1
1
1
1
0.992958599850124
0.999253654665535
0.948624024029025
1
