x
1
1
1
0.996560552871242
1
1
1
1
1
1
0.974665520265559
1
1
0.995885188476385
1
1
0.99686603269017
1
1
1
1
1
1
1
1
1
0.921163356323777
1
1
1
0.996456772211726
1
0.992797474429449
1
0.969245981328683
0.862169600114175
1
0.998140441975899
1
1
1
0.834359351142392
0.997812379019827
1
1
1
1
0.848245270065412
1
1
0.982911816267232
1
1
0.953322470387689
1
1
1
1
1
1
1
1
1
0.962970403014567
1
0.917371849846034
1
0.956557497856074
1
1
1
0.996004239376487
0.980205341000398
1
1
1
1
1
1
0.976378013786343
1
1
1
1
1
1
1
1
1
1
1
1
1
0.988024738138974
1
1
1
1
0.984448226048552
1
1
0.994883360092694
1
1
1
1
0.723491306229314
1
1
1
1
0.947349265731119
1
1
1
1
1
1
1
1
1
0.986218897078178
0.915328751400943
0.995486294814687
1
1
0.783562128708474
0.920747658723724
1
0.799868858329507
1
1
1
1
1
1
1
1
1
1
1
1
0.993942957871333
0.996565455583443
0.975505484231611
1
1
1
1
1
1
1
1
1
1
1
1
1
1
1
1
1
1
1
1
1
0.998242639499152
1
1
1
1
0.974566379736096
1
1
1
0.962345502499821
1
1
0.990966002512588
1
1
0.976433525833286
0.987119851197887
1
1
1
1
0.998560883476722
1
1
1
1
1
0.947463474200679
0.977780815132524
1
0.986664099735753
1
0.97538106925203
1
0.908336087964081
1
0.998246545226127
1
0.997634714820265
1
0.997442311461666
1
1
1
1
1
1
1
1
1
0.996767265706998
0.980640887587694
1
1
0.922950274450777
1
1
1
1
1
0.985557803078353
1
1
1
0.996655476739761
1
1
0.961018147209376
1
1
1
1
0.972548798844408
1
1
1
1
1
1
1
0.960515219053095
1
1
1
1
1
1
0.953071258439395
1
1
1
1
1
1
0.926971777927901
1
1
1
1
0.9926614934239
1
1
1
1
1
1
1
0.990539673881182
0.965829258298446
1
1
1
0.985441847004285
1
1
1
1
1
1
1
1
1
0.972771903506886
1
1
1
1
0.980432431934597
1
1
1
1
1
1
1
1
0.892682230994047
1
1
1
1
1
1
1
1
1
1
1
1
1
1
0.996936493523262
1
0.995583836953381
1
0.985985777095643
1
1
0.997055726133653
1
1
1
0.991136713032517
1
1
1
1
1
1
1
1
1
1
1
1
1
1
1
1
1
0.993719789309982
1
1
1
0.974744011205604
1
1
1
0.998278994244443
1
1
1
1
1
0.991136713032517
1
1
1
1
1
0.975136924318482
1
1
1
0.950305047260904
1
0.959243437780009
1
1
1
1
1
1
1
1
0.781325328250813
1
1
1
1
1
1
1
1
1
0.954519410312949
1
0.985586993528459
1
1
1
1
1
1
1
1
1
1
1
1
0.707640032002154
1
1
0.957201733447174
1
1
1
1
1
1
0.913529862572131
1
1
1
1
1
1
1
1
1
1
1
1
1
1
1
0.996599929752542
1
1
0.953818538919507
0.990502393625714
1
0.990539671215584
1
0.992543966825763
1
0.974138358403494
1
1
1
1
1
1
1
0.963485972523047
1
1
1
1
1
1
1
0.999677458839107
1
1
1
1
1
0.955280978566408
1
0.939006260790864
1
1
1
1
1
1
1
0.978861284161818
1
1
1
1
1
1
1
1
0.999179124401479
1
1
1
1
0.907964582693162
1
1
1
1
1
1
0.987761064497773
1
1
1
1
0.976117232912685
1
1
1
1
1
1
1
0.879627427856688
0.982124401670928
1
0.947196246223623
0.995961573140983
1
0.92616983356012
1
1
1
1
1
0.998429019977008
0.99921994721777
1
1
1
0.923415529649568
0.993448670151438
1
1
1
1
1
1
1
1
0.999313751000257
1
1
1
1
1
1
1
1
0.991668666843787
1
1
0.995789674550432
1
1
0.94625622236805
1
1
1
1
1
0.86307800117871
1
1
1
1
0.962693831204279
0.962693831204279
1
1
1
1
0.981132563030746
1
0.998921721477006
0.998503290365918
1
1
1
1
1
1
1
1
0.957183994952172
1
1
1
0.989510671023791
1
1
0.974451596378768
1
1
1
1
1
1
0.999432783328942
1
1
1
1
1
0.910276819492101
0.94397339819103
1
1
1
1
1
1
1
1
1
1
1
0.97538106925203
1
1
1
1
1
1
1
1
1
1
1
0.926732470600013
1
1
1
0.988796006492403
1
1
0.951828626620366
1
1
1
1
1
1
1
1
1
1
1
0.970085625497819
1
1
1
1
1
1
1
1
1
1
1
1
1
0.989442921407446
0.968218710685239
1
1
1
1
1
0.99671428513662
1
1
1
1
1
1
1
1
1
0.955280978566408
1
1
1
0.995314163620368
1
1
0.895910170288056
1
1
1
1
1
1
1
1
1
1
1
1
1
0.955789764387772
1
0.997478964050871
0.976117232912685
1
0.929926210724822
1
0.97458047335805
1
1
1
0.936946360769965
1
1
1
1
1
1
1
1
1
1
1
1
1
1
1
0.986218897078178
1
0.9926614934239
1
0.877409757778758
0.993198125130463
1
1
1
1
1
1
0.975350196311109
1
1
1
1
0.935025496270255
0.998410711053536
1
1
1
1
1
0.962370059288914
1
1
1
1
0.995248958435983
1
1
0.979306167009452
1
1
1
1
0.999161756919997
1
0.990909491487585
1
0.99442963433094
1
0.992433594290168
1
1
1
1
0.9245838528394
0.988796006492403
0.993858190440153
1
1
1
1
1
1
1
1
1
1
1
1
0.993399348867174
1
1
0.972610179541594
1
1
1
1
1
1
1
1
0.982931975688368
1
1
1
1
1
1
1
1
1
0.986876345968595
1
1
0.983849514673601
1
0.996767265706998
0.996579272237284
1
0.996579272237284
1
1
1
1
1
1
1
0.998364456518495
1
1
1
1
1
1
1
1
1
0.929343934544234
1
1
1
1
1
0.970085625497819
1
1
1
0.995303614441458
1
1
1
1
1
0.979152418329345
0.999112928820476
1
1
1
0.989835889061083
1
1
1
1
1
1
1
1
1
1
0.998140441975899
1
1
1
1
1
1
1
1
1
1
0.966558945123871
1
1
1
1
0.998594121865388
1
1
1
1
0.924997878604423
1
1
1
1
1
0.993286292458339
1
1
1
1
1
1
0.965784137592705
1
1
0.998246545226127
1
1
1
1
0.962990978375538
1
1
1
1
0.990966002512588
1
1
1
1
1
1
1
1
1
1
0.979306167009452
0.921892228434365
1
1
1
1
1
0.907672856090314
1
1
1
0.987588096676685
0.967714064501128
1
1
1
1
1
1
1
1
1
1
1
0.966530379516509
1
1
1
1
0.971510082048333
1
0.995632400157575
1
1
1
0.990241562083236
1
1
1
1
1
1
1
1
1
1
1
1
0.929926210724822
0.943639191597107
1
1
0.987119851197887
1
1
1
1
1
0.957541572617605
0.997740423190019
1
1
1
1
1
0.925339896758552
1
1
1
1
1
1
1
1
0.998455985272126
1
1
1
1
1
1
1
0.951059566925119
1
1
1
0.964568508880076
0.907672856090314
0.996570436756792
1
1
1
1
1
1
0.997621390074035
1
1
1
1
1
1
1
1
0.987507508715253
0.997478964050871
1
0.894161182314452
1
1
1
1
1
1
1
1
1
1
0.997442311461666
1
1
1
1
1
1
1
1
0.965660568713416
1
1
1
1
1
1
1
1
0.995027405382833
0.995027405382833
1
1
1
1
1
1
1
0.86307800117871
1
1
1
1
1
1
1
1
0.953089426756537
1
0.97574512897737
1
1
1
1
1
1
1
0.9882778340913
1
1
1
1
0.997239369258538
1
0.996710973422906
1
0.998242639499152
1
0.935281556045138
1
0.998429019977008
1
1
1
1
1
1
1
1
1
1
1
0.97458047335805
1
0.998353622542522
1
1
1
1
1
1
1
1
1
1
1
1
0.998140441975899
1
1
1
1
1
1
1
1
1
1
1
1
1
1
1
1
1
1
1
1
1
1
1
1
0.939376505592613
1
0.985441847004285
1
1
0.997055726133653
1
1
1
1
1
0.992723910993305
1
1
1
1
1
1
0.996579272237284
1
1
1
1
1
1
1
1
1
1
1
0.996816971565078
1
0.532868952459536
1
1
1
1
1
1
1
0.979758400593736
1
1
1
1
1
1
0.956726651085434
1
1
1
0.984195989145115
1
1
1
0.996710973422906
0.998796671236502
0.978495488123254
1
1
1
1
1
1
1
1
1
1
1
1
1
1
0.918914739121247
1
1
1
0.977949179835861
1
1
1
1
1
1
1
1
1
0.985747936226483
1
1
1
1
1
1
1
1
1
1
1
1
1
1
1
1
1
1
1
1
1
1
1
1
1
1
1
1
1
1
1
1
1
1
1
1
0.892682230994047
1
1
1
1
0.58766578212632
1
0.691411729666462
1
0.957541572617605
1
1
1
1
1
1
1
0.999161756919997
1
1
1
1
1
1
0.98159295656198
0.996888409006461
1
1
1
1
1
1
1
0.979306167009452
1
1
1
1
1
1
0.923415529649568
0.989835889061083
1
0.987166018249852
1
1
1
0.990929839284855
1
1
0.917476292248964
1
1
1
0.992723910993305
0.996972166297471
1
1
0.993463449777873
1
1
1
0.961677068544089
1
1
1
1
1
1
1
0.986665877644958
1
1
0.881137269755784
1
0.981001759876585
1
1
1
1
1
1
1
1
1
0.965829258298446
1
1
0.997648603278213
1
1
1
1
1
0.95319049209301
1
1
1
1
1
0.953089426756537
1
1
1
1
1
1
1
1
1
1
1
1
1
1
1
1
0.96773320743952
1
0.992934123895012
1
1
1
0.976443969485011
1
0.99671428513662
1
1
0.969886535887459
0.998921721477006
1
1
1
1
1
1
1
1
1
0.923415529649568
1
1
0.984837780605671
1
1
1
1
1
0.992216810168691
1
0.950305047260904
0.967069824868555
1
1
1
1
1
1
1
1
1
1
1
1
1
1
1
1
1
0.995314163620368
1
0.992934123895012
1
1
1
1
1
0.986751195946972
1
0.981132563030746
1
1
1
1
1
1
1
1
1
1
1
1
1
0.989234194816559
1
1
0.982199284204845
1
0.995885188476385
1
1
0.955088975818997
1
1
1
1
0.998479793262457
1
1
1
1
1
1
0.976170589848159
1
1
1
1
1
0.755149523190851
1
1
1
1
1
1
1
1
0.955142219847509
0.997055726133653
1
1
0.520567944638609
0.925339896758552
1
1
1
1
1
0.916083258704447
0.969442932558457
1
0.974906736957779
0.95046424579571
1
1
1
1
0.996560552871242
1
1
1
1
1
1
0.99686603269017
1
1
1
1
1
1
1
1
0.846999854308973
1
1
1
1
0.953800175441924
1
0.953800175441924
1
0.955142219847509
0.964697635758552
1
1
0.998242639499152
1
1
0.998502443134506
1
1
1
1
1
1
0.993733679614121
1
1
1
1
1
1
0.991615392524779
0.996619215870042
1
1
1
1
1
1
0.976124336372644
0.997511114526126
1
1
1
1
1
1
1
1
0.998402433136559
1
1
1
1
1
1
1
1
0.956726651085434
1
1
1
1
1
0.982206170047625
0.998382121051104
0.941326722258861
1
0.961677068544089
1
1
0.981272640935385
1
1
0.99550401697934
1
1
1
0.999179124401479
1
1
1
1
1
1
1
1
1
1
0.7866049354155
1
0.987359474852451
1
1
1
1
1
1
1
1
1
1
1
1
0.986664099735753
0.902764305085316
0.932312429195246
1
1
1
0.995959175585653
1
0.870413769974711
1
0.971133268842153
1
1
1
1
1
1
0.902764305085316
0.999179124401479
1
1
1
1
1
0.974665520265559
1
1
1
1
1
1
0.967172645753491
1
1
0.972458223210161
0.950703465212045
1
1
1
1
1
0.991523364680493
1
1
1
1
1
1
1
0.988437503881756
1
0.954141547929235
1
0.997288389556992
1
1
0.994472953020666
0.995445283100724
1
1
1
1
1
1
0.93027863730406
0.987119851197887
1
1
1
1
1
1
1
1
1
1
0.998364456518495
1
1
1
1
1
1
0.994883360092694
1
1
1
1
1
1
1
1
1
1
0.976117232912685
1
1
1
1
1
1
1
1
1
1
1
1
1
1
0.993978480639187
1
1
1
1
0.969886535887459
1
0.998560883476722
0.978861284161818
1
1
0.972548798844408
1
1
1
1
1
1
1
1
1
1
1
1
1
1
1
1
1
1
0.976297180349632
0.949243066985235
1
1
1
1
1
1
1
0.966030221770949
1
1
1
1
1
1
1
0.997836532616516
1
1
1
1
1
0.989371859504376
1
0.999033872888753
1
1
0.923415529649568
1
1
1
1
1
1
1
1
1
1
1
1
1
0.967227862871031
1
1
1
1
1
1
1
0.998503290365918
1
1
1
1
1
1
1
0.996655476739761
1
1
1
1
1
1
1
1
1
0.993858190440153
1
1
0.975915398180016
1
1
1
0.987119851197887
1
1
1
0.993092020806758
1
1
1
1
1
1
1
1
1
1
1
0.997697492316277
1
1
1
1
1
0.969316094531181
1
1
0.990165702518957
1
1
1
1
1
1
1
1
1
1
1
1
0.993155581169047
0.972515531943524
1
0.975350196311109
1
0.992433594290168
1
1
1
1
1
0.979548289532934
1
1
1
1
0.82609978035297
1
0.992934123895012
1
1
1
1
1
1
1
0.948237878011739
1
0.985796195370088
0.993155581169047
0.984195989145115
1
1
1
1
0.943639191597107
0.929343934544234
1
1
1
1
1
1
0.955872534476548
1
1
1
1
1
1
1
1
0.994883360092694
0.9624220258459
1
0.974451596378768
0.995885188476385
1
1
1
1
0.993406093613992
0.902283074776444
1
1
1
1
1
1
1
1
1
0.998222406640292
1
1
1
1
0.949711291218996
1
1
1
1
1
1
1
1
0.96033387675238
1
1
0.993198125130463
1
1
1
0.99640242430862
0.99915209073892
1
0.998514006488935
0.998796671236502
1
1
0.986455339103707
1
1
1
1
1
0.993513968204796
0.9926614934239
1
1
1
1
1
1
1
1
1
0.995723145824591
0.967901783162295
1
0.981001759876585
1
1
1
1
1
1
1
1
1
1
1
1
0.95076860227373
1
1
1
0.989835889061083
1
1
1
1
1
1
1
1
1
0.953021772912374
1
1
1
1
0.963004380830378
1
1
0.996619215870042
0.998429019977008
1
1
1
1
1
1
1
1
1
0.988796006492403
1
1
1
1
1
0.989958492258295
1
1
1
1
1
0.997812379019827
1
1
0.973682572590318
1
0.997740423190019
1
0.992934123895012
1
1
0.942169943255686
0.977923331258663
0.996612216802222
0.947196246223623
1
1
1
1
0.993078614669924
1
1
1
1
0.925339896758552
0.991224459585696
1
1
0.992903528966341
1
1
1
1
0.958768316319886
1
1
1
1
1
1
1
1
1
1
1
1
1
1
1
1
1
1
1
1
1
1
1
1
1
1
1
1
1
1
1
1
1
1
1
1
1
0.995579342736271
1
1
0.949990869083964
1
1
1
1
1
1
1
0.974720649698299
1
1
1
1
1
1
1
0.975887290029521
1
1
1
1
1
1
1
0.981132563030746
1
1
1
1
0.974800454299597
0.993399348867174
0.933869161115702
1
1
0.976628143755695
0.956810086304965
0.98307514009059
1
1
1
0.99948520400754
1
0.959985126575525
0.976117232912685
1
1
1
1
1
1
1
1
1
1
1
1
1
1
1
1
1
1
1
1
1
1
1
0.998537032939972
1
1
1
1
1
0.960198982985909
0.934384345058597
1
0.953668324427171
1
1
1
0.978678866942336
1
1
1
0.995263005006286
1
1
1
1
1
1
1
1
1
1
1
1
1
1
0.994100403343824
0.913044554217844
0.963004380830378
1
1
0.975136924318482
1
1
1
1
0.999033872888753
1
1
1
1
1
1
1
1
1
1
1
0.998455985272126
1
1
1
1
1
1
1
1
1
1
1
1
1
1
1
1
1
1
1
1
0.993155581169047
1
0.993760436318186
1
0.978495488123254
1
1
1
0.985804045365122
1
1
0.996465230159818
1
1
1
1
1
1
1
0.996936493523262
1
1
1
1
1
0.997055726133653
1
1
0.938040542887402
0.955142219847509
1
1
0.975749640729279
1
1
1
1
1
1
1
1
0.993406093613992
1
0.964697635758552
1
1
1
1
1
1
1
1
1
1
1
1
1
1
1
1
0.94551898688243
1
0.984195989145115
1
0.998402433136559
0.986079952202393
1
1
1
1
1
1
1
0.981132563030746
1
1
1
1
1
1
0.997975016933843
1
0.9245838528394
1
1
1
1
1
1
1
0.990966002512588
0.999179124401479
0.994958084339592
1
1
1
1
0.98753900009335
1
0.972358977205898
0.996767265706998
1
1
1
1
1
1
1
1
1
1
1
1
1
1
1
1
1
0.992074396163085
0.881137269755784
1
1
1
1
0.993198125130463
1
1
1
1
1
1
1
1
1
1
1
1
1
1
1
1
0.985796195370088
1
1
1
1
1
1
1
1
1
1
1
1
1
1
0.968806643091984
1
0.988639065242716
1
1
1
1
1
0.996888409006461
0.781325328250813
1
0.993909170397419
1
0.996936493523262
0.986664099735753
1
1
1
1
1
0.977923331258663
1
0.99863495848793
0.989442921407446
1
1
1
1
1
1
1
0.986455339103707
1
1
1
1
0.982611843295779
1
1
0.963004380830378
1
1
1
1
1
1
0.945958594468453
1
0.929343934544234
1
1
1
1
1
1
1
1
1
1
1
1
1
1
1
1
1
1
1
0.999034441990754
1
1
1
1
1
1
0.987986736767343
0.996560552871242
1
1
1
1
1
1
1
1
1
1
1
1
0.996936493523262
1
1
1
1
1
1
1
0.947463474200679
1
1
1
0.997288389556992
1
1
1
1
1
1
1
1
1
1
1
1
1
0.998482947032045
0.995885188476385
0.99550401697934
0.980875414300599
1
1
0.980918093093278
1
0.998514006488935
0.985441847004285
1
1
1
1
1
1
1
0.971133268842153
0.907672856090314
0.827841521638511
1
1
1
1
1
1
1
0.974665520265559
1
0.995885188476385
1
1
1
1
1
1
0.986232807681542
1
1
1
0.960289670024498
1
1
1
1
0.995381778706763
1
1
1
1
1
0.941897482794198
1
1
1
1
1
0.984837780605671
0.925339896758552
1
1
0.998537032939972
1
1
1
1
1
1
1
0.983215679667186
1
0.985985777095643
1
1
1
1
1
1
1
0.986105524206447
1
1
1
1
1
1
1
1
1
1
1
0.979663756884432
1
1
1
1
1
1
1
1
1
1
0.976494115623385
1
0.950796035890425
1
1
1
1
1
0.994649691214642
1
1
1
0.999313751000257
0.988796006492403
1
1
1
1
1
1
1
1
1
1
1
1
1
1
0.952549482233399
1
1
1
0.946063588552429
0.983891567651031
1
1
1
1
1
1
1
1
1
0.994883360092694
1
1
1
1
1
1
1
1
1
1
1
1
1
1
1
1
1
1
0.964011374841893
1
1
1
1
1
1
1
1
1
1
1
1
1
1
0.993760436318186
1
1
1
1
1
1
1
1
1
1
1
1
1
0.94402912691624
0.996741991083587
1
1
1
1
0.86769671965205
1
1
1
0.934115397877467
0.995401787439215
1
1
0.996599929752542
0.998429019977008
1
1
1
1
1
1
1
0.996046725307073
1
1
1
1
1
1
1
1
1
1
0.986664099735753
1
1
1
1
1
1
0.996295304210145
0.991055563819861
1
0.997653856111009
1
0.870413769974711
0.997478964050871
1
1
0.987119851197887
1
1
1
1
0.993155581169047
1
1
1
1
1
1
0.907672856090314
1
1
1
0.995961573140983
1
1
1
1
0.99427353410752
1
1
1
1
1
1
1
0.947463474200679
1
1
0.967869477246345
1
1
1
1
1
0.996570436756792
1
1
0.962370059288914
1
1
1
1
0.909478210674675
0.851991442022344
1
1
0.973209614017079
1
1
0.920839217564752
1
1
1
1
1
1
1
1
1
1
1
1
1
0.998381706734077
1
1
1
1
1
0.992797474429449
1
1
1
1
1
0.981109145427495
1
1
1
0.998218501245585
0.960678204138345
1
1
1
0.997135794950182
1
1
1
1
1
0.993198125130463
1
0.911108422801352
1
0.601258860271974
0.725980968952251
1
1
1
1
1
1
1
0.965784137592705
0.999112928820476
0.924997878604423
0.972169415758559
1
1
1
1
1
1
1
0.923415529649568
1
1
1
1
1
1
1
1
1
1
1
1
1
1
0.979663756884432
1
1
1
1
1
0.995027405382833
1
1
1
1
1
0.989835889061083
1
0.997055726133653
0.998365921486421
1
1
1
1
1
1
0.984687446311152
1
1
1
1
1
0.998810238675255
0.979902292012737
1
0.967869477246345
1
1
1
1
0.955789764387772
1
1
1
0.869670313300018
1
1
1
0.966199230304606
0.993231275049936
1
1
1
1
1
1
1
1
1
0.964697635758552
1
1
1
0.96247602322889
1
1
1
1
1
1
1
1
0.966605323169505
1
1
1
1
0.99921994721777
0.959985126575525
1
0.960276976085126
1
1
1
1
1
0.997653856111009
1
0.987119851197887
0.941852303698992
1
0.998503290365918
1
1
1
1
1
1
1
1
0.90717542629691
1
1
0.997018704026502
1
1
0.955872534476548
1
1
0.973209614017079
1
1
1
0.980918093093278
0.949935365964988
1
1
1
1
1
1
1
1
1
1
1
0.97458047335805
0.974227754432635
1
1
1
0.973120069922247
1
1
1
1
0.974608773132325
1
1
1
1
1
1
0.980432431934597
1
1
1
1
1
1
1
1
1
1
1
1
1
1
1
0.980875414300599
1
1
1
1
1
1
1
1
1
1
1
1
0.991055563819861
1
1
1
1
0.998921721477006
1
1
1
1
1
1
0.92556904199979
0.960289670024498
1
1
0.985586993528459
1
1
1
1
1
0.97538106925203
1
1
1
1
1
1
0.998381706734077
1
1
0.949711291218996
1
1
1
1
1
1
0.996816971565078
1
1
1
1
1
1
1
1
1
1
1
1
1
0.986218897078178
1
1
1
1
1
1
1
1
1
1
0.965464649802575
1
0.97433197846006
1
0.997055726133653
1
1
1
1
0.993092784624469
1
1
1
1
0.997653856111009
0.99921994721777
0.993155581169047
1
1
1
0.773495316453926
1
1
1
0.99442963433094
1
1
1
1
1
1
1
0.985607591656798
1
1
1
1
1
1
0.992308051002391
1
1
0.99863495848793
1
0.958203715956825
1
1
1
1
1
0.943636823502477
1
0.996292031798963
1
1
1
0.950312308852111
0.953800175441924
1
1
1
1
0.970862003879455
1
1
1
1
0.992723910993305
1
1
0.987009057218158
0.987069529488693
1
1
1
1
1
1
1
1
1
1
0.993513968204796
1
1
1
1
1
1
0.982911816267232
1
1
0.929343934544234
1
1
1
1
1
1
1
1
1
1
1
1
1
1
1
1
1
0.976503776420233
1
0.997125892397554
1
1
0.953021772912374
1
1
1
1
1
1
1
0.974566379736096
1
1
1
1
1
1
1
0.993286292458339
1
1
1
1
1
1
1
1
1
1
1
1
1
1
0.991523364680493
1
1
1
0.988023294036677
1
0.895910170288056
1
0.998222406640292
1
1
1
1
1
1
0.920747658723724
1
1
1
1
0.901538849343399
1
1
1
1
1
1
1
1
0.995401787439215
1
1
1
0.996888409006461
0.965733600763875
1
1
1
1
1
0.98307514009059
0.993858190440153
1
1
1
0.980654312622761
1
1
1
1
1
1
1
1
1
1
1
1
1
0.982097824284032
1
1
0.999112928820476
1
0.998380811440929
1
1
1
1
1
1
1
1
1
1
1
1
1
1
1
1
1
0.997653856111009
1
1
1
0.634161007684475
0.974744011205604
1
1
0.998682026942256
1
1
1
1
0.980918093093278
1
0.924250721146386
1
1
1
0.969316094531181
1
1
1
0.985537879667192
1
1
1
1
1
1
1
1
0.955872534476548
1
0.996553605099471
0.950037405786904
1
0.96033387675238
1
1
1
0.972065331601986
1
1
1
1
0.960198982985909
1
1
0.975749640729279
1
1
0.949446755337569
1
1
0.998242639499152
1
1
1
1
1
1
0.943636823502477
1
1
1
1
1
1
0.979663756884432
0.603605366036033
0.997812379019827
1
1
1
1
1
1
1
0.838928992145048
0.974314783039538
1
0.996741991083587
1
1
1
1
1
0.999033872888753
0.977923331258663
0.952415592754986
1
1
1
1
1
1
1
1
1
1
1
1
1
1
0.964568508880076
1
1
1
1
0.987986736767343
1
1
0.926224073842397
1
0.934384345058597
1
0.991523364680493
1
1
1
1
1
1
1
1
1
1
1
1
1
1
0.959985126575525
1
1
1
1
1
0.947463474200679
1
1
1
1
1
1
1
1
1
1
1
1
1
0.996295304210145
0.998503290365918
0.996972166297471
0.957183994952172
1
1
1
1
0.980537370251032
0.988176946229818
1
1
1
1
1
1
1
1
1
1
1
1
1
1
1
1
1
1
1
0.98016825597813
1
1
1
1
1
1
1
1
1
0.992934123895012
0.964697635758552
1
1
1
1
1
0.998514006488935
0.990539673881182
1
1
1
1
1
0.947722378593237
1
1
1
1
1
1
1
0.985537879667192
1
1
1
1
1
0.992797474429449
1
1
1
1
0.984592017949981
1
0.997239369258538
1
1
1
1
1
0.974720649698299
1
1
1
1
0.966558945123871
1
1
1
1
1
0.974041127538416
1
0.894161182314452
1
1
1
0.993733679614121
1
1
1
0.978495488123254
1
1
1
1
1
1
1
1
1
1
1
0.969886535887459
1
1
1
1
1
1
1
1
1
1
1
1
1
1
0.982097824284032
0.988875046802667
1
1
1
1
1
1
1
0.902764305085316
0.926224073842397
1
0.948200020019938
0.991668666843787
1
1
1
1
1
1
1
1
0.995632400157575
1
1
1
0.998479793262457
1
1
1
1
1
1
1
0.996767265706998
0.909867899096702
1
1
1
1
1
0.976170589848159
1
1
0.987166018249852
1
1
1
0.998537032939972
0.941897482794198
1
1
1
1
1
1
1
1
1
1
1
1
1
1
1
1
1
1
1
1
0.966558945123871
0.974720649698299
1
1
1
0.963004380830378
1
0.998364456518495
1
1
1
1
1
1
1
0.947463474200679
1
1
1
1
1
1
1
1
0.953800175441924
1
1
1
1
1
1
1
1
1
1
0.999432783328942
1
0.999161756919997
1
1
1
0.99948520400754
1
1
1
1
1
1
1
1
0.996816971565078
1
1
1
1
1
1
1
1
0.996888409006461
1
1
1
1
1
0.967203337763904
1
1
1
1
1
1
1
1
1
0.993942957871333
1
1
1
1
1
1
1
1
1
1
1
0.9882778340913
0.9338846975552
1
1
0.998246545226127
0.993194316051399
1
1
0.954141547929235
1
1
1
1
1
1
1
1
0.998246545226127
1
0.913628032304461
1
1
1
1
1
0.953280075781261
1
1
0.998682026942256
1
1
0.922950274450777
0.999285846225075
1
1
0.939189779764537
1
1
0.924997878604423
1
1
1
1
1
1
1
0.943639191597107
1
1
0.961018147209376
1
1
1
1
1
1
1
0.976170589848159
1
1
1
1
1
1
1
1
1
1
1
0.998353622542522
1
1
1
0.996505265172441
1
1
1
1
1
1
1
1
1
1
0.997511114526126
1
0.952391376853362
1
1
1
0.949243066985235
1
1
0.989958492258295
1
1
1
1
1
0.980918093093278
1
1
1
0.998278994244443
1
1
1
1
1
1
1
1
1
1
1
1
1
1
0.996741991083587
1
1
1
1
1
1
1
0.995583836953381
1
1
1
0.978327289981841
1
1
1
0.924997878604423
1
1
1
1
1
1
1
1
1
1
1
1
1
1
1
1
1
1
0.982931975688368
0.93498913590045
1
1
1
1
0.9592533797473
0.992216810168691
1
1
1
1
1
0.998242639499152
0.992560333835907
1
1
1
1
0.982060155325611
1
1
1
1
0.962693831204279
0.985441847004285
0.957298188248208
1
1
1
1
1
1
0.993909170397419
1
1
1
1
0.998222406640292
0.963277539651378
1
0.97702508919616
1
1
0.970085625497819
1
0.985796195370088
1
1
1
0.967869477246345
1
1
1
1
1
0.987166018249852
1
0.941562256529844
1
1
1
1
1
1
1
1
1
1
1
0.976503776420233
0.987666631401174
0.957526547978172
1
1
1
0.996456772211726
1
1
1
1
1
1
1
0.991523364680493
0.996560552871242
0.991615392524779
0.995375119531427
0.795850905328687
1
1
1
1
1
1
1
0.995248431222869
1
1
1
1
1
0.963004380830378
1
1
1
1
1
1
1
1
0.961242671850278
1
0.979758400593736
1
1
1
1
1
1
1
1
1
1
1
1
1
1
1
0.646741139676722
1
1
0.995401787439215
1
1
1
1
1
1
1
0.995027405382833
1
1
1
1
1
1
0.820635561997959
1
1
1
1
1
1
1
1
1
1
1
0.997740423190019
0.995381778706763
1
1
0.993357306792156
1
0.939126743047369
0.989637166642039
1
0.990929839284855
0.996936493523262
1
1
0.996936493523262
0.980654312622761
1
0.980918093093278
0.972515531943524
1
1
1
1
1
1
1
1
0.995655723216234
1
0.978861284161818
1
1
1
1
1
0.973123421633164
1
1
0.976613834468868
1
1
1
1
1
0.997812379019827
1
0.998278994244443
1
1
0.988437503881756
1
0.998242639499152
1
1
1
1
1
1
1
1
1
1
0.86307800117871
1
1
0.880558876092046
1
1
1
1
1
1
1
1
1
1
1
0.970873170130208
0.970085625497819
1
1
1
1
1
1
1
1
0.991282469018498
0.995027405382833
1
1
1
1
1
0.981001759876585
1
1
1
0.979663756884432
0.925262152358098
0.999179124401479
1
1
1
0.978861284161818
0.980654312622761
1
1
1
1
1
1
0.976616364314227
1
1
1
1
1
1
0.998921721477006
1
1
1
1
1
1
1
0.907672856090314
1
1
0.914902695557838
1
1
1
1
0.993909170397419
1
1
1
1
1
1
0.97538106925203
0.961357758952563
1
1
1
1
1
1
0.985353435031469
0.844645299805139
0.998364456518495
1
1
1
1
1
1
1
1
0.995820011294856
1
1
1
1
1
1
0.902283074776444
1
1
1
1
1
1
1
0.962654091742698
1
1
1
1
1
0.987881504882904
1
1
1
1
1
0.86307800117871
0.980654312622761
1
1
1
1
1
1
1
1
1
1
1
1
1
0.966605323169505
1
0.9624220258459
1
0.962693831204279
0.992383987773007
1
0.922950274450777
1
1
1
1
1
1
1
1
1
1
0.987009057218158
1
1
1
1
1
1
0.965010386408013
1
1
0.998380811440929
1
1
1
1
0.998502443134506
1
0.970085625497819
1
1
0.94397339819103
1
1
1
1
1
1
1
0.961166349105274
0.968742672495152
1
1
1
0.962970403014567
1
1
1
1
1
1
0.921385379610228
1
1
0.986079952202393
1
1
1
0.987761064497773
1
1
1
1
0.894161182314452
1
1
1
1
1
1
1
1
1
1
1
1
1
0.972628696734979
0.990974812744198
1
1
1
1
1
1
1
0.95250115557081
1
1
0.986218897078178
1
1
0.996553605099471
1
1
1
0.957233376629204
1
1
1
1
1
0.969245981328683
1
1
1
1
0.990539673881182
1
1
1
0.976613834468868
1
1
1
1
1
1
1
0.997975016933843
1
1
1
1
1
0.980205341000398
1
1
1
1
1
1
1
1
1
1
1
1
0.981132563030746
1
1
1
1
1
1
1
1
1
0.844900647903975
1
1
1
0.998222406640292
1
1
1
1
1
1
1
1
1
0.997975016933843
0.900670465539604
1
0.964078157978895
0.986079952202393
1
1
1
1
1
1
1
0.987575228374002
1
0.946227110770146
1
1
1
1
1
0.975136924318482
1
0.985804045365122
1
1
1
1
1
1
1
1
1
1
1
1
1
1
0.953071258439395
0.985747936226483
1
1
1
1
0.998724070179597
1
1
1
1
1
1
1
1
1
1
1
0.956872886706611
0.999179124401479
0.962990978375538
1
1
1
1
0.987166018249852
1
1
1
1
1
1
0.980432431934597
1
0.966199230304606
1
1
0.975887290029521
0.989637166642039
0.998921721477006
0.996972166297471
1
0.987183875687827
1
1
1
1
1
1
1
1
0.971133268842153
0.980918093093278
1
1
0.956557497856074
0.976613834468868
1
1
1
1
1
0.978565773381756
1
1
1
1
1
1
1
1
1
1
0.997289993430403
1
1
1
1
1
1
1
1
1
1
1
1
1
1
1
0.956557497856074
1
1
1
1
1
0.982458139519351
1
1
0.956557497856074
1
1
0.998502443134506
1
1
1
0.986847034818265
1
1
1
1
1
1
1
0.974451596378768
1
1
1
1
1
1
1
1
1
1
1
0.939959047582469
1
1
1
1
1
1
1
1
1
1
0.993130958275833
1
1
1
1
1
1
0.974395149455142
1
1
1
0.994883360092694
1
1
0.952925895335563
1
1
0.993733679614121
1
1
0.997697492316277
1
1
1
1
1
1
1
1
1
1
1
1
1
1
1
1
1
0.996888409006461
1
1
1
1
1
0.974227754432635
1
1
1
1
1
1
1
1
1
1
1
1
0.99686603269017
1
1
1
1
1
0.998772242689685
1
1
1
1
1
1
1
1
1
0.954847371573426
0.993194316051399
1
0.979758400593736
1
1
0.997836532616516
1
1
1
1
1
1
1
1
0.993198125130463
0.984837780605671
1
1
1
1
1
1
1
1
1
1
1
1
0.982097824284032
1
1
1
1
1
0.99550401697934
1
1
1
0.995632400157575
1
1
1
1
0.560035218404222
0.965784137592705
1
1
1
0.997740423190019
1
1
0.986455339103707
0.992723910993305
0.998364456518495
1
1
1
0.983215679667186
1
1
1
1
1
1
0.993357306792156
0.901314385247981
1
0.992074396163085
1
1
1
1
1
1
1
1
1
1
1
1
1
1
1
1
1
1
1
1
1
1
1
1
1
1
1
1
1
1
1
1
0.936988965995518
0.976662749905495
1
1
1
1
1
1
1
1
1
1
1
1
1
0.987854125893262
1
1
1
1
1
1
1
1
1
1
1
1
1
0.967901783162295
0.993155581169047
1
1
0.967901783162295
0.933869161115702
1
1
1
0.870413769974711
1
1
1
1
1
0.995303614441458
0.985607591656798
1
1
0.996936493523262
0.924328300303321
0.979663756884432
1
1
0.800483474437703
0.933869161115702
0.998364456518495
1
1
1
1
0.974566379736096
1
0.998537032939972
1
0.964078157978895
1
1
1
0.949711291218996
1
1
1
1
0.989442921407446
1
1
1
1
1
1
1
0.96817594643252
1
1
1
0.977049547406365
1
1
1
1
1
1
1
1
1
0.921994945481939
1
1
1
1
1
1
1
0.9926614934239
0.920747658723724
1
1
1
1
0.984766329041271
1
1
1
1
0.871817659725296
1
0.988050654340913
1
1
0.861722489037287
0.958203715956825
1
1
1
0.725474868317841
0.968691821821262
1
0.998356951767845
1
0.720500852787731
0.824741849387346
1
1
1
1
1
1
1
1
1
1
0.998246545226127
1
1
1
1
0.92616983356012
1
0.892896021051176
1
0.821734123885676
1
1
1
0.748835950553524
0.946480863573757
0.820525351927271
1
1
1
1
1
1
0.999033872888753
1
1
0.995400544329337
1
1
1
1
1
1
0.986664099735753
1
0.935281556045138
1
1
1
0.973123421633164
1
1
0.957183994952172
0.981272640935385
1
0.974314783039538
1
1
1
1
1
0.853204994890736
1
1
1
0.907964582693162
1
0.997742409115209
1
1
1
1
1
1
1
1
1
1
1
1
1
1
1
1
1
1
1
0.997442311461666
1
0.999179124401479
1
1
1
0.965464649802575
1
1
1
1
1
1
1
1
1
1
1
1
0.920561167902093
1
0.926892789102344
1
1
1
1
1
1
1
1
1
1
1
1
0.993286292458339
0.985441847004285
1
1
1
1
1
0.953344906889365
1
1
1
1
0.963004380830378
0.996295304210145
0.982911816267232
1
1
1
1
1
1
0.98159295656198
1
1
1
1
1
1
1
1
1
1
1
1
1
0.988437503881756
1
1
1
1
1
1
1
1
1
1
0.962970403014567
1
1
0.987166018249852
1
1
1
1
1
0.977923331258663
0.997478964050871
1
1
0.979663756884432
1
1
1
1
1
1
1
1
1
1
1
1
0.970942116842199
1
1
0.996456772211726
1
1
0.952115764246654
1
1
1
1
1
1
1
1
1
1
1
0.7866049354155
1
1
1
1
1
1
1
0.976117232912685
1
1
1
1
1
1
1
1
1
1
1
1
1
0.702860136529912
0.986218897078178
1
0.98307514009059
1
1
1
1
1
1
0.993733679614121
1
1
1
1
1
1
1
1
1
0.991553935704572
0.995789674550432
1
1
1
1
1
1
0.977780815132524
1
1
0.974665520265559
1
1
1
1
1
1
0.989371859504376
1
0.980432431934597
1
1
1
1
1
1
1
1
1
1
0.987166018249852
1
1
1
1
1
1
0.974906736957779
1
1
1
1
1
1
0.99671428513662
1
1
1
1
1
1
1
1
1
1
1
1
1
1
1
1
0.983077755500552
1
1
1
1
1
1
0.993155581169047
1
0.998796671236502
1
1
1
0.998967673856481
0.995789674550432
1
1
1
1
1
1
1
1
1
1
0.99671428513662
1
1
0.937021566993315
1
1
1
1
1
1
1
0.935222432347612
0.991055563819861
1
0.998455985272126
1
1
1
1
0.98753900009335
1
1
1
0.971133268842153
1
1
1
1
1
1
1
1
1
1
1
1
1
1
1
1
1
1
1
1
1
1
1
1
1
1
1
1
0.961018147209376
0.961731401461907
1
0.997740423190019
1
1
1
1
1
1
0.993286292458339
1
1
0.986695188475288
1
1
1
1
1
1
1
0.886877908655302
0.985796195370088
1
1
0.998242639499152
1
0.93027863730406
1
1
1
0.995579342736271
1
1
1
1
1
1
1
1
1
1
0.952535045152569
1
1
1
1
0.956557497856074
1
1
0.989510671023791
1
1
1
1
1
1
1
1
1
1
1
1
1
1
1
1
1
1
1
1
1
0.998739197445541
1
1
1
1
0.611032162082541
1
1
1
1
0.996816971565078
1
1
1
0.996465230159818
1
1
1
1
1
1
1
1
1
1
1
1
1
1
1
0.920747658723724
0.997478964050871
1
1
1
1
0.993733679614121
1
1
1
1
0.963004380830378
1
1
0.996655476739761
1
1
1
0.9592533797473
0.973641724132857
1
1
1
1
0.932312429195246
1
1
1
0.907672856090314
0.976117232912685
1
1
1
1
1
0.987166018249852
0.795791543041526
1
1
1
1
1
1
1
1
1
1
1
0.995723145824591
1
1
1
1
0.953071258439395
0.972515531943524
1
1
0.990966002512588
1
0.988796006492403
1
0.990966002512588
1
1
1
1
1
0.993586201480184
1
1
1
1
1
1
1
1
1
1
1
1
0.955789764387772
1
1
1
0.871817659725296
1
1
1
1
1
1
1
1
1
1
1
1
1
1
1
1
1
1
1
1
1
0.959844775235905
1
1
1
0.991224459585696
1
1
0.995401787439215
1
1
1
0.989510671023791
0.992308051002391
1
0.956872886706611
0.970820062901566
1
1
1
1
0.996619215870042
1
1
1
0.997478964050871
0.97584080778738
0.870413769974711
0.938809967371928
0.980875414300599
1
1
1
1
1
1
1
1
1
1
1
1
1
1
1
0.998430606438954
1
1
1
1
1
0.989442921407446
1
1
1
1
0.989371859504376
0.966558945123871
1
1
1
1
1
1
1
1
1
1
1
1
1
1
0.8277427686307
1
0.926546401643597
1
1
1
1
1
0.991523364680493
1
0.849949636292778
1
1
0.98753900009335
1
1
1
1
1
1
1
1
1
1
0.997621390074035
1
0.942169943255686
1
1
1
0.933869161115702
1
1
1
0.961166349105274
1
0.990539673881182
1
1
1
1
1
1
1
1
1
1
1
1
1
1
1
1
1
1
1
1
1
1
0.984195989145115
1
0.994958084339592
1
1
1
1
0.989442921407446
1
0.953280075781261
1
1
1
1
1
0.976378013786343
0.95076860227373
1
1
1
1
1
1
1
1
1
1
1
1
1
1
0.970873170130208
1
0.985985777095643
0.962990978375538
1
1
1
1
1
0.995885188476385
1
1
0.994883360092694
1
1
1
1
0.978380440366549
0.959844775235905
1
1
1
1
0.990966002512588
1
0.983858307500741
0.948683468729038
0.99550401697934
1
1
1
1
1
1
1
1
1
1
1
1
0.976494115623385
1
1
0.992797474429449
1
1
1
1
1
1
1
1
1
0.995401787439215
1
1
1
1
1
1
0.986218897078178
0.999161756919997
1
1
1
0.987306172589263
1
0.986079952202393
1
1
0.984837780605671
1
0.917938917386219
1
1
1
1
1
1
1
1
1
1
1
1
1
1
0.99550401697934
1
1
1
1
1
0.95319049209301
0.962370059288914
1
1
0.959288398287947
1
1
1
1
1
1
1
1
1
1
1
1
1
1
1
0.969245981328683
1
0.972299857356926
0.996046725307073
1
1
1
1
1
1
0.603605366036033
1
1
1
1
1
1
1
0.953668324427171
1
0.998278994244443
1
1
1
1
1
0.999313751000257
0.986695188475288
1
0.987666631401174
0.969886535887459
1
1
1
1
1
1
1
1
0.997511114526126
1
1
1
1
1
1
1
1
0.939006260790864
1
1
1
0.935281556045138
1
1
1
1
1
0.921388053797186
1
1
1
0.998402433136559
1
0.989371859504376
1
1
1
0.973932461619355
1
0.996579272237284
0.977877072395889
1
1
0.97506610938391
1
0.923415529649568
1
0.985796195370088
1
1
0.963004380830378
1
1
0.963169513691192
1
1
1
1
1
0.999179124401479
1
1
1
1
1
1
1
0.995442745810054
1
1
1
1
1
1
0.995314163620368
1
1
1
1
1
1
1
1
1
1
1
1
1
1
1
1
0.995680147233018
1
1
1
1
1
1
1
1
1
1
0.988437503881756
1
1
0.840495894323219
0.994883360092694
1
1
0.955096561583171
1
1
1
1
1
1
1
0.978678866942336
0.980875414300599
1
1
1
1
1
1
1
1
1
1
1
1
0.853098933408511
1
1
1
1
1
1
1
1
0.975505484231611
0.970085625497819
1
1
1
1
0.962370059288914
1
1
1
1
1
0.996612216802222
1
1
1
1
1
1
1
1
0.987666631401174
1
1
0.979306167009452
1
1
1
1
1
1
1
1
1
1
1
1
1
1
1
1
0.995022763330617
1
1
1
1
1
0.970085625497819
1
1
1
0.946480863573757
1
1
1
0.998222406640292
1
0.995961573140983
1
1
1
1
0.966558945123871
1
1
1
1
1
0.963473649130138
1
1
0.992543966825763
1
1
1
1
1
0.983656452900776
1
0.992723910993305
1
1
1
1
1
1
1
1
1
0.989835889061083
1
0.949935365964988
0.990942718901526
1
1
1
1
1
1
1
1
1
1
1
0.989371859504376
1
1
1
1
1
1
0.976117232912685
1
1
1
0.995027405382833
1
1
1
0.998502443134506
1
1
0.968339000717183
1
1
1
1
1
1
0.955096561583171
0.991523364680493
0.990165702518957
1
1
1
1
1
1
1
1
1
1
0.687724770730386
1
1
1
1
0.996465230159818
1
1
1
1
0.9592533797473
1
1
1
1
1
1
0.988263645104374
0.9926614934239
1
1
0.983712649748274
1
1
0.998410711053536
0.971711355787213
0.986695188475288
1
0.907672856090314
1
1
1
1
1
1
1
1
0.969245981328683
1
0.923637179171587
1
1
1
1
1
1
1
1
1
1
1
1
0.976443969485011
1
1
1
1
1
1
1
1
1
1
1
0.807082231406048
1
0.992560333835907
1
1
1
0.970717061908056
1
1
1
1
1
1
1
1
0.989958492258295
1
1
1
1
1
1
1
1
1
1
1
1
1
1
1
1
0.997442311461666
1
1
1
0.938668518699996
1
1
1
1
0.986218897078178
1
0.992560333835907
1
1
1
1
1
1
1
1
1
1
1
1
1
0.974800454299597
1
1
1
1
1
1
1
1
1
1
0.975269332979155
1
1
1
1
1
1
1
1
1
1
1
1
1
1
0.956557497856074
0.925557899171173
1
1
1
1
1
1
1
0.994883360092694
1
1
1
1
1
1
1
1
1
1
1
1
1
1
1
1
0.965733600763875
1
1
1
1
1
1
1
1
1
1
1
1
1
1
1
0.977923331258663
1
0.979548289532934
1
1
1
0.96495970010123
1
1
1
1
0.997511114526126
1
1
1
1
0.998364456518495
0.984126686315248
1
0.99686603269017
1
0.993714931601133
1
1
1
1
0.997621390074035
1
1
1
1
1
1
1
1
1
1
1
0.994854782249848
1
1
1
1
0.978861284161818
0.943636823502477
1
1
1
0.96228547939334
1
1
1
1
1
1
1
1
0.99442963433094
1
0.998380811440929
1
1
1
0.924997878604423
1
1
0.953280075781261
1
1
1
1
0.944889964167541
1
1
0.996816971565078
1
1
1
1
1
1
1
1
1
1
1
1
0.997511114526126
1
1
0.953734597478819
1
1
1
0.998810238675255
1
1
1
0.992577103537152
1
0.985537879667192
1
1
0.995401787439215
0.507690148290286
1
0.961677068544089
1
0.995789674550432
1
1
0.97056253131141
0.957201733447174
1
1
0.987986736767343
1
1
1
1
1
1
0.941897482794198
1
1
1
1
1
1
1
0.976053803555233
0.943676879368189
0.938809967371928
0.941206547143898
1
0.962628190090069
1
1
0.95076860227373
1
1
0.982060155325611
1
1
1
1
1
1
1
1
1
1
1
0.991553935704572
1
1
1
1
0.894161182314452
1
1
1
0.993463449777873
0.965463714421234
1
1
1
1
1
1
0.937150482451395
1
1
1
1
1
1
1
1
1
1
1
1
1
1
1
1
1
0.823003682292816
0.999179124401479
1
0.998594121865388
0.965010386408013
1
0.955789764387772
1
0.963004380830378
1
1
1
1
1
1
1
1
1
1
1
1
1
1
1
1
1
1
0.995486294814687
1
1
1
1
0.998380811440929
1
1
1
1
1
1
0.998594121865388
1
1
1
1
0.991136713032517
0.961677068544089
1
1
1
1
1
1
1
1
1
1
1
1
0.937111131271473
0.960006497288262
0.997648603278213
1
1
1
1
1
1
1
1
0.954047443435581
1
1
1
1
1
1
1
1
0.996610348230803
1
1
1
1
1
1
1
1
1
1
1
1
1
0.956992245353501
0.997239369258538
1
0.988437503881756
1
1
0.99865121225578
1
1
1
1
0.9624220258459
1
1
1
1
1
1
0.964316813854511
1
1
1
1
1
1
1
1
1
1
0.999112928820476
1
1
1
1
1
1
1
1
1
1
1
1
1
0.933869161115702
1
1
1
1
1
1
1
0.913799067439536
1
0.86307800117871
0.992723910993305
0.993155581169047
1
1
1
1
1
0.973123421633164
0.967869477246345
0.952925895335563
0.946036548719981
1
0.94625622236805
1
0.991136713032517
1
1
0.974800454299597
1
1
1
1
1
1
1
1
1
1
1
1
1
1
1
0.997055726133653
1
0.989510671023791
0.997288389556992
1
0.996619215870042
1
1
1
1
0.992797474429449
1
1
0.972771903506886
1
1
1
1
1
1
1
1
1
1
1
1
1
1
1
1
1
1
1
1
1
1
0.985804045365122
0.887042352816885
1
1
1
1
1
1
1
1
1
1
1
0.988437503881756
1
1
1
1
1
1
1
1
1
1
0.974190770431462
1
1
1
1
1
0.998218501245585
1
1
1
1
1
0.96346727509863
1
1
1
1
1
1
0.99076484644981
1
0.976117232912685
1
1
1
1
1
1
1
1
1
1
1
1
1
0.997141030718705
1
1
1
1
1
1
1
1
1
1
1
1
1
0.989442921407446
1
1
0.947616155203369
1
0.997511114526126
1
1
1
1
1
1
0.997740423190019
0.938668518699996
1
1
1
1
1
1
1
0.975915398180016
1
1
1
0.962970403014567
1
1
1
1
1
1
0.980918093093278
1
1
1
1
0.998514006488935
1
1
1
1
1
1
0.983707953914914
1
1
0.984195989145115
0.976613834468868
0.978861284161818
1
0.993909170397419
1
1
1
0.986847034818265
0.989510671023791
1
1
1
1
1
1
1
1
1
0.972458223210161
1
1
1
1
1
1
1
1
1
1
0.992560333835907
1
1
1
1
1
1
1
1
1
1
1
1
1
0.973123421633164
0.976494115623385
0.925339896758552
1
1
0.998246545226127
1
1
1
1
1
1
1
1
1
1
1
1
1
1
1
1
1
1
0.995442745810054
1
0.996767265706998
1
1
0.979548289532934
1
1
1
0.989698995906701
1
1
1
1
1
1
1
1
1
0.996465230159818
1
1
1
1
1
1
1
1
1
1
1
0.987191149210941
1
1
1
1
1
0.876185450640361
1
0.883566625348252
1
0.998479793262457
1
0.998796671236502
1
1
1
1
1
1
1
1
1
1
1
1
1
1
1
0.986870137169344
1
1
1
1
1
1
1
1
1
1
1
1
0.603605366036033
1
0.99671428513662
1
1
1
1
1
1
1
1
1
0.986455339103707
1
1
0.97584080778738
1
1
1
1
1
1
0.907672856090314
1
1
1
1
1
1
1
0.977923331258663
1
1
1
1
1
1
1
1
1
1
1
1
1
1
1
0.978861284161818
1
1
1
1
1
0.986870137169344
1
1
1
0.979663756884432
0.997055726133653
1
1
1
1
1
1
1
1
1
1
1
1
1
1
0.986876345968595
1
1
0.988437503881756
1
1
0.985796195370088
0.977923331258663
0.946750228333167
1
1
1
1
0.99420399323385
1
1
1
1
1
1
1
1
0.99649741951454
0.961677068544089
1
0.993092784624469
1
1
1
1
1
1
1
1
1
1
1
0.995579342736271
1
1
1
1
1
0.979758400593736
1
0.987712441830289
1
0.955142219847509
1
1
1
1
1
0.987306172589263
1
1
1
0.976117232912685
1
1
1
1
1
1
1
1
1
0.963473649130138
0.94625622236805
1
1
1
0.907672856090314
1
1
1
1
1
1
1
1
1
1
1
1
1
1
0.980460757059905
0.990165702518957
0.921163356323777
0.996465230159818
1
0.984846723604266
1
0.989835889061083
0.95854669792679
1
0.954519410312949
0.997018704026502
0.944302137803887
1
1
1
0.996767265706998
0.976117232912685
1
0.925968911695368
1
0.995365682296727
1
0.950037405786904
1
1
1
1
1
1
1
1
1
1
1
1
1
1
0.993406093613992
1
0.953800175441924
1
1
1
1
1
1
1
0.993399348867174
1
1
0.975797191686362
0.974608773132325
1
1
1
1
1
1
0.995655723216234
1
1
1
1
1
1
1
0.948200020019938
0.998365921486421
1
1
1
1
1
1
1
1
1
0.998482947032045
0.985557803078353
1
1
1
1
1
1
1
1
1
1
1
1
1
0.998365921486421
0.96228547939334
1
1
1
1
0.830668960221049
1
1
1
1
1
1
0.996565455583443
1
1
1
0.981272640935385
1
1
1
1
1
1
1
1
1
1
1
1
1
1
0.884093660193879
1
1
1
0.965660568713416
1
1
1
1
0.980875414300599
1
1
1
0.99264512561749
0.939628339918599
1
1
0.947463474200679
1
1
1
0.995400544329337
0.992934123895012
1
1
1
1
0.93027863730406
1
0.995027405382833
1
0.972814325745267
0.988796006492403
1
1
0.995959175585653
1
1
1
1
1
1
1
1
1
0.996767265706998
1
1
0.962654091742698
0.979306167009452
1
1
1
1
1
1
1
1
1
1
1
0.86307800117871
1
1
1
0.623389488014582
1
1
1
1
1
1
1
1
1
1
1
1
1
0.907841322917358
1
1
1
1
1
1
1
1
0.963877836023945
1
1
1
0.997621390074035
1
1
1
1
0.953800175441924
0.96033387675238
1
1
1
0.999161756919997
1
1
1
1
1
1
1
1
1
1
1
1
1
1
0.999161756919997
1
1
1
1
0.991055563819861
1
1
0.97584080778738
1
1
1
0.986695188475288
1
1
1
1
1
1
1
1
1
0.933869161115702
1
1
1
1
1
1
1
1
1
1
1
1
1
1
1
1
1
1
1
1
0.997975016933843
1
1
1
1
1
1
1
1
0.996553605099471
0.983868209635245
1
1
1
1
1
1
1
0.999033872888753
1
1
1
1
1
1
1
1
1
1
1
1
0.995445283100724
1
0.991523364680493
1
0.986876345968595
1
1
0.993399348867174
1
0.964697635758552
1
1
1
1
1
1
1
1
1
1
1
1
1
1
1
1
1
1
1
1
1
1
1
1
1
1
1
1
0.913529862572131
0.995885188476385
0.820635561997959
1
1
1
1
1
1
0.933869161115702
1
1
1
1
1
1
1
1
0.998537032939972
1
1
1
1
1
1
1
1
1
1
1
1
1
1
0.977780815132524
1
1
1
0.979007110125011
1
1
1
0.992334651573863
1
1
1
1
1
1
1
1
1
0.99457958139953
1
0.994883360092694
0.988024738138974
1
1
0.965903483803504
0.950578460669634
1
1
1
1
1
1
1
1
1
1
0.980918093093278
0.924439503564934
1
0.996456772211726
1
1
1
1
0.879427884844091
1
0.971761343756844
1
0.950312308852111
0.99671428513662
1
1
1
1
1
0.993286292458339
1
1
1
1
1
1
1
0.995635299528942
1
1
1
1
1
1
1
1
1
1
0.923415529649568
1
0.97433197846006
1
1
1
0.999033872888753
1
1
0.771739515366874
1
1
1
1
1
0.986218897078178
1
1
1
1
1
1
1
1
1
1
0.993399348867174
1
1
0.970820062901566
1
0.989510671023791
0.762327266014627
1
0.932312429195246
1
0.998502443134506
1
1
1
1
1
1
1
1
1
0.989240114219792
1
1
1
1
0.996560552871242
0.972458223210161
1
1
1
1
0.998365921486421
1
0.993615128215071
1
1
1
1
1
1
1
0.998796671236502
1
1
1
1
0.963004380830378
1
1
1
1
1
1
1
1
1
1
1
1
1
1
0.97433197846006
1
1
1
1
1
1
1
1
0.93498913590045
1
1
1
0.985586993528459
1
1
1
1
0.999203804063531
1
1
1
1
0.939006260790864
1
1
1
1
1
1
0.894161182314452
1
1
1
1
0.983483647218579
1
0.989510671023791
1
0.987881504882904
0.990974812744198
1
1
1
1
1
0.950312308852111
1
1
1
0.989442921407446
1
1
1
1
1
1
1
0.989911329401487
1
1
1
1
0.957183994952172
1
1
1
1
1
1
1
1
1
0.9592533797473
1
0.933869161115702
1
1
1
1
1
1
1
1
1
1
1
1
1
1
1
0.99686603269017
0.998140441975899
1
1
0.880558876092046
1
1
0.979663756884432
1
1
1
1
1
1
1
1
0.957183994952172
1
1
1
1
1
1
1
1
1
1
0.98307514009059
1
1
1
0.921892228434365
0.996505265172441
1
0.998246545226127
1
1
0.994958084339592
1
1
1
1
1
1
1
0.946063334295407
1
1
0.999161756919997
1
0.997653856111009
1
1
1
1
0.975136924318482
0.996295304210145
1
0.958203715956825
1
1
0.997997752639306
1
1
1
1
1
0.962693831204279
1
1
0.997697492316277
1
1
1
1
0.995820011294856
1
1
1
1
1
1
1
1
1
1
1
0.962654091742698
1
1
1
1
1
1
1
0.924997878604423
1
0.917938917386219
1
1
0.995400544329337
0.955096561583171
1
1
1
1
1
1
1
1
1
1
1
1
0.977949179835861
1
1
1
1
0.976616364314227
1
1
1
0.974462440372808
1
1
1
1
0.994534917804206
0.957298188248208
1
0.953708820020375
1
1
1
1
1
0.993942957871333
0.704661588121527
0.876425558459853
1
1
1
1
1
1
1
1
0.977780815132524
1
0.95076860227373
1
1
1
1
0.969316094531181
1
1
1
1
0.750305878296887
1
1
1
1
1
1
1
1
0.998365921486421
1
1
0.980432431934597
0.950109407704676
1
0.99112759895225
1
1
1
1
1
1
0.833181227816424
1
0.773495316453926
0.949711291218996
1
0.988437503881756
1
0.998557911228675
0.954847371573426
1
1
0.996465230159818
0.881092192719472
0.99435681682789
1
1
1
1
1
0.986140421896915
1
1
1
1
0.986079952202393
1
1
0.95250115557081
1
0.989442921407446
0.995959175585653
1
1
1
1
1
1
1
1
1
1
1
0.996553605099471
1
1
1
1
1
1
1
1
1
0.993942957871333
1
1
1
1
1
1
1
1
1
1
1
1
1
0.975915398180016
1
1
1
1
1
0.907964582693162
1
0.974462440372808
1
1
0.966558945123871
1
1
1
1
0.975505484231611
0.9245838528394
1
1
1
1
0.953708820020375
1
0.992560333835907
0.979306167009452
1
0.996579272237284
0.998140441975899
1
1
1
1
1
1
0.99457958139953
1
1
1
1
1
1
1
0.994100403343824
1
1
1
1
1
1
1
1
1
1
1
1
1
0.997288389556992
0.988437503881756
1
0.973266620766807
1
1
1
1
0.907800124761982
1
1
1
1
1
1
1
1
0.978495488123254
1
0.971510082048333
0.985796195370088
1
1
1
1
1
1
0.997442311461666
1
1
1
1
1
1
0.971133268842153
1
1
1
1
1
0.997697492316277
1
1
1
1
1
1
1
1
1
1
0.978495488123254
1
1
0.992723910993305
1
1
1
1
1
1
1
1
0.988024738138974
1
1
1
1
1
1
1
0.997239369258538
1
1
1
1
1
0.951431069180619
0.980875414300599
1
1
1
1
1
1
1
0.997478964050871
0.986232807681542
1
1
1
1
1
1
1
1
1
1
1
1
1
1
0.993513968204796
1
1
0.987575228374002
0.947463474200679
0.986665877644958
1
1
1
1
1
1
1
1
1
1
1
1
0.941897482794198
1
1
0.967918930937493
1
0.976170589848159
1
1
1
1
0.996936493523262
1
1
1
1
1
1
1
1
1
1
1
1
1
1
1
1
1
1
1
1
0.964131776993218
1
1
1
0.993714931601133
0.998140441975899
0.970873170130208
1
1
0.97538106925203
1
1
1
0.957183994952172
1
0.901538849343399
1
1
1
1
1
1
0.990539673881182
0.987986736767343
1
1
1
1
1
1
0.9592533797473
1
1
1
1
1
0.997464688817558
1
1
1
1
1
1
1
1
0.687724770730386
1
0.993102783152474
0.987119851197887
1
1
1
1
1
1
1
1
0.96132093492707
1
1
0.985607591656798
1
1
0.880251330017194
1
0.994661939920802
1
1
1
1
0.974906736957779
1
1
1
1
0.820635561997959
1
1
1
1
1
0.974190770431462
0.990165702518957
1
1
0.855615184553464
0.964985206504153
1
1
1
1
1
1
1
0.946480863573757
1
0.989442921407446
1
0.953708820020375
1
1
1
1
1
1
1
1
1
1
0.963458265209884
0.998353622542522
0.972548798844408
1
0.972946159799253
1
1
0.990694081434982
0.98307514009059
1
1
0.951614507803195
1
1
0.993909170397419
0.974665520265559
1
1
1
1
1
1
1
1
1
0.996456772211726
1
0.935281556045138
1
0.97538106925203
1
1
1
1
1
1
1
0.995680147233018
0.946480863573757
1
0.969821232031099
0.994100403343824
1
1
1
1
0.947463474200679
1
0.711896509884754
1
1
0.972771903506886
1
1
1
1
1
0.99264512561749
1
1
0.998365921486421
1
1
1
1
1
0.94435764131833
1
1
1
1
1
1
0.895910170288056
1
1
1
1
1
1
0.997740423190019
1
0.979306167009452
1
1
1
1
1
1
1
1
1
1
1
1
1
1
1
0.980875414300599
0.996767265706998
1
1
1
1
0.99264512561749
1
0.911351097402385
1
1
1
1
1
1
1
1
0.970717061908056
1
1
1
0.937150482451395
0.996888409006461
1
1
1
1
1
1
1
1
0.950376658993377
1
1
1
1
1
1
1
1
1
1
1
1
1
1
1
0.992560333835907
0.985665639768261
0.73425562934996
1
1
1
1
0.989442921407446
1
1
1
0.965784137592705
0.955096561583171
1
1
1
1
0.998502443134506
0.997653856111009
1
1
1
1
1
0.993078614669924
1
1
0.99671428513662
1
1
1
1
1
0.907841322917358
1
0.998353622542522
1
1
1
1
1
0.995959175585653
1
1
1
1
1
0.993448670151438
0.998921721477006
1
0.986232807681542
1
1
0.907964582693162
0.807082231406048
1
1
1
1
1
1
1
1
1
0.998356951767845
1
1
1
1
1
1
1
1
1
0.99550401697934
0.905774797986706
1
1
1
1
1
0.819548238802005
0.964697635758552
1
1
0.95076860227373
1
1
1
0.97538106925203
1
1
1
0.998381706734077
0.987575228374002
0.998356951767845
1
1
1
1
1
1
0.981451558552441
0.985557803078353
1
0.96228547939334
1
1
0.998479793262457
1
0.986870137169344
1
1
1
0.820122875351795
1
1
1
1
1
1
1
1
1
1
1
0.996710973422906
1
1
1
1
1
1
1
0.991282469018498
0.999179124401479
1
1
1
0.977025175362561
1
1
1
1
1
0.998502443134506
1
0.684627003895182
1
1
0.992383987773007
0.916057270868393
1
1
1
1
1
1
0.949243066985235
1
0.966309112277158
0.986664099735753
1
1
1
1
1
1
0.987761064497773
1
1
1
1
1
1
1
1
1
1
1
0.993858190440153
1
1
0.998594121865388
0.962603149322106
0.974906736957779
1
1
1
0.976613834468868
1
1
0.949243066985235
0.909478210674675
1
1
1
0.980604530706234
0.96132093492707
1
1
1
1
1
1
1
1
1
0.938090602717795
1
0.973091448193923
1
1
1
1
1
1
1
1
1
1
0.995486294814687
1
1
1
1
1
1
1
1
1
1
0.984126686315248
1
1
1
1
1
1
1
1
0.994472953020666
1
1
1
0.99550401697934
1
1
1
1
1
1
1
1
1
1
0.954331299552169
0.987761064497773
1
0.974138358403494
1
1
1
1
1
1
0.887042352816885
1
1
1
1
0.996465230159818
1
0.820635561997959
1
0.993909170397419
1
0.998921721477006
1
1
1
0.977923331258663
1
1
0.997478964050871
0.887042352816885
1
1
1
0.996448925523281
1
1
0.997511114526126
1
1
1
0.9926614934239
1
0.998789842020171
0.924997878604423
1
1
0.977049547406365
0.989637166642039
0.998502443134506
0.979663756884432
0.967869477246345
1
0.997141030718705
1
0.997812379019827
1
1
1
1
1
1
0.997141030718705
1
1
1
1
1
0.988796006492403
1
1
1
1
1
1
1
1
1
1
1
1
1
1
1
0.99264512561749
1
0.993078614669924
1
1
1
1
1
1
1
1
1
1
0.998359301018977
1
1
1
0.711896509884754
1
1
1
1
1
1
0.92556904199979
1
1
1
1
1
1
0.97458047335805
1
1
1
1
1
1
1
1
1
1
1
1
1
0.972458223210161
1
1
1
1
0.998594121865388
1
0.946063334295407
1
1
0.993511142726118
1
1
1
0.972610179541594
1
1
0.980875414300599
1
1
1
1
1
0.981132563030746
0.998278994244443
1
1
1
1
1
1
0.990966002512588
1
0.970792638730406
0.97056253131141
1
1
0.988796006492403
1
1
1
1
1
1
1
0.976378013786343
1
1
1
1
1
1
1
1
1
1
0.971510082048333
1
1
1
1
1
1
1
1
1
1
1
1
1
0.993231275049936
1
0.926224073842397
1
1
1
1
0.996161533336676
1
1
1
1
1
1
0.998560883476722
1
1
1
1
1
1
0.995303614441458
1
1
1
1
0.935281556045138
1
1
0.946480863573757
1
1
1
1
1
0.965784137592705
0.953828262334476
1
1
1
1
1
1
1
1
1
0.991523364680493
1
0.994472953020666
1
1
1
1
0.98229512351362
0.985796195370088
1
1
1
1
1
1
1
1
1
1
1
1
0.997634714820265
1
1
1
1
0.986870137169344
1
1
1
1
0.974314783039538
1
1
1
1
0.936594940569531
1
1
1
1
1
1
1
0.980640887587694
0.887042352816885
1
1
1
0.974906736957779
1
1
1
1
1
0.992723910993305
1
1
1
1
1
1
0.99112759895225
1
1
1
1
0.970085625497819
1
1
0.989958492258295
1
1
1
0.996456772211726
0.884052575814085
1
1
1
1
1
1
0.966605323169505
1
1
1
0.984126686315248
1
1
1
0.97458047335805
1
1
1
0.998222406640292
1
1
1
1
1
1
1
1
1
0.950796035890425
1
1
1
1
0.994883360092694
1
0.970717061908056
1
0.957233376629204
1
1
0.995401787439215
1
1
1
1
1
0.921518165785831
1
1
1
1
1
0.978861284161818
1
1
1
1
1
1
1
1
1
1
1
1
0.993463449777873
1
1
1
0.988437503881756
1
1
1
1
0.99264512561749
1
1
1
1
1
1
1
1
1
1
0.871255201365667
1
1
1
1
0.997356593364315
1
1
1
1
0.957541572617605
1
0.968700643251375
1
1
0.99279355364276
0.986847034818265
0.991224459585696
1
1
0.980918093093278
1
1
1
1
1
1
1
1
1
1
1
1
1
1
1
1
1
0.950037405786904
1
1
1
1
1
1
1
1
1
1
1
1
1
1
1
0.943636823502477
0.99649741951454
1
1
1
1
0.905247570722504
1
1
1
1
1
0.875967135335182
1
1
1
1
0.975749640729279
1
0.986876345968595
1
1
1
1
1
1
1
0.967300182086652
1
1
1
1
1
1
0.990502393625714
1
1
1
0.996741991083587
0.996295304210145
0.973209614017079
1
0.929926210724822
0.994883360092694
1
1
0.883007265114454
1
1
1
1
1
1
1
1
1
1
1
1
1
1
1
1
0.975325225643481
1
1
1
1
1
1
1
1
1
1
0.955789764387772
1
1
1
1
0.999313751000257
1
1
1
1
1
1
1
1
1
1
1
1
1
1
1
1
1
1
1
1
1
1
0.997239369258538
1
1
0.966199230304606
1
1
1
1
1
1
0.984766329041271
1
1
1
1
1
0.97578744770854
0.957489700885672
1
1
0.998330659382018
1
1
1
0.929343934544234
1
0.995401787439215
1
1
1
1
1
1
1
1
1
1
1
1
0.993586201480184
1
0.998356951767845
1
1
0.988910861721509
1
1
1
0.98307514009059
0.99915209073892
0.966199230304606
0.963004380830378
1
0.997055726133653
1
1
1
1
1
1
1
1
1
0.997055726133653
1
1
1
0.951431069180619
1
1
1
1
1
1
1
1
1
1
0.978495488123254
0.965733600763875
1
1
1
1
1
1
1
1
1
1
1
1
1
1
1
1
1
1
1
1
1
0.993463449777873
1
1
1
1
1
1
1
1
1
1
1
1
1
0.996465230159818
1
1
1
1
1
0.894161182314452
1
1
1
1
0.999033872888753
0.9245838528394
1
1
1
1
1
1
0.994472953020666
1
1
1
1
1
1
1
0.974906736957779
1
1
1
1
1
1
1
1
1
1
1
1
1
1
1
1
1
1
1
1
1
1
1
0.998278994244443
0.999432783328942
1
1
1
1
1
1
1
1
1
1
1
1
1
1
1
1
1
1
1
0.998796671236502
1
1
0.987761064497773
1
1
1
1
0.964316813854511
1
1
1
1
1
1
1
1
1
1
1
1
1
1
1
0.983747824476766
0.795850905328687
1
1
1
1
1
1
1
1
1
0.975325225643481
0.998502443134506
0.953089426756537
1
0.9245838528394
1
1
1
1
1
0.998967673856481
1
1
1
1
1
0.975797191686362
0.993733679614121
1
1
1
1
1
0.976117232912685
0.998364456518495
0.981837038803391
0.957489700885672
1
1
1
1
0.834766438245692
1
1
1
1
1
1
0.989510671023791
1
0.998222406640292
1
1
1
1
1
1
1
1
1
1
0.965244495931303
1
1
1
0.704661588121527
1
1
1
1
0.980875414300599
1
1
1
1
1
1
1
1
1
1
1
1
1
0.995314163620368
1
1
1
1
0.934228586736826
1
1
1
1
1
0.974800454299597
1
0.997288389556992
1
1
1
1
1
1
1
1
0.996741991083587
1
1
1
1
1
1
1
1
1
1
1
1
1
1
1
1
1
1
1
1
1
1
1
1
1
0.935281556045138
1
1
0.953322470387689
1
1
1
1
1
1
1
1
1
1
0.993194316051399
1
0.996579272237284
1
1
0.963004380830378
0.959844775235905
0.866302806803865
1
1
1
1
0.966558945123871
1
1
1
1
1
1
1
1
1
0.929919244085791
1
0.940893484230384
1
1
1
1
0.9915283564914
0.975939972597253
0.996465230159818
1
1
1
1
1
1
1
1
1
1
1
1
1
1
1
1
1
1
1
1
1
1
1
0.976503776420233
1
0.992797474429449
0.95719660260821
1
1
1
1
1
1
1
1
1
1
1
1
1
1
1
1
1
0.992723910993305
1
1
1
1
1
0.962970403014567
1
1
1
1
1
0.987119851197887
1
1
1
1
1
1
1
1
1
1
1
1
1
1
1
1
1
1
1
1
0.998796671236502
1
1
1
1
1
1
1
1
1
1
1
1
1
0.8751893144132
0.98287262246536
1
0.999163622827875
1
1
0.988910861721509
1
1
1
1
1
0.957448384555031
1
1
1
1
1
1
1
1
1
1
1
1
1
0.965244495931303
1
1
1
1
1
1
1
1
1
1
1
1
1
1
1
1
1
1
0.989958492258295
1
1
1
1
0.939189779764537
1
1
1
1
0.997288389556992
0.995442745810054
1
0.998353622542522
1
1
1
1
1
1
1
1
1
1
1
1
1
1
1
1
1
1
1
1
1
1
1
1
0.979306167009452
1
1
1
1
1
1
1
1
1
1
1
0.966558945123871
1
1
0.987761064497773
1
1
0.995959175585653
1
1
1
1
0.989958492258295
1
0.967869477246345
1
1
1
1
1
1
1
1
1
1
1
1
1
1
1
1
1
1
0.9926614934239
1
1
0.987881504882904
1
1
1
1
0.986870137169344
1
1
1
1
1
1
1
1
1
1
1
1
1
1
1
0.961166349105274
1
0.980875414300599
1
1
1
1
1
0.902764305085316
1
1
0.984837780605671
1
1
1
1
0.966030221770949
1
1
0.984837780605671
1
1
1
1
0.929343934544234
1
0.653777669877266
1
1
1
1
1
1
0.977025175362561
1
1
0.986695188475288
1
0.972515531943524
1
1
1
0.932312429195246
1
1
1
1
1
1
1
1
1
0.989442921407446
1
1
1
1
1
1
1
1
1
1
1
1
0.977949179835861
1
1
0.990855642781129
1
1
0.62348437561842
1
1
0.996741991083587
1
1
0.994661939920802
1
0.985985777095643
1
1
1
1
1
1
1
1
1
1
0.969442932558457
1
1
1
1
1
1
0.990726756327911
1
1
1
1
1
0.987166018249852
1
1
1
1
1
1
0.973087355431912
1
1
1
1
1
1
1
1
1
1
1
0.969886535887459
1
1
1
1
1
1
1
1
1
1
1
1
1
1
1
1
1
1
1
1
1
1
1
1
1
1
1
1
1
1
1
0.98753900009335
1
1
1
1
0.773495316453926
1
1
1
0.909956001027654
1
1
1
0.957201733447174
0.984766329041271
0.975749640729279
1
1
0.95319049209301
1
0.99863495848793
1
1
1
1
0.962628190090069
1
1
1
1
1
1
0.950203560424731
1
1
0.997740423190019
1
1
0.997288389556992
1
1
1
0.991282469018498
1
1
1
1
0.992934123895012
1
1
1
1
1
1
0.758418750751348
1
1
1
1
1
1
1
1
1
1
1
0.996831426469032
1
1
1
1
1
1
1
1
1
1
1
1
1
1
0.997812379019827
0.986105524206447
1
1
1
1
1
1
1
1
1
0.975749640729279
1
1
1
1
1
1
1
1
1
1
1
1
1
1
1
1
1
1
1
1
1
1
1
1
1
0.98938302808456
1
1
0.981001759876585
1
1
0.913799067439536
0.998479793262457
1
1
1
1
1
1
1
0.958768316319886
1
1
0.949243066985235
0.981109145427495
1
1
1
1
0.996004239376487
1
1
1
1
1
1
0.993586201480184
1
0.989510671023791
0.993102783152474
1
1
0.929343934544234
1
1
1
0.989510671023791
1
1
1
1
1
1
1
0.996655476739761
1
1
1
1
1
0.997018704026502
1
0.996579272237284
1
1
1
1
1
1
0.998246545226127
1
1
1
1
0.953280075781261
1
1
1
1
1
1
1
1
1
1
1
1
1
1
0.995303614441458
1
1
0.936946360769965
0.952535045152569
0.997740423190019
1
1
0.998222406640292
1
1
0.995445283100724
1
1
1
1
1
1
1
1
1
1
0.977923331258663
1
1
0.991539939122389
1
1
1
1
1
0.95076860227373
1
1
1
1
1
1
1
1
1
1
0.961412131349238
1
1
1
1
0.986695188475288
1
0.962805490174956
1
0.994472953020666
1
1
1
0.973123421633164
0.974069278242263
1
1
1
1
1
1
1
1
1
0.992723910993305
1
1
1
1
1
1
0.988437503881756
1
1
0.953708820020375
1
1
0.993061592609123
0.974227754432635
1
1
1
1
1
1
1
0.802876398407116
0.997812379019827
0.980432431934597
0.990165702518957
1
1
1
1
0.963004380830378
1
0.998514006488935
0.998242639499152
1
1
1
1
1
1
1
1
1
1
1
1
0.995248958435983
0.975136924318482
0.991035225923902
1
1
1
1
1
1
0.911108422801352
1
1
1
1
1
1
1
1
0.979758400593736
0.964568508880076
1
1
0.97433197846006
0.993448670151438
0.964131776993218
1
1
1
1
1
0.975136924318482
1
1
1
1
1
0.963485972523047
0.957192122871954
0.99649741951454
0.950037405786904
1
1
0.999161756919997
1
1
1
1
1
1
1
1
1
1
1
1
1
1
0.974462440372808
1
1
1
1
1
1
1
1
1
1
1
0.999163622827875
1
0.98307514009059
1
1
1
1
1
1
1
1
1
1
1
1
1
1
1
1
1
1
1
1
1
0.988024738138974
1
0.976613834468868
1
1
1
1
1
1
1
1
1
1
1
0.866302806803865
0.846999854308973
1
1
1
1
1
1
1
1
1
1
1
1
1
1
1
1
0.953708820020375
0.979663756884432
1
1
1
1
1
1
1
1
1
1
0.974227754432635
1
1
1
1
1
1
1
1
0.9592533797473
1
1
1
1
1
1
1
1
1
1
0.992934123895012
1
1
1
0.971031325534864
1
1
1
1
1
1
1
1
1
1
1
1
1
1
1
1
1
0.995486294814687
1
1
1
0.977923331258663
1
1
1
1
1
1
0.866302806803865
1
1
1
1
1
1
0.987166018249852
1
1
1
1
0.940393471174529
1
0.990218035674951
1
1
1
1
1
1
1
1
1
1
0.990713238842312
0.993155581169047
1
1
1
1
1
1
1
1
0.944948850553159
0.962970403014567
0.962970403014567
0.993231275049936
1
1
1
1
0.977319388971087
1
1
1
1
1
1
1
1
1
1
1
1
0.971133268842153
0.772687457291094
1
1
0.990929839284855
1
1
1
1
0.994633429883758
1
1
1
1
1
1
0.972458223210161
1
1
1
1
1
1
1
1
1
1
0.996570436756792
1
1
1
1
1
1
0.970942116842199
0.977949179835861
1
1
1
0.970717061908056
1
0.986876345968595
1
1
1
1
1
1
1
0.755149523190851
1
1
1
1
1
1
1
1
1
1
1
1
1
1
1
1
1
0.952294063652983
1
0.960198982985909
1
1
1
1
1
1
1
1
1
1
0.996599929752542
1
1
1
1
0.97702508919616
1
1
0.996046725307073
1
1
1
1
1
0.991523364680493
1
1
1
1
1
1
1
1
1
1
0.996612216802222
1
1
1
1
1
1
1
1
1
1
1
1
1
1
0.978163494870529
1
0.997740423190019
1
0.986964103828592
1
0.986664099735753
1
1
1
1
0.996612216802222
1
1
1
1
1
1
0.998502443134506
1
0.974744011205604
1
1
1
1
1
1
1
1
0.985607591656798
1
1
0.997621390074035
1
0.923415529649568
1
1
1
1
0.995375119531427
1
1
1
1
1
1
1
0.951059566925119
1
1
1
1
1
1
1
1
1
1
0.951032281925288
1
1
0.800483474437703
1
1
0.998353622542522
1
1
0.996456871283656
1
1
1
1
1
1
0.974451596378768
1
1
1
1
1
1
1
0.996579272237284
0.924997878604423
1
0.963485972523047
0.981109145427495
1
1
1
1
1
1
1
1
1
1
1
1
1
1
1
0.967300182086652
1
1
0.894161182314452
0.996505265172441
0.997239369258538
0.844874702215826
1
1
1
0.997018704026502
1
1
1
1
1
0.993286292458339
1
1
1
1
1
0.996004239376487
1
0.987119851197887
0.990694081434982
1
0.957183994952172
1
1
1
1
1
1
1
1
0.998772242689685
1
1
1
0.939959047582469
1
1
1
1
1
0.996972166297471
1
1
1
0.946227110770146
1
1
1
0.990966002512588
1
1
1
0.968121041342412
1
1
0.970873170130208
1
1
1
1
1
0.912315526283446
1
0.943636823502477
1
1
0.971510082048333
1
1
1
1
1
1
1
1
0.995303614441458
1
1
1
1
0.995789674550432
1
1
0.998076217245327
0.979353710527335
1
1
0.993013968852828
1
1
0.950578460669634
0.997621390074035
1
0.976053803555233
1
1
1
0.957183994952172
0.997812379019827
1
0.827941000550761
1
1
1
1
1
1
1
1
1
0.935727344330024
1
1
1
1
1
1
1
1
0.960685272449264
1
1
0.996404436226257
1
1
1
1
1
1
1
1
1
1
1
1
1
0.990966002512588
1
1
1
0.995655723216234
1
1
0.800483474437703
0.923415529649568
0.972458223210161
1
1
1
0.991668666843787
1
0.993092784624469
1
1
1
0.950305047260904
1
1
1
1
0.97433197846006
1
0.987166018249852
0.99442963433094
1
1
1
1
0.964078157978895
1
0.994716765823065
1
1
1
1
1
1
1
1
1
1
0.997239369258538
1
1
1
0.998967673856481
1
1
1
1
1
1
1
1
1
1
1
1
1
1
0.97433197846006
1
1
1
1
1
0.988437503881756
1
0.964697635758552
1
1
1
1
0.974519987295245
1
1
1
1
0.986695188475288
1
0.988875046802667
1
1
0.995365682296727
1
0.992797474429449
1
0.862169600114175
1
1
1
0.984837780605671
1
1
1
1
1
0.963004380830378
1
1
1
1
1
1
1
0.995723145824591
1
1
1
1
1
1
1
1
1
1
1
0.972515531943524
1
0.950703465212045
1
1
1
1
1
1
1
1
0.99948520400754
1
1
1
1
1
1
1
1
0.878660493750474
1
0.993858190440153
1
0.990195424764042
0.999033872888753
0.722428125334648
1
1
1
0.993733679614121
0.987761064497773
0.958557576422064
1
0.992074396163085
1
1
1
1
1
1
1
0.992626027855541
1
1
1
1
0.996816971565078
1
1
1
1
1
0.800483474437703
1
1
0.996565455583443
1
1
1
1
1
0.953708820020375
1
0.965829258298446
1
1
0.995583836953381
0.962970403014567
0.972230801497365
1
1
1
1
1
1
1
1
1
0.964697635758552
1
1
1
1
1
1
1
0.962693831204279
1
1
1
1
1
1
1
1
1
0.953322470387689
1
0.997055726133653
1
1
1
0.969245981328683
1
1
1
1
1
1
1
1
1
1
1
1
1
0.957298188248208
0.997055726133653
0.951691160557457
1
0.950796035890425
1
1
0.973932461619355
0.987881504882904
1
1
0.976124336372644
1
0.979306167009452
1
1
1
1
0.996816971565078
1
1
0.951828626620366
1
1
1
1
1
1
1
1
1
1
0.991523364680493
0.998140441975899
1
0.994100403343824
1
0.987062875841026
1
0.913450125392495
1
0.995314163620368
0.922285534558572
0.992797474429449
1
0.974462440372808
1
1
0.965010386408013
1
1
1
0.992723910993305
1
0.972515531943524
1
1
1
1
1
1
1
1
1
1
1
1
0.996465230159818
1
1
0.98753900009335
0.993858190440153
1
0.950703465212045
0.998455985272126
1
1
1
1
1
1
1
1
0.962805490174956
0.996565455583443
0.997812379019827
1
1
1
1
1
1
1
1
1
0.99427353410752
1
1
1
1
1
1
1
1
1
1
1
1
0.999161756919997
0.987666631401174
1
0.99076484644981
0.981132563030746
1
1
1
1
1
1
1
0.977877072395889
1
1
1
1
1
1
0.990929839284855
1
1
1
1
0.967869477246345
1
1
1
1
1
1
0.996741991083587
1
1
0.997288389556992
1
1
0.967300182086652
1
1
1
1
1
1
1
1
1
1
1
0.99686603269017
1
1
1
1
1
1
0.986140421896915
1
1
1
1
1
1
1
1
1
1
1
1
0.979663756884432
1
1
1
1
1
1
1
1
1
1
1
1
1
1
1
1
0.992560333835907
1
1
1
1
1
0.907672856090314
1
1
1
1
1
1
0.965660568713416
1
1
1
1
1
1
1
1
1
1
1
0.998796671236502
1
0.998921721477006
1
1
1
0.989371859504376
1
1
1
1
1
1
1
0.993858190440153
1
1
1
1
1
1
1
1
0.996619215870042
1
1
1
1
0.996710973422906
1
1
1
1
1
1
0.989958492258295
1
1
1
0.988796006492403
1
1
1
1
1
1
1
1
1
1
1
0.979306167009452
1
0.970318725063086
1
0.998502443134506
1
1
1
1
0.995655723216234
1
1
1
1
1
0.99640242430862
1
0.997975016933843
1
1
1
1
1
0.996560552871242
1
1
1
1
1
1
1
0.939102656749663
1
1
1
1
0.974744011205604
1
1
1
1
0.985804045365122
0.941326722258861
1
1
1
1
1
0.982097824284032
1
1
1
1
1
1
1
1
1
1
1
0.962628190090069
0.997055726133653
0.988437503881756
1
1
0.964642327738878
1
1
1
1
1
1
1
0.994883360092694
1
0.951828626620366
0.982206170047625
1
1
1
1
0.998402433136559
0.993733679614121
1
1
0.912315526283446
1
1
1
1
0.972515531943524
1
0.907672856090314
1
1
1
1
1
0.989442921407446
1
1
1
0.997653856111009
0.973682572590318
1
1
1
1
0.976433525833286
1
1
1
1
1
0.989442921407446
1
0.995486294814687
1
0.975350196311109
0.972548798844408
1
1
1
1
0.998140441975899
1
1
1
0.916057270868393
0.973151037327122
1
1
1
0.997101770729923
1
0.954331299552169
1
1
1
1
1
1
1
1
0.936946360769965
1
1
1
1
1
1
1
1
1
1
1
0.950578460669634
1
1
0.962654091742698
1
1
1
0.985796195370088
1
0.974800454299597
1
1
1
1
1
1
1
1
0.996936493523262
0.978861284161818
1
1
1
0.985796195370088
1
0.977877072395889
1
1
1
1
1
0.957192122871954
0.995482678053032
1
1
1
1
1
1
1
0.993372091292137
1
1
1
1
0.902283074776444
0.963996078579597
1
0.997836532616516
1
1
1
1
1
1
0.986455339103707
1
0.996767265706998
0.996570436756792
1
1
0.985557803078353
1
1
1
0.977923331258663
1
1
0.968339000717183
1
1
1
1
1
0.987761064497773
1
1
1
1
0.936594940569531
1
1
1
1
1
1
1
1
1
1
1
1
1
0.946480863573757
1
1
0.9926614934239
1
1
1
0.967474645234867
1
1
1
1
1
1
1
1
1
1
0.998140441975899
1
1
0.995381778706763
0.914687711352176
1
0.993714931601133
1
0.995365682296727
1
1
0.996004239376487
1
1
1
1
1
1
1
1
1
1
1
1
1
1
0.998537032939972
1
1
0.964568508880076
1
1
1
1
1
1
1
1
1
1
1
0.953708820020375
1
0.823003682292816
1
0.931367980764564
1
0.985557803078353
1
1
1
1
1
1
1
1
1
1
1
0.981001759876585
1
1
1
0.965829258298446
1
1
1
1
1
1
1
1
1
1
1
1
1
1
1
1
1
1
1
1
1
1
1
1
1
1
1
1
1
1
1
1
1
1
1
1
0.715050251554187
1
0.987761064497773
1
1
1
1
1
0.972548798844408
1
1
1
1
1
1
1
1
0.992723910993305
1
1
1
1
1
1
1
1
1
1
1
0.997288389556992
1
1
1
1
0.974800454299597
1
1
1
0.902283074776444
1
1
0.938040542887402
1
1
1
1
1
1
1
0.997697492316277
1
1
1
0.988437503881756
0.990539673881182
1
1
1
1
0.993448670151438
1
1
1
1
1
1
1
1
1
1
1
0.946036548719981
1
1
1
0.97584080778738
1
1
1
1
1
0.948200020019938
1
1
0.964078157978895
0.907672856090314
1
1
0.993909170397419
1
0.95984722956749
1
1
0.998429019977008
0.984476639033387
1
1
1
1
1
1
1
1
0.963680959406964
0.986664099735753
1
1
1
1
1
1
1
1
1
1
1
1
1
1
1
0.995885188476385
1
1
1
1
1
1
1
1
0.975887290029521
1
1
1
1
1
1
1
0.979941976026956
1
1
1
0.999179124401479
0.996505265172441
1
1
1
0.999203804063531
0.992797474429449
1
1
1
1
1
1
1
1
1
1
1
0.967869477246345
1
0.959844775235905
1
1
0.998479793262457
1
0.823003682292816
1
1
0.998359301018977
0.999313751000257
1
1
1
1
1
1
0.992797474429449
1
1
1
1
1
1
1
0.836973547334868
1
1
1
1
1
0.988437503881756
1
1
1
1
1
1
1
1
0.871817659725296
1
0.972299857356926
1
1
0.977949179835861
1
1
0.962345502499821
1
1
1
0.963774388540592
0.998682026942256
1
1
0.9624220258459
1
0.990539671215584
1
1
1
1
1
1
0.991523364680493
0.975360989955511
1
0.976015680026712
1
0.874869386604022
1
1
1
0.976616364314227
0.97584080778738
0.958203715956825
1
1
1
1
1
1
1
1
1
1
1
1
1
1
1
0.986847034818265
1
1
1
1
1
1
1
1
1
1
1
1
1
1
1
1
0.986455339103707
1
1
1
1
0.996610348230803
1
1
1
1
0.957298188248208
1
1
1
1
0.966309112277158
1
0.981272640935385
0.989510671023791
1
1
1
0.995445283100724
1
1
1
1
1
1
1
0.985985777095643
1
1
1
1
1
1
0.9926614934239
1
1
1
1
1
0.961364834394893
1
1
1
1
1
1
1
1
1
1
1
1
0.989958492258295
1
1
1
1
1
1
1
1
1
1
1
1
1
1
1
1
1
1
1
0.964697635758552
1
1
0.995579342736271
0.983620900209672
1
1
1
0.996767265706998
1
1
1
1
1
1
1
1
1
0.965244495931303
1
1
1
0.991523364680493
1
0.982206170047625
1
1
1
1
1
0.96247602322889
1
1
1
1
1
1
0.97584080778738
0.976613834468868
0.992934123895012
1
1
1
1
0.974314783039538
0.993078614669924
1
1
1
1
1
1
0.971133268842153
1
1
1
0.991282469018498
1
1
1
1
1
0.998594121865388
1
1
1
0.957233376629204
1
1
1
1
1
0.998557911228675
1
1
1
0.998222406640292
1
0.956726651085434
1
1
1
1
1
1
1
0.974314783039538
0.996816971565078
0.959844775235905
1
1
1
1
1
1
1
0.999112928820476
0.997055726133653
1
1
1
1
1
1
1
1
0.895910170288056
1
1
1
1
1
1
1
0.9926614934239
0.874224722975295
1
1
1
1
1
1
0.993013968852828
1
0.999285846225075
1
0.968742672495152
1
0.969886535887459
1
1
1
1
1
1
1
1
0.978495488123254
0.956872886706611
1
1
0.999163622827875
1
1
0.879714197250078
0.738959342566442
0.851158248305626
1
1
1
1
1
0.998479793262457
1
1
1
1
1
1
1
1
1
1
1
1
0.990974812744198
1
1
1
1
0.997478964050871
1
1
0.999112928820476
1
0.995997447690472
1
1
1
1
1
1
0.922950274450777
1
1
1
1
1
1
1
1
1
1
1
1
1
1
0.973266620766807
1
1
1
1
1
1
1
0.953021772912374
1
1
0.955153080114369
1
1
1
1
1
1
1
1
1
1
1
1
1
1
1
0.950376658993377
1
1
1
1
1
1
1
0.915302872814628
1
0.974720649698299
1
0.976443969485011
0.997740423190019
1
1
1
1
0.959985126575525
1
0.9926614934239
1
1
1
1
0.967300182086652
1
1
1
1
1
1
1
0.990539673881182
1
1
1
1
0.995723145824591
1
1
1
1
0.996710973422906
1
0.970717061908056
1
1
0.995303614441458
1
1
0.967869477246345
1
0.999112928820476
1
1
1
0.945848118738639
1
1
1
1
0.97458047335805
1
1
1
1
0.953021772912374
1
0.984195989145115
1
1
1
1
1
1
0.997018704026502
0.987022137920272
1
1
1
0.952391376853362
1
0.956557497856074
1
1
1
1
1
1
1
0.921163356323777
1
1
0.966309112277158
1
1
0.993586201480184
1
1
0.949243066985235
1
0.997975016933843
0.959937278785365
1
0.993586201480184
1
1
0.998278994244443
1
1
0.998330659382018
1
1
1
1
1
1
0.968806643091984
1
1
1
0.996612216802222
1
0.972358977205898
1
0.969245981328683
1
1
1
1
1
1
1
0.953708820020375
1
1
1
1
1
1
1
0.996046725307073
1
1
1
1
0.975887290029521
1
1
1
0.997478964050871
1
1
1
1
0.992797474429449
1
0.996295304210145
0.977923331258663
1
1
1
0.998482947032045
0.86307800117871
1
1
0.9836191682843
1
0.940893484230384
0.996046725307073
1
1
1
1
1
0.950775918364507
1
1
1
1
0.946480863573757
0.992797474429449
1
1
1
1
1
0.976613834468868
1
1
1
1
0.998278994244443
1
1
0.968357747757235
1
1
1
1
1
0.986847034818265
1
1
0.996816971565078
1
1
0.94625622236805
0.995365682296727
1
1
1
1
1
0.967474645234867
1
1
1
1
1
1
1
1
1
1
1
1
1
1
0.987119851197887
1
1
1
1
0.976628143755695
1
1
1
1
1
1
1
1
1
0.99649741951454
1
1
0.997836532616516
1
0.99442963433094
0.994100403343824
1
1
0.997653856111009
0.991615392524779
1
1
1
1
1
1
1
1
1
1
1
1
0.958203715956825
1
1
1
0.995486294814687
1
1
1
1
0.976433525833286
1
1
1
0.987881504882904
1
0.979758400593736
1
0.996579272237284
0.999161756919997
1
1
0.913529862572131
1
1
1
1
1
1
1
1
1
1
1
0.622780689253187
1
0.871817659725296
1
1
1
1
1
1
1
1
1
1
0.988875046802667
0.947463474200679
1
1
1
1
1
1
1
1
1
1
0.998845806233313
1
1
1
1
1
1
0.993155581169047
1
1
1
1
1
0.966558945123871
1
1
1
1
0.972358977205898
1
1
1
1
1
1
1
1
1
1
1
1
1
1
1
1
1
1
1
1
1
1
1
1
0.972515531943524
1
0.907672856090314
0.953719936785355
0.995583836953381
1
1
1
1
0.919896150747301
1
1
1
1
0.99921994721777
1
0.842539293227274
1
1
1
0.920839217564752
1
1
1
1
1
1
1
1
0.733125585378959
1
0.992308051002391
0.815219306187526
0.974566379736096
1
1
0.954047443435581
1
0.913628032304461
0.966605323169505
1
1
1
1
1
1
0.999458504956826
1
0.97056253131141
1
0.895910170288056
1
1
1
1
1
1
0.941852303698992
1
1
1
0.962990978375538
1
0.96247602322889
0.966558945123871
1
1
1
0.996570436756792
0.991925796548697
0.967474645234867
1
1
1
0.90782570964055
0.947463474200679
1
1
1
1
1
0.907964582693162
1
1
1
1
1
1
1
1
1
0.979758400593736
1
0.997055726133653
1
1
1
1
1
0.997018704026502
1
1
0.879627427856688
0.976170589848159
1
1
1
1
1
0.999033872888753
1
1
1
0.957183994952172
1
1
1
1
0.909478210674675
1
1
0.941897482794198
0.938040542887402
1
0.998359301018977
1
1
1
1
1
1
1
1
1
0.907964582693162
1
1
0.98307514009059
1
1
1
1
1
1
1
1
1
0.964114606818303
1
1
0.99076484644981
1
0.926732470600013
1
0.944283801723558
0.972515531943524
0.998140441975899
1
1
1
1
1
1
1
1
1
1
0.985607591656798
1
1
1
1
1
1
1
1
1
1
0.936659819316446
1
1
1
0.967131987533713
1
0.998242639499152
1
1
1
1
1
1
1
1
1
1
1
1
0.995723145824591
1
0.925339896758552
1
1
1
1
1
1
1
1
1
1
1
1
1
1
0.795850905328687
1
1
1
1
1
1
0.900670465539604
1
1
1
1
1
1
1
1
1
1
1
1
1
1
1
0.975325225643481
1
0.997239369258538
1
1
1
0.970873170130208
1
1
1
0.955280978566408
0.93498913590045
1
1
1
1
1
1
1
1
1
1
1
1
1
1
1
1
1
1
1
1
1
1
1
1
1
1
1
1
1
1
1
1
1
1
1
1
1
1
1
1
1
0.957183994952172
1
1
1
0.990929839284855
1
1
1
1
0.97584080778738
1
1
1
1
1
1
1
1
1
1
1
1
1
1
0.862169600114175
1
1
0.993909170397419
1
1
1
1
1
1
0.99550401697934
1
1
1
1
1
1
1
1
1
1
1
1
1
1
1
1
1
0.880558876092046
1
1
1
1
1
0.755149523190851
1
1
1
1
1
1
1
1
1
1
1
1
1
1
1
0.970942116842199
1
1
1
0.976124336372644
1
1
1
1
1
1
1
1
1
1
1
1
1
0.998140441975899
1
1
1
0.935281556045138
0.998025657057744
0.998222406640292
1
1
1
1
1
1
1
1
1
1
1
1
1
1
1
1
1
1
1
1
1
1
1
1
0.943639191597107
1
0.976503776420233
1
0.979604348293828
1
1
1
1
1
1
1
1
0.972515531943524
1
1
1
0.996004239376487
1
1
1
1
1
1
1
1
1
1
1
1
1
1
1
1
1
1
1
1
1
1
1
0.973682572590318
1
1
1
1
1
1
0.979306167009452
1
1
1
0.947349265731119
1
1
0.965733600763875
1
1
1
1
1
1
1
1
1
0.995303614441458
1
1
0.992560333835907
0.977923331258663
1
1
1
1
1
1
1
1
1
0.989510671023791
1
1
1
1
1
1
1
1
1
1
0.997634714820265
1
1
1
1
1
1
1
1
1
1
1
0.988796006492403
1
1
1
1
1
0.983483647218579
1
1
1
1
1
1
1
0.998429019977008
1
0.941897482794198
1
1
1
1
1
1
1
0.971133268842153
1
1
1
1
1
1
0.972458223210161
1
0.962990978375538
1
1
1
1
1
1
1
1
1
1
1
1
1
1
0.971031325534864
1
1
1
1
1
1
0.987166018249852
1
1
1
1
0.976613834468868
1
0.997442311461666
1
1
1
0.986695188475288
1
0.997478964050871
1
1
1
1
0.990539671215584
1
1
1
1
1
1
0.945848118738639
1
1
1
1
1
1
1
0.963872182456196
1
0.972771903506886
1
1
0.995723145824591
1
1
1
1
0.909867899096702
1
1
1
1
1
1
1
1
1
1
1
1
1
1
1
0.817034076314851
1
1
1
1
1
1
1
1
1
1
1
1
0.95319049209301
1
1
1
1
1
1
1
1
1
1
1
0.986313698690731
0.995632400157575
1
1
0.933869161115702
0.969886535887459
1
1
0.998455985272126
0.78737668514093
0.907964582693162
0.933942538181788
1
1
1
1
0.952245473944443
1
1
1
1
0.986455339103707
0.955088975818997
1
