x
1
1
1
1
1
1
1
1
1
1
1
1
1
0.995559501107263
1
1
1
1
1
1
1
1
1
1
1
1
0.999588887324986
1
1
1
1
1
1
1
0.999557966813733
1
1
1
1
0.999989473920299
1
0.862800633719806
0.999994220216367
1
1
1
1
0.973351383527952
1
1
1
0.920416021954586
1
0.93681941639877
0.99999741620257
1
1
0.999980525429364
1
1
1
0.973733101127785
1
0.948855116764154
1
1
1
0.999723699702123
1
1
1
0.999990287019887
1
1
1
1
1
1
1
0.923049674632386
1
1
1
0.999608363901074
1
1
1
1
1
1
1
1
1
1
1
1
1
1
0.900598784430289
1
1
1
1
1
1
1
1
1
1
1
1
0.9995097215548
1
1
1
1
1
1
0.930138057385606
1
1
0.999905923474774
1
1
1
1
0.618300584132963
0.999934311523376
1
0.999992662220744
1
1
1
1
1
1
1
1
1
1
1
0.999999602549942
1
1
0.905782608333511
1
1
1
1
1
1
1
1
1
1
1
1
1
0.93681941639877
1
1
1
1
1
1
0.999998773335672
1
1
1
1
1
1
1
1
1
1
1
1
1
1
1
1
0.96848320725669
1
1
1
1
1
1
1
1
0.914364279000024
1
1
0.999291572253573
1
0.999887685918138
1
1
1
0.999915988535994
1
1
0.999981266193184
0.999985814735945
1
1
1
1
1
1
1
1
1
1
1
1
0.999641360225209
1
1
0.864830410892465
1
1
1
0.998467990636563
1
1
1
1
1
1
0.999984764418979
1
0.930138057385606
1
1
1
1
0.994950691182193
1
1
0.99999741620257
1
1
1
1
1
1
1
1
1
1
1
0.999846553110961
1
1
0.999956840354311
1
1
1
0.99833153181675
1
1
1
1
1
0.999407508164401
1
1
1
1
0.99999901681585
1
1
0.90953274062165
1
1
1
0.999980337091523
1
1
1
1
1
1
1
0.982657209307486
1
0.943373375263439
1
0.91411342833051
1
1
0.997508898133936
1
0.999988641750141
1
1
1
1
1
1
0.999944825265331
1
1
0.920581335652204
1
1
1
1
1
1
1
1
1
1
1
1
1
0.991503014112017
1
1
1
1
1
1
1
1
0.999995634719518
1
1
1
1
1
1
1
1
1
1
1
1
1
1
1
1
1
0.995346578372687
1
1
1
1
1
1
1
1
1
1
1
1
1
0.999990287019887
1
1
1
0.982558699120744
0.923049674632386
1
1
0.999957751932998
1
0.953794708050874
1
1
0.999993595973951
1
1
1
1
1
1
1
1
0.999291572253573
1
1
1
1
1
1
1
1
0.99972483158137
1
1
0.99950345645382
1
1
1
1
1
1
1
0.999917546691753
1
1
1
0.998992589251336
1
1
0.966499463172247
1
1
1
1
1
1
0.852225770537628
1
1
1
1
1
1
1
1
1
1
1
1
1
1
1
1
1
1
0.944009204862523
0.970247649104362
1
0.999985994714744
1
0.999881330256937
1
0.999921585789611
1
1
0.998467990636563
1
1
1
1
0.958707061814318
1
1
1
1
1
1
1
1
1
1
1
1
1
0.999882317025107
1
1
0.999227081598611
1
1
1
1
1
1
1
1
1
1
1
1
1
1
0.989862794475122
1
1
1
1
1
0.978787384074163
1
1
1
1
1
0.982558699120744
0.999813756044038
1
1
1
1
0.999330481920144
0.875622484237727
0.990890944250584
1
1
0.999242597010239
1
1
0.999451228112687
0.99171313553274
1
1
0.999865940389093
1
1
1
1
1
1
1
1
1
1
1
1
0.999981266193184
1
1
1
1
1
1
1
1
1
1
0.905782608333511
1
1
1
1
1
1
1
0.981165988702878
1
1
0.991503014112017
1
1
0.915301981810172
1
1
1
1
1
1
1
1
1
1
0.999619882571159
1
1
1
1
1
0.999895955577726
1
1
1
1
1
1
1
1
1
1
1
0.999905923474774
1
1
1
1
1
1
0.996311402975969
1
1
1
1
0.99912961535606
0.999827770410911
1
1
1
1
1
1
1
0.928678137188661
1
1
1
1
1
0.953882968507029
1
1
1
1
1
1
1
1
1
1
1
1
0.999998297598376
1
1
1
1
1
1
1
1
1
1
1
0.927981762324023
1
1
1
1
1
0.99994150323049
1
1
1
1
0.999999117322693
0.999967236723559
1
1
1
1
0.982436444406812
1
1
1
1
1
0.868863420482218
1
0.999996675612949
0.999905923474774
0.999275034477699
0.999998926661881
1
1
1
1
1
1
1
1
1
1
1
1
1
1
0.900598784430289
0.99999741620257
1
1
0.999981206702957
1
0.999975287724152
1
1
1
1
1
1
1
1
1
1
1
1
1
1
0.999778015694297
1
1
0.976439794420092
1
0.917829645918237
1
1
1
1
0.994328888535404
0.999427095276846
1
1
1
1
1
1
1
1
1
1
1
1
1
1
1
0.999999102636916
1
1
1
0.99956296057821
1
1
0.999994220216367
1
1
1
0.99936551577045
1
1
1
0.999967236723559
1
1
0.99999278554436
1
1
1
0.99923594596373
1
0.999557966813733
0.93681941639877
1
1
0.998467990636563
0.999971378036674
1
1
1
1
1
1
1
1
0.999808160730712
0.981165988702878
1
0.999998926661881
1
0.986224736701586
1
1
1
1
1
1
0.999987358465777
0.999956840354311
1
1
1
1
1
1
0.99967950249615
1
1
1
1
0.999988641750141
1
1
0.999871832923759
1
1
1
1
1
1
1
1
0.958627756924617
1
1
1
1
1
1
0.999373200226477
1
1
0.999850411753592
1
1
0.928967098744138
1
1
1
1
1
1
1
0.999999117322693
1
1
1
1
1
1
0.899144754556016
1
1
1
0.999588887324986
1
1
1
1
1
0.999911514950802
1
1
1
1
1
1
0.995559501107263
1
1
1
1
1
1
1
1
1
0.999601616687788
1
0.97989572874693
1
1
1
1
1
1
1
1
1
1
1
1
1
1
1
1
1
1
1
0.999980274628355
1
0.999752040596785
1
0.999390626094407
1
1
1
1
1
1
1
0.999400255602206
1
1
1
1
1
1
1
1
1
1
1
1
0.999690939083628
1
1
1
1
1
1
0.998784030133319
0.999400255602206
1
1
1
1
1
1
1
1
1
1
1
1
1
1
1
0.96848320725669
0.999715092151098
1
1
1
1
1
0.937312655239364
1
1
1
0.999985994714744
0.964601876848132
1
1
1
1
1
1
1
1
1
1
1
1
1
1
1
1
0.999078551876528
1
0.999981266193184
1
1
0.999887685918138
0.989404171079622
1
1
1
1
1
1
1
1
1
1
1
1
1
0.927981762324023
1
1
0.999761508203125
1
1
1
1
1
0.999723699702123
1
1
1
1
1
1
0.920581335652204
1
1
0.991410494437263
1
1
1
0.988733668761134
1
1
1
1
1
1
0.874294419641717
1
1
0.937007655038459
1
1
1
0.82750821657503
0.999291572253573
0.999989807070613
1
1
1
1
1
1
0.996426785464135
0.90860245875282
1
1
0.991300935048938
1
1
0.983368759657905
1
0.946460176100107
1
1
0.936854357995077
1
1
1
1
1
0.986049241236897
1
1
1
1
1
1
1
1
1
1
1
0.899456574392197
1
0.994316867200541
0.999390626094407
0.999390626094407
1
1
1
1
0.942919661509121
1
0.99648787175506
0.999979892343221
0.999619882571159
1
1
1
1
1
1
0.943373307266302
1
1
1
1
1
1
1
0.999988348386246
1
1
0.853199438270617
1
1
1
1
1
1
0.868863420482218
0.997246976489696
1
1
1
1
1
1
1
0.99999901681585
1
1
1
1
1
1
1
1
1
1
1
1
1
1
1
1
0.999761508203125
0.997837415862827
1
1
1
1
1
1
1
1
1
1
1
1
1
1
1
0.998375815400256
1
1
1
1
1
1
1
1
1
1
1
0.999640471173068
1
1
1
1
0.999997159346854
1
1
1
1
1
0.90953274062165
1
1
1
1
1
1
1
1
0.999772282038915
1
1
1
1
1
1
1
1
1
1
0.980080711701506
0.982612723690211
1
1
1
0.999988348386246
1
1
1
1
1
1
0.941657008296478
1
1
1
1
1
1
1
1
1
1
1
1
1
1
0.915053670993653
1
0.914364279000024
1
0.999952854763932
1
1
1
1
1
0.93681941639877
1
1
1
1
1
1
1
1
0.994328888535404
1
1
1
1
0.958707061814318
0.902267389643786
0.999887685918138
1
1
0.948855116764154
1
0.999998906230885
1
1
1
1
1
0.99854959266865
1
0.999998152896788
1
1
1
1
1
0.999995367174255
1
1
1
1
1
1
1
0.906655747729218
1
1
1
1
1
1
1
1
1
1
1
1
1
1
1
1
1
1
1
1
1
1
0.991614258035956
1
1
1
1
1
1
0.732998465555691
1
1
1
1
1
1
1
1
1
1
1
1
1
1
1
1
0.923049674632386
1
1
1
1
0.999998297598376
1
1
1
0.946621024552736
1
1
1
1
1
1
0.999989176800913
0.989404171079622
1
0.989862794475122
1
1
1
0.999966312115878
1
1
0.928039511266052
1
1
1
1
0.999994220216367
1
0.914364279000024
0.999970336374162
1
1
1
0.995346578372687
1
1
1
1
1
1
1
0.920581335652204
1
1
0.932678382994294
1
0.946621024552736
1
1
1
0.999872228788053
1
1
1
1
1
0.865207992050718
1
0.946621024552736
0.99999278554436
1
1
1
1
1
0.911456427036717
1
1
0.999995311976243
1
1
1
1
1
1
1
1
1
1
1
1
1
1
1
1
1
0.999998906230885
1
1
1
1
1
1
1
1
0.999963753365415
1
1
1
0.874294419641717
1
1
1
1
1
1
1
1
0.999619882571159
1
0.999989176800913
1
1
1
1
1
1
1
1
0.999881330256937
1
1
0.999655505020969
1
1
1
1
1
1
1
1
1
1
1
1
1
1
1
1
1
0.986701693348807
1
1
1
1
1
1
1
0.985243393945886
1
1
1
0.998467990636563
0.920581335652204
1
1
1
1
1
1
1
1
1
0.920386315168019
1
1
1
1
1
0.991025763555465
1
1
0.999821762874397
1
1
0.948897383638617
1
1
0.998467990636563
1
1
1
1
1
0.937312655239364
1
1
1
0.999881330256937
1
0.999941102839672
1
1
1
1
1
1
1
1
1
1
1
1
1
0.999813756044038
1
0.920581335652204
1
1
1
1
0.999947245386241
1
0.999997159346854
1
1
1
1
1
1
0.999999117322693
1
1
0.999998302951794
0.999984764418979
1
1
1
1
1
1
1
1
1
1
0.927981762324023
1
1
1
1
0.999779165381146
1
1
1
1
0.999603613632994
1
1
1
1
1
1
1
1
1
1
0.953882968507029
1
1
1
1
1
1
1
1
0.999981206702957
0.999994812051215
1
1
1
1
1
1
0.999619882571159
0.991025763555465
1
1
1
1
1
0.99999741620257
1
1
1
1
1
1
1
1
1
1
1
1
1
1
0.999881330256937
1
1
0.999690939083628
0.999978452022616
0.920416021954586
1
0.999986483657055
1
1
1
1
1
1
1
1
1
1
1
1
1
1
1
1
1
1
1
1
1
1
0.982657209307486
1
1
1
1
0.89323727816282
1
1
1
1
1
1
1
1
0.999641360225209
1
1
1
1
0.986049241236897
1
0.99999478275272
1
0.988893087457633
1
1
1
1
1
1
0.999996619652544
1
1
0.98136697326777
0.98737967391751
1
1
1
1
1
1
1
1
1
0.90953274062165
1
1
0.943352367912803
1
1
1
1
1
1
1
1
1
0.999984764418979
1
1
1
1
0.999999102636916
1
0.971994608675011
1
1
1
1
1
0.991503014112017
1
1
1
0.929343206687704
0.999966312115878
1
0.999778015694297
1
1
1
0.999998773335672
1
1
1
1
1
0.999956840354311
1
1
1
1
1
1
1
1
1
1
1
1
1
1
1
1
1
1
1
0.999441511955156
1
1
0.999690939083628
1
0.82750821657503
1
1
1
1
1
1
1
1
1
1
1
1
1
1
1
1
1
0.999905923474774
1
1
0.954405443765903
1
1
1
1
1
1
1
1
1
1
1
1
0.999734346126013
1
1
1
1
1
0.999613929266772
1
1
1
1
1
1
0.999980274628355
1
0.90860245875282
1
0.999967236723559
0.999032472162639
1
1
0.886635202587737
0.999989473920299
1
1
1
1
1
1
0.999905923474774
1
1
1
1
0.999998963952088
1
0.999999117322693
1
1
1
1
1
1
1
1
1
1
1
0.969812698842404
1
0.99999901681585
1
1
1
1
1
1
1
1
1
1
1
1
1
1
1
1
0.99991687073837
1
0.999999102636916
1
1
1
1
1
0.987056196348647
1
0.999938260960967
1
1
1
0.999895955577726
1
1
1
0.999981206702957
1
0.880519107673489
0.72611475162917
1
1
1
1
1
1
1
1
1
0.861724172121743
1
1
0.998319878151678
1
1
1
1
0.999993568775032
1
1
1
1
1
1
1
0.999988348386246
1
1
1
1
1
0.999499456071344
0.996311402975969
0.999997159346854
1
0.99998878570457
1
1
1
1
1
0.999958717054835
1
0.999999117322693
0.905177788418853
1
1
1
1
0.999980274628355
1
1
1
1
1
1
0.90953274062165
1
1
0.98737967391751
0.964601876848132
1
1
1
1
1
0.998375815400256
1
1
1
0.997246976489696
1
1
0.930138057385606
1
1
0.999989936198074
1
1
1
0.99544200117224
1
1
0.999982624466393
1
0.999546167262822
0.999746765522868
1
1
1
1
0.999985814735945
1
1
1
1
1
1
1
1
0.999997666134467
1
1
1
1
1
1
1
1
1
1
1
1
0.999994220216367
1
1
1
1
1
1
1
0.99995296233709
1
1
1
1
1
1
1
1
0.999905923474774
1
1
1
1
1
0.999988641750141
0.98737967391751
1
1
1
1
1
1
1
1
1
0.991025763555465
0.936709334375733
0.999390626094407
1
1
1
1
1
1
1
1
0.999866348837421
1
0.98737967391751
1
1
0.922822524441141
1
0.986701693348807
1
1
1
1
1
1
1
1
1
1
0.91834310571113
0.976439794420092
0.999761508203125
1
1
1
1
1
1
0.99999278554436
1
1
1
1
1
1
1
1
0.999603613632994
1
1
1
1
1
1
1
1
1
1
1
0.99999741620257
1
1
1
1
0.999910223496673
1
1
1
1
1
1
0.999339864084987
0.999640471173068
1
0.999078551876528
1
1
1
1
0.99999891293871
1
1
1
1
0.999979716564631
1
1
1
1
1
1
1
1
0.953794708050874
1
1
1
1
1
1
0.871118123943251
0.999995311976243
1
1
1
1
1
1
1
1
1
1
1
1
1
1
1
1
1
0.999032472162639
1
1
1
1
1
1
0.946460176100107
0.999829813735049
1
1
1
0.999993568775032
1
1
0.999925351157693
0.948855116764154
1
1
1
1
1
1
1
1
1
1
1
1
1
1
0.954184503799277
1
1
1
1
1
1
1
1
1
1
1
1
1
1
0.861724172121743
1
1
0.909598194501351
0.943974602545247
0.999761508203125
1
1
1
1
1
0.999779165381146
1
1
0.999995311976243
1
1
1
1
1
1
1
1
1
1
1
1
1
1
1
1
1
1
1
1
1
1
1
1
1
1
1
0.999546167262822
0.82750821657503
1
1
1
1
1
0.999970423293725
1
1
1
1
1
0.999999117322693
0.999997159346854
1
1
1
1
1
1
1
1
0.999999117322693
0.992998656022653
1
0.999980337091523
0.998481626012142
0.982612723690211
1
1
1
0.996426785464135
1
1
1
1
1
1
1
1
1
1
1
1
0.999436008457722
1
1
1
1
1
0.930138057385606
1
1
1
1
0.954405443765903
1
1
1
1
1
1
1
1
1
0.999999905558664
1
1
1
1
0.982436444406812
0.999973495564039
0.962680448016609
1
1
1
1
1
1
1
1
1
1
1
1
1
1
1
1
1
1
1
1
1
1
1
0.873095203748688
0.948897383638617
1
1
1
1
1
1
1
1
0.999390626094407
1
1
0.999988641750141
0.99999891293871
0.999982624466393
1
1
1
1
1
1
1
1
1
1
1
1
1
1
1
1
0.864285510134671
1
1
1
1
1
0.999999117322693
0.943373307266302
1
0.871118123943251
1
1
1
0.996898729090418
1
1
1
1
1
1
1
1
0.909598194501351
1
1
1
1
1
1
1
1
1
0.999989807070613
1
1
1
0.999032472162639
1
1
0.999966508093067
1
1
1
1
1
1
1
1
0.99999901681585
0.998467990636563
0.870755114130064
1
0.870755114130064
1
1
1
1
1
0.999998963952088
0.958627756924617
1
0.999988641750141
1
1
0.999985814735945
1
1
1
1
0.999994812051215
1
1
1
1
1
1
1
1
1
1
1
0.988733668761134
1
1
1
1
1
1
1
1
1
1
1
1
0.99999741620257
1
0.999827770410911
1
0.97503865017783
0.999887685918138
1
1
1
1
1
1
1
0.99998878570457
1
1
0.999887685918138
1
1
1
0.99991687073837
1
0.965041928591101
1
1
0.999887685918138
1
0.999032472162639
0.998784030133319
1
1
1
1
0.999887685918138
1
1
1
1
0.981165988702878
1
1
1
1
1
1
0.946621024552736
1
1
0.999694628404673
1
0.999998152896788
1
0.999989473920299
1
1
1
1
1
1
1
1
1
1
1
1
1
1
0.99991687073837
0.999956840354311
1
1
1
1
1
1
1
1
0.999987518763353
1
1
1
1
1
1
1
1
1
1
1
1
1
1
1
1
1
1
1
1
1
1
1
1
1
0.999994220216367
1
1
1
1
1
1
1
1
1
1
1
1
1
1
1
0.999993568775032
1
1
1
0.91411342833051
1
1
0.999969952828821
1
1
1
1
1
1
1
0.999978894548928
0.999855561335045
0.997379930398756
1
1
1
1
1
1
1
0.999779165381146
1
0.99999001010737
0.983368759657905
1
1
1
1
1
1
1
1
1
0.999407508164401
1
1
1
1
1
1
1
1
1
1
0.999969952828821
1
1
1
1
1
1
1
1
1
1
1
1
1
1
1
1
0.982612723690211
1
1
0.999881330256937
1
1
1
1
1
0.999694628404673
1
0.944023147867991
1
1
1
1
1
1
0.992998656022653
1
1
0.981048643304077
1
1
0.999985994714744
0.999242597010239
1
1
1
0.999441511955156
1
1
1
1
0.96848320725669
0.999655505020969
1
1
1
1
1
1
0.986224736701586
1
1
1
1
1
1
1
1
1
1
1
1
1
1
0.999499456071344
1
1
1
1
1
1
1
1
0.902267389643786
1
0.899144754556016
1
1
1
1
1
1
1
1
1
1
1
1
0.999911339579205
1
1
1
1
1
1
1
1
1
1
1
1
1
1
1
1
1
1
1
0.999390626094407
1
1
1
1
1
1
1
1
0.999499456071344
0.999985814735945
1
1
0.914364279000024
1
1
1
1
1
1
1
1
1
1
0.899677153543189
0.982436444406812
1
1
1
1
0.999116349523552
1
1
1
0.880519107673489
1
1
1
1
1
1
1
1
1
1
1
1
1
1
1
1
1
0.999032472162639
1
0.982612723690211
1
1
1
0.98136697326777
1
1
1
1
1
1
0.991025763555465
0.999963941523664
1
0.999993568775032
1
0.930138057385606
1
0.999947245386241
1
1
1
1
1
1
0.988733668761134
1
1
1
1
1
1
0.999723699702123
1
1
1
1
1
1
1
1
0.988893087457633
0.806092914612131
0.970150312649035
1
1
1
1
1
0.960933193664902
1
1
0.99936551577045
1
1
1
1
1
1
0.986224736701586
1
1
1
1
1
1
0.999989936198074
1
1
1
0.999989936198074
1
1
1
1
1
1
1
1
1
1
1
1
1
1
1
1
1
1
0.999998297598376
1
1
1
0.995880617503557
1
1
1
1
1
0.965041928591101
0.999390626094407
1
1
1
0.99997650688481
0.999752040596785
1
1
1
1
1
1
1
0.999930223405917
1
1
0.998990356014873
1
1
0.999100946467462
1
1
1
1
0.99999901681585
1
1
0.914364279000024
1
0.999499456071344
0.875622484237727
1
1
1
1
1
1
1
0.993326586856033
1
1
1
1
1
1
1
1
1
1
1
1
1
1
1
1
1
0.999994812051215
1
0.999956840354311
0.999986483657055
1
1
1
1
1
0.999911514950802
1
1
1
1
1
1
1
0.999980587092369
0.82750821657503
0.943437668300135
1
1
1
1
1
1
0.999699403959789
0.999998302951794
1
1
1
1
1
0.984628546082643
1
1
1
0.996226014687161
0.999390626094407
1
1
0.999808160730712
0.995346578372687
1
1
0.999989936198074
1
1
1
1
1
1
0.999752040596785
1
1
0.991503014112017
0.948855116764154
1
1
1
1
1
1
1
1
0.999554092183328
1
1
1
1
1
1
1
0.999879573710898
1
1
0.999999905558664
1
1
0.999989280156114
1
1
0.999992906687219
1
1
1
1
1
1
1
1
1
1
0.997213559660483
1
1
0.999987358465777
1
1
1
1
1
0.999970336374162
1
1
1
0.999603613632994
0.999554771394868
0.927981762324023
1
1
1
1
1
1
1
1
1
0.999451228112687
1
0.999640471173068
1
1
1
1
1
1
1
1
1
1
1
1
0.999980525429364
1
1
0.999984764418979
1
1
1
1
1
0.99999901681585
1
1
1
0.999970139962541
1
1
1
1
1
1
1
1
1
1
1
1
0.999995477389874
1
1
1
1
1
0.981165988702878
1
0.994890797246892
1
1
1
1
1
1
1
1
1
0.998935718304388
0.999608363901074
0.999999117322693
1
0.999905923474774
1
1
1
0.998467990636563
1
1
1
1
1
1
1
1
1
1
1
0.999980274628355
1
1
1
1
1
1
1
1
1
1
1
1
1
1
1
1
1
1
1
1
1
1
0.805020921113466
1
1
1
1
1
1
1
1
0.999655505020969
1
0.942919661509121
1
1
1
1
1
1
0.99950345645382
1
1
1
1
0.999989280156114
1
1
0.976121035950135
1
1
0.932694460698086
1
1
1
0.993086867042031
1
0.956061683547319
1
1
1
1
1
1
1
1
1
1
1
0.954184503799277
1
1
1
1
1
0.99999478275272
0.946621024552736
1
1
1
1
0.999360526721589
1
1
1
1
1
0.999846553110961
0.886635202587737
1
1
1
1
0.954814330606709
1
1
1
1
1
1
1
0.999980525429364
0.914364279000024
1
1
1
1
1
1
1
1
1
1
0.999980274628355
1
1
1
1
1
1
0.999963941523664
1
1
1
1
1
1
1
1
1
1
1
1
1
1
1
1
1
1
1
1
0.999570826075162
1
0.986701693348807
1
1
0.899144754556016
1
0.999988348386246
0.999998179378704
1
1
1
1
0.999921585789611
1
1
1
1
0.999829813735049
1
1
0.999987358465777
1
1
1
1
1
1
1
1
1
1
1
1
1
1
1
1
1
1
1
1
1
1
1
0.999570826075162
1
1
1
1
1
0.916602128192558
1
1
0.995117800307964
1
0.999975810468211
1
1
1
1
1
1
1
1
0.999989176800913
1
1
1
1
0.999997666134467
1
1
1
1
1
0.999979716564631
0.982436444406812
1
1
1
0.999982624466393
1
1
1
1
1
1
1
1
1
1
1
1
1
0.999982637384851
1
1
1
1
1
0.999989936198074
1
1
1
1
1
1
0.991300935048938
1
1
1
1
1
1
1
1
1
0.999931633073498
1
1
1
1
1
1
1
1
0.99999901681585
0.998784030133319
1
1
0.994890797246892
1
1
1
1
1
0.928967098744138
1
1
1
1
1
1
1
1
1
1
1
1
1
0.999999602549942
1
0.886635202587737
1
0.996426785464135
1
1
1
1
1
1
1
1
1
1
1
1
1
1
1
1
0.998784030133319
1
1
0.99995296233709
1
1
0.999975810468211
1
1
1
1
1
1
1
1
1
1
0.999984764418979
1
1
1
1
1
1
1
1
0.999970139962541
0.996948697558318
1
1
1
1
1
1
1
0.996898729090418
0.99985359447369
1
1
1
1
1
1
1
1
1
1
1
1
1
1
0.999642687081708
1
1
1
0.9859682607818
0.999987518763353
1
1
1
1
0.999554092183328
1
0.999999102636916
0.999887685918138
1
1
1
1
1
1
1
1
1
1
1
0.999956840354311
1
1
1
1
1
1
1
1
1
1
1
1
1
1
0.82750821657503
1
1
1
1
1
1
1
1
1
0.990890944250584
1
1
1
1
1
0.999970336374162
1
1
1
1
0.999999905558664
1
1
1
1
1
1
1
1
1
1
1
1
1
1
1
1
1
1
1
1
1
1
1
1
1
0.90860245875282
1
1
0.971628609818404
1
1
1
0.990890944250584
1
1
1
1
1
0.999864488844107
1
1
0.999752040596785
1
1
1
1
1
1
1
0.999291572253573
1
1
0.999996675612949
1
1
1
1
0.976439794420092
1
1
1
1
1
1
1
1
1
1
1
1
1
1
1
1
1
1
0.999947245386241
1
1
1
1
1
1
0.982558699120744
1
1
0.932678382994294
0.999554092183328
0.998467990636563
0.986701693348807
1
1
0.999723699702123
1
1
1
1
1
0.874294419641717
0.999570826075162
1
1
1
1
1
0.999999905558664
1
1
1
0.999990287019887
0.999956840354311
1
1
0.999963941523664
0.999911514950802
1
1
1
1
1
1
1
1
1
1
1
0.99374430540511
1
1
1
1
1
1
1
0.999988641750141
1
1
1
1
1
1
0.999998773335672
1
1
1
1
1
1
1
1
1
1
1
1
1
1
1
0.973733101127785
1
1
1
1
0.995117800307964
1
1
1
1
0.999778015694297
1
1
1
1
1
1
1
1
1
1
1
1
1
1
1
1
0.999441511955156
1
1
1
0.98136697326777
1
1
1
1
1
1
0.90860245875282
1
1
0.999640471173068
1
0.999407508164401
1
1
0.982558699120744
1
1
0.999242597010239
0.999884417513154
1
1
1
1
0.966388498134709
1
1
1
1
1
1
1
1
0.99854959266865
1
1
1
1
1
0.999761508203125
1
1
1
1
1
1
1
1
1
1
1
1
1
1
1
0.999609418243106
0.886635202587737
1
1
1
0.999952854763932
1
1
1
1
1
1
1
1
1
0.999989176800913
1
0.925920683056871
1
1
0.999872228788053
1
1
1
1
1
1
0.999996866758695
1
1
1
1
0.992998656022653
1
1
0.905782608333511
0.999997159346854
1
1
1
1
1
1
1
1
1
1
1
1
1
1
1
1
1
1
1
1
1
0.999944825265331
1
1
1
1
1
1
0.994890797246892
1
1
1
1
1
1
1
1
1
1
1
1
0.99854959266865
1
1
1
1
1
0.948897383638617
1
1
1
1
1
1
1
1
1
1
1
1
1
0.995117800307964
1
0.983368759657905
1
1
0.982612723690211
1
1
1
1
1
1
1
0.99999001010737
1
0.997246976489696
1
1
1
0.944009204862523
1
1
1
0.971628609818404
0.999778015694297
1
1
1
0.914364279000024
1
1
1
1
1
0.983577849386594
1
1
1
1
1
1
1
1
1
1
1
1
0.999989807070613
1
1
1
1
1
0.980080711701506
0.999655505020969
0.999931633073498
1
1
1
0.999958717054835
1
1
1
0.948855116764154
1
1
1
1
1
1
1
1
1
1
1
1
1
1
1
1
0.984146123690758
1
1
0.82750821657503
1
1
1
1
0.995117800307964
0.999999102636916
1
1
1
1
1
1
1
1
1
1
1
0.999982637384851
0.999999602549942
1
1
1
1
0.999980274628355
0.981048643304077
1
1
1
1
1
1
0.999987518763353
1
1
1
1
1
1
1
1
1
1
1
1
1
1
1
0.999242597010239
0.948855116764154
1
1
1
1
1
0.973733101127785
1
0.999601616687788
1
1
1
1
1
1
1
1
0.999998179378704
1
1
0.966388498134709
0.98136697326777
0.999996619652544
1
1
0.999390626094407
0.982436444406812
1
0.99999741620257
1
1
1
1
1
0.990890944250584
1
1
1
1
1
1
1
1
0.653154678309068
1
1
1
1
0.999881330256937
1
1
0.984628546082643
0.982558699120744
1
1
1
1
1
1
1
1
1
1
1
1
1
1
1
1
1
0.999846553110961
0.999451228112687
1
1
1
1
1
1
1
1
1
1
0.98325722088201
1
1
1
0.999993595973951
1
1
1
0.999872228788053
1
0.971628609818404
1
1
1
1
0.864830410892465
1
1
1
1
1
1
1
1
1
1
1
1
1
1
1
0.999987518763353
1
0.853199438270617
1
0.999846553110961
1
1
1
1
1
1
1
1
1
1
1
1
1
1
1
1
0.999985814735945
1
1
0.999967236723559
1
1
1
1
1
0.923049674632386
1
1
0.999962721667481
1
1
1
1
1
0.99999278554436
1
1
1
1
0.989862794475122
1
1
1
1
1
1
1
1
1
1
1
1
1
1
1
0.922822524441141
1
1
1
1
1
1
1
0.884948226109479
1
1
1
0.999876078579705
1
1
1
1
1
1
1
1
1
0.999971378036674
0.999986483657055
0.914364279000024
1
0.99854959266865
1
1
1
1
1
1
0.999980661695632
1
1
1
1
1
0.999996675612949
0.914364279000024
1
1
0.99999901681585
1
1
1
0.97989572874693
1
1
0.978787384074163
1
1
1
1
1
0.966388498134709
0.99974789924694
1
1
1
1
1
1
1
0.928039511266052
1
1
1
0.937312655239364
0.993086867042031
1
1
1
1
1
1
0.953882968507029
0.867063840842558
1
1
1
1
1
1
0.937312655239364
1
1
1
1
1
1
1
1
1
1
0.991025763555465
1
1
1
1
1
1
0.999995819746514
1
0.999998906230885
1
1
1
1
1
0.90953274062165
1
1
1
1
1
0.999970423293725
1
1
1
1
1
0.886635202587737
1
1
1
1
1
0.999872364163496
1
1
1
1
1
1
1
0.999998773335672
0.999752191400869
1
0.874294419641717
1
1
0.999978452022616
1
0.856559544158381
1
1
0.999925215174587
1
1
1
1
1
1
1
0.989032897092677
0.922822524441141
1
1
0.998952287665201
1
1
0.999934311523376
1
1
1
1
1
1
1
1
1
0.999967236723559
1
1
0.888102632862174
1
1
1
1
1
1
1
0.814148314713058
1
1
1
1
0.999499456071344
1
1
1
0.998784030133319
0.953882968507029
1
0.882690322280686
1
1
0.96848320725669
1
1
1
0.987056196348647
1
1
1
0.80553543491044
1
1
1
1
1
1
1
1
1
1
0.999940089473934
0.99991687073837
1
1
1
1
1
1
1
1
0.990512758138197
1
1
0.999546167262822
1
1
0.99994150323049
1
1
1
1
1
1
1
1
1
1
1
1
0.948897383638617
1
1
1
1
1
1
1
1
1
1
1
1
1
1
1
1
1
1
1
1
1
1
1
1
1
1
1
1
1
1
1
1
1
1
1
0.96848320725669
1
1
1
1
0.953794708050874
1
1
1
1
1
1
1
1
1
1
1
1
1
1
1
1
1
1
1
0.999175845738234
1
0.994890797246892
1
1
1
1
1
1
1
1
0.99998878570457
0.995880617503557
0.832796772239526
1
1
1
1
1
1
1
0.99995296233709
1
0.982612723690211
1
1
1
1
1
1
1
1
1
1
1
1
0.999466796582194
0.971822848657249
1
1
1
0.999969952828821
1
1
1
1
1
1
1
1
1
1
1
1
1
1
0.978787384074163
1
1
1
1
0.999905923474774
1
1
1
1
1
1
0.992874599539997
0.999998302951794
0.999441511955156
1
1
0.999466796582194
1
1
0.99999001010737
1
0.999970336374162
1
1
1
0.99994150323049
1
1
1
1
0.999978894548928
0.994890797246892
1
1
1
0.976439794420092
1
0.998315062252803
1
1
1
1
1
1
1
0.999575254959932
1
1
1
1
1
1
1
1
1
1
1
1
1
1
1
1
1
0.999032472162639
1
1
1
1
0.976439794420092
1
1
0.999895955577726
1
1
1
1
1
0.999808160730712
1
1
1
1
1
1
0.96848320725669
1
1
1
1
1
1
1
0.999715611336612
1
1
1
0.999998179378704
1
1
1
1
1
1
1
0.880857707758753
1
1
1
1
1
1
1
1
1
1
0.999989807070613
1
1
1
1
1
1
1
0.96848320725669
1
1
1
0.998467990636563
1
0.999980661695632
1
1
0.999975287724152
1
1
0.996426785464135
1
0.900598784430289
1
1
1
1
1
1
1
1
1
1
1
1
0.999876078579705
1
1
1
1
1
1
1
1
0.999979716564631
1
1
1
1
1
1
1
1
1
1
1
1
1
1
1
0.999998179378704
1
1
1
1
1
1
1
0.953882968507029
1
1
1
1
0.923049674632386
0.986049241236897
1
1
1
1
1
1
0.999846553110961
1
1
1
0.999390626094407
1
1
0.983368759657905
0.999979716564631
1
1
1
1
1
1
1
1
1
1
1
1
1
1
1
1
1
1
0.996426785464135
1
1
1
0.98325722088201
1
1
1
1
1
1
1
1
1
1
1
1
0.982612723690211
1
1
1
1
1
0.99171313553274
0.999966508093067
1
1
1
0.999998179378704
1
0.999998926661881
0.999293181083561
1
0.999995634719518
1
1
1
1
1
1
0.999998302951794
1
1
1
1
1
1
0.99999741620257
1
1
1
1
1
1
1
1
1
1
1
1
1
1
0.999975287724152
1
1
0.93681941639877
0.999051652236837
0.999895955577726
1
1
0.99999741620257
1
1
1
1
1
1
1
1
1
1
1
1
1
0.999706972266352
1
1
1
1
1
0.950302952809414
1
1
1
1
0.936709334375733
1
1
1
0.999816491129583
0.999557966813733
1
1
1
0.948897383638617
1
1
1
1
0.981165988702878
0.989412856366432
0.999993595973951
1
0.99994150323049
1
1
0.999441511955156
1
1
0.999952854763932
0.99999478275272
1
1
1
1
1
0.987056196348647
1
1
1
0.978787384074163
1
1
1
1
1
1
0.999575254959932
1
1
1
1
1
1
1
1
1
0.999911339579205
1
1
1
0.999963251747455
1
1
1
0.93755943419822
1
1
1
1
1
0.998162058385759
0.999971378036674
1
1
1
1
1
1
0.999993595973951
0.91200152770351
0.998467990636563
1
1
1
0.99171313553274
1
1
1
0.998315077816045
0.999505482457043
1
0.99996701350628
1
0.996087654105192
0.995888652206363
0.861724172121743
1
1
1
1
1
1
1
1
0.999972202247042
0.801060158190006
1
1
1
1
1
1
1
1
1
1
1
0.853544609313775
1
1
1
0.91834310571113
1
0.808829340585517
0.702506812572032
1
0.635014314265606
1
1
0.654998454031625
0.914364279000024
0.999851653857971
1
1
1
1
1
1
1
1
1
1
1
1
1
1
1
1
0.999967236723559
1
1
1
1
1
1
1
1
0.999018503722698
0.999603613632994
1
0.954184503799277
1
1
1
1
1
0.93755943419822
1
1
1
0.999603613632994
1
0.983368759657905
1
1
0.999998773335672
1
1
0.999998906230885
1
1
1
1
1
1
1
1
1
1
1
0.999971389177265
1
1
1
1
1
1
1
1
1
1
1
0.999970336374162
1
1
1
1
1
1
1
1
0.864830410892465
1
0.962120600319499
1
1
1
1
1
1
1
1
1
1
1
0.949249022265385
0.999969952828821
1
1
1
1
1
1
0.999933092421177
0.716302609510121
1
1
1
0.98737967391751
0.999994220216367
0.970247649104362
1
1
1
1
1
1
1
1
1
1
1
1
1
1
1
0.998375815400256
0.969812698842404
1
1
1
1
1
1
1
1
1
1
1
1
1
1
0.99936551577045
1
1
0.982558699120744
1
1
1
0.999486642830253
1
0.999640471173068
1
1
1
1
1
1
1
1
1
1
1
1
1
1
1
1
0.999407508164401
1
1
0.999969952828821
1
0.999980646219167
1
1
1
1
1
1
1
1
1
1
1
1
1
1
1
1
1
1
0.973733101127785
0.960933193664902
0.937312655239364
1
1
1
0.953882968507029
1
1
1
1
1
1
1
1
1
1
1
1
1
1
1
1
1
1
1
1
1
0.999982829168482
1
1
1
1
1
0.999998302951794
1
0.999981266193184
0.991503014112017
1
1
1
1
1
1
1
1
1
0.999846553110961
1
1
1
1
1
1
0.995880617503557
1
1
1
1
1
1
1
1
1
1
1
1
1
1
1
1
1
1
1
1
1
1
1
1
1
1
1
1
1
1
1
1
1
1
1
1
1
1
1
1
1
0.999978452022616
0.999694628404673
0.975253961493498
1
1
1
1
1
1
1
1
1
1
1
1
1
0.999984764418979
1
1
0.90860245875282
0.995880617503557
1
1
1
1
0.999975859243087
1
1
1
0.970150312649035
1
1
1
1
1
1
1
1
0.840047360555461
0.970247649104362
1
1
1
1
1
1
1
1
1
1
1
1
1
1
1
1
0.999870297086952
1
1
1
0.990890944250584
1
1
1
1
1
1
1
1
1
1
0.890393873182954
1
1
1
1
1
1
1
0.999291572253573
1
1
1
1
0.934946716373554
1
1
1
1
0.992998656022653
0.999032472162639
1
1
1
1
1
1
1
1
0.999242597010239
0.999809451953983
0.999996675612949
1
1
1
1
0.999876078579705
1
1
1
0.991025763555465
1
1
1
1
1
1
1
1
1
1
0.999873330902884
1
1
1
1
0.930138057385606
1
0.999998906230885
1
1
1
0.999018503722698
0.999940089473934
1
1
1
1
1
0.973733101127785
1
1
1
1
1
0.99999001010737
0.998467990636563
1
1
1
1
1
0.986049241236897
1
1
1
0.999889801558525
1
1
1
1
1
1
1
1
1
1
1
1
1
1
1
1
1
1
1
1
1
1
1
1
0.956061683547319
1
1
0.998784030133319
1
0.999846553110961
0.988733668761134
1
1
1
1
0.98737967391751
1
1
1
1
1
1
0.999865940389093
1
1
1
1
1
0.918058323897639
1
1
1
0.905452548669297
0.999441511955156
1
1
1
1
1
1
0.999486642830253
1
1
1
1
1
1
1
1
1
1
1
1
1
1
1
1
0.958707061814318
1
1
1
1
1
1
1
1
0.999242597010239
1
1
1
1
0.999985994714744
0.998467990636563
1
1
1
1
1
1
1
1
1
1
1
0.999996619652544
1
1
1
0.999871832923759
0.999512269584039
1
1
1
1
1
1
1
1
1
1
1
1
1
1
0.899144754556016
1
1
0.999994220216367
1
1
0.937312655239364
1
1
1
1
1
1
1
0.998467990636563
1
1
1
0.984146123690758
1
1
0.999884770771429
1
1
1
1
0.995559501107263
1
1
1
1
0.861724172121743
1
0.954814330606709
1
1
0.929343206687704
1
1
0.99991687073837
0.999999102636916
1
1
1
1
1
1
1
1
1
1
1
0.986049241236897
1
1
1
1
1
1
1
1
0.999887685918138
0.999982624466393
0.999873715240715
1
1
1
1
1
1
1
1
1
1
1
1
1
0.616012928453146
1
0.999837277469455
1
1
1
1
1
0.989862794475122
1
0.99997650688481
1
0.999839313891297
1
1
1
1
1
1
1
1
0.880519107673489
0.999872364163496
1
1
1
0.864830410892465
0.99999901681585
1
0.999998302951794
0.905452548669297
1
1
1
1
1
1
1
0.991503014112017
1
1
1
1
1
0.999979163038628
1
1
1
1
1
1
1
1
1
1
0.98737967391751
1
1
1
1
1
0.991300935048938
1
1
1
1
0.999996675612949
1
1
1
1
1
1
1
0.999846553110961
0.999554771394868
1
1
1
1
1
1
1
1
0.999982637384851
1
1
1
1
1
1
1
1
0.948855116764154
1
1
1
1
1
0.999931633073498
1
0.989862794475122
1
0.999963251747455
1
1
1
0.999436008457722
0.999441511955156
1
1
1
1
1
1
0.999723699702123
1
0.999984764418979
1
1
0.920581335652204
1
1
1
1
0.953794708050874
1
1
1
1
1
1
1
1
1
1
1
1
1
1
1
1
1
1
1
1
1
1
1
1
1
1
0.991503014112017
1
1
0.9859682607818
1
1
1
1
0.96848320725669
0.989862794475122
0.870755114130064
1
0.999998297598376
1
1
1
1
1
1
1
1
0.943373375263439
1
1
1
0.99999001010737
1
1
1
1
1
1
0.976439794420092
1
1
1
1
1
1
1
1
1
1
1
1
0.99854959266865
1
1
1
1
1
0.976439794420092
1
0.991025763555465
0.997508898133936
1
1
1
1
1
1
0.914635524471881
1
1
1
0.949790549972575
1
1
1
0.999992283538741
1
1
1
1
1
1
1
1
0.942919661509121
1
0.999993595973951
0.999995311976243
1
1
1
1
1
0.90860245875282
1
1
0.998120088175759
1
1
1
1
1
1
1
1
0.992687385479714
1
1
1
0.999895955577726
1
1
1
1
1
0.788533625915031
1
1
1
1
1
0.999967236723559
1
1
1
1
0.914364279000024
1
0.999926104195767
1
1
0.957298331307163
1
1
1
0.990890944250584
1
1
1
1
1
1
1
1
1
1
1
1
1
1
1
1
1
1
1
0.999993568775032
1
1
1
1
1
1
0.98325722088201
1
1
1
1
1
1
1
0.999911514950802
1
1
1
1
1
0.999942542493894
1
1
0.999980274628355
0.99999901681585
1
1
1
1
1
1
1
1
1
0.982558699120744
1
1
0.868494830267881
1
1
0.995179340958729
0.999723699702123
1
0.886635202587737
1
1
0.999373200226477
1
0.999881330256937
1
0.999752040596785
1
1
0.993086867042031
1
1
1
1
0.999957751932998
1
1
0.999032472162639
1
0.995611486788264
1
1
1
1
1
1
1
1
1
0.999999102636916
1
1
1
1
0.861724172121743
1
1
1
1
1
1
1
1
1
1
1
1
1
1
1
1
1
0.999619882571159
1
1
1
1
1
1
1
1
1
0.999979892343221
1
1
1
1
0.917829645918237
0.917829645918237
0.999999102636916
1
1
1
1
1
0.999887685918138
1
1
1
0.953882968507029
1
1
1
1
1
0.992998656022653
1
1
1
1
0.999752040596785
1
0.994890797246892
1
0.999761508203125
1
1
1
1
0.98136697326777
1
1
0.991025763555465
0.999989978491634
1
1
1
1
1
1
0.874294419641717
1
1
1
1
1
1
0.99996701350628
1
0.943373307266302
0.99994150323049
1
1
1
1
1
0.999998179378704
1
1
1
1
1
0.999925215174587
1
1
1
1
1
1
0.999723699702123
1
1
1
1
1
1
1
1
1
1
0.915053670993653
1
1
1
1
1
1
1
1
0.997508898133936
1
1
0.999441511955156
1
0.999999117322693
1
1
1
0.922822524441141
1
1
1
1
1
1
1
1
1
1
1
0.999043704106809
1
1
1
1
1
1
0.999867632012669
0.982558699120744
1
1
1
1
1
1
1
1
1
0.999441511955156
0.974059264195313
1
1
1
1
1
1
0.999842812178489
1
1
1
1
1
1
0.986224736701586
1
1
1
1
1
1
1
1
0.971476652767646
1
1
1
1
0.999998906230885
0.948855116764154
1
0.999956840354311
1
1
1
0.912084122462218
1
0.982612723690211
1
1
1
1
1
1
0.990890944250584
1
1
1
1
1
1
1
1
1
1
0.999980646219167
1
1
1
1
0.998165887541947
1
1
0.986701693348807
1
1
1
1
1
1
1
0.999915406346867
1
1
1
1
1
1
0.98737967391751
1
1
1
1
1
1
1
1
1
1
1
1
1
1
1
1
1
1
1
1
1
1
1
1
0.932678382994294
1
1
1
1
1
1
0.999997159346854
1
1
1
1
0.999998302951794
1
1
1
0.979787700747848
1
1
1
1
0.999998773335672
1
1
1
1
1
0.999931633073498
1
1
1
0.948897383638617
0.875622484237727
1
1
1
1
1
1
1
1
0.991503014112017
1
1
1
1
1
1
1
1
1
1
1
0.999998297598376
0.999997159346854
1
1
0.999850411753592
1
0.949790549972575
1
1
1
0.999723699702123
1
1
1
1
0.994328888535404
1
1
1
1
1
1
1
1
1
0.999980274628355
1
1
1
1
1
1
1
1
1
1
1
1
1
1
1
1
0.999989807070613
1
1
0.954879207390021
1
0.999975287724152
0.99186752315977
0.999557966813733
1
1
0.916602128192558
1
0.999975810468211
1
1
1
0.921949668225496
1
1
1
1
1
1
0.99999741620257
1
1
1
1
0.943352367912803
1
1
1
1
0.999874131573563
1
1
1
1
1
1
1
1
0.995880617503557
1
1
1
1
0.999505482457043
0.991300935048938
0.991503014112017
1
1
0.937312655239364
1
1
1
1
1
1
1
0.999971378036674
1
1
1
1
0.995346578372687
0.758930400400374
1
0.984146123690758
0.860419152622976
0.999989978491634
1
1
0.999723699702123
0.998969613149078
1
1
0.999970336374162
1
1
1
1
0.899144754556016
1
0.986049241236897
1
1
1
1
1
1
1
0.97503865017783
0.929343206687704
0.999969884592836
0.805020921113466
0.999998302951794
0.948855116764154
1
1
1
1
1
1
1
1
1
1
1
1
1
1
1
1
1
0.995346578372687
1
1
1
1
0.999603613632994
1
1
1
0.999980525429364
1
1
0.943352367912803
1
1
1
1
1
0.861724172121743
1
1
0.999985994714744
1
1
1
0.959929480100514
1
0.998467990636563
1
0.999694628404673
1
0.999998302951794
1
1
1
0.9859682607818
1
1
1
0.999926104195767
1
0.999778015694297
1
0.999967236723559
1
1
1
0.94943208609412
1
1
1
1
1
1
1
1
1
1
1
1
1
1
0.986049241236897
1
0.999910223496673
0.999881330256937
0.99854959266865
1
1
1
1
1
1
1
1
1
1
1
1
1
0.993326586856033
1
1
0.99999278554436
1
1
1
1
1
1
1
1
1
0.999373183301735
0.999896645213397
0.999989978491634
1
1
1
1
1
1
1
1
0.999778015694297
1
1
1
1
1
1
1
1
1
1
0.943352367912803
1
1
1
1
1
1
1
1
1
1
1
1
1
1
0.989862794475122
1
1
1
1
0.999998773335672
1
1
0.914364279000024
1
1
1
1
1
1
0.932678382994294
1
1
1
1
1
1
0.999850411753592
0.899144754556016
1
0.999242597010239
1
1
1
1
1
1
1
1
1
1
0.999999905558664
1
1
1
1
1
1
1
1
0.99171313553274
0.712829197881261
1
0.999609418243106
1
0.999779165381146
1
0.999996675612949
1
1
1
1
1
1
0.874294419641717
0.943352367912803
0.94943208609412
1
1
1
0.999979892343221
1
1
0.999546167262822
1
1
1
1
1
1
1
1
0.99999741620257
1
1
1
1
1
1
1
1
1
1
1
0.999999445750252
1
1
1
1
0.973733101127785
1
1
0.90860245875282
1
1
1
1
1
1
1
1
1
1
1
1
0.99999901681585
1
1
1
1
1
1
1
1
1
1
0.999441511955156
1
0.995179340958729
1
1
1
1
1
1
1
1
1
1
1
1
1
1
1
1
1
1
1
1
1
1
1
1
1
0.971628609818404
1
1
0.993326586856033
1
1
1
0.999499456071344
0.874294419641717
1
1
1
1
1
0.986701693348807
1
0.999723699702123
1
1
1
1
1
1
1
1
1
1
1
1
1
1
1
1
1
1
1
1
1
1
0.999570826075162
1
1
1
1
1
0.999995477389874
1
0.935432793766659
1
0.999994220216367
1
1
1
1
1
1
1
1
1
1
1
1
1
1
1
0.999958717054835
1
1
0.999887685918138
0.914364279000024
1
1
1
0.999956840354311
1
1
0.999982624466393
1
1
1
1
1
1
1
1
1
1
1
0.93681941639877
0.995117800307964
1
0.928967098744138
1
1
1
0.999979163038628
1
1
1
0.942919661509121
1
1
1
1
1
1
1
0.999998297598376
1
1
1
1
1
1
1
1
1
1
1
1
1
0.999975287724152
1
1
1
1
1
1
1
1
1
1
1
1
1
1
1
0.999921585789611
1
1
1
1
1
1
0.999575254959932
1
0.905452548669297
1
1
1
1
1
1
1
1
1
1
1
1
0.999989280156114
1
1
1
1
0.999996866758695
1
1
1
0.999451228112687
1
1
1
1
1
1
1
1
0.954879207390021
1
1
1
1
1
1
1
1
1
1
1
0.999275034477699
1
1
1
1
1
1
0.732998465555691
1
0.997612860158296
1
1
1
1
1
1
1
1
1
1
1
1
1
1
1
1
1
1
1
0.988733668761134
1
1
1
1
1
1
1
1
1
1
1
1
1
1
1
1
1
1
1
1
1
1
1
1
0.99995296233709
1
1
0.994316867200541
1
1
1
1
1
1
0.999980661695632
1
1
1
1
1
1
1
0.999813756044038
1
1
1
1
1
1
1
0.923049674632386
1
0.999988348386246
1
1
1
1
1
1
1
1
1
1
1
0.990890944250584
1
1
1
1
1
1
1
1
0.999881330256937
1
1
1
1
1
1
1
1
1
1
0.971628609818404
1
1
0.999925215174587
1
0.999998906230885
1
0.920581335652204
0.944009204862523
1
1
1
1
1
1
1
1
1
1
1
0.99995296233709
1
1
0.993326586856033
1
0.999989807070613
1
1
1
1
1
1
1
1
1
1
1
0.999984764418979
1
1
1
1
1
0.91411342833051
1
0.932694460698086
1
1
0.968408549431369
1
1
1
1
1
1
1
1
1
1
1
1
1
1
1
1
1
1
1
0.999407508164401
1
1
1
0.899144754556016
1
0.999999602549942
1
1
1
1
0.999999905558664
1
1
1
1
1
0.99972483158137
1
0.999441511955156
0.999512269584039
0.998935718304388
1
1
0.946621024552736
1
0.999963251747455
0.954184503799277
1
0.949249022265385
0.999969952828821
0.999486642830253
0.950933340450713
1
0.998784030133319
1
1
1
0.732998465555691
1
1
1
0.943373307266302
1
1
1
1
0.999846553110961
1
1
1
1
1
1
1
1
1
0.999988641750141
1
0.999984507428705
0.999921585789611
1
1
1
1
1
0.94943208609412
1
1
0.999575254959932
1
1
1
1
1
1
1
1
1
1
1
1
1
1
1
1
0.99906813925593
1
0.999242597010239
0.999999905558664
1
0.99999741620257
0.99999901681585
0.999975810468211
1
1
1
1
0.999881330256937
1
1
1
1
1
1
1
1
1
1
1
1
1
1
0.999994455669182
1
1
1
1
1
0.999043704106809
1
1
1
1
0.999998906230885
1
1
1
0.976439794420092
0.914364279000024
1
0.995117800307964
0.99936551577045
0.949249022265385
0.999360526721589
1
0.976354245676226
1
1
1
1
1
1
1
0.867063840842558
1
1
1
0.999441511955156
1
1
1
1
0.999752040596785
1
1
1
0.973733101127785
0.999723865068421
1
0.894165596571021
0.999761508203125
1
1
1
0.999512269584039
1
1
1
0.953882968507029
1
0.999715611336612
1
0.999989176800913
1
0.916602128192558
1
1
1
0.983368759657905
1
1
0.999752191400869
1
1
1
1
1
1
1
1
1
0.90953274062165
0.999813756044038
1
1
1
1
0.874294419641717
1
1
1
1
0.992874599539997
1
1
1
1
1
0.999992288777451
1
1
1
0.864830410892465
1
1
1
1
1
1
1
1
1
0.788533625915031
0.999980337091523
1
1
0.99999901681585
1
1
1
1
0.999896306218569
1
1
1
1
1
1
1
1
0.922822524441141
0.999994220216367
0.999546167262822
1
1
1
1
1
1
0.818426233608631
1
1
1
1
1
1
1
1
1
1
1
0.99996701350628
1
1
1
0.971822848657249
1
1
0.999441511955156
1
1
1
0.999761508203125
1
1
1
1
1
1
1
1
1
0.999980661695632
1
1
1
1
1
1
1
1
1
1
1
1
1
1
1
1
0.991503014112017
1
1
1
1
1
1
1
1
0.999987358465777
1
1
1
1
0.999948538592618
1
1
1
1
1
1
1
1
1
1
1
1
1
1
1
1
1
1
1
1
0.999989280156114
1
1
1
0.942919661509121
0.956061683547319
1
0.992998656022653
1
0.99936551577045
1
1
0.954184503799277
1
0.998784030133319
1
1
1
1
1
1
1
1
1
1
1
0.999043704106809
1
1
1
1
1
1
1
1
1
1
1
1
1
0.999588887324986
1
1
1
1
1
1
0.999808160730712
1
0.999985994714744
1
1
1
1
1
1
1
1
1
0.998467990636563
1
1
0.999963251747455
1
0.996121536981555
1
1
1
1
1
1
0.999557966813733
1
1
0.999699403959789
0.932694460698086
1
1
1
0.999963251747455
0.999988348386246
1
1
1
1
1
1
1
1
0.991708235330629
1
1
0.999905923474774
1
0.82750821657503
1
0.932678382994294
1
1
1
1
1
0.999979892343221
1
1
1
1
0.99936551577045
1
0.998467990636563
0.995117800307964
0.999975810468211
1
1
0.999998297598376
0.999373183301735
1
0.999941102839672
1
0.999970139962541
1
1
1
1
0.999999117322693
1
0.983368759657905
1
1
1
1
0.999754992427646
1
1
0.943352367912803
1
1
1
1
1
1
1
1
1
1
0.989412856366432
1
0.965041928591101
1
1
1
1
1
1
0.635816985227399
1
1
1
1
1
0.973733101127785
1
1
1
1
1
1
1
1
1
1
0.999995419487282
1
1
0.998952287665201
1
1
0.798100006682612
1
0.865207992050718
0.994890797246892
1
0.998467990636563
0.987056196348647
1
1
1
1
0.998784030133319
1
1
0.983577849386594
1
1
1
1
1
1
1
1
1
1
1
1
0.988893087457633
1
1
1
1
0.999999117322693
1
1
1
1
1
0.999984764418979
1
0.999993595973951
1
1
1
1
1
1
1
1
1
1
1
1
1
1
0.946621024552736
1
1
1
1
1
1
1
1
0.82750821657503
0.952437133444883
1
1
0.99995296233709
1
1
1
0.999032472162639
1
1
1
1
1
1
1
1
1
1
1
0.928195050124943
0.91411342833051
1
1
1
1
1
1
1
1
0.999970423293725
0.999971378036674
1
1
1
1
1
0.958707061814318
1
1
1
0.98136697326777
1
1
1
1
0.999032472162639
1
1
1
1
1
1
1
1
1
1
1
1
1
1
1
1
1
0.999865940389093
1
1
1
1
1
1
1
1
1
1
1
1
1
0.953882968507029
0.985243393945886
1
1
1
1
1
1
0.99972483158137
1
1
0.999291572253573
0.803789205406849
1
1
1
0.99991687073837
1
1
1
0.999881330256937
1
1
1
0.999790894853466
1
1
1
1
1
1
0.999813756044038
1
1
1
0.918058323897639
0.991300935048938
1
1
1
1
1
1
1
1
1
1
1
0.982436444406812
1
1
1
1
1
1
1
1
1
1
0.943373307266302
0.996426785464135
1
0.937312655239364
1
1
0.99999278554436
1
0.861724172121743
1
1
1
0.999619882571159
1
0.999999602549942
1
1
1
1
1
0.989259652032051
1
1
1
1
1
1
0.999887685918138
0.999984764418979
1
1
1
0.999339864084987
1
1
1
1
1
1
1
1
1
0.870755114130064
1
1
0.995559501107263
0.999655505020969
1
1
1
1
1
1
1
1
1
1
1
1
1
1
1
1
1
1
1
1
1
0.999608363901074
1
1
1
1
0.999966312115878
0.999846553110961
1
1
1
0.999926104195767
1
1
1
1
1
0.80553543491044
0.99994150323049
1
1
1
1
0.999985994714744
1
1
0.999723699702123
1
0.923049674632386
1
1
1
1
1
0.973733101127785
1
0.999018503722698
0.996426785464135
0.999175845738234
1
1
1
1
1
1
1
1
1
0.999998297598376
1
1
1
1
0.991708235330629
1
1
1
1
0.999998773335672
1
1
1
0.999917546691753
0.995117800307964
1
0.999925215174587
1
1
1
1
1
1
1
0.999999102636916
1
1
1
1
1
1
1
1
1
1
0.999813756044038
1
1
1
1
1
1
1
0.999400255602206
1
1
1
1
1
1
1
1
1
1
1
1
1
1
1
1
1
0.990890944250584
1
0.98325722088201
1
1
1
1
0.97989572874693
1
1
1
1
1
1
1
1
0.97989572874693
1
1
1
1
1
1
1
1
1
1
1
1
1
1
1
0.994491358076244
0.875622484237727
1
1
1
1
0.999291572253573
1
1
0.920581335652204
1
1
1
1
1
1
1
1
1
1
1
1
1
1
1
1
1
0.99999891293871
1
1
1
1
0.94943208609412
1
1
1
1
1
1
0.999575254959932
1
0.996426785464135
0.989862794475122
1
1
1
1
1
1
1
1
1
1
1
1
1
1
1
1
1
0.920416021954586
0.999881330256937
1
1
1
1
1
1
1
1
1
1
1
1
0.999980646219167
1
1
1
1
1
1
0.999931633073498
0.99995296233709
1
1
1
1
1
1
1
1
1
0.99990662621609
1
1
1
1
1
1
1
1
1
1
1
1
0.999699403959789
1
1
1
1
1
1
1
1
1
1
0.999998152896788
1
1
0.874294419641717
1
1
1
1
1
1
1
1
0.982558699120744
1
0.973733101127785
1
1
1
1
0.900425376612938
1
1
1
1
1
1
1
1
1
1
0.999980587092369
1
0.999699403959789
1
1
1
1
1
1
1
1
1
1
1
1
0.996315156906769
1
1
0.999967235641471
1
0.99999478275272
1
1
1
1
1
1
1
0.999962721667481
1
1
1
1
1
1
1
1
0.903143657135561
1
1
1
1
1
1
1
1
0.954184503799277
1
1
1
0.999043704106809
1
0.99990662621609
1
0.999998773335672
1
0.995117800307964
1
1
0.999925215174587
1
1
1
0.98737967391751
1
1
1
1
0.999967236723559
1
1
1
1
1
1
1
0.999980274628355
0.944023147867991
1
1
1
1
1
1
1
1
1
1
1
1
1
1
1
0.982436444406812
0.999761508203125
1
1
1
1
1
1
1
1
0.999505482457043
1
1
0.973733101127785
1
1
1
1
1
1
1
1
1
0.999699403959789
1
1
1
1
0.864830410892465
0.999032472162639
0.999998297598376
1
1
1
0.987056196348647
1
1
1
0.701460376580515
0.999647235786487
1
1
1
1
1
0.998784030133319
1
0.914364279000024
1
1
1
0.899144754556016
1
1
1
1
1
1
0.999999117322693
1
1
1
0.999723699702123
1
0.999995367174255
1
0.999856077981756
1
1
1
0.999921585789611
1
1
1
1
1
0.99998878570457
0.99972483158137
0.999032472162639
1
1
1
1
0.999956840354311
1
1
1
1
1
1
1
1
1
1
1
1
0.99999901681585
1
1
0.986049241236897
0.999400255602206
1
0.999981143762184
0.999043704106809
1
1
1
1
1
1
0.635816985227399
1
1
1
1
1
1
1
1
0.995880617503557
0.999938757090916
1
1
1
1
1
1
1
0.999986265167153
1
1
1
1
1
1
0.999970336374162
1
0.999993568775032
0.91411342833051
1
1
1
1
1
0.996898729090418
1
1
1
1
1
1
1
1
1
1
0.999993568775032
1
1
1
1
0.99936551577045
1
1
1
1
1
0.982612723690211
1
0.997379930398756
1
1
1
1
1
0.999032472162639
1
1
1
1
1
1
0.999957751932998
1
1
0.99999901681585
1
1
1
1
1
1
0.999821762874397
1
1
1
1
1
1
1
1
1
1
1
1
1
1
1
0.988733668761134
0.988733668761134
0.968408549431369
1
1
1
1
0.973733101127785
1
1
1
0.994890797246892
0.861724172121743
1
1
1
1
1
0.999999445750252
1
1
1
1
1
0.986049241236897
1
1
1
1
1
1
1
1
0.99906813925593
0.999888798530894
1
1
1
0.999998297598376
0.99991687073837
1
1
1
1
0.992874599539997
1
1
0.989032897092677
1
1
0.989862794475122
1
0.999998906230885
0.999499456071344
0.902267389643786
1
1
0.999998302951794
1
1
1
1
1
1
1
1
1
1
1
1
1
1
1
1
0.999993568775032
0.845788731819758
1
1
1
0.999046512761119
1
0.767631673496261
1
1
1
1
1
1
1
0.936854357995077
1
1
1
1
0.99998878570457
1
1
1
0.985243393945886
1
0.999998773335672
1
0.994950691182193
0.988733668761134
1
0.964581727322686
1
1
1
1
0.989862794475122
1
1
1
0.99588846380928
1
0.90860245875282
1
1
1
1
1
1
1
1
1
1
1
0.98737967391751
1
1
0.996426785464135
1
0.868863420482218
0.999979892343221
1
0.856559544158381
1
1
0.999613929266772
1
1
1
1
1
1
0.999619882571159
0.954814330606709
1
1
0.985243393945886
1
1
1
0.973733101127785
1
1
1
0.875622484237727
1
0.999941102839672
1
1
1
1
1
1
0.949249022265385
0.999850411753592
1
1
1
1
1
1
1
1
1
1
1
1
1
1
1
1
0.920581335652204
0.999546167262822
1
1
0.999962721667481
1
1
1
0.983577849386594
1
1
1
1
1
1
1
1
0.989412856366432
1
1
1
1
1
1
1
1
1
1
0.99854959266865
1
1
1
1
1
1
1
1
1
1
1
0.999032472162639
1
1
1
1
1
1
0.999156603330621
1
1
0.874294419641717
1
1
1
1
1
0.991300935048938
1
1
1
1
1
1
1
1
1
1
1
1
0.999956840354311
1
0.999291572253573
0.946621024552736
1
0.942919661509121
1
1
0.985243393945886
1
1
1
0.999291572253573
1
0.920416021954586
1
1
1
1
0.864830410892465
1
0.999970336374162
0.999032472162639
1
1
1
1
1
1
1
1
1
1
0.976439794420092
1
0.999980337091523
1
1
0.991025763555465
1
1
1
0.999881330256937
1
1
0.999827770410911
1
1
0.968161871084651
0.999772282038915
1
0.999291572253573
0.914364279000024
1
1
1
1
0.999980337091523
1
1
1
0.943352367912803
1
1
1
1
1
1
1
0.942919661509121
1
1
1
1
1
1
1
1
1
1
1
1
0.997508898133936
1
1
0.999881330256937
1
0.999987358465777
0.999887685918138
1
1
1
0.999998926661881
1
1
1
0.99999741620257
1
1
1
1
1
0.999973495564039
0.506926811130456
1
1
1
1
1
0.999715092151098
1
1
1
1
1
1
0.999997159346854
1
1
1
1
1
1
1
0.999982637384851
1
1
1
1
1
0.937312655239364
1
1
1
1
1
1
0.986701693348807
1
1
1
1
1
1
0.915301981810172
1
1
1
1
1
1
1
1
0.999850411753592
1
0.999640471173068
0.928967098744138
1
1
1
0.946460176100107
1
1
1
1
1
1
1
1
1
1
1
1
1
1
1
1
1
1
1
1
1
1
1
0.999988348386246
1
0.999554092183328
1
0.99854959266865
1
1
1
1
1
1
1
1
1
1
1
0.999995634719518
1
0.989032897092677
1
0.999032472162639
1
1
1
1
0.996426785464135
1
1
1
1
1
1
1
1
0.999998906230885
1
1
1
1
1
1
1
1
1
1
0.99936551577045
1
1
1
0.874294419641717
1
0.999690939083628
0.999729243333713
1
1
1
1
1
0.999988348386246
1
1
1
0.999881330256937
1
0.999985814735945
1
1
1
1
1
0.973733101127785
1
1
0.999813756044038
1
1
1
1
1
1
1
1
1
1
1
1
1
1
0.98737967391751
1
1
1
1
1
1
0.99999901681585
1
1
1
1
1
1
1
0.999998773335672
1
1
0.93681941639877
0.905177788418853
1
1
1
0.987056196348647
1
1
1
0.999400255602206
1
1
1
1
1
1
1
1
0.999979892343221
1
1
1
1
1
1
1
1
0.999575254959932
1
1
0.999865940389093
1
1
1
1
1
1
1
0.82750821657503
1
1
1
1
1
1
1
1
1
1
1
1
1
1
1
1
1
1
1
1
0.999926096745159
1
1
1
1
1
1
1
0.923049674632386
1
0.899144754556016
1
1
1
1
1
1
1
0.982436444406812
0.99999061002983
1
1
1
1
1
0.990890944250584
1
0.999966508093067
1
1
1
0.999242597010239
1
1
1
1
1
1
0.999989936198074
1
1
1
1
1
1
1
0.988733668761134
1
1
1
1
1
1
1
1
1
1
1
0.096440629807708
1
0.999821762874397
1
0.880519107673489
0.99999001010737
1
1
1
1
0.999291572253573
1
0.999647235786487
1
1
1
1
0.99171313553274
1
1
1
1
1
1
1
1
1
1
1
1
1
1
1
1
1
1
1
1
0.999554771394868
1
1
1
1
1
1
1
1
1
1
1
1
1
1
1
0.920386315168019
0.999985814735945
1
0.999882445309101
1
1
1
1
1
0.99854959266865
0.999499456071344
1
0.939392056025963
1
1
1
1
0.999619882571159
1
1
1
1
1
0.999971378036674
1
1
1
0.886635202587737
1
1
0.999895955577726
1
1
1
1
1
1
1
0.995117800307964
1
0.999995477389874
1
0.923049674632386
1
1
1
1
1
1
1
1
1
1
1
1
1
1
1
0.999966508093067
1
1
1
1
1
1
1
1
1
1
1
1
1
1
1
0.999778015694297
1
1
1
1
1
1
1
1
1
1
1
1
1
1
1
0.948897383638617
1
1
1
1
1
1
1
1
1
1
1
1
1
1
1
1
1
1
1
1
1
0.970247649104362
1
1
1
1
1
0.943352367912803
1
1
1
1
0.999980274628355
1
1
0.99171313553274
1
1
1
1
1
1
1
1
1
1
1
1
1
1
0.983577849386594
1
1
1
1
1
1
1
1
1
1
0.899144754556016
0.999905923474774
0.984146123690758
1
1
1
0.999829813735049
1
1
1
0.993326586856033
1
1
1
1
0.999921585789611
1
1
1
1
1
1
1
1
1
1
1
1
0.984628546082643
1
1
1
1
1
1
1
1
1
1
1
1
1
1
0.998935718304388
0.998467990636563
1
1
1
1
1
1
1
1
1
0.999998773335672
1
1
1
1
1
1
1
1
1
0.999988641750141
1
1
1
1
0.999994812051215
1
0.999966508093067
1
1
1
1
1
0.979032777974931
1
1
1
1
1
1
0.999980274628355
1
1
1
1
1
1
1
0.999895955577726
1
1
1
0.982657209307486
1
1
1
1
1
1
1
1
1
1
1
1
1
0.995117800307964
0.982657209307486
1
0.958707061814318
1
0.999998906230885
1
1
1
1
1
1
1
1
1
1
1
1
1
0.999988348386246
1
1
1
1
1
1
1
1
1
0.976439794420092
0.999989473920299
1
1
1
1
1
1
1
1
1
1
1
0.992687385479714
1
1
1
1
1
1
1
1
1
0.999994455669182
1
1
1
1
1
1
0.886635202587737
1
1
0.999989473920299
1
1
0.999988348386246
0.944009204862523
1
1
1
1
1
1
1
1
1
1
1
0.944023147867991
1
1
1
1
1
1
0.999291572253573
1
0.999690939083628
0.918058323897639
1
1
1
1
0.996087654105192
1
1
1
1
1
1
1
1
1
1
1
1
0.999715611336612
1
1
1
1
1
1
0.999752040596785
1
1
1
1
1
1
1
1
1
1
1
1
1
1
1
1
1
1
1
1
1
1
0.984146123690758
1
1
1
1
1
1
1
1
1
1
0.999641360225209
1
1
1
1
1
1
1
1
1
1
1
1
1
0.999905923474774
1
1
1
1
1
1
1
1
1
1
1
1
1
1
1
0.999981206702957
1
1
1
0.998784030133319
1
1
0.920581335652204
1
0.952437133444883
0.932678382994294
1
0.999999905558664
1
1
1
1
0.999988348386246
1
1
1
0.999987358465777
1
1
1
1
1
1
0.999265016689647
1
1
1
1
1
1
1
1
1
1
0.999987518763353
1
1
1
0.852225770537628
1
0.961811976990462
1
1
1
1
1
0.954879207390021
1
1
1
1
1
1
1
1
1
1
1
1
1
1
1
1
1
1
0.999925215174587
0.999993718974553
0.999575254959932
1
0.957298331307163
1
0.999641360225209
1
0.999018503722698
0.999993718974553
1
1
1
0.968161871084651
1
1
1
0.999975859243087
0.999813756044038
1
1
1
1
0.999982624466393
1
1
0.962680448016609
1
1
1
1
1
1
1
1
1
1
1
1
0.960933193664902
1
1
0.971822848657249
1
1
1
1
1
1
1
1
1
1
1
1
1
1
1
1
1
1
1
1
1
1
1
1
1
1
1
0.999999117322693
1
1
1
0.998426867898184
0.932694460698086
1
1
1
1
1
1
1
1
0.999242597010239
1
0.944023147867991
1
1
0.999655505020969
1
1
1
1
1
1
1
1
1
1
0.91411342833051
1
1
1
1
1
1
1
1
0.999992283538741
1
1
0.99999478275272
1
1
0.999715611336612
1
1
0.999998773335672
1
1
1
1
1
1
1
1
1
0.999619882571159
0.995559501107263
0.999989978491634
1
1
1
1
1
1
1
1
1
1
1
1
1
0.999999117322693
1
1
1
1
1
1
1
1
1
1
1
1
1
0.975253961493498
1
0.999942542493894
1
1
1
1
1
1
1
0.999588887324986
1
1
1
0.996898729090418
0.996898729090418
0.865207992050718
0.999980337091523
1
1
1
1
1
1
1
1
1
1
1
1
1
0.982558699120744
1
1
1
1
1
1
1
0.999911514950802
1
1
1
1
1
1
1
1
0.988893087457633
1
1
0.988733668761134
1
1
1
1
1
1
1
1
1
1
1
1
1
1
0.814559748922625
0.998990356014873
1
0.953882968507029
1
1
1
1
1
0.999641360225209
1
1
0.999850411753592
1
1
1
1
1
1
1
1
1
1
1
0.998570251789389
0.970247649104362
1
1
1
1
1
1
1
1
0.968161871084651
1
1
0.999761508203125
1
1
1
1
1
1
1
0.999032472162639
1
1
1
1
0.999988348386246
1
1
0.999999102636916
1
1
1
1
1
1
0.999988348386246
1
1
1
1
1
0.999400255602206
0.999752040596785
1
0.999981206702957
1
1
1
1
1
0.991300935048938
1
1
0.999881330256937
1
0.999887685918138
1
1
0.999116349523552
1
1
1
0.999995543864024
1
1
1
1
1
1
1
1
1
1
0.999987954250644
1
1
1
1
1
0.988733668761134
1
1
1
1
1
1
0.999872364163496
1
1
0.999291572253573
1
1
1
1
1
1
1
1
0.943373375263439
1
1
1
1
1
1
1
1
0.999998773335672
1
1
1
1
1
1
1
1
1
1
1
0.965041928591101
1
0.998467990636563
1
1
1
1
1
1
1
1
1
1
1
1
1
0.999917546691753
1
1
1
0.999991436926199
1
1
1
0.999723865068421
1
1
1
1
0.999275034477699
1
1
0.99972483158137
0.999821762874397
1
0.998467990636563
1
1
1
1
1
0.999999905558664
1
1
1
0.998467990636563
1
0.99999901681585
0.993326586856033
0.991025763555465
1
1
1
1
1
1
1
1
1
1
1
1
1
1
1
0.737190803393359
1
1
1
1
1
1
1
1
1
1
1
0.986701693348807
1
1
1
1
1
1
0.999951944531758
1
1
1
1
1
1
1
0.99999278554436
1
0.999993595973951
1
1
1
1
1
0.99950345645382
1
1
1
1
0.999872364163496
0.914364279000024
1
0.999960018006025
1
1
1
1
0.999911514950802
1
1
1
1
1
1
1
1
1
1
1
1
1
1
1
0.99995296233709
1
1
1
1
1
1
1
1
1
1
1
1
1
1
0.906655747729218
1
1
1
0.999640471173068
1
1
0.998467990636563
0.982657209307486
0.999998963952088
1
1
1
1
1
1
0.999980525429364
1
1
1
1
1
0.981165988702878
1
1
1
1
1
1
1
1
1
0.999992209508426
0.99999741620257
1
1
0.999640471173068
1
1
1
1
1
1
1
1
1
1
1
1
1
1
1
1
1
0.999655505020969
1
1
1
1
1
1
1
1
1
1
1
1
0.905177788418853
1
1
1
1
0.999275034477699
1
1
1
1
1
1
1
0.997508898133936
1
0.999999602549942
1
1
1
1
1
1
1
1
0.999619882571159
1
1
0.995179340958729
1
1
1
1
0.989862794475122
1
1
1
0.999850411753592
1
1
1
1
1
1
0.99936551577045
0.992687385479714
1
0.976439794420092
1
1
0.999619882571159
1
1
1
0.995117800307964
1
1
1
0.999554771394868
0.999952854763932
1
1
1
1
1
1
1
1
1
1
1
1
1
1
1
1
0.999905923474774
1
0.96848320725669
1
1
1
0.982657209307486
0.971628609818404
1
1
1
1
1
1
1
0.995697882309605
0.999994220216367
1
0.999994220216367
1
1
1
1
0.98136697326777
0.982558699120744
1
1
1
1
1
1
1
1
0.99999278554436
0.999999117322693
1
1
1
1
0.999986483657055
1
0.999948538592618
1
1
1
1
1
1
0.999609418243106
1
1
0.99999741620257
1
0.999808160730712
1
1
1
1
0.927981762324023
1
1
0.920581335652204
0.989032897092677
0.886635202587737
1
1
1
1
1
0.999984507428705
1
1
1
1
1
0.999884417513154
0.999941102839672
0.999865940389093
0.917829645918237
1
1
1
1
1
1
1
1
1
1
1
1
1
1
1
1
1
0.999966902952
1
1
1
1
1
1
1
1
1
1
1
1
1
1
0.999032472162639
1
1
1
1
0.999876817043967
1
1
1
1
1
1
1
0.999966419367817
1
1
1
1
1
1
1
0.999967236723559
0.999998297598376
0.99999478275272
1
1
1
1
1
1
1
1
1
1
1
0.900425376612938
1
1
1
1
1
1
1
1
1
1
1
0.920581335652204
1
1
1
1
1
1
0.999441511955156
1
1
0.999980587092369
1
1
1
1
1
1
1
0.999989473920299
1
1
1
1
1
1
1
1
1
1
1
1
1
1
1
1
1
1
1
1
1
1
1
1
1
1
1
1
1
1
1
1
1
1
1
1
0.999988641750141
0.98325722088201
1
1
1
1
1
1
1
0.999850411753592
1
0.899916876004796
1
0.999956840354311
1
1
0.999683390449284
1
1
1
1
1
1
1
1
1
1
1
0.911456427036717
1
0.943437668300135
1
1
1
1
1
1
0.932678382994294
1
1
1
0.995346578372687
0.988733668761134
1
1
1
0.999967236723559
1
1
1
1
1
0.874294419641717
0.999690939083628
1
1
1
1
1
0.999441511955156
1
1
1
1
1
1
1
1
1
1
0.999887685918138
1
1
1
1
1
0.999966312115878
1
1
1
1
0.999043704106809
1
1
0.999999117322693
1
1
1
0.905452548669297
1
1
1
0.998467990636563
1
1
1
1
1
1
0.982436444406812
1
1
1
1
0.998467990636563
1
1
0.948855116764154
0.999988348386246
1
1
1
1
0.96848320725669
0.999998906230885
1
0.99713830099749
1
1
1
1
1
1
1
1
1
1
0.999998179378704
1
1
1
0.949790549972575
1
1
1
0.999998773335672
1
1
0.982657209307486
0.949249022265385
1
0.999821762874397
1
1
1
1
1
1
0.992874599539997
1
1
1
0.999993568775032
0.999995367174255
1
0.999821762874397
1
1
1
1
0.999994812051215
1
1
1
1
1
1
1
1
1
0.999032472162639
1
1
1
1
1
1
1
1
1
1
1
1
1
1
1
1
1
1
1
1
1
0.999996866758695
1
1
1
0.999996675612949
1
1
1
1
1
1
1
1
1
1
1
1
1
1
0.999242597010239
1
1
1
1
1
1
1
1
1
0.989862794475122
1
1
1
1
0.999981266193184
1
1
1
1
1
1
1
1
1
1
1
1
0.93681941639877
1
0.999966508093067
1
1
1
1
1
1
1
0.906655747729218
0.93681941639877
1
0.999032472162639
1
0.861724172121743
1
1
1
1
1
1
1
1
1
1
1
0.937007655038459
1
1
1
1
1
1
1
1
0.874294419641717
1
1
0.96848320725669
1
1
0.999999905558664
1
1
1
1
1
1
1
0.927981762324023
0.99994150323049
1
1
1
0.954184503799277
1
1
0.90860245875282
1
1
0.746706965715649
1
1
1
0.999995419487282
1
1
1
1
1
0.999989807070613
1
1
1
1
1
0.99648787175506
1
1
0.999990287019887
1
0.999881330256937
1
1
1
1
1
1
1
1
1
1
1
1
0.999275034477699
1
1
1
1
1
0.999512269584039
1
1
0.999715611336612
0.949706016717199
1
1
1
1
1
1
1
0.999723699702123
0.991503014112017
1
0.937007655038459
1
1
1
1
1
0.92181916361177
1
1
1
1
1
1
1
1
1
1
1
1
1
1
1
1
1
1
0.999984764418979
1
1
0.999997666134467
0.999837277469455
1
1
1
1
1
0.962680448016609
0.999989978491634
1
0.999963251747455
1
1
1
0.995880617503557
1
1
0.999816491129583
1
1
1
1
1
1
0.99999901681585
1
1
0.811070620372016
1
1
1
1
1
1
1
1
0.899456574392197
1
1
0.984146123690758
1
1
1
1
0.999293181083561
1
1
1
1
1
1
1
1
1
1
1
1
0.999931633073498
1
1
0.999872364163496
1
0.905177788418853
1
1
1
0.999975810468211
1
0.999987358465777
1
1
1
0.93681941639877
1
1
1
1
0.999989473920299
1
0.973733101127785
0.986224736701586
1
1
1
1
1
1
1
1
1
1
1
1
1
1
1
1
1
1
1
1
1
1
1
1
1
1
1
1
1
1
1
1
1
1
1
1
0.965041928591101
0.999291572253573
1
1
1
0.99854959266865
1
1
0.874294419641717
1
1
1
1
1
1
1
1
1
0.96848320725669
1
1
1
1
0.999746765522868
0.999808160730712
0.989862794475122
1
0.970247649104362
0.999998906230885
1
0.999575254959932
0.999619882571159
1
1
0.999032472162639
1
1
1
1
1
1
1
1
1
1
0.999989280156114
1
1
1
0.943373375263439
1
1
1
1
1
0.999998179378704
1
0.999603613632994
0.943373307266302
0.999227081598611
1
1
0.880519107673489
1
1
1
1
1
1
0.998784030133319
1
1
1
1
1
0.999872228788053
1
1
1
0.999988641750141
0.99999901681585
0.98136697326777
1
1
1
1
1
0.999881330256937
0.999989473920299
1
1
0.999986483657055
1
1
0.994328888535404
1
1
1
0.999640471173068
0.999998926661881
1
1
0.99990662621609
1
1
1
1
1
1
1
0.932694460698086
1
1
1
1
0.99999901681585
1
1
1
0.861724172121743
1
1
1
1
0.999984764418979
0.948855116764154
0.915301981810172
1
1
1
1
1
1
1
1
1
0.999982624466393
1
0.99999478275272
1
1
1
0.999373183301735
1
1
1
1
1
1
1
1
1
1
1
0.996311402975969
1
1
1
1
1
0.999330481920144
1
1
1
1
1
1
1
1
1
1
1
1
1
0.923049674632386
1
0.999570826075162
1
0.999554771394868
1
1
0.999915988535994
0.999942542493894
1
1
1
1
0.946460176100107
1
1
1
1
1
1
1
1
1
1
1
1
1
1
1
1
1
1
0.999925215174587
1
1
0.999989807070613
1
0.99998878570457
1
0.860419152622976
1
0.999998963952088
0.999876817043967
0.989862794475122
1
1
1
1
0.999947245386241
1
1
0.998467990636563
1
1
0.978787384074163
0.999998297598376
1
1
1
1
1
1
1
1
1
1
1
1
1
1
1
1
1
0.999933092421177
1
1
1
0.962680448016609
1
1
1
1
1
1
1
1
1
1
1
1
1
1
1
1
1
1
1
1
1
1
0.999526746247969
1
1
1
1
1
0.998784030133319
1
1
0.999905923474774
1
0.986701693348807
1
1
1
1
1
1
1
1
0.997473031730827
1
1
1
1
1
1
0.970247649104362
1
1
1
1
1
1
1
1
0.999998773335672
1
1
0.999989807070613
0.999998297598376
1
0.991025763555465
1
0.999988348386246
0.917829645918237
1
1
1
1
1
1
1
1
0.999373200226477
1
1
1
1
1
1
1
0.99999901681585
1
1
1
1
1
1
1
1
1
1
1
0.999390626094407
1
1
1
1
1
1
1
1
1
0.999499456071344
0.899456574392197
1
1
1
0.991025763555465
1
1
1
0.99999741620257
0.990890944250584
1
1
1
1
1
0.930138057385606
1
1
1
1
1
1
0.943352367912803
0.999998773335672
1
1
1
1
1
1
1
1
1
1
1
1
1
1
1
1
0.995880617503557
1
1
0.999690939083628
1
1
1
1
0.999985814735945
1
1
1
1
0.998467990636563
0.988733668761134
1
1
0.994328888535404
1
1
1
1
1
1
1
1
1
1
1
1
1
1
1
0.965041928591101
1
1
1
1
1
1
0.999975810468211
1
1
1
1
0.946621024552736
0.999998302951794
0.999917546691753
1
1
1
1
1
0.971628609818404
0.999999445750252
1
1
1
0.999829813735049
1
0.999994220216367
1
1
1
1
1
1
1
1
1
1
1
1
1
1
1
0.999951510500361
1
1
1
1
0.999641360225209
1
0.999575254959932
0.999390626094407
1
0.990890944250584
0.999078551876528
1
1
1
1
1
0.970247649104362
1
1
0.999400255602206
1
1
1
1
1
1
1
1
1
1
0.999881330256937
1
1
0.875622484237727
1
1
1
1
1
1
1
1
1
1
0.936854357995077
1
1
1
1
1
1
1
1
0.999992662220744
1
0.853950623150659
1
1
1
1
0.999291572253573
0.999998302951794
1
1
1
1
0.999996675612949
1
0.999391602133397
1
0.999989280156114
1
1
1
1
1
0.91411342833051
1
1
1
1
0.999451228112687
1
1
0.999988641750141
1
1
0.999754992427646
1
1
1
1
1
1
1
1
1
0.999962721667481
1
1
1
0.999984764418979
1
0.999723699702123
1
1
1
1
1
1
1
1
0.969812698842404
1
1
1
0.946460176100107
1
1
1
1
1
1
1
0.999778015694297
1
1
0.999339864084987
1
1
0.989862794475122
0.995880617503557
1
1
1
0.999400255602206
1
1
1
1
1
1
1
0.990890944250584
1
1
1
0.98136697326777
1
0.929872739048938
1
1
1
1
1
0.956061683547319
1
1
1
1
1
1
1
1
1
1
1
1
1
0.999466796582194
0.853199438270617
1
1
1
1
1
1
1
0.99999901681585
0.999999102636916
1
1
1
1
1
0.999887685918138
0.999999117322693
1
1
0.999619882571159
0.999723699702123
1
0.954405443765903
1
1
1
1
0.999870297086952
1
1
1
1
1
1
1
1
1
1
1
1
0.999998773335672
1
1
1
1
1
1
0.999827770410911
1
1
0.999881330256937
1
1
1
0.999715611336612
1
1
1
1
1
1
1
1
1
1
1
1
1
0.999994812051215
1
1
0.996315156906769
1
1
1
1
0.993326586856033
1
1
1
1
1
1
1
1
1
1
1
1
1
1
1
1
1
1
1
1
1
1
1
1
0.976439794420092
1
1
1
1
0.948897383638617
0.999999905558664
0.999911514950802
1
0.999715967443712
1
1
1
1
1
1
1
1
1
1
1
1
1
1
1
1
0.999752040596785
0.925920683056871
1
1
1
1
1
1
1
1
1
1
1
1
1
1
1
1
1
1
1
1
1
1
1
1
1
1
1
1
1
1
0.999291572253573
1
1
1
1
1
1
1
0.999813756044038
0.99854959266865
1
1
1
1
1
1
1
1
1
1
1
1
1
1
1
1
1
1
1
1
1
1
1
1
1
1
1
1
0.999981266193184
1
0.966388498134709
1
1
1
0.999647235786487
1
1
0.999993277313695
1
1
1
1
1
1
1
1
1
1
1
0.999967236723559
0.973733101127785
1
1
1
1
0.999980525429364
1
1
1
1
1
1
0.880519107673489
1
1
1
1
0.999407508164401
1
1
1
0.999330481920144
1
1
1
1
1
1
1
1
0.999499456071344
0.905452548669297
1
1
0.999970336374162
0.99999901681585
0.918058323897639
1
1
1
0.999970423293725
1
1
1
1
1
1
0.999998179378704
1
0.966388498134709
0.98136697326777
1
0.999998179378704
1
1
1
1
1
1
1
1
1
1
1
1
0.999867632012669
0.99999001010737
1
1
1
0.999998773335672
1
1
1
1
1
1
1
1
1
1
1
1
0.932694460698086
1
1
0.93681941639877
1
1
1
1
1
1
1
1
1
1
1
1
1
1
1
1
1
0.98325722088201
1
1
0.999980661695632
1
1
1
0.99995296233709
0.97503865017783
1
0.998784030133319
1
1
1
1
1
1
1
1
1
1
0.999889801558525
1
1
1
1
1
0.998992589251336
1
1
1
1
1
0.98136697326777
1
1
1
1
1
1
1
1
1
1
1
1
1
1
1
1
1
1
1
1
1
1
1
1
0.999870297086952
1
1
1
1
0.999809473395149
1
1
1
0.999018503722698
0.928678137188661
1
0.966388498134709
1
0.799745053504819
1
1
1
1
0.999557966813733
0.861724172121743
0.999827770410911
0.99999001010737
1
1
1
1
1
0.999925215174587
1
1
1
1
1
1
1
0.960933193664902
1
1
1
1
1
1
1
1
1
1
0.99833153181675
1
1
1
1
1
0.99994150323049
1
1
1
1
1
1
1
1
1
0.999647235786487
1
0.999761508203125
1
1
1
1
0.999690939083628
1
0.999970336374162
1
1
1
1
1
1
1
1
1
1
0.999999102636916
1
1
1
1
1
0.999993595973951
0.982558699120744
1
1
1
1
1
0.920743517541455
1
1
0.971628609818404
1
1
1
1
1
0.999997159346854
1
1
1
1
1
1
1
1
1
1
1
1
1
1
1
1
1
1
1
1
1
1
1
0.943373375263439
1
1
0.999994812051215
1
1
1
1
1
1
1
1
0.99999478275272
1
1
1
1
0.99999901681585
1
1
1
1
0.98136697326777
1
0.953882968507029
0.999642687081708
1
1
1
1
1
1
1
1
1
1
1
0.905177788418853
1
1
1
1
1
0.999998302951794
0.999554771394868
0.999969952828821
1
1
0.943373307266302
1
1
1
1
0.999980661695632
1
1
0.986701693348807
1
1
1
1
1
1
1
1
1
0.999962721667481
1
1
1
1
1
1
1
1
1
1
1
0.94943208609412
1
1
1
1
1
1
1
1
1
0.999330481920144
0.999999905558664
0.999895955577726
0.999999602549942
1
1
1
1
1
1
1
1
1
0.999373183301735
1
1
1
1
0.999998926661881
1
1
1
1
1
1
1
0.990890944250584
0.999642687081708
1
1
1
1
1
1
0.982558699120744
1
1
1
0.943437668300135
1
0.943373375263439
1
1
1
1
1
1
0.999984764418979
1
0.958627756924617
1
1
1
1
1
0.999999117322693
1
0.750035948277527
1
1
1
1
1
1
1
1
1
1
1
1
0.873095203748688
0.999994812051215
1
0.918058323897639
1
1
1
0.991708235330629
1
1
1
1
1
0.997508898133936
1
1
1
0.999989936198074
0.999761508203125
1
1
1
1
1
0.999715092151098
1
0.999979163038628
1
1
1
1
1
1
1
0.99916378213481
1
1
1
1
0.93681941639877
1
1
1
1
1
1
1
1
1
1
0.999648522409373
1
1
1
1
1
0.914364279000024
0.999998773335672
1
1
0.999998302951794
0.99994150323049
1
1
1
1
0.906655747729218
1
1
1
1
0.999995477389874
1
1
0.903998716643968
0.903143657135561
0.905177788418853
0.998784030133319
0.999995543864024
1
1
1
1
0.999998297598376
0.99972483158137
0.999813756044038
1
1
1
1
1
0.958707061814318
1
0.953794708050874
1
1
1
1
1
1
1
1
1
1
0.997508898133936
1
1
1
1
1
1
1
1
1
0.999979892343221
1
1
0.999603613632994
1
1
1
0.99854959266865
1
0.999505482457043
1
0.9859682607818
0.999390626094407
1
1
1
1
1
1
0.999723699702123
1
0.971476652767646
1
1
1
1
1
1
0.999987358465777
0.976354245676226
1
1
1
0.999938260960967
1
0.999441511955156
1
1
1
1
1
1
1
1
1
1
0.929872739048938
1
1
0.999985994714744
0.999881928955298
1
1
1
1
0.925920683056871
1
0.999985994714744
1
1
1
1
1
1
1
1
1
1
1
1
1
1
1
1
1
1
0.999603613632994
1
1
1
1
1
1
1
1
0.999980274628355
1
1
1
1
1
1
1
1
0.991025763555465
1
1
1
1
0.999466796582194
1
1
1
1
1
1
1
1
0.989862794475122
1
0.999989978491634
0.999761508203125
1
1
1
0.999989978491634
0.999554771394868
1
1
0.996087654105192
0.999998302951794
0.788533625915031
0.99999001010737
1
1
1
1
1
0.947047311672972
1
1
1
1
0.999400255602206
0.999993595973951
1
1
1
1
1
0.905177788418853
1
1
1
1
1
1
1
1
1
1
1
1
1
0.999699403959789
1
1
1
1
1
0.999608363901074
1
1
1
1
1
1
0.966388498134709
1
0.99912961535606
1
1
1
1
1
1
0.999952854763932
0.999242597010239
1
1
0.999998297598376
1
0.999699403959789
1
1
1
1
1
1
1
1
1
1
1
1
1
1
0.999043704106809
1
1
1
1
0.999980587092369
1
1
1
0.995559501107263
0.999990287019887
1
1
1
1
1
0.9995097215548
0.999998773335672
1
1
1
1
1
1
1
1
0.818152388694385
0.999043704106809
1
1
1
1
0.999995311976243
1
1
1
1
1
0.978787384074163
1
1
1
1
1
0.998812617825302
1
1
0.99999741620257
1
1
1
1
1
1
1
1
0.758463655756371
1
0.93755943419822
1
0.999868551423281
1
1
1
1
1
1
1
1
0.968161871084651
0.999619882571159
1
1
1
0.999998906230885
1
1
1
1
1
1
1
1
1
0.999761508203125
1
1
0.999990287019887
0.999881330256937
1
1
1
1
1
0.999827770410911
1
1
1
1
1
1
1
1
1
1
1
1
1
1
0.999985814735945
0.999995311976243
1
1
1
1
0.980080711701506
1
1
1
1
1
1
1
1
0.91411342833051
1
0.999655505020969
0.99186752315977
0.992874599539997
0.982436444406812
1
1
1
0.999862026423321
1
1
1
1
1
1
0.99998271347654
1
1
1
1
1
1
1
1
1
1
1
1
1
1
0.999981206702957
0.853544609313775
0.999640471173068
1
1
0.999876078579705
0.999982624466393
0.912084122462218
0.999642687081708
1
1
1
1
1
1
1
1
0.930138057385606
1
1
1
1
1
1
1
1
0.943974602545247
1
1
1
0.99936551577045
0.99999901681585
0.999752040596785
0.953882968507029
1
1
1
0.982436444406812
1
0.932678382994294
1
1
1
0.999938260960967
0.999699403959789
1
1
1
1
1
0.999690939083628
1
1
0.91411342833051
1
1
1
1
1
1
0.978787384074163
1
1
1
1
1
1
1
0.992998656022653
1
1
1
1
1
1
1
1
1
1
1
1
1
0.999887685918138
1
1
1
1
0.995179340958729
1
1
1
0.992687385479714
1
1
1
1
1
1
1
1
1
0.999752040596785
1
1
0.999999117322693
1
0.999979716564631
1
1
0.999575254959932
1
1
1
0.99999741620257
1
1
1
1
1
0.999990287019887
0.99936551577045
0.99916378213481
1
1
1
1
0.999390626094407
1
1
1
1
1
1
1
1
1
1
1
1
1
0.979032777974931
1
0.998935718304388
1
1
0.999867632012669
0.623352315184481
0.811070620372016
1
1
1
0.932694460698086
1
1
0.943352367912803
1
1
1
1
1
1
1
1
1
1
1
1
1
1
1
1
1
1
1
1
1
0.999887685918138
0.999227081598611
1
0.999989936198074
1
1
1
0.999896645213397
1
1
1
0.999995819746514
1
0.999441511955156
1
1
0.982558699120744
1
1
1
1
1
1
1
1
1
1
1
1
0.99999901681585
0.999761508203125
1
1
1
1
1
1
1
1
1
0.999873330902884
0.999993277313695
1
1
1
1
1
1
1
1
1
1
0.999936018241598
1
1
1
1
1
1
1
1
0.905452548669297
1
1
1
1
1
1
1
1
1
1
0.991300935048938
1
1
0.999998179378704
1
1
1
1
1
1
1
0.999925215174587
1
1
1
0.999966419367817
1
1
1
1
0.99999478275272
1
1
1
1
1
1
1
0.999995367174255
1
1
1
1
1
1
1
1
1
0.999989936198074
1
1
1
1
1
1
1
1
1
0.991708235330629
1
1
1
1
1
1
1
1
1
1
0.99936551577045
1
1
1
1
1
1
1
1
1
0.999926104195767
1
1
1
1
1
1
1
1
1
1
1
1
1
1
1
0.999608363901074
1
1
0.999988348386246
1
0.974619392664457
1
1
1
1
1
1
1
1
1
1
1
0.999989936198074
1
1
1
1
0.946460176100107
1
1
1
1
0.999982637384851
1
1
1
1
1
1
1
0.915301981810172
1
1
0.999998179378704
1
1
1
1
1
1
0.965041928591101
1
1
1
0.999078551876528
0.982436444406812
0.999570826075162
1
1
0.998784030133319
1
1
1
1
0.998467990636563
1
1
1
1
1
1
0.999989176800913
1
1
1
1
0.999390626094407
1
1
1
0.999972260219949
1
1
1
1
1
0.953794708050874
1
1
1
1
1
1
1
1
1
1
1
1
1
1
1
0.999813756044038
1
1
1
1
1
1
1
1
1
1
1
1
1
1
1
0.946460176100107
0.98325722088201
0.999829813735049
1
1
0.999850411753592
1
1
1
1
1
1
1
1
1
1
1
1
1
1
1
1
1
1
1
1
0.988893087457633
1
1
0.929343206687704
1
0.865207992050718
1
1
1
0.998467990636563
1
1
0.999761508203125
1
1
1
1
1
0.999772282038915
1
1
1
1
1
1
1
1
1
0.988893087457633
1
0.906655747729218
1
1
1
1
1
0.999865940389093
1
1
1
1
1
0.999969952828821
0.999330481920144
1
1
1
1
1
1
1
1
1
1
1
1
0.999557966813733
1
1
1
0.964601876848132
1
1
1
1
1
1
1
1
0.999966508093067
1
1
0.948897383638617
1
1
1
1
1
1
0.999821762874397
1
1
0.999989176800913
1
1
1
1
0.999032472162639
1
1
1
1
1
1
1
1
1
1
1
1
0.920743517541455
1
0.999995311976243
1
1
0.996426785464135
1
1
0.999754992427646
1
1
1
1
1
1
1
0.99999901681585
1
1
1
1
1
1
1
1
0.888102632862174
0.900425376612938
1
1
1
1
1
1
1
1
1
1
0.999901495343401
1
0.927981762324023
1
1
1
1
1
0.988733668761134
1
1
0.930138057385606
1
0.999789453904601
0.999995543864024
0.991708235330629
1
1
1
1
1
0.998270632601978
1
1
1
0.998812617825302
1
1
1
1
1
1
1
1
0.996426785464135
1
0.953794708050874
1
