x
1
1
1
0.994263664723559
1
1
1
1
1
1
0.900144027659648
1
1
0.960691573147712
1
1
0.988887036713347
1
0.957288228426213
1
1
1
1
1
1
1
0.852000030634668
1
1
1
0.949336691144843
0.887522073067347
0.958397620187353
1
0.957451090758957
1
1
0.996008429449689
1
1
0.907509150811003
0.880594529930342
1
1
1
1
1
0.409096806089148
1
1
0.982642618687877
0.862121733098709
1
0.869399196024445
1
1
0.972449424899688
0.927029064725224
1
1
1
0.978094443290513
1
1
1
0.954253112959552
1
0.911265254801948
1
1
1
0.932375859800367
0.970251076115521
0.942751975607403
1
1
1
1
1
0.87849829319032
1
1
1
1
1
1
1
1
1
1
1
1
1
1
0.990524107171551
1
1
1
1
1
1
1
1
1
1
1
1
1
1
1
1
0.952438524092675
1
1
1
1
1
1
0.867923679809084
1
1
1
1
1
1
1
1
1
1
0.790477083056359
1
1
1
1
1
1
1
1
1
1
1
1
1
1
1
1
1
1
1
1
1
1
1
1
1
1
1
1
0.886553085696479
1
1
1
1
1
1
1
1
1
1
1
1
1
1
1
1
0.920618050033752
1
1
1
1
1
0.913799999411831
1
1
1
1
1
0.993817637915743
1
1
1
1
1
0.983850037084521
1
1
1
1
1
1
1
1
1
1
1
1
0.996008429449689
1
1
1
1
1
1
1
1
1
0.990779343429037
1
1
1
0.79425092569688
1
1
1
1
1
1
1
1
1
0.996008429449689
1
1
1
1
1
0.968930668897553
1
0.911431588413649
1
1
1
1
1
1
1
1
1
1
1
1
1
1
0.858060175977272
1
1
1
1
1
1
0.680461004096769
1
1
1
1
0.980460616569139
0.865096717826299
1
1
1
1
1
1
1
1
1
1
1
1
0.990779343429037
1
1
1
1
1
1
1
1
1
1
0.895673679576419
1
1
0.967112480065208
1
1
1
1
1
1
1
1
1
1
1
0.957288228426213
1
1
1
1
1
1
1
1
1
1
1
0.988744915588429
1
0.971747360435414
1
0.964432092805177
1
1
1
1
1
1
1
1
1
1
1
1
1
1
1
1
1
1
1
1
1
1
1
1
0.965834413629939
1
1
1
1
1
1
1
1
1
1
1
1
1
0.920751498327621
1
1
1
0.98682514539021
1
1
1
1
1
0.837835590644922
0.989884174336182
1
1
1
1
1
1
1
1
1
1
0.970764035657188
1
1
1
1
1
1
1
1
0.918001785043198
1
0.990954440975674
1
1
1
1
1
1
1
1
0.722771924029925
1
1
1
0.717129264790283
1
1
1
1
1
0.916858812390925
1
1
1
0.937798393927926
1
1
1
1
1
1
1
1
1
1
1
0.668226284394022
1
1
1
1
1
1
1
1
1
0.913543845394447
1
1
1
1
1
1
1
1
1
1
1
0.875067462296857
1
1
1
1
1
1
1
0.990425981176766
1
1
1
1
1
1
1
0.912010717854096
1
1
1
1
1
1
1
0.98682514539021
1
1
1
1
1
1
1
1
0.992822684789488
1
1
1
1
1
1
0.838126201492534
1
1
1
1
0.953978409427129
1
1
1
1
1
0.868798282431393
0.960074193908921
1
1
1
0.955589167348149
1
0.836345825647094
0.907680445107954
1
1
0.986104262741539
1
0.79101367597882
1
1
1
1
1
1
0.991205842234282
1
1
1
1
0.973999388478513
1
1
1
1
1
1
1
1
1
0.577434553706271
1
1
1
1
1
1
1
0.85170852276942
1
1
1
1
1
0.927658713764076
1
1
1
1
1
0.863733474572506
1
1
1
1
1
1
1
1
0.993398784536534
1
0.983850037084521
0.986945855406036
1
1
1
1
1
1
1
1
0.578296181015882
1
1
1
1
1
1
1
1
1
1
1
1
1
0.845289529752884
1
0.987333867036991
1
1
1
1
1
0.897997687705238
0.833922398601718
1
1
1
1
1
0.988633069717651
1
1
1
1
1
1
1
1
1
1
1
1
1
1
1
1
1
0.761837734541287
1
1
1
0.938492215352165
1
1
0.827795350783424
1
1
1
1
1
1
1
1
1
1
1
0.970806851396908
1
1
1
1
0.966558133810081
1
1
1
1
1
1
1
1
1
0.912010717854096
1
1
1
1
1
1
0.99058582253777
1
1
1
1
1
0.992001369231284
1
1
1
1
1
1
1
1
0.995616735791032
0.895013030572551
1
1
1
1
1
1
1
1
1
1
1
1
1
0.925354323755845
1
0.992001369231284
1
1
1
1
0.933085442827309
1
1
0.975416927301156
1
1
1
1
1
1
1
1
1
1
1
1
1
1
1
1
0.976053480886855
1
0.974194625928337
1
0.616098835529088
0.979801458674062
1
0.961607345450933
1
1
1
0.933273144381911
1
1
1
0.970806851396908
1
1
1
1
1
1
0.924547559247533
0.942751975607403
0.922820697168297
1
1
0.997835239894762
1
0.94395054545602
1
1
0.945231843144486
1
0.990219637316782
1
1
1
0.985820425386171
0.894300712935135
1
0.892573157730382
1
1
1
1
1
1
0.8497363412905
1
1
1
1
1
1
1
1
1
1
1
1
1
1
0.929233810982569
1
0.866361585011576
1
1
1
1
1
0.916156360715593
1
1
1
1
1
1
1
0.997835239894762
0.927974382701904
1
0.8497363412905
1
1
0.976484052080054
1
1
1
1
0.988617820034196
0.990140709430792
1
1
1
1
1
1
1
1
1
0.992303157367963
1
0.985820425386171
1
1
1
0.894722384133646
1
1
1
1
1
0.763460540871581
1
1
0.988617820034196
1
1
1
1
1
1
1
1
1
1
0.612729385552856
0.988722367093611
1
1
1
0.887522073067347
1
1
1
1
1
1
1
1
1
1
1
1
1
1
1
1
1
1
1
1
1
1
1
1
1
1
0.995158940213554
1
1
1
1
1
1
1
1
1
1
0.949336691144843
1
1
1
1
1
1
0.896956902143023
1
1
1
1
1
1
1
1
1
1
1
1
0.992637914826452
0.637825050525896
1
1
1
1
1
1
1
1
1
0.924452289658312
0.79425092569688
1
1
1
1
1
0.936972390553627
1
1
1
1
1
1
1
1
1
1
1
1
0.994753264345221
1
1
1
0.892305774385066
1
1
1
1
0.82423216316619
1
1
1
1
1
1
1
1
1
1
1
1
1
1
1
1
1
1
1
1
1
1
0.970251076115521
1
1
1
1
1
0.873827414133024
0.992001369231284
1
1
1
1
1
0.983850037084521
1
1
0.937821858776295
1
1
1
1
1
0.995158940213554
0.988744915588429
1
1
1
0.903057902793358
1
1
1
1
1
1
0.836105217186927
0.911265254801948
0.94310546120215
1
1
1
1
1
1
0.977498480317053
1
1
1
0.928455203729284
1
1
0.953301042993758
0.990779343429037
1
0.995320716189686
1
0.896956902143023
1
1
1
1
1
1
1
1
1
1
1
1
1
1
1
1
1
0.861285222691018
1
0.929371474793175
1
1
1
0.992822684789488
1
1
0.928862720841199
1
0.934867158543615
1
0.976484052080054
1
1
1
1
1
1
0.94282992003264
1
1
0.835169076990034
1
1
1
1
1
1
1
0.37361779860985
1
1
1
1
1
1
0.885554442730516
0.817080083499754
1
1
1
1
1
1
0.993398784536534
1
1
1
1
1
0.993875487483871
1
1
1
1
1
1
1
1
1
1
1
1
0.40186178717741
0.993875487483871
1
1
1
1
1
1
1
1
1
1
1
1
1
1
0.847544044537466
0.989281978935786
0.914192496390237
1
1
1
1
1
1
1
1
1
0.913790827153198
1
1
1
1
1
1
1
1
1
0.989281978935786
1
1
1
1
1
0.994753264345221
1
1
1
0.877545174580891
1
1
1
1
1
1
1
1
0.996846187096694
1
0.709849720652197
1
1
1
1
1
1
0.994263664723559
1
1
0.990305788558199
1
1
1
1
1
1
1
1
1
0.933273144381911
1
1
1
1
1
1
0.918942358559664
1
0.910872501086037
1
1
1
1
1
0.994263664723559
0.988211482011121
0.836334965027176
1
1
1
1
1
1
1
1
1
1
1
1
0.941758061537516
0.859718138658298
0.946788321901641
1
1
1
0.913799999411831
1
1
1
1
1
1
1
1
1
0.894300712935135
1
1
1
1
1
0.938238617713159
1
1
0.976053480886855
1
1
1
1
1
1
1
1
1
1
1
1
1
1
1
1
1
1
1
1
1
1
1
1
1
1
1
0.976248997376651
1
1
1
1
1
1
0.686002925706866
1
1
1
1
1
1
1
1
1
0.988722367093611
1
1
1
1
1
1
0.918001785043198
1
1
1
1
1
1
1
1
0.970251076115521
1
1
1
1
1
1
0.904756050907299
1
1
0.980460616569139
1
1
1
0.868832363976934
1
1
0.871820428154391
1
1
1
0.994753264345221
1
1
1
0.873530716454627
1
1
1
0.955264891336062
1
1
1
1
1
1
0.8726741890376
0.92253535812085
1
1
1
1
0.938492215352165
1
1
1
0.92411854713506
1
1
1
1
1
0.894722384133646
1
0.970251076115521
0.977498480317053
1
1
1
1
1
0.855924862047163
1
1
1
1
1
0.906003993573448
1
1
1
1
1
1
1
1
1
1
1
1
1
1
1
1
0.836345825647094
1
0.989884174336182
1
1
1
0.849538324980544
0.718407520099327
0.991727846293464
1
1
1
0.982791359489665
1
1
1
1
1
1
1
0.938492215352165
1
0.990941323153596
1
1
0.927337714482333
1
1
1
1
0.98332922798925
0.969280179682203
1
0.925354323755845
0.957451090758957
1
1
1
1
1
1
1
1
1
1
1
1
1
1
1
1
1
1
1
0.987751054726341
1
1
1
1
1
0.907680445107954
1
1
1
1
1
1
0.952438524092675
1
1
1
1
1
0.988211482011121
1
1
1
1
1
0.849329820118706
1
0.962588398391814
1
1
1
1
0.991954516655355
1
1
1
1
1
1
1
1
1
1
1
1
1
0.966629777649626
1
0.70847920682446
1
1
1
1
1
1
1
1
1
1
1
1
1
1
1
0.931475079822752
1
1
1
0.801249959323765
0.790938746150822
1
0.983850037084521
1
1
1
1
1
1
1
1
1
1
0.968526997223771
1
1
1
1
1
1
1
1
1
1
1
1
1
1
1
0.863733474572506
1
0.859718138658298
1
0.882384230060369
1
1
1
0.991473387076666
1
1
1
1
1
1
1
0.920618050033752
1
1
1
1
1
1
1
1
0.928028351991522
0.977498480317053
1
1
1
1
1
1
0.976484052080054
1
1
1
1
1
1
1
1
1
1
1
1
1
1
1
1
0.932163280651379
1
1
1
1
1
1
1
0.910872501086037
0.854594316912891
0.876229821273652
1
1
1
0.995473875705656
1
1
1
0.977498480317053
1
1
1
0.987333867036991
1
1
1
1
1
1
1
1
1
1
1
1
0.927029064725224
1
1
1
1
0.480542564552246
0.936608983101302
1
1
1
1
1
1
0.966629777649626
1
0.976248997376651
1
1
1
0.953301042993758
1
0.906003993573448
1
0.979801458674062
1
1
1
1
1
1
0.862764364233119
0.992822684789488
1
0.969280179682203
0.961544139342542
1
1
0.834893016909791
1
1
1
1
1
1
0.861285222691018
1
1
0.936972390553627
0.902344981756363
1
0.990219637316782
1
1
1
0.961544139342542
1
1
0.995473875705656
1
1
1
1
0.962450129612424
1
1
1
1
1
1
0.929233810982569
0.959206801907636
1
1
1
1
0.868832363976934
1
1
1
1
1
1
1
1
1
1
1
1
1
1
1
1
1
1
1
0.992637914826452
1
1
1
1
1
1
1
1
1
1
1
0.882384230060369
1
1
0.938064213894113
0.890796583814989
1
1
1
1
1
1
1
1
1
1
1
1
1
1
1
1
1
0.993004475777237
0.959215956900685
1
1
0.886556023097961
1
1
1
1
1
1
0.996675524609395
1
1
1
1
1
0.28159821923541
1
1
1
1
1
0.812552995485011
0.855297777032565
1
1
1
1
1
0.949336691144843
1
1
1
1
1
1
1
0.871780009156735
1
0.989065841551901
1
1
1
1
1
1
1
1
1
1
1
1
1
1
1
1
1
1
1
1
1
1
1
1
0.868914494602934
1
1
1
1
1
1
1
1
1
1
1
1
1
1
1
1
1
1
1
1
1
1
1
1
1
0.938832487843244
0.925883769258721
1
1
1
1
1
0.96092324562259
1
1
1
0.955264891336062
1
1
0.774415733145061
1
1
1
1
1
1
1
1
1
1
1
1
0.534587440033062
0.934809856607556
1
1
1
0.975416927301156
1
1
1
1
1
1
1
1
1
1
1
1
0.969280179682203
1
1
0.983850037084521
1
0.873530716454627
1
1
1
1
1
1
1
1
0.863793851017232
1
1
0.937814119128497
1
0.937087606726219
1
1
1
1
1
1
0.781982305144208
1
1
0.970806851396908
1
1
1
1
1
0.831807290718944
1
1
1
1
0.913574150436336
1
1
1
1
1
1
1
1
1
0.984930025207828
1
1
1
1
1
0.967112480065208
1
1
0.943131584502539
1
0.926956228228618
1
1
1
1
1
1
1
1
0.975416927301156
1
0.990022865259162
1
1
1
1
0.960678697479271
1
1
1
1
1
0.959206801907636
1
1
1
1
1
0.940561751115429
1
1
1
1
1
1
0.989281978935786
1
1
1
1
1
1
1
1
1
1
0.966629777649626
1
1
1
1
1
1
1
1
1
0.962588398391814
0.671186949656943
1
0.970251076115521
1
1
1
1
1
1
1
0.883763656718353
1
0.962450129612424
1
1
0.905730648296296
0.993817637915743
1
1
0.8267979005787
1
1
1
1
0.664577586778083
1
1
1
0.836546334763603
1
1
0.970077536325475
1
1
0.98332922798925
1
1
0.965838495645032
0.988211482011121
1
1
1
1
1
1
1
0.892654089840023
1
1
1
1
1
1
1
0.989884174336182
1
1
1
1
1
0.958340506215926
1
1
1
1
0.991230226057973
1
0.982288897506442
1
1
1
1
0.995320716189686
0.831807290718944
1
1
1
1
1
1
1
1
1
1
1
1
1
0.94395054545602
1
1
1
1
1
1
1
1
1
1
1
0.832221265319405
1
1
1
1
1
1
1
1
1
1
1
1
1
1
1
1
1
1
1
1
1
1
1
1
1
1
1
1
1
1
0.960691573147712
1
1
0.774892182806201
0.896956902143023
1
1
1
1
1
1
0.86035612019823
1
1
0.907680445107954
1
1
1
1
1
1
1
1
1
1
1
1
0.931475079822752
1
1
1
1
0.955024904022305
0.953301042993758
1
1
1
0.911431588413649
1
0.976484052080054
1
1
1
1
1
0.924958960653665
1
1
0.895673679576419
1
1
1
1
1
1
1
1
1
1
1
1
1
1
1
1
1
1
1
1
1
0.982422522505416
1
1
1
1
1
1
0.98017200954142
1
1
1
1
1
1
1
1
1
1
1
1
0.936608983101302
1
1
1
1
1
1
1
1
1
1
1
0.966558133810081
0.656840266470156
1
1
1
0.911670458128664
1
1
1
1
1
1
1
0.972449424899688
1
1
1
1
1
0.871780009156735
1
1
0.993875487483871
1
1
0.87639589324077
1
1
1
1
0.898185757980033
1
1
1
1
1
1
1
1
1
1
1
1
0.951711711266137
1
0.949336691144843
1
1
1
1
1
1
1
1
0.998388647726454
1
1
1
1
1
1
1
1
1
1
1
1
1
1
1
1
0.901424796038127
0.87639589324077
1
1
0.945231843144486
1
1
1
1
1
1
1
1
0.953301042993758
0.930104995951544
1
1
1
1
1
1
1
1
1
1
1
1
0.992637914826452
1
1
1
1
1
1
1
1
0.996675524609395
0.983850037084521
1
0.933032031614803
1
0.813177087934587
0.864447681872006
1
0.989281978935786
1
1
1
1
1
1
1
0.990305788558199
1
0.918942358559664
1
1
1
1
1
1
1
0.992001369231284
0.985888030793035
1
1
1
1
1
1
1
0.938064213894113
0.993817637915743
1
1
1
1
1
1
1
1
1
0.772311624069905
1
1
1
1
1
1
1
1
0.856092599653699
1
1
1
1
0.966558133810081
1
1
1
1
0.964684830180533
1
1
1
1
1
1
1
1
1
1
1
0.976053480886855
1
1
1
1
1
1
1
1
1
1
1
1
1
0.996846187096694
1
1
0.769635921116307
0.980460616569139
1
1
1
1
0.992637914826452
0.859577112956658
1
0.922225564205717
1
0.990219637316782
1
1
1
1
1
1
1
1
1
0.960739080576092
1
1
1
1
0.973523301830151
1
1
1
1
1
1
1
1
1
1
1
1
1
1
0.976484052080054
1
1
1
1
1
1
1
1
1
1
1
1
1
1
1
1
1
1
1
1
1
1
1
1
0.995158940213554
1
0.990140709430792
1
1
1
1
0.952438524092675
0.996008429449689
1
1
1
1
1
1
1
1
1
1
1
1
0.992001369231284
0.962283465788089
1
1
1
1
1
1
1
1
1
1
0.973523301830151
1
1
1
1
1
1
1
1
1
1
1
1
1
1
1
0.957514895333228
1
1
1
1
1
1
1
0.992171677928409
1
1
1
1
1
1
1
0.936972390553627
1
1
1
1
1
1
1
1
0.900144027659648
1
1
0.944549407711235
1
1
1
1
1
1
1
1
1
1
1
0.883992176187328
1
1
1
1
1
1
1
1
0.974485151019586
1
1
1
1
1
0.928862720841199
0.927974382701904
1
1
0.986219850660781
1
1
1
1
1
1
0.961544139342542
0.964410601947456
1
1
1
0.990305788558199
1
1
1
0.846749916385191
1
0.642469810464359
1
1
1
1
1
1
0.958054765120693
1
1
0.905730648296296
1
1
0.91771932382799
1
1
1
1
0.922820697168297
1
1
1
1
0.970251076115521
0.901116895004518
0.842102528595703
1
1
1
1
1
0.906324058229416
1
1
1
0.996675524609395
0.927974382701904
1
1
1
1
1
0.884010024395788
1
1
1
0.988633069717651
1
1
1
1
0.943131584502539
1
1
1
0.805653287563538
1
0.985820425386171
1
1
1
1
1
1
1
1
0.994263664723559
1
1
0.989829092357087
0.935827966251376
0.88862351577911
1
1
1
1
1
1
1
1
1
0.900144027659648
1
1
1
0.896657108958853
1
1
1
1
1
1
1
1
1
1
1
1
1
0.988633069717651
1
1
1
0.97655730687576
1
0.965838495645032
1
1
1
1
1
1
1
1
1
1
1
1
0.890219898587358
1
0.686002925706866
1
1
1
1
1
1
1
0.977498480317053
1
1
1
1
1
1
1
1
1
1
1
1
1
1
1
0.962450129612424
1
1
1
1
1
1
1
1
1
1
0.982848955793121
1
1
0.965838495645032
1
0.946196420632016
0.990779343429037
1
1
1
1
1
1
1
0.960074193908921
1
1
1
1
1
1
1
1
1
1
1
1
1
1
1
0.970136244696792
1
0.654355359355215
1
1
1
1
1
0.928862720841199
1
1
0.913799999411831
1
1
1
1
1
0.944549407711235
0.937821858776295
1
0.922820697168297
1
1
1
1
1
0.799030857810691
1
1
1
1
1
1
1
1
1
1
0.993817637915743
1
1
1
1
1
1
1
1
1
1
1
1
1
1
0.960739080576092
1
1
1
1
1
1
1
1
1
0.990022865259162
0.776029004639652
0.884925907948566
1
1
0.953301042993758
1
1
0.994753264345221
1
0.584243085742263
0.951214771757893
1
1
1
1
0.549756243331471
1
1
1
1
1
1
1
1
0.995158940213554
0.938064213894113
0.881446173395881
1
1
1
1
1
1
1
1
1
1
1
1
1
1
1
1
1
1
1
0.995320716189686
1
1
1
1
1
0.979914880249426
1
1
1
1
1
1
1
1
1
1
0.991727846293464
1
0.985593203344137
1
1
1
0.900365338687336
0.912010717854096
0.693490326288071
1
1
1
1
1
0.997835239894762
0.970251076115521
1
0.956840049902011
1
1
1
1
0.900669023544189
1
1
1
0.395055376082702
1
1
1
1
1
1
1
1
1
1
1
1
1
1
1
1
1
0.995473875705656
0.938064213894113
1
1
1
1
1
1
1
1
0.884010024395788
1
1
1
1
0.991954516655355
0.954786085960382
1
1
1
1
1
1
1
0.968526997223771
1
1
0.674278824501232
1
0.983632870187143
1
0.998951323873312
1
1
1
1
1
1
0.774534310740121
1
1
0.955589167348149
1
1
0.853689987677932
1
1
0.903233771537678
1
1
1
0.949432895827342
0.900144027659648
0.959138723305872
1
1
1
1
1
1
1
1
1
0.734492274640432
1
1
1
1
1
0.855297777032565
1
1
1
1
1
1
1
1
1
1
1
0.959206801907636
1
1
1
1
1
1
1
1
1
1
1
1
1
1
1
0.895673679576419
1
1
1
1
1
1
1
0.915315289969286
1
1
1
1
0.854594316912891
1
0.913799999411831
1
1
0.995158940213554
0.960074193908921
1
1
1
1
1
0.928845564084196
1
1
1
0.951539267492429
1
1
1
1
1
0.928777193248493
1
1
1
1
1
1
0.991205842234282
1
1
0.970136244696792
1
1
1
1
1
1
1
1
1
1
1
1
1
1
1
1
1
0.993398784536534
1
1
0.950732549748797
1
1
1
1
1
1
1
1
1
1
0.901116895004518
1
1
1
1
1
1
1
1
1
1
1
1
1
1
0.989884174336182
1
0.603921882144236
1
0.990524107171551
1
1
1
1
1
1
0.679018696698479
1
1
1
1
1
0.955384466115551
1
1
1
1
0.774892182806201
0.851686404488119
1
1
1
1
1
0.946196420632016
0.938492215352165
1
1
1
1
1
1
0.93830092823802
1
1
1
0.865984442336172
1
1
1
1
1
0.500057092327371
1
1
1
1
0.993817637915743
1
1
1
0.910872501086037
1
1
1
1
1
1
1
1
1
1
0.953301042993758
1
1
1
1
1
1
0.849329820118706
1
1
0.982642618687877
1
1
1
1
1
1
1
1
1
1
1
1
1
1
1
1
1
1
1
1
1
1
0.936972390553627
1
1
1
1
1
1
1
0.917497247854615
1
1
1
0.817080083499754
0.918942358559664
1
1
0.937814119128497
1
1
1
1
1
1
1
1
1
1
0.968930668897553
1
1
1
1
1
1
1
0.812552995485011
1
1
1
1
1
1
1
1
1
1
0.608603789465286
1
1
1
1
0.935092041770451
1
1
1
1
1
1
1
1
1
1
1
1
0.993398784536534
1
1
1
1
1
1
0.938492215352165
0.94605715135019
1
1
1
0.938064213894113
1
1
1
1
1
0.927029064725224
1
1
1
1
1
1
1
1
1
1
0.989884174336182
1
0.984735856973649
0.866675330804342
1
1
1
1
0.993817637915743
1
0.993251138699532
1
1
1
1
1
1
1
1
1
0.952164744231194
1
1
1
1
0.85880375844351
1
1
1
1
1
1
1
1
1
1
1
1
1
1
1
1
1
1
1
1
1
1
1
1
1
1
1
1
0.998951323873312
0.954786085960382
0.989569541877128
0.955614706388869
1
0.996846187096694
1
0.897997687705238
1
1
1
1
1
1
1
1
1
1
1
1
1
0.991230226057973
1
1
1
1
0.857849280920906
1
0.859995530585436
0.864997266169292
1
1
1
0.894954988625636
1
0.882384230060369
0.619072635933095
0.968526997223771
1
1
1
1
1
1
1
0.687813294039771
0.863733474572506
0.682144419705673
0.951214771757893
1
0.988887036713347
1
1
1
0.98503547452228
0.983850037084521
1
1
0.990022865259162
1
1
1
1
1
1
1
1
0.965138709938283
1
1
1
0.816044394729668
0.993004475777237
1
1
0.931254476872038
1
1
1
0.909742078886379
1
0.845289529752884
1
0.990954440975674
0.964432092805177
1
1
1
1
1
1
1
1
1
1
1
1
1
1
1
1
1
1
1
0.925883769258721
1
1
1
1
1
1
1
1
1
1
1
1
1
1
0.985888030793035
1
0.980460616569139
1
1
1
1
0.984930025207828
0.897630074850295
1
1
1
1
1
1
0.992001369231284
1
1
1
1
1
1
1
1
1
1
0.945231843144486
1
0.976748769244067
1
1
1
1
1
1
0.962588398391814
1
1
0.991954516655355
1
1
1
1
1
1
0.998388647726454
1
1
1
1
1
1
1
1
1
0.903057902793358
1
1
1
1
0.988211482011121
1
1
1
1
1
1
1
1
1
1
0.888999909191999
1
0.994753264345221
1
1
1
1
1
1
1
1
1
1
0.956840049902011
1
1
1
1
1
1
1
0.884925907948566
1
1
1
1
0.958397620187353
1
1
1
1
1
0.92411854713506
0.879099790324911
1
0.896657108958853
1
1
1
1
1
0.988633069717651
1
1
1
1
1
1
1
0.809961869549313
1
1
1
1
1
1
0.88264188538599
1
1
1
1
1
1
1
1
0.875722898366439
0.895013030572551
1
1
1
1
1
1
1
1
1
1
0.949336691144843
0.922334755708037
1
1
1
1
1
1
1
1
1
1
1
0.994753264345221
0.609298939851485
1
1
1
1
1
0.885616100675157
1
1
0.995616735791032
1
1
1
0.989281978935786
1
1
1
1
1
0.900669023544189
1
1
1
1
1
0.983632870187143
1
1
1
1
0.991954516655355
0.993875487483871
1
1
1
0.913799999411831
0.866361585011576
1
1
1
1
1
0.98849209058386
1
1
1
1
1
1
1
0.93004428149282
1
0.881446173395881
1
1
0.976053480886855
1
1
1
1
1
1
1
1
1
1
1
1
1
1
0.991954516655355
1
0.985593203344137
1
1
1
0.991954516655355
1
1
0.918816785367496
1
1
1
1
1
0.992303157367963
1
1
1
1
1
1
1
1
0.988439071104834
1
0.900144027659648
1
1
1
0.737465252836612
1
1
1
1
1
1
1
1
1
0.93012186617972
1
1
1
1
1
1
1
1
1
1
1
0.796060415207267
1
1
1
0.993817637915743
1
1
1
0.902344981756363
1
1
1
1
1
1
1
1
0.990140709430792
1
1
1
1
1
1
1
1
1
1
0.989281978935786
1
1
0.882077462024429
0.988211482011121
1
1
1
1
1
0.875776627572453
1
0.959878234469948
1
1
1
1
1
1
1
1
1
1
1
1
1
1
1
1
0.922820697168297
0.968526997223771
1
1
1
1
1
1
0.860037938272152
1
1
1
0.989884174336182
1
0.958054765120693
1
0.970136244696792
1
1
1
1
1
1
1
0.975416927301156
1
1
1
1
0.82181938130876
1
1
1
0.868798282431393
1
1
0.995158940213554
0.940517120179271
0.861558079586436
1
1
1
1
1
1
1
0.994263664723559
1
1
1
1
1
1
1
1
1
1
1
1
1
0.840945020815591
0.951214771757893
1
1
1
1
1
0.813370502678522
0.896657108958853
1
1
1
1
1
1
1
1
0.908150232426582
1
1
1
1
1
1
1
1
1
1
1
1
1
1
1
0.992822684789488
0.934867158543615
1
0.900669023544189
1
1
1
1
1
0.979801458674062
1
1
1
1
1
1
0.989569541877128
1
1
1
1
1
0.924219714002819
1
1
1
1
0.970251076115521
0.970136244696792
0.863733474572506
1
1
1
1
1
0.953978409427129
1
1
1
1
1
1
1
1
1
1
1
0.951539267492429
1
1
1
1
1
1
1
1
1
1
1
1
1
1
1
1
1
1
1
1
1
1
1
1
1
0.895507022352724
0.980460616569139
0.925354323755845
1
1
1
1
1
1
1
1
1
1
1
0.98332922798925
0.992001369231284
0.934867158543615
0.973523301830151
0.790938746150822
1
1
1
1
0.672113071126993
1
1
1
1
1
1
1
0.85880375844351
0.967886227859381
1
1
1
1
1
1
1
1
1
1
0.908150232426582
1
1
1
1
1
1
1
0.803032821346307
1
1
1
1
1
1
1
0.593571649640975
1
1
0.917760721952099
1
1
1
0.995616735791032
1
1
1
1
1
0.93004428149282
1
1
1
1
0.747007545602463
1
1
1
0.979914880249426
1
1
1
0.94605715135019
1
1
1
0.993817637915743
1
1
1
1
1
0.577197860604079
0.877545174580891
0.882090542152892
1
0.992303157367963
1
1
0.995320716189686
1
1
1
0.896956902143023
1
1
1
1
1
1
1
0.960678697479271
1
1
0.965491181658473
1
1
1
1
1
0.863733474572506
1
1
0.906003993573448
1
1
1
1
1
1
1
0.991230226057973
1
1
0.961544139342542
1
1
1
1
1
1
1
1
1
1
1
0.988372930296667
1
1
1
1
1
1
1
0.864997266169292
1
1
1
0.773544229360505
1
1
1
1
1
1
1
1
1
1
1
1
1
1
1
0.965874747688223
1
1
1
1
0.957288228426213
1
1
1
0.888999909191999
1
1
1
1
1
0.967886227859381
1
1
1
1
1
1
1
0.812552995485011
1
1
1
1
1
1
0.986575161245883
1
0.835919096329717
0.00113593168048128
1
1
1
0.985888030793035
1
1
1
1
1
1
1
0.871706730457657
1
1
1
1
1
1
1
1
0.783877558741329
1
1
1
1
1
1
0.896657108958853
1
1
1
1
1
1
1
1
1
1
0.973523301830151
1
1
1
1
1
1
0.863733474572506
1
1
1
1
1
0.868798282431393
1
0.843271849634736
1
1
1
1
1
0.913574150436336
1
1
1
1
1
0.94282992003264
0.896956902143023
1
1
1
1
1
1
1
1
1
1
1
1
1
0.793041904438006
1
0.895673679576419
1
0.92253535812085
1
1
1
1
1
1
1
1
1
1
1
1
1
1
0.862041392671489
1
1
0.566015112138067
1
1
0.673096043182248
1
1
1
1
1
1
1
1
1
1
1
1
0.615152188340925
1
1
1
1
1
1
1
1
0.883992176187328
1
1
1
1
1
1
1
1
0.956840049902011
1
0.501747561725758
1
1
1
1
1
1
1
1
1
1
1
1
1
0.982598105491052
1
1
1
1
1
1
1
0.951794995443124
1
1
1
1
1
1
1
1
1
0.39332014817017
1
1
0.900669023544189
1
1
0.976053480886855
1
1
1
1
1
1
0.985820425386171
1
1
1
1
1
0.929371474793175
1
1
1
1
0.964432092805177
1
1
1
0.936972390553627
1
1
1
1
1
1
1
1
1
1
1
1
1
1
1
1
1
1
1
0.995320716189686
1
1
1
1
1
1
1
1
1
1
1
1
1
0.989281978935786
1
1
1
1
1
1
0.993004475777237
1
1
1
1
1
1
0.996008429449689
0.8366589726271
1
0.997835239894762
0.572607604959963
1
1
0.928862720841199
1
1
1
1
1
1
1
1
0.956512665943993
1
1
1
1
1
1
0.911670458128664
1
0.960074193908921
1
0.974194625928337
1
1
1
1
1
1
1
1
1
1
1
1
1
1
1
1
1
1
0.998951323873312
1
1
1
1
1
1
1
1
1
1
1
1
0.992822684789488
0.913799999411831
1
1
1
1
0.98332922798925
1
1
1
1
1
1
0.982848955793121
1
0.879287318070187
1
1
1
1
0.991205842234282
0.982848955793121
1
1
1
1
1
0.955384466115551
1
1
1
1
1
0.917031559691447
1
1
1
0.885616100675157
1
0.448506951411669
1
1
0.924958960653665
0.936608983101302
1
1
1
1
1
1
1
1
1
1
1
1
1
1
1
1
1
1
0.988211482011121
1
1
1
1
1
1
1
1
1
1
0.917497247854615
1
1
1
1
1
1
1
1
0.992001369231284
1
1
1
0.934809856607556
1
1
1
1
1
1
1
1
1
1
1
1
1
1
1
1
1
1
1
0.868914494602934
1
1
1
1
1
1
1
1
1
1
0.940561751115429
1
1
1
1
1
1
0.890796583814989
1
1
1
0.993004475777237
1
1
1
1
1
0.972449424899688
1
1
0.970077536325475
1
0.595259344731998
1
1
1
1
1
1
1
1
1
1
1
1
1
0.995158940213554
1
1
1
1
1
1
1
0.965138709938283
1
1
1
1
1
1
1
1
1
1
1
1
0.996008429449689
1
1
1
1
1
1
1
1
1
1
0.913799999411831
1
1
1
1
0.868710783905366
0.930104995951544
1
1
1
1
1
1
1
1
1
1
1
1
1
0.94310546120215
1
1
1
1
1
1
1
1
1
1
1
1
1
0.935092041770451
1
1
1
1
1
0.970077536325475
1
1
1
0.94395054545602
1
1
1
1
0.779459497504173
1
1
1
1
1
1
1
0.966629777649626
0.992637914826452
0.994753264345221
1
1
1
0.88264188538599
0.882450424064525
1
1
1
1
1
1
1
1
0.972934889672802
1
1
1
1
1
1
1
1
1
1
1
0.988722367093611
1
1
1
1
1
1
1
1
1
1
1
1
1
0.815098666378344
1
1
0.953675622342193
1
1
0.835756255389552
0.54786047532801
0.940517120179271
1
1
1
1
1
1
1
1
1
1
1
1
1
1
1
1
0.22089045641642
1
1
1
1
0.965138709938283
0.860037938272152
1
1
1
1
0.860037938272152
0.959574270416079
1
1
0.825262849098965
0.922820697168297
1
1
1
0.929371474793175
1
1
1
1
0.900763380897321
0.965834413629939
0.995616735791032
1
0.98332922798925
0.997835239894762
0.79425092569688
1
1
1
0.784853976031491
0.916858812390925
0.992303157367963
1
1
1
1
0.913704696209406
1
0.992822684789488
1
0.956840049902011
1
0.905730648296296
1
0.930104995951544
1
1
1
1
0.995616735791032
1
1
1
1
1
1
1
1
1
1
1
0.931254476872038
1
1
1
1
1
1
1
1
1
0.659619283024775
0.955264891336062
1
1
1
1
1
1
1
1
1
1
0.992303157367963
1
0.88264188538599
1
1
0.972449424899688
1
1
1
1
1
0.935827966251376
1
1
1
1
1
1
0.778769621305088
1
1
1
1
0.684355475403718
1
1
1
1
0.98503547452228
1
1
1
1
1
1
1
1
1
1
1
1
0.451160898520539
1
0.356664123599001
1
1
1
1
0.913799999411831
0.485495936261431
1
1
1
1
1
1
0.98534972807008
1
1
0.959206801907636
1
1
1
1
1
1
0.95181408067952
1
0.936608983101302
1
1
1
0.836816673184941
1
1
0.969280179682203
0.928777193248493
1
0.859718138658298
1
1
1
1
1
0.861550008114947
1
1
1
1
1
0.993251138699532
1
1
1
1
1
1
1
1
1
1
1
0.99058582253777
1
1
1
1
0.965491181658473
0.749775231984071
1
0.991727846293464
1
0.991205842234282
1
1
1
0.936972390553627
1
1
1
0.906324058229416
1
1
1
1
1
1
1
1
0.910082283499154
1
0.399397357450203
1
1
1
1
1
1
0.979914880249426
1
1
1
1
1
0.970136244696792
1
1
1
1
1
1
0.615634222195971
1
1
1
1
0.976053480886855
1
1
1
1
1
0.751092177260804
1
1
0.862041392671489
1
1
1
1
1
1
1
1
0.845095393572661
0.901424796038127
1
1
1
1
1
1
1
1
1
1
1
1
1
1
0.943327417598876
1
1
0.98332922798925
1
1
1
1
1
0.970251076115521
0.991727846293464
1
1
1
1
1
1
1
1
1
1
1
1
1
1
1
1
1
1
1
1
0.849329820118706
0.52867289755632
1
1
1
1
1
1
1
1
1
1
1
0.664690220623062
1
1
1
1
1
0.959215956900685
0.957288228426213
0.901116895004518
1
1
0.986945855406036
0.928777193248493
1
1
1
1
1
1
1
1
1
0.596153718173765
0.966629777649626
1
0.992171677928409
1
1
1
1
1
1
0.955384466115551
1
0.892156129698037
1
1
1
1
1
1
1
0.904756050907299
0.970077536325475
1
1
1
1
1
1
1
1
1
0.842102528595703
1
1
1
1
1
1
0.960739080576092
1
0.962588398391814
1
1
1
1
1
1
1
1
1
1
1
1
1
1
1
0.661351558415648
1
1
1
1
1
1
1
1
0.991727846293464
1
1
1
1
1
1
1
1
1
1
1
1
1
1
1
1
1
1
1
1
1
1
1
1
1
0.989281978935786
1
1
1
0.989884174336182
0.958009284189803
1
1
0.949432895827342
0.956512665943993
1
1
1
1
0.860453139513259
1
1
1
0.613073309266248
0.859995530585436
1
1
1
1
1
1
1
1
1
1
0.996675524609395
1
1
1
1
0.993875487483871
1
1
1
0.927501670446196
1
1
1
1
1
1
1
1
1
1
1
1
1
1
1
1
1
1
1
1
1
1
1
1
1
1
1
1
0.882384230060369
1
1
0.990305788558199
1
1
1
1
1
1
1
1
1
1
1
1
1
1
1
1
1
0.184251835540794
0.963420163834201
1
1
0.991230226057973
0.618234143429879
0.969094972306128
1
1
1
0.979914880249426
1
1
1
1
1
1
1
1
1
1
0.797413581088617
0.990779343429037
1
1
1
0.985820425386171
1
1
0.989298161800484
1
1
0.967886227859381
0.738631431131546
1
1
1
1
1
0.98682514539021
1
1
1
1
1
0.963612423345919
1
1
1
1
1
0.988211482011121
1
1
1
1
1
1
1
1
1
1
1
1
1
0.984915287082474
1
1
1
1
1
1
1
1
1
1
1
1
1
1
1
0.685718513406629
0.990779343429037
1
1
1
0.918001785043198
0.972449424899688
1
1
1
1
1
1
1
0.993004475777237
1
1
1
1
0.965874747688223
1
0.98500982728203
1
1
0.827778724240961
1
1
1
1
0.870112553270275
1
1
1
1
1
0.958887700773352
0.871188357767283
1
1
1
1
1
1
1
1
1
1
1
0.963612423345919
1
1
1
1
0.968930668897553
1
1
1
1
1
1
1
0.992637914826452
1
1
1
1
1
0.937821858776295
1
1
1
1
1
1
1
1
1
1
1
1
1
1
1
1
1
1
1
1
1
1
1
1
1
1
1
1
1
0.918433547856341
1
1
1
1
1
0.961607345450933
1
1
0.946196420632016
1
1
1
0.88264188538599
1
1
1
1
1
1
1
1
1
0.821290655649602
0.475289109767794
1
1
1
1
0.954478401444696
1
1
0.984735856973649
0.992303157367963
1
0.916858812390925
1
0.965874747688223
1
0.944469587889051
1
1
1
0.972449424899688
1
1
1
1
1
1
1
1
1
0.991205842234282
1
0.93830092823802
1
1
1
0.98332922798925
1
1
1
1
1
1
0.667538527628883
1
1
1
1
1
1
1
1
1
1
1
1
1
0.563642157924908
1
0.480542564552246
1
1
1
1
1
0.98682514539021
1
1
1
1
0.988211482011121
1
1
1
1
1
1
1
0.810318754326445
0.849538324980544
0.96092324562259
1
1
0.976248997376651
1
1
1
0.906003993573448
1
1
1
0.790477083056359
1
0.969280179682203
1
1
0.983850037084521
0.996846187096694
1
1
1
0.884132201190752
1
1
1
1
1
1
1
1
1
1
0.972449424899688
1
1
1
1
1
0.949336691144843
1
1
1
1
1
1
1
1
1
1
1
1
1
1
1
1
1
1
1
1
1
1
0.854594316912891
1
1
0.85170852276942
1
1
0.861558079586436
1
0.964432092805177
0.882450424064525
1
1
1
1
1
0.951151477602292
1
0.990954440975674
0.989065841551901
0.931254476872038
1
1
1
0.890219898587358
0.936972390553627
1
1
1
1
1
1
0.871706730457657
0.536302182027303
1
1
1
1
1
1
1
1
0.895507022352724
1
1
1
1
1
1
1
0.967886227859381
1
1
1
1
1
1
1
1
1
1
1
1
1
1
1
1
0.970806851396908
0.983007488652446
0.950784506639945
1
1
0.808338867793351
1
0.945231843144486
1
1
0.992171677928409
1
1
1
1
1
1
1
1
1
1
1
1
0.938064213894113
1
1
1
1
1
1
1
1
1
0.98017200954142
1
1
1
1
1
1
1
1
1
1
1
1
1
1
1
1
1
1
1
0.845404948670408
1
0.960691573147712
0.979914880249426
1
1
1
1
1
1
1
1
0.892639251265541
1
0.89923585909137
1
1
1
0.835169076990034
1
0.990219637316782
1
1
1
1
1
0.98534972807008
1
1
0.964432092805177
0.928777193248493
1
1
0.970806851396908
0.900669023544189
1
0.887818798480675
1
1
0.962588398391814
1
1
1
1
1
1
1
1
0.98017200954142
0.988722367093611
1
1
0.93004428149282
1
1
1
1
1
0.969788358089265
1
1
1
1
1
1
1
1
1
1
1
1
1
1
1
1
1
1
1
0.970806851396908
1
1
1
1
1
1
1
1
1
1
1
1
1
1
1
1
1
1
1
1
1
1
1
1
1
1
1
1
1
1
1
1
1
1
1
1
1
1
1
1
1
1
1
0.970136244696792
1
1
1
1
1
1
1
1
1
1
0.978094443290513
1
1
0.902240752363795
1
1
0.885443574071633
0.929371474793175
1
0.875067462296857
1
1
0.824877859254037
1
0.964432092805177
0.799222791090196
0.880545820467306
1
1
1
1
1
1
1
0.813370502678522
1
1
1
1
1
1
1
1
1
1
1
1
1
1
1
1
1
1
1
1
1
1
1
1
1
1
1
0.960739080576092
1
1
1
1
1
1
1
1
1
1
1
1
1
1
1
1
1
1
1
0.965834413629939
1
1
1
1
0.865984442336172
0.885954209899489
1
1
1
1
1
1
1
1
1
1
0.965874747688223
1
1
1
0.998951323873312
1
1
1
1
1
1
1
1
1
1
1
1
1
1
1
1
1
1
0.963612423345919
0.982848955793121
1
1
1
0.997835239894762
1
1
1
1
1
1
1
1
1
1
1
0.890219898587358
0.972449424899688
1
1
1
0.992001369231284
1
1
1
1
1
1
1
1
1
1
1
1
1
1
1
1
1
1
0.960033141882013
1
1
1
0.994753264345221
1
1
1
1
1
1
1
1
1
1
1
0.963612423345919
1
1
0.901116895004518
1
1
1
1
1
0.851686404488119
1
0.738631431131546
1
1
1
1
1
1
1
1
1
1
1
1
1
1
1
1
1
0.978094443290513
1
1
1
1
1
0.970077536325475
1
1
1
1
0.773544229360505
1
1
1
1
1
1
1
1
1
1
1
1
1
0.944410262190401
1
1
1
1
1
1
1
1
0.935827966251376
1
1
1
1
1
1
1
1
1
1
1
1
1
0.953084982925276
1
1
1
1
1
1
1
1
1
1
1
1
1
0.928777193248493
1
1
1
0.982642618687877
1
1
1
1
1
1
1
1
1
1
1
1
1
1
1
0.493415091849003
1
1
1
1
1
1
0.995616735791032
1
1
1
1
1
1
1
1
1
1
1
1
1
1
1
1
1
1
1
1
1
1
1
1
0.869399196024445
1
1
1
1
1
1
0.926754480258174
1
1
1
1
1
1
1
0.929371474793175
1
1
1
1
1
1
1
1
1
0.826999576384687
1
1
1
1
1
1
1
1
1
1
1
1
1
1
1
0.990672639922926
1
0.938064213894113
0.957288228426213
1
1
1
1
1
1
1
1
1
0.947948349725398
1
1
1
1
0.832171219688826
1
1
1
1
1
1
1
1
1
1
1
1
1
1
0.900763380897321
1
0.998951323873312
1
1
1
1
0.990022865259162
1
0.962588398391814
1
1
1
1
1
1
1
1
1
1
1
0.949336691144843
1
1
0.968528901023828
0.871780009156735
0.967886227859381
1
0.922820697168297
1
1
0.737438504466143
1
0.900763380897321
1
1
1
0.408216079287069
1
1
0.922225564205717
1
0.992822684789488
1
1
1
0.949432895827342
1
1
0.911265254801948
1
1
1
1
0.667538527628883
1
1
0.990779343429037
1
1
1
1
1
1
1
1
1
1
0.918942358559664
1
1
1
1
0.856763712111338
1
1
1
0.991473387076666
1
1
1
0.917116960566151
1
0.989884174336182
1
1
1
0.395619743298935
1
0.934867158543615
0.768097222952299
0.986431445252492
0.963420163834201
1
1
1
1
1
1
1
1
1
1
0.911265254801948
1
0.958054765120693
1
1
1
1
1
1
1
0.832171219688826
0.753044701150305
0.942413747727863
1
1
0.905549907518349
1
1
1
0.984735856973649
1
0.935092041770451
1
1
1
0.837560778330092
1
1
1
1
1
1
1
0.932375859800367
1
1
1
1
1
1
1
1
0.922225564205717
1
1
1
1
1
1
1
0.763682310683236
0.868970132531039
1
1
0.987342611896581
1
1
1
0.608549914358692
1
1
1
1
1
1
1
1
1
1
0.998388647726454
1
0.989281978935786
0.880916077385788
1
1
1
0.995616735791032
1
1
1
1
1
1
1
1
1
1
1
1
1
1
1
1
0.936608983101302
1
1
1
0.846802287047257
1
1
0.993875487483871
1
1
1
1
1
1
1
1
1
0.994263664723559
1
0.990941323153596
1
1
1
0.957514895333228
1
1
1
1
1
1
1
0.988887036713347
1
0.71070456612997
0.700504482267684
0.973523301830151
1
1
1
1
1
1
1
1
0.845425024631671
1
1
1
1
1
1
1
1
1
1
1
1
1
1
1
1
1
1
1
1
1
1
0.643239887830246
1
0.906003993573448
0.974194625928337
1
1
1
1
1
1
1
0.949432895827342
1
1
1
1
1
1
1
1
1
1
1
0.983279446430637
1
1
1
1
1
1
1
1
1
1
1
1
1
1
1
1
0.970806851396908
1
1
1
1
1
1
1
1
1
1
0.944469587889051
1
1
0.993004475777237
0.960739080576092
1
1
1
1
1
0.885954209899489
1
0.892639251265541
0.951150982709974
1
1
0.774539008767918
0.947439269225856
1
1
1
1
1
1
1
1
1
1
1
1
1
1
1
1
1
1
0.996008429449689
1
0.994263664723559
1
1
0.960691573147712
1
1
1
1
0.990954440975674
1
1
1
1
1
1
1
1
1
1
1
1
1
1
1
1
1
0.799030857810691
1
1
1
1
1
0.989281978935786
1
1
0.906003993573448
1
0.944410262190401
1
1
1
1
1
1
1
1
1
1
1
1
1
1
1
1
1
1
1
1
0.947948349725398
1
1
1
1
0.947948349725398
0.991230226057973
1
0.912467533558801
1
1
1
1
0.890586802389771
1
1
1
1
1
0.903113841315378
1
0.916858812390925
1
1
1
1
1
1
1
1
1
1
1
1
1
1
1
1
1
1
1
1
1
1
1
1
1
1
1
1
1
1
0.680215162630352
1
0.977498480317053
0.987333867036991
1
1
1
1
1
0.990305788558199
0.883763656718353
1
1
1
1
1
1
1
0.887522073067347
1
1
0.966629777649626
0.896956902143023
1
0.947948349725398
1
1
1
1
0.943327417598876
1
1
1
1
1
1
1
1
1
1
1
1
0.974485151019586
1
0.849538324980544
1
0.961544139342542
1
0.886322618334626
1
1
1
0.924452289658312
0.995320716189686
1
1
1
1
1
1
1
1
1
0.970764035657188
1
1
1
1
1
1
1
1
1
1
0.974194625928337
1
1
1
1
1
1
1
1
1
1
1
1
1
1
1
0.96092324562259
1
1
0.994753264345221
1
1
1
1
1
0.901116895004518
1
1
1
1
1
1
1
1
1
1
1
1
0.986431445252492
1
0.990997102254704
1
1
1
1
1
0.980460616569139
1
0.970136244696792
1
1
1
1
1
1
0.892305774385066
0.73042077566039
0.98534972807008
1
1
1
1
1
1
1
1
1
1
1
1
1
1
1
1
1
0.648318590898809
0.988211482011121
0.601432622208243
1
1
1
1
1
1
1
1
1
1
1
1
1
1
1
1
1
1
1
1
1
1
1
0.857849280920906
1
1
1
1
1
1
1
1
0.640019032032428
1
1
1
1
1
1
1
1
1
1
1
1
1
1
0.843893366783729
1
1
1
1
1
1
1
1
1
1
1
1
1
1
1
1
1
1
1
1
1
1
1
1
1
1
1
1
1
1
1
1
1
1
1
0.920618050033752
1
1
1
1
1
1
1
1
1
0.990954440975674
1
1
1
1
1
1
0.927974382701904
1
1
1
1
1
1
0.964432092805177
1
1
0.960739080576092
0.914010786076098
1
1
1
1
1
0.916156360715593
1
1
1
1
1
1
1
1
1
1
1
1
1
1
1
1
1
1
0.962283465788089
1
1
1
1
1
1
1
1
1
1
0.928777193248493
1
0.883992176187328
1
0.847251815828593
1
1
1
1
1
1
1
1
1
1
1
1
1
1
1
1
1
1
1
0.890796583814989
1
1
1
1
0.985820425386171
1
1
1
1
1
1
1
1
0.954786085960382
1
1
1
0.924958960653665
1
0.929371474793175
0.986431445252492
1
1
1
0.927337714482333
1
0.766259201049097
0.894954988625636
0.977498480317053
1
0.951214771757893
0.780254220587915
0.441058991836287
1
1
0.992303157367963
1
1
0.627814971858207
1
0.995473875705656
1
0.924958960653665
1
1
1
1
1
1
0.990524107171551
1
1
1
1
1
1
1
1
1
0.890219898587358
0.925883769258721
1
1
1
1
1
1
1
1
1
1
0.868710783905366
1
1
1
1
1
1
0.964684830180533
1
0.844611924879994
1
1
1
1
1
0.6985471612607
0.984915287082474
1
1
1
1
1
1
1
1
1
0.959206801907636
0.965491181658473
1
1
0.761321472154918
1
1
1
1
1
1
1
1
1
1
1
0.790938746150822
1
1
1
1
0.501745248611372
0.944549407711235
1
1
1
1
1
1
1
1
0.892639251265541
0.882450424064525
1
1
1
1
0.724359041091867
1
0.854594316912891
1
1
0.991954516655355
1
1
1
1
0.923438711449688
1
1
1
0.936972390553627
1
1
1
1
1
1
1
1
0.976053480886855
0.731634341183037
1
1
1
1
1
1
1
0.984915287082474
1
1
0.884925907948566
1
0.872452503804348
1
0.93012186617972
1
1
0.934809856607556
1
1
1
1
1
0.821290655649602
1
1
0.965838495645032
1
1
1
1
1
1
0.804152234973314
0.938492215352165
1
1
1
1
0.879032368342217
1
1
1
1
1
1
0.933032031614803
1
1
1
1
1
1
1
0.882077462024429
1
1
1
1
1
1
1
1
1
0.758609359943334
1
1
1
1
1
1
1
1
0.807512687849279
1
1
1
1
1
1
1
1
0.834893016909791
0.962588398391814
0.866686986614847
1
1
0.987333867036991
1
1
1
0.150112342884109
1
1
0.979914880249426
1
1
1
1
1
1
1
0.989884174336182
1
1
1
1
1
1
1
0.957451090758957
1
1
0.994263664723559
0.933085442827309
1
1
1
1
1
1
1
1
0.855297777032565
0.870112553270275
1
1
1
1
1
1
1
1
1
1
1
1
1
1
1
1
0.968526997223771
1
1
1
0.991727846293464
1
1
1
1
1
1
1
1
1
1
1
1
1
1
1
1
1
0.986575161245883
1
1
1
1
1
1
1
1
0.965838495645032
1
0.990140709430792
1
0.958702130697661
1
0.98682514539021
1
0.957288228426213
1
1
0.986104262741539
1
0.894754052981987
1
1
0.838326163998737
1
1
1
1
1
1
1
1
1
1
1
1
1
0.951214771757893
1
1
1
1
1
0.61819283294191
1
1
1
1
1
0.969788358089265
1
0.78650242409344
1
1
1
1
1
1
0.892639251265541
1
1
1
1
1
1
1
1
1
1
1
1
1
1
0.89923585909137
1
0.422535181644276
1
1
1
1
1
1
0.896657108958853
1
1
0.926754480258174
0.737465252836612
1
1
1
1
1
1
1
1
1
1
1
1
1
1
1
1
0.951711711266137
1
0.901424796038127
0.686068148504917
0.912135308618584
1
1
1
1
1
1
1
1
1
1
0.965874747688223
0.720779356570148
1
1
1
1
1
1
1
1
1
1
1
1
1
1
1
1
1
0.94605715135019
1
1
1
1
1
1
1
1
1
1
1
1
1
1
1
1
1
1
0.965834413629939
1
1
1
1
1
0.993875487483871
1
1
1
1
1
1
1
1
0.964432092805177
1
1
1
1
1
1
1
1
1
1
1
1
1
0.432223539133092
1
0.990305788558199
1
1
0.799030857810691
0.900731013288328
0.990140709430792
1
1
1
1
1
1
1
1
1
0.909742078886379
1
1
0.812552995485011
1
1
1
0.986575161245883
1
1
1
1
1
0.949336691144843
1
1
1
1
1
1
1
1
1
1
0.982848955793121
1
0.962450129612424
1
1
1
1
1
1
1
1
1
1
1
1
1
1
0.942751975607403
1
0.928777193248493
1
1
1
1
0.931254476872038
1
1
1
1
1
1
1
1
1
1
0.987751054726341
1
1
1
1
1
1
1
0.991727846293464
1
0.551929117775184
0.247958418146253
0.928777193248493
1
1
1
1
0.845095393572661
1
0.994263664723559
1
0.859981284491883
1
1
1
1
1
1
0.836816673184941
1
1
1
0.976053480886855
1
1
1
1
1
1
1
0.965138709938283
1
1
1
1
0.966629777649626
1
1
1
1
1
1
1
1
1
1
1
0.873827414133024
1
1
1
0.994263664723559
1
1
1
1
1
1
1
0.933273144381911
0.88264188538599
1
1
1
0.990425981176766
1
1
1
0.993004475777237
1
1
0.146022578230885
1
1
1
1
1
1
1
0.964432092805177
1
1
1
1
1
1
1
1
1
1
1
1
1
1
0.780254220587915
1
1
0.996008429449689
1
1
0.94605715135019
1
1
1
1
1
1
1
1
0.970251076115521
1
1
1
1
1
1
1
1
1
1
1
1
1
1
0.973523301830151
1
1
1
1
1
0.936608983101302
1
1
0.954478401444696
1
1
1
1
1
1
1
1
1
1
1
0.978094443290513
1
1
1
1
1
0.995158940213554
1
1
1
1
1
1
1
1
0.842730582232661
1
1
0.995473875705656
0.901116895004518
1
1
1
1
1
1
1
1
1
1
1
1
1
1
1
1
1
0.952436098377705
1
1
1
1
1
1
1
1
0.88264188538599
0.911670458128664
1
0.870112553270275
1
1
1
1
1
0.928028351991522
1
0.612210788360558
1
1
1
1
1
0.973999388478513
1
1
0.957451090758957
1
0.834893016909791
1
1
1
1
0.770136562555817
0.960074193908921
1
0.961544139342542
0.958702130697661
0.51836030338126
1
0.868832363976934
1
1
1
1
1
0.991230226057973
0.989281978935786
1
1
0.959878234469948
0.984930025207828
1
0.951164228801348
1
1
1
1
1
1
1
1
0.813370502678522
0.949336691144843
1
0.98332922798925
1
1
0.890219898587358
1
1
1
0.438342982741525
0.990954440975674
1
1
1
1
1
1
1
1
1
1
0.950871704272234
1
1
0.943131584502539
1
0.98682514539021
0.94310546120215
1
1
1
1
1
1
1
1
1
1
1
1
1
1
1
1
1
1
1
1
1
0.932375859800367
1
1
1
1
0.913574150436336
1
1
1
1
1
1
1
1
0.844764370682068
1
1
1
1
1
0.892654089840023
1
1
1
1
1
1
1
0.961607345450933
1
1
1
1
1
1
1
0.870112553270275
1
1
0.947948349725398
1
0.988887036713347
0.988462071246361
1
1
1
1
1
1
1
1
1
1
1
1
1
1
0.938832487843244
1
1
1
1
0.983715072960303
1
1
1
1
1
1
1
1
0.970077536325475
0.960739080576092
1
0.886553085696479
1
1
1
1
0.354716598609084
0.990524107171551
1
1
1
1
1
1
1
1
1
0.876229821273652
0.974194625928337
1
1
1
1
1
1
0.994753264345221
1
1
1
1
1
1
1
1
1
1
1
1
0.957514895333228
0.995616735791032
1
1
1
1
1
0.863733474572506
1
1
1
1
1
1
0.990425981176766
1
1
1
1
1
1
1
1
1
1
1
1
1
1
1
1
0.994263664723559
1
1
1
1
1
1
0.910872501086037
1
1
1
1
1
1
1
1
0.963420163834201
1
0.956512665943993
1
1
1
1
0.729613070913855
1
1
1
1
1
1
1
1
1
1
0.892573157730382
1
0.934809856607556
1
1
1
0.944549407711235
1
1
1
1
1
1
1
1
0.929233810982569
1
1
0.497206054299475
1
1
1
1
1
1
0.996008429449689
1
1
0.911265254801948
1
1
1
1
1
1
1
1
0.594876201720422
1
1
1
1
1
1
1
1
0.984930025207828
1
1
1
0.966558133810081
0.993817637915743
1
1
1
0.956840049902011
0.938832487843244
1
1
0.98682514539021
1
0.907680445107954
1
1
1
1
1
1
1
1
1
1
1
1
1
1
0.979801458674062
0.726705751540683
1
0.987751054726341
1
1
0.993004475777237
1
1
1
1
1
1
1
1
1
1
0.940561751115429
0.976484052080054
1
1
1
1
1
1
1
1
0.918942358559664
1
1
0.961544139342542
1
1
1
1
0.978094443290513
1
1
1
1
1
1
1
1
1
0.827778724240961
1
1
1
1
1
0.976484052080054
1
1
1
0.633560863680044
1
1
1
1
1
1
1
1
0.908150232426582
1
0.952556826313519
1
0.906003993573448
1
1
1
1
1
1
1
1
1
1
0.970764035657188
1
0.858238880180584
1
0.883763656718353
1
1
1
0.983850037084521
1
1
0.551483204610204
1
1
0.913543845394447
0.885954209899489
1
1
1
1
1
1
1
1
1
0.927748095504462
1
0.957288228426213
1
0.924547559247533
1
1
1
1
1
1
1
1
0.97655730687576
0.887522073067347
1
0.970136244696792
1
1
1
1
0.953978409427129
1
1
1
1
0.917031559691447
1
1
1
1
1
0.953084982925276
1
1
0.989884174336182
1
1
1
1
1
0.198523375985195
1
1
1
1
1
1
1
1
0.958340506215926
1
1
1
1
1
1
0.970251076115521
1
1
1
1
1
1
1
1
1
1
0.9506112672687
1
1
1
1
0.876449914927779
0.994753264345221
1
1
1
1
0.959215956900685
1
0.573582485081642
1
1
1
1
0.988744915588429
1
1
1
1
1
1
1
1
1
1
1
1
1
1
1
1
1
0.98500982728203
1
1
1
1
1
1
1
1
1
1
1
1
1
1
1
1
0.961544139342542
1
1
1
1
1
1
0.931475079822752
1
1
0.898663825737885
0.867923679809084
1
1
1
1
0.996846187096694
0.982848955793121
1
1
1
0.965874747688223
1
0.955589167348149
1
1
0.990997102254704
1
1
1
1
1
1
1
0.985166671819243
1
1
1
1
1
1
1
1
0.979914880249426
1
1
0.890408645141486
0.985888030793035
1
0.969280179682203
1
1
0.928777193248493
0.82968867778797
1
1
1
1
1
1
1
1
1
1
1
1
1
1
1
1
1
1
1
0.964684830180533
0.643984747386155
1
1
1
1
1
1
0.988633069717651
1
1
1
1
1
1
0.965874747688223
1
0.990672639922926
1
1
0.897630074850295
0.998388647726454
1
1
1
1
1
1
0.966429511977864
1
1
0.642469810464359
1
1
1
1
1
1
1
1
0.484689789267557
1
0.928777193248493
1
1
1
1
1
0.997835239894762
1
1
1
0.993817637915743
1
0.964432092805177
1
1
0.975416927301156
0.922334755708037
0.728278117763658
0.934867158543615
0.988211482011121
0.827778724240961
1
1
0.89923585909137
1
1
1
1
1
0.988617820034196
1
1
1
1
1
1
0.824546671993644
1
0.959215956900685
1
1
1
0.8726741890376
0.986219850660781
1
0.967886227859381
1
1
0.98503547452228
0.819079718843608
1
0.885954209899489
1
1
1
1
1
1
1
1
1
1
1
1
1
1
1
0.991954516655355
0.537898680480296
1
1
1
1
1
1
1
1
0.892573157730382
1
1
1
0.990941323153596
0.918942358559664
1
1
1
0.965834413629939
1
1
1
1
1
1
1
0.588967376921067
1
1
1
0.876096380298954
1
1
1
1
1
1
0.966558133810081
1
1
1
1
1
1
1
1
1
1
0.868832363976934
1
1
1
1
1
1
1
1
0.963478377438343
1
1
1
1
1
1
1
1
1
1
1
1
1
1
1
0.926754480258174
1
0.976484052080054
1
1
0.894300712935135
1
1
1
1
1
0.855924862047163
1
1
0.995158940213554
1
0.843271849634736
1
0.887282783161174
1
0.995158940213554
1
1
1
1
1
0.963420163834201
0.991230226057973
0.868970132531039
1
0.896657108958853
1
1
1
1
0.979914880249426
1
1
1
0.960739080576092
1
1
0.928777193248493
1
1
1
1
0.991473387076666
1
0.896956902143023
1
1
1
0.968526997223771
0.970136244696792
1
1
1
0.892639251265541
1
1
1
1
1
1
1
0.992171677928409
1
1
1
1
1
1
0.975416927301156
1
1
0.879287318070187
1
0.918942358559664
0.963612423345919
1
1
0.972449424899688
1
0.953301042993758
0.952076938915294
1
1
1
0.937821858776295
1
1
1
1
1
1
1
0.244737575031121
1
0.925754560659337
0.344950414377963
1
1
1
1
1
0.928845564084196
1
1
1
0.888999909191999
1
1
0.976484052080054
1
1
1
1
1
1
1
0.888245735020614
1
1
1
1
1
0.906003993573448
1
1
1
1
1
1
0.917760721952099
1
1
1
0.974194625928337
1
1
1
1
1
0.880545820467306
0.993875487483871
1
1
1
1
1
0.996008429449689
0.970251076115521
0.803032821346307
1
1
1
0.983850037084521
1
1
0.476050964237466
1
1
1
1
1
1
1
1
1
1
1
0.918001785043198
1
1
1
1
1
1
1
1
1
1
0.884010024395788
1
1
1
1
1
1
1
1
1
1
1
1
1
1
1
1
1
1
1
1
1
0.98682514539021
0.962588398391814
1
1
1
1
1
1
1
1
1
1
1
0.910264090916832
1
1
1
1
1
1
1
1
1
0.990305788558199
1
0.956840049902011
0.992822684789488
1
1
1
1
1
1
1
1
1
1
1
1
1
0.94605715135019
1
1
1
1
0.938238617713159
1
1
1
0.96092324562259
1
1
1
1
1
1
1
1
1
1
1
1
1
1
0.980460616569139
1
1
1
1
0.924958960653665
1
1
1
1
1
1
1
1
1
1
1
1
1
0.866361585011576
1
0.940674458074915
1
1
1
1
1
1
1
1
1
1
1
1
1
1
0.951164228801348
1
1
1
1
0.972449424899688
1
1
0.993875487483871
1
1
1
1
1
1
1
1
1
1
0.991205842234282
0.912010717854096
1
1
1
1
1
1
1
1
1
1
1
0.993817637915743
1
1
1
1
1
1
1
1
0.738309817030547
1
1
1
1
1
1
1
0.882090542152892
1
0.936972390553627
1
1
0.972934889672802
1
1
1
0.926030831174768
0.955589167348149
0.460257106877394
1
1
1
1
1
1
1
0.896956902143023
1
1
1
1
1
1
1
1
1
1
1
1
1
1
0.963420163834201
1
1
1
1
1
1
1
1
1
1
1
1
1
1
1
1
1
0.900669023544189
1
0.901424796038127
1
1
1
1
1
0.929371474793175
1
0.863733474572506
1
1
0.932375859800367
0.970251076115521
1
1
1
0.988633069717651
1
1
1
1
1
1
1
1
1
1
1
1
1
1
1
1
1
0.862041392671489
1
1
1
1
1
1
1
1
1
1
1
1
1
1
1
0.820894465805408
1
1
0.442835078200657
1
1
1
1
1
1
1
1
0.346220894159771
1
1
1
1
0.96092324562259
1
0.936608983101302
1
1
1
0.914578328732548
1
1
1
0.832934772436886
1
1
0.938492215352165
1
1
1
1
1
0.994263664723559
1
1
0.954478401444696
0.866036339008342
1
0.894954988625636
0.993398784536534
1
1
1
1
1
1
1
1
1
1
1
1
1
1
1
1
1
1
1
0.970251076115521
1
1
1
1
1
1
1
1
1
1
0.925354323755845
1
1
1
1
0.985888030793035
1
1
1
1
1
1
1
1
1
1
1
1
1
1
0.98682514539021
0.997835239894762
1
1
1
1
1
1
1
1
1
0.849446427637924
1
1
1
1
1
1
0.924219714002819
1
1
1
1
1
1
0.82112391122067
1
1
1
1
1
1
1
1
0.960033141882013
1
1
1
1
1
1
1
1
1
1
1
1
0.944410262190401
1
0.990524107171551
1
1
0.932163280651379
1
1
1
1
0.989281978935786
1
0.962450129612424
0.972934889672802
1
1
1
0.966429511977864
1
1
1
0.951164228801348
1
1
0.995320716189686
1
0.976484052080054
1
0.933032031614803
1
1
1
1
1
1
1
1
1
1
0.900669023544189
1
1
0.682134095521835
1
1
1
1
1
1
1
1
1
1
1
1
1
1
1
1
1
1
1
1
1
1
1
1
1
1
1
1
1
1
1
1
1
1
1
0.87849829319032
1
1
1
1
1
1
1
1
1
1
1
1
1
1
1
1
1
1
1
1
1
1
1
1
0.953978409427129
1
1
1
0.944410262190401
1
1
0.842730582232661
1
1
0.982642618687877
1
1
1
1
1
1
1
1
1
1
1
1
1
0.988744915588429
0.983007488652446
1
1
1
1
1
1
1
1
1
1
1
1
1
1
1
1
1
1
1
0.993875487483871
1
0.985820425386171
0.940517120179271
1
1
1
1
0.900669023544189
1
1
1
1
1
1
1
1
1
1
0.894633599238531
1
1
1
1
0.924219714002819
1
1
0.994753264345221
1
1
1
1
0.918001785043198
1
1
1
1
0.922820697168297
1
0.868798282431393
1
1
1
1
1
0.98503547452228
1
1
1
1
1
1
1
1
1
1
1
1
0.936972390553627
1
1
1
1
1
1
1
1
1
1
1
1
1
1
0.997835239894762
1
0.993817637915743
1
1
1
1
1
1
1
1
0.98332922798925
1
1
1
1
1
1
1
1
1
1
0.910872501086037
1
1
0.995616735791032
1
1
1
1
1
1
1
1
1
1
1
1
1
1
1
0.713542559716501
1
1
1
1
1
1
1
1
1
1
0.994263664723559
1
1
1
1
1
1
1
1
1
1
1
1
1
1
0.882090542152892
1
1
1
1
1
1
1
1
1
0.926030831174768
1
1
1
1
1
1
1
1
1
1
1
1
1
1
1
1
1
1
1
1
1
1
1
1
1
1
0.911265254801948
0.824020059907305
1
1
1
1
0.875514430534191
1
1
1
1
1
0.881978735801327
1
1
1
1
1
0.850326343835433
1
1
1
1
1
1
1
1
1
1
1
1
1
1
1
1
1
1
1
1
1
1
1
1
0.961544139342542
1
1
1
1
1
0.882709503120211
1
1
0.601834439612009
1
1
1
1
1
1
1
0.918433547856341
1
1
1
1
1
1
1
1
0.933385102430304
0.998951323873312
1
1
1
1
1
1
1
1
1
1
1
1
1
1
1
1
1
1
1
1
1
1
1
1
1
1
1
1
1
1
1
1
0.988211482011121
0.827778724240961
1
1
1
1
1
0.942413747727863
1
1
1
1
1
1
1
0.824445237082298
1
1
1
1
0.937821858776295
1
1
1
1
1
0.726705751540683
0.989884174336182
1
1
1
1
1
1
1
1
1
1
1
1
1
1
1
1
1
1
1
1
1
0.852000030634668
1
1
1
1
1
0.955024904022305
1
1
1
1
1
1
1
1
0.709984043882029
1
1
1
1
1
1
1
0.995158940213554
1
1
1
1
1
1
1
1
1
1
1
1
1
1
1
1
1
1
1
1
1
1
1
1
1
0.650216280366724
1
0.797571423099998
1
1
1
1
1
1
1
0.79425092569688
1
1
1
0.938492215352165
0.926754480258174
1
1
1
1
1
1
1
1
1
1
1
1
1
1
1
0.963420163834201
1
1
1
1
1
1
1
1
1
1
1
1
1
1
0.775662230537275
0.933273144381911
1
1
1
0.970806851396908
1
1
1
1
1
0.912010717854096
1
1
1
1
1
0.986575161245883
1
1
0.771254592891726
0.842730582232661
1
0.900731013288328
1
1
1
1
1
0.886553085696479
1
1
1
1
1
1
1
0.938064213894113
1
1
1
1
1
1
0.976748769244067
1
1
0.753928885604969
1
1
1
1
0.990219637316782
1
1
1
1
1
1
1
1
1
1
1
1
1
1
1
1
1
1
0.987751054726341
1
0.98682514539021
1
1
1
1
1
1
1
1
0.947948349725398
1
1
1
0.97655730687576
0.905549907518349
1
0.919445191608926
1
0.93004428149282
0.666262048695672
1
1
1
1
1
0.969280179682203
1
0.960074193908921
1
1
0.735215314417666
1
0.960678697479271
1
1
1
1
1
0.959204725149786
1
1
1
1
1
1
1
1
1
1
1
1
0.963420163834201
1
1
1
1
1
1
0.907509150811003
1
1
0.856763712111338
1
1
1
1
1
1
1
1
0.898663825737885
1
1
1
1
1
1
1
1
1
1
1
1
0.978094443290513
1
1
1
1
1
1
1
0.965138709938283
1
1
1
1
1
1
1
1
1
1
0.996675524609395
1
1
1
1
0.784853976031491
1
1
1
1
1
1
1
1
1
0.931475079822752
1
1
1
1
0.995158940213554
1
0.969094972306128
1
1
0.905549907518349
1
1
1
1
1
1
1
1
1
1
1
0.947439269225856
0.961607345450933
1
1
1
1
1
1
1
1
1
1
1
1
1
1
1
0.438342982741525
1
1
1
1
1
0.984915287082474
1
1
1
1
1
1
1
1
1
1
1
1
0.82423216316619
1
1
1
1
1
1
1
1
0.726705751540683
1
0.986945855406036
1
1
1
1
1
1
1
1
1
1
0.887818798480675
1
0.59747439622592
1
1
1
1
0.887522073067347
1
1
1
0.993398784536534
1
1
1
1
1
1
1
1
1
1
1
0.965491181658473
1
1
0.970251076115521
1
1
0.71070456612997
0.988722367093611
1
1
1
1
1
1
1
0.900669023544189
1
1
0.839875237658655
1
1
1
1
0.897630074850295
1
1
1
1
1
1
1
0.973999388478513
1
0.991727846293464
0.993251138699532
1
1
0.888245735020614
1
1
1
0.989298161800484
1
1
1
1
1
0.924219714002819
1
0.993398784536534
1
0.950871704272234
1
1
1
0.958054765120693
1
0.993817637915743
1
1
1
1
1
1
0.992303157367963
1
1
1
1
0.901116895004518
1
1
1
0.987751054726341
1
1
1
1
1
1
1
1
0.873827414133024
1
1
1
1
0.836105217186927
0.627867432136959
0.989065841551901
1
1
1
1
1
0.965838495645032
1
1
1
1
1
1
1
1
1
1
0.965138709938283
1
1
0.91771932382799
1
1
0.920618050033752
1
0.972449424899688
1
1
1
1
1
1
1
1
1
1
0.933273144381911
1
1
1
1
1
1
1
0.812874392190544
1
0.927748095504462
1
1
1
1
0.836345825647094
1
0.953978409427129
1
1
1
1
1
1
1
0.993398784536534
1
1
1
1
1
1
1
1
0.936608983101302
0.922820697168297
1
1
0.944410262190401
0.926754480258174
1
1
1
1
1
1
1
0.522707894860918
0.975416927301156
0.970077536325475
1
1
1
1
1
0.98682514539021
0.967886227859381
1
1
1
1
1
1
1
1
0.970077536325475
1
1
1
1
1
1
1
0.8729674575015
1
1
1
1
1
0.996008429449689
0.973036474335871
1
1
1
1
1
1
1
1
0.896956902143023
0.784392908372064
1
1
0.945231843144486
0.973999388478513
0.984930025207828
1
1
1
1
1
1
1
1
1
1
1
0.933032031614803
0.826999576384687
1
1
1
1
1
1
1
1
1
1
1
1
1
1
1
1
1
1
1
1
1
1
1
1
1
1
1
1
1
0.648483938897101
1
0.991205842234282
1
1
1
1
1
1
1
1
1
1
1
1
1
1
1
1
1
1
1
1
1
1
1
0.98682514539021
1
0.863793851017232
1
1
1
1
1
1
1
1
1
0.243782454317756
1
1
0.836105217186927
1
1
1
1
1
1
1
1
1
1
1
1
1
1
1
1
1
0.957451090758957
1
1
1
1
1
1
1
0.990524107171551
0.671186949656943
1
1
1
1
1
1
1
1
1
1
0.986104262741539
1
1
1
1
1
1
1
1
1
1
0.996675524609395
1
1
1
0.687655750293873
1
1
1
1
1
1
1
1
1
0.918463752541355
1
1
1
0.981365398758892
1
1
1
1
1
1
1
1
1
0.300234008668625
1
1
1
1
0.773279376679111
1
1
0.848670126757799
1
1
1
0.98682514539021
1
1
1
0.995320716189686
1
1
0.737465252836612
1
1
1
1
1
1
1
1
1
1
1
1
1
1
1
0.956512665943993
1
1
1
1
1
1
1
0.960033141882013
1
1
1
1
1
1
1
1
1
1
1
1
1
1
1
0.967886227859381
1
0.951214771757893
1
1
1
0.888245735020614
1
1
1
1
0.993251138699532
1
1
1
1
1
1
1
1
1
1
1
1
1
1
1
1
1
0.941758061537516
1
1
1
1
1
1
1
0.956840049902011
1
0.985593203344137
1
0.954786085960382
1
0.96092324562259
1
1
0.72274018428088
1
1
1
1
0.851025309328389
1
1
1
1
1
1
1
1
1
0.913574150436336
1
1
1
1
0.990140709430792
1
0.897630074850295
1
0.982225807657634
0.969094972306128
1
1
1
1
1
1
0.975416927301156
1
1
1
1
0.881446173395881
1
0.860453139513259
1
0.965138709938283
1
1
0.970077536325475
1
1
1
1
1
1
1
1
1
1
1
1
1
1
0.870112553270275
1
0.992637914826452
1
1
1
1
1
1
1
1
1
1
1
1
1
1
1
1
0.992303157367963
1
0.98682514539021
1
0.965491181658473
1
1
1
1
1
1
1
1
1
1
1
0.989569541877128
1
0.861558079586436
1
1
1
1
1
1
1
1
0.974194625928337
1
1
0.968526997223771
1
0.990941323153596
1
1
0.982434427355786
1
0.951233751378196
1
1
1
1
1
1
1
0.864447681872006
1
0.965874747688223
1
1
1
1
1
1
0.989298161800484
0.875722898366439
1
1
1
0.690735263924799
1
0.993817637915743
1
1
1
1
1
1
1
1
1
1
0.900669023544189
1
1
1
1
1
1
1
1
0.97655730687576
1
1
0.928862720841199
1
1
1
1
1
1
1
1
1
1
0.924864474824642
1
1
1
1
0.905730648296296
1
1
1
0.960678697479271
1
0.648318590898809
1
1
1
0.979801458674062
1
1
1
1
1
0.993251138699532
1
1
1
1
1
0.937636017317676
1
1
0.934867158543615
1
1
1
1
1
1
1
1
0.956512665943993
1
1
1
1
1
1
1
1
1
1
1
1
1
1
0.861558079586436
0.328432973266047
0.910872501086037
1
1
0.996846187096694
0.997835239894762
1
1
1
0.961607345450933
1
1
1
1
1
1
1
1
1
0.799115941307659
1
1
1
1
0.982598105491052
1
1
1
1
1
1
0.934867158543615
1
1
1
1
1
1
1
1
1
1
1
1
1
1
1
0.968526997223771
1
1
1
1
1
0.960739080576092
0.958009284189803
1
0.694395888022526
1
1
1
1
1
1
1
1
1
0.820894465805408
1
1
1
1
1
1
1
1
0.894722384133646
1
1
1
1
1
1
1
0.72476556372638
1
1
1
1
1
1
1
1
1
1
1
1
0.982848955793121
1
0.808985013352706
1
0.926030831174768
0.896657108958853
1
1
1
0.94845755833734
1
1
1
1
1
1
1
1
1
1
0.942751975607403
1
1
1
1
1
1
1
0.928777193248493
1
1
1
1
1
1
1
1
1
1
1
1
0.991727846293464
1
1
1
0.982791359489665
1
1
1
1
0.871706730457657
0.903057902793358
0.972449424899688
1
1
1
1
1
1
1
0.970251076115521
1
1
1
1
1
0.990954440975674
1
1
1
1
1
1
0.846802287047257
1
1
1
1
0.970251076115521
1
0.852072864526896
1
1
1
0.847060889469331
0.956512665943993
1
0.854594316912891
1
1
1
1
1
1
1
1
1
0.964432092805177
1
1
1
1
1
1
1
1
1
1
1
0.928777193248493
1
1
1
1
1
1
1
1
0.838326163998737
1
1
1
0.940558791292698
1
1
1
1
1
0.986945855406036
1
1
1
1
1
1
1
1
0.268934710062935
1
0.94310546120215
1
1
1
0.951794995443124
1
1
1
1
1
0.577434553706271
1
1
1
1
0.986431445252492
1
1
1
1
0.973999388478513
1
1
0.890796583814989
1
0.990219637316782
1
1
1
1
1
1
0.983632870187143
1
0.998951323873312
1
1
1
1
1
0.985820425386171
1
1
1
1
1
1
0.868798282431393
1
1
1
1
1
1
1
1
1
1
1
0.901116895004518
1
1
1
0.755176640817294
1
0.92253535812085
1
1
1
1
1
1
1
1
1
0.925354323755845
1
0.992303157367963
1
1
1
1
1
1
1
1
1
1
1
1
1
1
1
1
1
1
0.993398784536534
0.890796583814989
1
1
1
1
0.774892182806201
0.877499328286017
1
1
0.917497247854615
1
0.934809856607556
1
1
1
1
1
1
1
0.845289529752884
1
1
1
1
1
1
1
1
1
1
0.953675622342193
1
1
0.937814119128497
1
0.913543845394447
1
0.859995530585436
1
0.917116960566151
1
0.962450129612424
1
0.938238617713159
1
1
1
1
1
1
0.995320716189686
1
0.877031321745919
1
1
1
1
1
1
1
1
1
1
1
1
1
1
1
1
1
1
1
0.988722367093611
1
1
1
1
1
1
1
1
1
0.998951323873312
1
1
1
1
1
1
1
1
1
1
0.94310546120215
1
1
1
1
1
1
1
0.997835239894762
1
1
1
1
0.986575161245883
0.98332922798925
1
1
1
1
1
1
1
1
1
1
0.650216280366724
1
1
1
1
1
1
1
1
1
1
1
0.875197047930381
1
1
1
1
1
1
1
1
1
1
1
1
0.933032031614803
1
1
1
1
1
1
0.959215956900685
1
0.8726741890376
1
1
1
1
1
1
1
1
1
0.976748769244067
1
1
1
1
1
1
1
1
1
1
1
1
1
1
1
0.933032031614803
1
1
1
0.917031559691447
1
1
1
1
0.955614706388869
1
1
1
1
0.990954440975674
1
1
1
1
1
0.871706730457657
1
1
1
1
1
1
1
1
1
1
1
1
1
1
1
0.996675524609395
1
1
1
1
1
1
1
1
1
1
1
1
1
1
1
1
1
1
1
1
1
1
0.967886227859381
1
1
1
1
1
1
1
0.99058582253777
1
1
1
1
1
1
1
1
1
1
0.976484052080054
1
1
0.868832363976934
1
1
1
1
1
1
1
1
1
1
0.813370502678522
1
0.988439071104834
1
1
1
0.96092324562259
0.970077536325475
1
1
1
0.846749916385191
1
0.979914880249426
1
1
1
1
1
1
1
0.990305788558199
1
1
1
1
1
1
1
0.563844629378704
1
1
1
1
0.845425024631671
1
1
1
1
1
0.827795350783424
1
1
1
1
1
1
1
1
1
1
1
1
1
1
1
1
1
1
1
1
1
1
1
1
1
1
1
1
1
1
0.992001369231284
1
1
0.988633069717651
1
1
1
1
0.998388647726454
0.98682514539021
1
1
1
1
0.701250109267877
1
1
0.97655730687576
1
0.873827414133024
1
1
1
1
1
0.953675622342193
1
0.686002925706866
1
1
0.754380268050422
1
1
1
1
1
1
1
1
1
0.968528901023828
0.959215956900685
1
1
1
1
0.8726741890376
1
1
1
1
1
1
1
1
1
1
0.922334755708037
1
1
0.975416927301156
1
0.922820697168297
1
1
1
1
1
1
1
1
1
1
1
1
0.940517120179271
1
1
1
1
1
1
1
1
1
1
0.804152234973314
0.995616735791032
1
0.965491181658473
1
1
0.918433547856341
1
1
1
1
1
1
1
1
0.989569541877128
0.959574270416079
1
1
0.93004428149282
0.965491181658473
1
0.807512687849279
1
1
1
1
1
1
0.98682514539021
1
1
1
1
1
1
1
0.885443574071633
1
1
1
1
0.968930668897553
0.791440645260417
1
0.993004475777237
1
1
1
1
1
1
1
1
1
0.947636733020032
1
1
1
1
1
0.892639251265541
1
0.929371474793175
1
1
1
1
1
1
0.900731013288328
0.931475079822752
1
1
1
1
0.835169076990034
1
1
1
1
1
1
1
1
1
1
1
1
1
0.933273144381911
0.996675524609395
1
0.959574270416079
1
1
1
0.866686986614847
1
1
1
1
1
1
1
1
1
1
1
1
1
0.961607345450933
0.888779276631314
1
0.939574431666788
0.916156360715593
1
1
1
0.990941323153596
1
1
1
1
1
1
1
1
1
1
1
1
1
1
0.983632870187143
1
1
0.817495461249664
1
1
1
1
1
1
0.916858812390925
1
1
1
1
0.936972390553627
1
0.887522073067347
1
0.619412664258348
1
0.980460616569139
1
1
1
1
1
1
1
1
0.996675524609395
1
1
0.957288228426213
1
1
0.97655730687576
0.809498720344487
1
1
1
1
1
1
1
1
1
1
1
1
1
1
1
1
1
1
1
1
1
1
1
1
1
1
1
1
1
1
0.922820697168297
0.61418913436187
1
1
1
1
0.537898680480296
1
1
1
1
1
1
1
0.858238880180584
1
1
1
1
1
1
1
1
0.996008429449689
1
1
1
1
1
1
1
1
1
1
1
0.975416927301156
1
1
1
1
1
1
1
1
0.954786085960382
1
1
1
1
1
1
1
1
1
1
1
1
1
1
1
1
1
1
1
1
0.932163280651379
1
1
1
1
1
1
0.901424796038127
1
1
1
1
0.848538274600905
1
1
1
1
1
1
1
1
1
1
1
1
0.890586802389771
0.946196420632016
1
1
0.900365338687336
1
0.861285222691018
1
1
1
1
1
1
1
1
1
1
1
1
1
0.966629777649626
1
1
1
1
1
1
1
1
1
1
1
1
1
1
0.906324058229416
0.968526997223771
1
0.392221475075128
1
1
1
1
1
1
1
1
1
1
1
1
1
1
1
1
1
1
0.995158940213554
1
1
1
1
0.988722367093611
0.967886227859381
1
1
1
1
1
1
1
1
1
1
1
1
1
1
1
1
1
0.965491181658473
0.8267979005787
1
1
1
0.985166671819243
1
0.993004475777237
1
1
1
1
1
1
1
1
1
1
1
1
0.44630428552058
1
1
1
1
1
0.978094443290513
1
1
1
1
1
1
1
1
1
1
0.958340506215926
1
1
0.924547559247533
1
1
0.956840049902011
1
1
1
1
0.995158940213554
1
1
1
1
0.909742078886379
1
1
0.604832247582351
1
1
1
0.98682514539021
0.657291485292858
1
1
1
1
1
1
1
0.785179768078362
0.892639251265541
0.936972390553627
0.913799999411831
0.977498480317053
1
1
1
1
1
0.953084982925276
1
1
1
1
1
1
1
1
1
1
1
1
1
1
1
1
1
1
1
1
1
1
1
1
0.964432092805177
1
1
1
1
1
1
1
1
1
0.924958960653665
1
0.953978409427129
1
1
0.612945590623763
1
1
1
0.944410262190401
1
1
0.963612423345919
1
1
1
1
1
1
1
0.967886227859381
1
1
1
1
1
0.980460616569139
1
1
1
1
1
1
0.860037938272152
1
1
0.965138709938283
1
1
1
1
1
0.938492215352165
1
1
1
1
0.94395054545602
1
1
1
1
1
1
1
1
1
1
1
1
1
1
1
1
0.990997102254704
1
0.905549907518349
1
1
0.968526997223771
1
1
1
1
0.993398784536534
1
1
1
0.929371474793175
1
1
1
1
1
0.956840049902011
1
0.961544139342542
1
0.972449424899688
1
1
0.821290655649602
1
1
1
1
1
1
1
1
1
1
1
1
0.87639589324077
0.988211482011121
1
1
1
1
1
0.949336691144843
1
1
1
1
1
1
1
0.901116895004518
1
1
0.934867158543615
1
1
1
1
1
0.988211482011121
1
1
1
0.916858812390925
1
1
0.70847920682446
1
0.940674458074915
0.970077536325475
1
1
1
0.991473387076666
1
1
1
1
1
1
0.888245735020614
1
1
1
1
0.970764035657188
1
0.927974382701904
1
1
1
1
1
0.982791359489665
0.991473387076666
1
1
1
0.790477083056359
1
1
1
1
1
1
1
1
1
1
1
1
0.969280179682203
0.940558791292698
1
1
1
1
1
1
0.961544139342542
1
0.986219850660781
1
0.763682310683236
1
1
1
1
1
1
1
1
1
1
0.879135916389914
0.816044394729668
1
1
0.998388647726454
1
1
0.935092041770451
1
1
1
1
1
1
1
0.982505566852091
1
1
1
1
1
1
0.963612423345919
1
1
1
1
1
0.917116960566151
1
1
0.998951323873312
1
0.988887036713347
0.962588398391814
1
1
1
1
0.915510977346532
1
1
1
1
1
0.835169076990034
1
0.88862351577911
1
1
1
1
1
1
1
0.745844854163574
1
1
1
1
0.933385102430304
1
1
1
1
1
1
1
0.868970132531039
1
1
1
1
1
1
1
1
1
1
1
1
1
0.953084982925276
1
1
1
1
0.918433547856341
1
1
1
1
0.913543845394447
1
1
1
0.520537615964035
1
1
0.732365753633368
1
1
1
1
1
0.847873873958786
0.942751975607403
1
1
1
1
1
0.924958960653665
1
0.943131584502539
1
1
1
1
1
0.990954440975674
1
1
1
1
1
1
1
1
1
0.991727846293464
1
1
1
1
1
1
1
0.928777193248493
1
1
1
1
1
0.966429511977864
1
1
1
1
0.926754480258174
1
1
1
1
1
1
0.935827966251376
1
1
1
1
1
1
0.993251138699532
0.857849280920906
1
1
1
0.877499328286017
1
0.896657108958853
1
1
1
1
1
1
1
0.882077462024429
1
1
0.776029004639652
1
1
0.944410262190401
0.860037938272152
1
0.8273891644075
1
0.992001369231284
1
1
0.900365338687336
1
1
0.990425981176766
1
1
0.995320716189686
1
1
1
1
1
1
1
1
0.928028351991522
1
0.997835239894762
1
0.903057902793358
1
0.888999909191999
1
1
1
0.990022865259162
1
1
0.932628289948853
1
1
1
0.951151477602292
1
1
1
0.949432895827342
0.964684830180533
1
1
1
1
1
1
1
1
0.992303157367963
1
0.819162635387081
1
1
1
0.989884174336182
0.977498480317053
0.992171677928409
1
1
1
0.958340506215926
1
1
1
1
1
0.739379816605695
1
1
1
1
1
1
0.604294233467304
1
1
1
1
0.949432895827342
1
1
1
1
1
1
0.846240681519728
1
1
1
1
0.990305788558199
1
1
0.898185757980033
1
1
1
1
1
1
1
1
1
1
1
0.851044316221886
0.982848955793121
1
1
1
1
1
0.900669023544189
1
1
1
1
1
1
1
0.994753264345221
1
1
1
1
1
1
0.965138709938283
1
1
1
1
1
1
1
1
1
1
1
1
1
0.719502459233204
0.951214771757893
1
1
0.990779343429037
1
0.952438524092675
0.979801458674062
1
1
0.977498480317053
0.960033141882013
1
1
1
1
1
0.962283465788089
1
1
1
1
1
1
1
1
0.916858812390925
0.49647746327608
0.951214771757893
1
1
1
1
0.910872501086037
1
1
1
0.852072864526896
1
1
1
0.990219637316782
0.991954516655355
1
1
1
1
1
1
1
0.92411854713506
1
1
1
1
1
1
0.364918034467395
1
1
1
0.653763393557492
1
1
1
1
1
1
1
1
0.785179768078362
0.945231843144486
1
1
1
1
1
1
1
1
1
1
1
1
1
0.93004428149282
1
1
1
1
1
1
1
1
1
1
1
1
1
1
1
1
1
1
1
1
1
1
1
1
1
0.949432895827342
0.995320716189686
1
1
1
0.73042077566039
1
1
1
1
1
1
1
1
1
1
0.856763712111338
1
1
0.953301042993758
1
0.926956228228618
1
1
1
1
1
1
0.988211482011121
1
1
1
1
1
0.910082283499154
1
1
1
1
1
1
1
1
0.835685116042829
1
1
1
1
1
1
1
1
0.974164990711745
1
1
1
1
1
1
1
0.991205842234282
1
1
1
0.890408645141486
1
1
1
1
1
1
1
1
0.959574270416079
1
0.895673679576419
1
1
0.938064213894113
1
1
1
1
0.957288228426213
1
1
1
1
0.801530298984995
1
0.996675524609395
1
0.994263664723559
1
1
0.924547559247533
1
1
0.905549907518349
1
1
1
1
1
1
1
1
0.995320716189686
1
1
1
1
1
1
1
1
0.690735263924799
1
1
1
1
1
1
0.998388647726454
1
1
1
0.98332922798925
1
1
1
1
1
1
0.954786085960382
0.941758061537516
1
1
1
1
1
1
1
1
1
1
0.924547559247533
1
0.887818798480675
1
0.992001369231284
0.933085442827309
1
1
1
1
1
1
1
1
1
0.988633069717651
1
1
0.951164228801348
0.884925907948566
0.871188357767283
1
0.642595683393564
1
0.996008429449689
1
1
1
1
1
1
1
1
1
1
0.990954440975674
0.965838495645032
1
1
0.904597087985273
1
0.743617621511559
1
1
0.927029064725224
1
1
1
1
1
1
1
0.990219637316782
0.970764035657188
1
1
1
1
1
1
1
1
1
1
1
0.979914880249426
1
0.992171677928409
1
1
1
1
1
1
0.512561867902666
0.963420163834201
1
1
0.876096380298954
1
1
1
0.807512687849279
1
1
1
1
0.875468375500305
1
0.892942157475276
1
0.990954440975674
1
1
1
1
1
1
1
1
1
1
1
1
1
0.940517120179271
1
1
1
1
1
0.969094972306128
1
1
1
0.774892182806201
0.901424796038127
1
1
1
1
1
1
1
1
1
1
1
1
1
1
1
1
1
1
1
1
1
1
1
1
1
1
1
1
1
1
0.970136244696792
1
1
1
1
1
1
1
1
1
1
1
1
1
1
0.821043173163692
1
1
1
1
1
1
1
1
1
1
1
1
1
1
1
1
1
1
1
0.849329820118706
1
1
0.927029064725224
1
1
1
1
1
1
1
1
1
1
1
1
1
1
1
1
1
1
1
1
0.938064213894113
1
1
1
1
1
1
1
0.908150232426582
1
1
1
1
1
1
1
1
1
1
1
1
1
1
1
1
1
0.865096717826299
1
1
1
0.934809856607556
0.487954765226067
1
1
1
1
1
1
1
1
1
1
1
1
1
1
1
1
1
1
1
1
1
0.88264188538599
1
1
1
1
1
1
1
0.861550008114947
1
1
1
1
0.943327417598876
1
1
1
1
0.950871704272234
1
1
1
0.817495461249664
0.974485151019586
0.918433547856341
1
1
1
1
1
1
1
1
1
1
1
1
1
1
0.955264891336062
1
1
1
1
1
1
1
1
0.820894465805408
1
0.911670458128664
1
1
1
1
1
1
1
1
1
1
1
1
0.778769621305088
1
1
1
1
1
1
1
0.998951323873312
1
1
0.866363544382793
1
1
0.970077536325475
1
0.987751054726341
1
1
1
1
1
1
0.938492215352165
1
0.951150982709974
1
1
0.920531638223893
1
1
0.925354323755845
1
1
0.989281978935786
1
1
1
0.993398784536534
1
1
1
0.984440861945427
1
1
1
1
1
1
1
1
1
1
1
0.871188357767283
1
1
1
1
0.957288228426213
1
1
1
1
1
0.985888030793035
1
1
1
1
1
1
1
1
1
1
1
0.94310546120215
1
1
1
1
1
1
1
0.960678697479271
1
0.955024904022305
1
1
1
1
1
1
1
1
1
1
0.86627211481738
1
1
1
1
1
1
1
1
1
1
1
1
1
1
1
1
1
1
1
1
1
1
1
1
1
1
1
1
1
0.98500982728203
1
1
0.937636017317676
1
1
1
1
1
1
1
1
1
1
1
1
1
1
0.790006187845985
1
1
1
1
1
1
1
1
1
1
1
1
1
1
1
1
1
1
1
1
1
1
1
1
1
1
1
1
1
1
1
1
1
1
1
1
1
1
1
0.618199599059489
1
0.884010024395788
1
1
1
1
0.940558791292698
0.98332922798925
1
1
0.970764035657188
1
1
0.73042077566039
0.910264090916832
1
1
1
0.908150232426582
1
1
0.988722367093611
0.66602401756771
0.965874747688223
0.734029025100885
1
1
0.869399196024445
1
1
1
1
1
0.990672639922926
0.995616735791032
0.918433547856341
1
