x
0.994211221429832
1
1
0.999287514778308
1
1
1
1
1
1
0.973733290135115
1
1
0.984442652612844
1
1
0.997546294703281
1
0.97878470495908
1
1
1
1
1
1
1
0.931908958115447
1
1
1
0.996020918287899
0.921209838526268
0.987446127949188
1
0.959368797607978
0.988854079141291
1
1
1
0.998116479618154
0.978897002041129
0.981645285942999
1
1
1
1
1
0.764079648571047
1
1
0.942351146647598
0.933340707986618
1
1
1
1
0.986989598333996
0.972181931476226
1
1
1
0.9897420532349
1
1
1
1
1
0.983331604243957
1
1
1
0.994660191919456
0.976654815102648
0.97848039189696
1
1
1
1
1
0.98324151566718
1
1
1
1
1
1
1
1
1
1
1
1
1
0.976913282563459
0.999049512571985
1
1
1
0.968995549880252
1
1
0.994227930118731
1
1
1
1
1
1
1
1
1
0.991571674941398
1
1
1
1
1
1
0.962296364701315
1
1
0.988350914505862
0.900037253286142
0.997028015122703
1
1
1
1
1
0.966141274756243
1
1
1
1
1
1
1
1
1
1
1
1
0.994503976613473
1
1
1
1
0.982541197873182
1
0.99915725808699
1
1
1
1
1
1
1
1
0.956861015904759
1
1
1
1
1
1
1
0.996997052181006
0.924390550864928
1
1
1
0.979708084435842
1
1
1
0.968747198631392
1
1
1
1
1
1
1
1
1
1
1
0.997546294703281
1
1
1
1
1
0.976654815102648
0.962296364701315
1
1
1
0.96977972817939
1
1
1
0.99721350211913
1
0.996085169310429
1
1
0.996873747994209
1
1
1
1
1
1
1
1
0.997282701148687
1
1
1
0.935579263469346
1
1
1
1
1
0.999928119256758
1
1
1
0.99688783647392
1
1
0.963232343582202
1
1
1
1
1
1
1
1
1
1
1
1
0.953330965550745
1
1
1
1
1
1
1
1
1
1
1
1
1
0.81803019029805
1
1
1
1
1
0.957083160222742
1
1
1
1
1
1
0.994850859356004
0.939296229433529
1
1
1
0.992330103322134
1
1
1
1
1
1
1
1
1
1
1
0.968747198631392
1
1
0.984442652612844
1
1
1
1
1
1
1
1
0.939296229433529
1
1
1
1
1
1
1
1
1
1
1
1
1
1
0.995097746103078
1
0.989860802673503
1
1
0.97821718461769
1
0.997546294703281
1
1
1
0.994825857261813
1
1
1
1
1
1
1
1
1
1
1
1
1
1
1
1
1
0.979922993870186
1
1
1
0.961705710766505
1
1
1
0.99688783647392
1
1
1
1
1
0.968116809435712
1
1
1
0.976069736434634
0.959143785042651
1
1
1
1
0.955281257094586
0.999040852777138
0.997891670147898
1
1
1
1
1
1
1
1
0.926453024925833
0.957701138017989
1
1
1
1
1
1
1
1
1
1
1
0.995904957272811
1
1
1
1
0.995097746103078
1
1
1
1
1
1
1
1
1
1
1
1
1
1
1
1
0.918867208857887
1
1
1
1
1
1
1
1
1
1
1
0.87237120728844
1
1
1
0.997281747232143
1
1
1
0.988805025042376
1
0.998104737867122
1
0.987392551777836
1
0.959098686354388
1
1
1
1
1
1
1
1
1
1
0.988350914505862
1
1
1
1
0.998153471169444
1
1
1
1
1
1
1
1
0.988574216413744
1
1
1
1
1
1
0.992300602801442
1
1
1
1
1
1
1
0.9897420532349
0.996365206211961
1
1
1
1
0.96729406137889
1
0.993611419785698
1
1
1
0.987392551777836
0.973209626801178
1
1
1
1
0.924390550864928
0.955847108961497
1
1
1
1
1
1
1
0.989317361346065
1
0.895672947804468
0.995904957272811
1
0.953540030724259
1
1
1
1
1
1
1
1
1
1
1
0.999317380125621
1
1
1
1
1
1
1
1
0.995084265808309
0.988574216413744
1
1
1
1
1
1
1
1
1
1
1
1
1
0.996079173039216
1
1
1
1
1
0.955245521831578
1
1
1
1
0.986283609498107
1
1
1
0.994433056680985
1
0.994678649829857
1
0.999864038893092
0.999032097899419
1
1
1
1
1
1
0.858663601597664
1
0.995129242391559
1
1
1
0.996873747994209
1
1
0.999753965183495
0.99709552712082
1
1
1
0.953556981596298
0.970967444627395
1
1
1
1
1
1
0.993502664541953
0.965136055656082
1
1
1
1
1
1
1
1
1
1
1
0.96977972817939
1
1
1
1
1
1
1
1
1
1
1
0.935579263469346
1
1
1
0.993705856341424
1
1
0.999674433441674
1
1
1
1
1
1
1
1
1
1
1
1
1
1
1
1
0.995845525876184
1
1
1
1
1
1
1
0.986930707709482
0.986989598333996
0.969528815852079
0.991838671097444
1
1
1
1
1
0.997282701148687
1
1
1
1
1
0.996984235180702
1
1
1
1
1
1
1
1
0.986989598333996
1
1
1
1
1
1
1
1
1
1
1
1
1
1
0.976970719076361
1
0.996374404959833
0.957701138017989
1
1
1
0.986283609498107
1
1
0.998004615445362
1
1
1
1
1
1
1
1
1
1
1
1
1
1
1
1
0.992300602801442
1
0.991353406615514
1
0.931937214843376
0.976096128544692
1
0.997306452603944
1
1
1
1
1
1
1
0.976913282563459
0.99721350211913
0.942924644498033
0.984442652612844
1
1
1
0.98574145266751
0.979378764786676
0.962296364701315
1
1
1
1
0.994746732149486
1
1
0.963911947717717
1
0.996984235180702
1
1
0.999040852777138
0.975269334524699
0.990097401548815
1
0.992541310997141
1
0.992774014649599
1
1
1
1
0.944965457529147
1
1
1
1
1
1
1
1
1
1
1
1
1
1
0.976942026848755
1
1
0.951634459087191
1
1
1
1
1
1
1
1
0.956861015904759
1
1
1
1
0.976654815102648
1
0.953330965550745
1
1
0.973209626801178
1
1
0.978897002041129
1
0.997118267495734
0.996984235180702
1
1
1
1
1
1
1
1
1
1
1
0.996586634537362
1
1
1
1
1
1
1
0.942351146647598
1
0.985691648246526
1
1
0.997931758294817
0.988350914505862
1
1
0.983870605663441
0.972893892974859
1
1
0.996984235180702
1
1
0.956650159101474
0.999446582028147
1
1
1
0.985901961379038
1
1
1
1
1
1
1
1
1
1
0.998685476977034
1
1
1
1
1
1
1
1
1
1
0.970967444627395
1
1
1
1
0.996365206211961
1
1
1
1
1
1
1
1
0.998794925805225
1
0.976096128544692
1
1
1
1
1
1
0.966096224083058
1
1
1
1
1
1
1
0.98574145266751
1
1
1
1
0.997931758294817
1
1
1
1
1
1
1
1
1
1
0.959098686354388
1
1
1
1
1
1
0.924390550864928
1
1
1
0.992662881138372
0.978897002041129
1
1
1
1
1
1
1
0.998390389198588
1
1
1
0.895672947804468
1
1
1
1
0.942924644498033
1
0.99776633994738
1
1
0.979650158057361
1
1
1
1
1
1
1
1
1
1
1
1
1
0.955043013199722
0.946230884782063
1
1
1
1
1
1
1
1
0.95919544817786
0.996984235180702
1
1
1
1
1
1
1
1
0.985786658171096
1
1
1
0.987392551777836
1
1
0.999742518463517
1
1
1
0.970051769940202
1
1
1
1
1
1
1
0.924390550864928
0.995904957272811
0.997021211487202
1
1
1
1
1
0.998878730562041
0.941095302654712
1
1
1
1
1
0.995845525876184
1
0.987979020547298
1
1
0.968747198631392
1
1
1
1
1
0.995488580302769
1
1
1
1
1
1
1
1
1
1
1
0.876171493692882
1
1
1
1
1
1
1
1
0.97848039189696
1
0.994185553843179
0.972893892974859
0.979002044346977
1
0.99688783647392
1
1
1
1
1
1
1
0.939296229433529
1
1
1
1
1
1
1
0.957148000753855
1
1
1
1
1
1
0.993644298730288
0.986538662944187
1
1
1
1
0.99688783647392
1
0.99915725808699
1
0.997282701148687
1
1
1
0.998923551374285
1
1
1
1
1
1
1
1
1
1
1
0.963911947717717
0.883090433896942
0.99814933311769
1
1
1
1
1
1
1
1
1
1
1
1
1
1
0.989943974655167
0.998961705957805
0.998076882744089
1
1
1
1
1
1
1
1
1
0.986283609498107
1
1
1
1
0.986283609498107
1
1
1
1
0.999040852777138
0.936238917151057
1
1
1
1
0.994433056680985
1
1
1
0.999070664566314
1
0.997282701148687
1
1
1
1
1
1
1
1
0.980924859329079
0.988123199385218
1
1
1
1
1
0.997931758294817
1
1
0.997118267495734
1
0.701661779372286
1
1
1
1
1
1
1
0.96729406137889
1
1
1
1
1
1
0.951415619339639
1
0.97052999399065
1
1
1
1
1
0.99688783647392
0.998961705957805
0.960498048517256
1
1
1
1
1
1
1
1
0.997281747232143
1
1
1
1
1
0.923234633633076
0.987446127949188
1
0.998966131529476
0.97052999399065
1
1
1
1
1
1
1
1
1
0.990944045268583
1
1
1
1
1
0.913596808068671
1
1
0.988244882927019
1
1
1
1
1
1
1
1
1
1
1
1
1
1
1
1
1
1
1
1
1
1
1
1
1
1
1
1
1
1
1
1
1
1
0.773097863116711
1
0.990356796934917
0.9614513782241
1
1
1
1
1
1
0.999155675949979
1
1
1
1
1
1
0.959143785042651
0.99688783647392
1
1
1
1
1
1
1
1
1
1
1
1
1
1
0.994610944076589
0.985064788273712
1
0.988123199385218
1
1
1
0.988854079141291
1
1
1
1
1
1
0.996873747994209
0.997306452603944
1
0.938980222882051
0.985786658171096
1
1
1
0.972893892974859
1
1
1
1
1
1
0.956299321751388
0.999871588072741
1
1
0.973870877418736
1
0.963911947717717
1
1
1
0.993942779202415
1
1
1
1
1
0.939296229433529
1
1
0.996989005354742
1
1
1
1
1
1
1
1
0.969189105273075
1
1
0.935470709120893
1
1
0.997306452603944
1
1
1
1
1
1
1
1
1
1
1
1
1
1
0.994417132075809
0.995084265808309
1
1
1
0.980924859329079
0.959742018891528
0.99688783647392
1
1
0.947975441238485
1
1
1
1
1
1
1
1
1
1
0.994160333380257
1
1
0.979002044346977
1
1
1
1
0.987392551777836
0.986930707709482
1
1
0.962296364701315
1
1
1
1
1
1
1
1
1
1
1
1
1
1
1
1
1
1
1
0.9999940979474
1
1
1
1
1
1
1
0.959098686354388
1
1
0.998116479618154
1
1
1
1
1
1
1
0.99906473455376
1
0.923234633633076
1
1
1
1
1
0.997213679006493
1
1
0.999753965183495
1
0.998928417008373
1
1
1
1
1
1
1
1
1
0.961559547707352
1
1
1
0.994850859356004
1
0.976429943248662
1
1
1
1
0.999022050113056
1
1
1
0.961559547707352
0.996374404959833
1
1
1
0.980009325349609
1
0.97878470495908
1
1
1
0.919598490442324
0.976429943248662
1
0.977575393502209
0.958860409481455
1
1
1
1
0.995097746103078
1
1
1
1
0.996975259810474
1
1
1
1
1
1
1
1
1
1
0.965558536052019
1
1
1
1
0.956631184431878
1
0.959562247994427
1
0.961008259520493
0.987362727820666
1
1
0.997159026672555
1
1
0.999604094660871
1
1
1
1
1
1
0.987952820777414
1
1
1
1
1
1
1
0.997253390731566
1
1
1
1
1
1
0.979191428073923
1
1
1
1
1
1
1
1
1
1
1
1
1
1
1
1
1
1
0.993844705816258
1
1
1
1
1
0.96729406137889
0.98958387358937
0.946781530515401
1
1
1
0.997373833518218
0.966096224083058
1
1
0.996989005354742
1
1
1
1
1
1
1
1
1
1
1
1
1
1
0.996828915099504
1
0.997756081618751
1
1
1
1
0.866483979714212
1
1
1
1
0.976942026848755
1
1
0.998344764265122
0.999753965183495
0.893960200747987
1
1
1
0.995904957272811
1
1
1
0.976096128544692
1
1
1
1
1
1
0.959776553098567
0.999710462201567
1
1
0.992300602801442
1
1
1
1
1
1
1
1
1
1
1
1
0.975269334524699
1
1
0.999742518463517
1
1
1
1
1
1
0.986296890264299
1
1
1
1
0.976913282563459
1
0.967607816774362
1
0.997373833518218
1
1
1
1
1
1
1
0.928900568310862
1
1
0.961128766256598
0.998116479618154
1
1
1
1
1
1
1
1
1
1
1
1
1
1
1
1
0.997282701148687
0.994227930118731
1
1
1
1
1
1
1
1
1
1
0.926993838200921
1
0.999032097899419
1
1
0.948570363497921
1
1
1
1
1
1
1
1
1
0.988350914505862
1
1
1
1
0.982541197873182
1
0.99688783647392
0.988808834142523
1
1
0.958395176624913
1
1
1
1
1
1
0.998923551374285
1
1
1
1
1
1
1
1
1
1
1
1
0.956299321751388
1
1
1
1
1
0.996020918287899
1
1
1
0.998923493551075
1
1
1
0.931541602568255
0.980009325349609
0.99915725808699
1
1
1
1
1
0.994850859356004
1
1
1
1
1
1
1
1
1
1
1
1
1
1
1
1
1
1
0.941101325268081
1
1
1
1
0.997083029520264
1
1
0.996365206211961
1
1
1
1
1
1
1
0.994227930118731
1
1
1
1
0.976913282563459
1
1
1
1
0.99997549632312
1
1
0.989844877937073
1
1
1
0.973209626801178
1
1
1
1
1
0.969528815852079
0.657420185852026
1
1
1
1
1
1
1
1
0.986296890264299
0.975269334524699
1
1
1
0.980009325349609
0.978897002041129
1
1
0.997281747232143
1
1
1
1
1
1
1
1
1
1
1
1
0.988244882927019
0.98664052133697
1
0.987979020547298
1
0.992209257627509
1
1
1
1
1
0.984998382765118
1
1
1
1
0.852797860509345
0.998116764432413
0.99814933311769
0.992330103322134
1
1
1
1
1
0.96977972817939
1
1
1
1
0.981309635139933
1
1
1
1
1
0.989317361346065
1
1
1
0.989844877937073
1
1
0.924390550864928
1
1
0.994442542797518
1
1
1
1
1
1
0.995705223843975
1
0.958777492533297
1
1
1
0.920221997197211
1
0.995947390863848
1
1
1
1
1
1
1
1
1
1
0.994433056680985
1
0.994417132075809
1
1
0.976942026848755
1
1
1
1
1
0.997083029520264
1
1
1
1
1
1
1
0.995129242391559
1
1
0.999911587961159
1
0.9999940979474
0.995084265808309
1
1
0.997021211487202
1
1
1
1
1
1
0.984921710498931
1
1
1
1
1
1
1
1
1
0.997630271296732
0.975059535680925
1
1
1
1
1
1
1
1
1
0.846798503228661
1
1
1
1
0.959562247994427
0.997546294703281
0.994610944076589
1
0.994021002496866
1
1
1
1
1
1
0.988123199385218
1
0.964446228550178
1
0.957617075056931
0.997373833518218
1
1
0.995129242391559
1
1
0.997330887528603
0.999755244807076
1
1
1
1
1
1
1
0.970051769940202
1
0.959098686354388
1
1
1
1
1
0.999078657446836
1
1
1
1
1
0.998449005357841
1
1
1
1
1
1
0.99906473455376
1
1
0.972061730715806
0.963911947717717
1
0.942924644498033
1
1
1
1
0.995649954591103
1
1
1
1
0.97848039189696
0.949146764030306
1
1
0.994503976613473
1
1
1
1
0.960139260363209
1
1
1
1
1
1
0.860464894426237
0.969189105273075
1
1
1
1
1
1
1
1
1
1
1
1
1
1
1
1
1
1
1
1
1
1
1
1
0.979002044346977
1
1
1
1
0.997253390731566
1
1
1
0.970967444627395
1
1
1
1
1
1
1
1
1
0.988435664744922
1
1
1
1
0.931541602568255
1
1
1
1
1
1
1
0.977575393502209
1
1
1
1
0.98333035184662
1
0.961559547707352
1
1
0.951634459087191
0.846798503228661
0.998116479618154
0.995084265808309
1
1
0.999040852777138
1
0.958557866933422
1
1
1
1
1
1
1
1
1
1
1
1
1
1
1
1
1
1
1
1
1
1
1
1
0.998961705957805
1
1
1
1
1
0.987941269789351
1
1
0.991017513847494
1
1
1
0.986538662944187
1
1
1
0.972181931476226
1
1
1
1
1
1
1
0.928900568310862
1
1
1
1
1
1
0.979684876609083
0.94290839836908
0.987392551777836
1
1
1
0.994832737148178
1
1
1
1
1
1
0.987446127949188
1
1
1
1
1
0.922567564138599
1
1
1
1
1
0.999767284954186
1
1
1
1
0.958395176624913
1
1
1
1
1
1
1
1
1
1
1
1
1
1
0.976096128544692
0.87589686626257
1
1
1
1
0.994850859356004
1
1
0.99906473455376
1
1
1
1
1
1
1
0.997282701148687
1
1
1
1
1
1
1
1
1
0.95919544817786
1
1
0.963911947717717
1
1
1
1
1
1
1
1
0.995845525876184
1
0.999813488769685
1
1
1
1
1
1
1
1
1
1
1
0.997159026672555
1
1
1
1
1
1
0.965952252896362
1
0.994211221429832
0.990182609748192
1
0.960287585807291
1
0.928900568310862
0.960498048517256
1
1
0.973209626801178
1
1
1
1
1
1
1
1
0.957768377945914
1
1
1
1
1
1
1
0.995097746103078
0.999288579812749
0.995904957272811
1
1
1
1
0.994211221429832
1
0.969189105273075
1
1
1
1
1
1
1
1
1
1
0.953403401616945
1
0.919876891792861
1
1
1
1
1
0.989753375820585
0.999753965183495
1
0.995668665441092
1
1
1
1
1
1
1
1
1
1
1
1
1
1
1
1
1
1
1
0.987952820777414
1
1
1
1
1
1
1
1
1
1
1
1
1
1
1
1
0.950128207832588
0.986930707709482
1
1
1
1
0.996997052181006
1
1
0.992321804674638
1
0.996997052181006
0.986930707709482
1
1
1
1
1
0.979002044346977
1
1
0.976069736434634
1
1
1
1
0.997306452603944
1
1
1
1
1
1
1
0.997416602780185
1
1
1
1
1
1
1
1
1
0.951415619339639
1
0.988854079141291
1
1
1
1
1
1
1
1
1
1
1
1
1
1
1
0.994227930118731
1
1
1
0.999755244807076
1
0.999287514778308
1
1
1
1
0.972181931476226
0.999747820086253
1
1
1
1
1
1
1
1
1
1
1
1
0.995097746103078
0.957435247643888
1
1
1
1
1
1
0.973209626801178
1
1
1
0.997306452603944
1
1
1
1
1
1
1
1
1
1
1
1
1
1
0.99975279375898
1
0.968747198631392
1
1
0.961304541953931
1
0.995084265808309
1
0.979378764786676
1
1
1
1
1
1
1
0.972012269704559
1
1
1
1
1
1
1
1
1
1
0.984442652612844
1
1
1
1
1
1
0.995129242391559
1
1
1
0.951634459087191
1
1
1
1
0.997630271296732
1
1
1
1
1
0.997691290516344
1
1
1
1
1
1
0.959098686354388
1
1
0.998961705957805
1
1
1
0.99721350211913
1
1
1
0.98838162180025
1
0.988244882927019
1
0.998834963838648
1
1
1
0.988923261865436
1
1
1
1
1
1
1
1
1
1
1
1
1
0.95919544817786
1
1
1
1
1
0.972012269704559
1
1
1
1
0.973209626801178
0.926993838200921
1
1
1
1
1
1
0.992541310997141
1
1
1
0.99906473455376
0.97878470495908
1
1
1
1
1
0.943167074859223
0.95193092195531
1
1
0.947975441238485
1
1
1
1
0.994334659530882
1
1
1
0.93296774840061
0.9328749415081
0.957701138017989
1
0.991874141230007
1
1
1
1
1
1
0.996374404959833
1
1
0.997159026672555
0.992414962826981
0.957435247643888
1
1
1
1
1
1
1
1
1
1
1
1
1
0.990356796934917
1
1
1
1
1
1
1
1
1
1
1
1
1
0.970051769940202
1
1
1
1
1
0.998814430875427
1
1
1
1
1
1
1
1
0.839201947871305
1
1
1
0.964711151571904
1
0.909531892979101
1
1
1
0.948570363497921
0.994185553843179
1
1
0.998734351334403
0.994211221429832
1
0.998834963838648
1
1
1
1
1
0.986296890264299
1
1
1
1
1
1
1
1
1
1
0.988123199385218
1
0.998387032730442
1
1
1
1
1
0.990097401548815
1
0.997373833518218
1
0.975269334524699
1
1
1
0.963911947717717
1
1
1
1
0.988244882927019
1
1
1
1
1
1
0.959368797607978
1
1
1
0.996085169310429
1
1
1
1
0.999434883588141
0.92943431073628
0.945015945827475
1
1
1
1
1
0.957617075056931
1
1
0.961304541953931
1
1
1
1
1
0.976942026848755
1
1
1
1
1
1
1
0.999317380125621
0.937382328150611
1
1
1
1
1
0.936238917151057
0.979708084435842
1
1
1
0.994227930118731
1
1
1
1
1
1
1
1
0.995084265808309
1
1
1
1
1
1
1
1
1
1
1
0.979708084435842
1
1
1
0.99721350211913
0.997891670147898
0.98664052133697
1
1
0.995904957272811
1
1
1
1
0.866780570552217
1
1
0.86512747799614
1
0.786031831641891
0.892502320936685
1
1
1
1
1
1
1
0.987362727820666
1
1
1
1
1
1
1
1
1
1
0.995263051816476
0.961559547707352
1
1
1
1
1
1
1
1
1
1
1
1
1
0.972012269704559
1
1
0.997213679006493
0.962050599332136
1
0.994825857261813
1
0.957435247643888
1
1
1
0.950128207832588
1
0.997118267495734
0.999155675949979
0.998923551374285
1
1
1
0.999954500991685
0.953556981596298
0.981309635139933
1
1
1
1
1
0.997159026672555
1
1
0.961304541953931
1
1
1
1
0.92296353264917
1
1
1
1
1
1
1
1
0.968116809435712
1
1
1
1
1
1
1
1
1
0.941095302654712
1
1
0.99975279375898
0.96977972817939
1
1
1
1
1
1
1
1
0.941101325268081
1
1
1
1
0.998961705957805
1
1
0.933068507538898
1
1
1
1
1
0.997413108633528
1
0.979708084435842
1
1
0.999078657446836
1
0.997159026672555
1
1
1
1
1
1
1
1
1
0.995845525876184
1
1
0.926993838200921
1
1
0.991532621481712
1
1
1
1
1
0.941101325268081
1
1
1
1
1
1
1
1
1
0.992414962826981
0.979378764786676
0.976759997678291
1
1
1
1
1
1
1
1
0.956815422547005
1
1
1
1
1
1
0.997281747232143
1
1
1
1
1
1
1
1
1
0.973733290135115
1
1
1
1
1
0.947975441238485
1
1
1
1
1
1
0.998104737867122
1
1
1
1
1
0.989317361346065
1
0.947975441238485
1
0.994832737148178
1
0.987392551777836
1
1
1
1
1
1
0.944965457529147
1
1
0.987446127949188
1
1
1
1
1
1
1
1
1
1
1
1
0.999040852777138
1
1
1
1
1
1
1
1
1
0.997118267495734
1
1
1
1
1
1
1
1
0.922356706379199
1
0.997931758294817
1
1
0.987446127949188
1
0.878022001129567
1
1
1
1
1
0.994211221429832
1
1
1
1
0.979002044346977
1
0.997238593377653
1
1
1
1
0.995488580302769
1
1
1
1
0.997630271296732
0.998961705957805
0.987446127949188
1
1
0.994211221429832
1
1
1
1
1
1
1
1
1
1
1
1
0.987446127949188
1
1
1
1
0.997586879510727
0.922567564138599
1
1
1
0.996365206211961
1
1
0.963911947717717
1
1
1
1
1
1
0.995488580302769
1
1
1
0.948979775172139
0.959926886884489
1
1
1
1
0.981043536565408
1
1
1
1
0.996984235180702
1
1
1
0.973388013470712
1
1
1
1
1
1
1
1
0.992271227397365
1
0.995649954591103
1
1
1
1
1
1
1
1
1
0.994110415873656
1
1
1
1
1
1
0.988123199385218
1
1
1
1
1
1
1
1
1
1
0.949243954180562
1
1
1
1
0.961559547707352
1
1
1
1
1
1
1
0.979378764786676
1
1
1
0.974436771759588
0.971640540533576
1
1
0.976096128544692
1
1
1
1
1
1
1
1
1
1
0.989750577947696
1
1
1
0.976069736434634
1
1
1
1
1
1
1
0.998390389198588
0.98333035184662
1
1
1
1
1
0.975789297388652
1
1
0.995845525876184
1
0.989472881866353
1
1
1
1
1
1
1
1
0.969242503031949
1
1
1
0.995097746103078
0.997253390731566
1
1
1
1
1
0.986283609498107
1
1
1
1
0.947975441238485
1
1
1
1
1
0.972181931476226
1
1
1
1
1
1
1
1
1
1
0.999007980439984
1
0.998961705957805
0.992402142778862
1
1
1
0.999049512571985
0.99688783647392
1
0.995984358130653
1
1
1
1
1
1
1
1
1
0.994832737148178
1
1
1
0.829495399630482
0.931893173584584
1
1
0.994211221429832
1
1
1
1
0.968747198631392
1
0.931908958115447
1
1
1
0.986310727002232
1
1
1
0.998928417008373
1
1
1
1
1
1
1
1
0.95919544817786
1
1
1
0.995097746103078
0.997306452603944
1
0.99721350211913
1
0.880378066631456
1
1
1
1
0.956861015904759
1
1
0.981676181797821
1
1
0.851907089789252
1
1
0.997282701148687
1
0.984921710498931
1
1
0.940258710212739
1
0.97124874603989
1
1
1
1
0.931541602568255
1
0.959368797607978
0.958922414500638
0.986296890264299
1
1
1
0.957044278106181
1
1
1
0.81803019029805
1
1
0.979684876609083
1
0.998153471169444
1
1
1
0.999049512571985
1
0.991086323043752
1
1
1
1
1
1
1
1
1
1
0.973209626801178
1
1
1
1
0.994433056680985
1
1
0.999917884689736
1
1
1
1
1
1
1
0.988350914505862
0.993270676445307
1
1
1
1
1
1
1
1
1
1
1
1
1
0.973733290135115
1
1
1
1
1
0.959098686354388
1
1
1
1
1
1
1
1
1
1
1
1
1
0.997306452603944
0.999007980439984
0.997281747232143
0.986989598333996
1
1
1
1
0.959562247994427
0.996890500908771
1
1
1
1
1
1
0.998390389198588
1
1
1
1
1
1
1
1
1
1
0.959098686354388
1
0.986311836209379
1
1
1
1
1
1
0.994832737148178
1
1
1
0.970967444627395
1
1
0.976759997678291
1
1
1
0.987392551777836
1
1
1
0.995129242391559
1
0.833552059356986
1
1
1
1
1
1
1
1
1
1
0.957891678537587
1
1
0.986930707709482
1
1
1
1
0.924390550864928
1
0.997118267495734
1
1
1
1
1
0.963232343582202
1
1
1
1
0.966248961566801
1
1
1
1
1
1
1
0.973388013470712
1
1
1
1
0.984921710498931
1
1
1
0.953556981596298
1
0.998637283861904
0.991571674941398
1
0.961953277703875
1
1
1
1
1
1
0.958777492533297
1
1
1
1
1
1
0.72785704912096
1
1
1
1
1
1
0.988805025042376
0.9328749415081
1
1
1
1
1
1
1
1
0.999317380125621
1
0.899958956249349
0.940258710212739
1
1
1
1
1
1
1
0.995509165492727
0.994746732149486
1
1
1
0.999022050113056
1
1
1
1
1
1
1
0.996984235180702
0.773097863116711
1
1
1
1
1
0.961008259520493
1
1
1
1
1
1
0.994211221429832
0.995845525876184
1
1
1
1
0.955281257094586
1
1
1
1
1
0.999049512571985
1
1
1
1
0.995084265808309
0.999599608125653
1
1
1
0.999813488769685
1
1
1
1
0.988640177518141
1
1
1
1
1
1
0.966248961566801
1
1
1
1
0.926203008141637
1
1
0.996476644412911
1
1
1
1
1
1
1
1
1
1
1
1
1
1
1
1
0.998928417008373
1
1
1
1
1
1
0.976759997678291
1
1
1
1
1
1
1
1
1
1
1
1
1
1
0.994227930118731
0.880378066631456
1
1
1
1
0.979684953992341
1
1
1
1
1
1
1
1
1
0.994660191919456
1
0.97357183587602
1
1
0.996906638485097
1
1
1
1
1
1
1
0.977943075736358
1
1
0.996997052181006
0.995947390863848
1
1
0.970350230860068
1
1
1
1
1
1
1
1
0.997188136601625
1
1
1
1
1
1
1
0.963232343582202
1
1
1
1
1
0.931618539575182
0.995084265808309
1
1
0.961615801455142
1
1
0.970051769940202
1
0.99709552712082
1
1
1
1
1
0.948570363497921
1
1
0.988594024129522
1
1
1
1
1
1
1
1
0.996975259810474
1
1
1
1
1
1
0.968995549880252
1
1
1
0.999032097899419
1
0.995668665441092
1
0.976096128544692
1
1
0.992300602801442
1
1
1
1
0.999757887249135
1
1
1
1
1
1
1
1
0.926203008141637
1
1
1
0.977575393502209
1
1
1
1
1
1
1
1
0.997159026672555
1
1
1
1
1
1
1
1
1
1
1
1
1
1
0.995649954591103
1
1
1
1
1
0.981130568495882
1
0.999757887249135
1
1
1
1
1
1
1
1
1
1
1
0.976069736434634
1
1
1
1
1
1
1
1
1
1
1
0.99814933311769
0.99456114440047
1
0.973870877418736
0.895672947804468
1
1
1
1
1
0.986930707709482
1
1
1
1
1
0.997323047928864
0.986989598333996
1
1
1
1
1
1
1
1
1
0.977479702153316
0.984960806701599
0.922567564138599
1
1
1
1
1
0.959098686354388
0.998104737867122
1
1
1
1
0.997546294703281
0.919812476935422
1
1
1
1
0.987952820777414
1
1
1
1
1
1
1
1
1
1
1
0.988350914505862
1
0.885129688331437
1
1
1
1
1
1
1
1
1
1
1
1
1
0.961128766256598
1
1
1
0.997691290516344
1
1
1
1
1
1
1
0.988244882927019
1
0.968116809435712
0.997083029520264
1
1
1
1
1
1
1
1
0.986989598333996
1
1
1
1
0.964898179660838
0.976913282563459
1
1
1
1
1
1
1
1
0.799791342503714
1
0.997206802726258
1
1
1
1
1
1
1
0.978997657409327
1
1
1
1
1
1
1
0.962943544809826
1
1
0.995263051816476
1
1
1
0.992300602801442
1
1
1
0.994660191919456
1
0.957617075056931
1
1
1
1
0.953092988777933
1
1
1
1
1
1
1
1
1
1
1
0.99915725808699
1
1
1
0.991571674941398
1
1
0.940258710212739
0.989750577947696
0.940258710212739
0.997159026672555
1
1
0.997118267495734
0.99085837726664
1
1
0.969504714340829
1
0.876284926946761
1
1
1
1
1
0.995904957272811
0.997281747232143
1
1
1
1
1
1
1
1
1
1
1
1
1
1
1
1
0.998878730562041
1
0.997238593377653
1
1
0.988808834142523
1
0.997188136601625
1
0.994185553843179
1
1
1
1
1
1
1
0.996873747994209
1
1
1
0.922567564138599
1
1
1
1
1
1
1
0.962801996770635
1
1
1
0.996315408714785
0.994850859356004
1
1
1
1
1
1
1
1
0.996906638485097
0.994160333380257
1
1
1
1
1
1
1
1
1
0.95193092195531
0.910292742854385
0.999548168236725
1
1
1
1
0.969504714340829
1
1
1
1
1
1
1
1
1
0.97052999399065
1
1
1
1
1
0.961128766256598
0.938570782892057
1
1
1
0.999032097899419
1
1
1
0.928914346732872
1
1
1
0.961953277703875
0.957435247643888
1
1
1
1
1
1
0.969189105273075
1
1
1
1
1
1
1
0.961559547707352
0.988960077649176
0.997546294703281
1
1
1
1
1
1
1
1
0.983870605663441
1
1
1
1
1
1
0.959562247994427
1
1
1
1
1
1
1
1
1
1
1
1
1
0.986538662944187
1
1
1
1
1
1
0.938980222882051
1
1
1
1
0.979684953992341
1
1
1
1
1
1
1
1
0.94083485643495
1
0.938980222882051
1
1
0.98838162180025
1
1
1
1
0.988808834142523
1
1
1
1
1
1
1
0.991532621481712
0.987877003002121
1
1
0.958922414500638
1
1
0.994104903117029
1
1
0.995084265808309
1
1
1
1
1
1
1
1
1
1
1
1
1
1
1
1
1
0.931073521953776
0.979684953992341
1
1
1
1
1
1
1
1
0.97756769792293
1
1
1
1
1
1
1
1
0.986283609498107
1
1
1
1
0.969189105273075
1
1
1
1
1
1
1
1
1
1
1
1
1
1
0.994825857261813
1
1
1
1
0.993543261076069
1
1
0.931893173584584
1
1
0.976913282563459
1
1
1
1
1
1
0.957891678537587
1
1
1
1
1
0.972012269704559
1
1
1
1
1
1
1
1
0.926993838200921
1
1
1
0.995947390863848
1
1
1
0.999747820086253
1
1
1
1
1
0.976759997678291
1
1
0.988854079141291
1
1
0.99688783647392
1
1
1
1
0.996365206211961
1
1
1
1
1
1
0.976970719076361
1
1
1
1
0.984998382765118
1
1
1
0.996984235180702
1
1
1
1
1
1
1
1
1
0.997159026672555
0.857638761112199
1
0.947975441238485
0.997043030363879
1
1
1
1
1
1
1
0.992209257627509
1
1
1
1
1
1
1
0.955043013199722
1
0.986930707709482
1
1
1
1
1
1
1
1
1
1
1
1
1
1
0.959562247994427
0.989943974655167
1
1
1
1
0.998834963838648
1
1
1
1
1
1
1
1
1
1
1
0.946781530515401
0.998928417008373
0.968747198631392
1
1
1
1
0.9897420532349
1
1
1
1
1
0.997373833518218
1
1
1
1
1
0.959562247994427
0.989943974655167
1
0.997083029520264
1
0.992402142778862
1
1
1
1
1
1
1
1
0.998981714210867
1
1
1
1
0.924390550864928
1
1
1
1
0.960287585807291
0.994678649829857
1
1
1
1
1
1
1
1
1
1
1
1
1
1
1
1
1
1
0.99906473455376
1
1
1
1
1
1
1
1
1
1
1
1
1
0.980009325349609
0.996365206211961
1
0.926993838200921
1
1
0.997188136601625
1
1
1
0.979708084435842
1
1
1
1
1
1
1
0.959360306879414
1
1
1
1
1
1
1
1
1
1
1
0.946230884782063
1
1
1
1
1
1
1
1
1
1
0.995845525876184
1
1
1
1
1
1
0.996315408714785
1
1
1
0.996984235180702
1
1
0.95919544817786
1
1
1
1
1
1
1
0.97217296578035
1
1
1
1
1
1
1
1
1
1
1
1
0.920221997197211
0.998928417008373
1
0.997118267495734
1
1
1
1
1
0.998076882744089
1
1
1
1
1
1
1
1
1
1
1
1
0.997188136601625
1
1
1
1
1
0.994211221429832
1
1
1
1
0.96743301758862
1
1
1
1
0.960921662544391
0.996468667592544
1
0.997206802726258
1
1
0.997931758294817
1
0.976847999439121
1
1
1
1
1
1
0.995947390863848
1
1
1
1
1
1
1
1
1
1
1
1
1
0.997416602780185
1
1
1
1
1
0.997630271296732
1
1
1
0.994825857261813
1
1
1
1
0.698640229841846
0.947975441238485
1
1
1
1
1
1
0.998923493551075
0.998390389198588
0.998153471169444
1
1
1
1
0.970051769940202
1
1
1
1
1
0.998949325906561
0.847452763820353
1
0.995263051816476
1
1
1
1
1
1
1
1
1
1
1
1
1
1
1
1
1
0.979922993870186
1
1
1
1
1
1
1
1
1
1
0.992300602801442
1
1
0.994334659530882
0.805579098966666
1
1
1
1
1
1
1
1
1
1
1
1
1
1
0.974436771759588
1
0.996374404959833
1
1
1
1
1
0.963911947717717
1
1
1
1
1
0.975059535680925
0.998344764265122
1
1
0.902148602252889
0.957701138017989
1
1
1
0.961559547707352
1
1
1
1
1
0.995263051816476
0.988808834142523
1
0.988123199385218
0.996997052181006
0.931618539575182
0.957701138017989
1
1
1
0.926993838200921
0.996374404959833
1
1
1
1
0.963911947717717
1
0.999755244807076
1
0.96729406137889
1
1
1
0.995509165492727
1
1
1
1
0.988123199385218
1
1
1
1
1
1
1
0.981130568495882
1
1
1
1
1
1
1
1
1
1
1
1
1
0.804277659003204
0.994825857261813
1
1
1
1
1
1
0.997021211487202
0.887137426139604
1
1
0.996997052181006
1
0.992396780660013
1
1
0.9897420532349
0.690672589489417
0.988923261865436
1
0.99214596328208
1
1
0.876288811807771
0.966797841902974
1
1
1
0.980669882084541
0.968297659510252
1
0.999755244807076
1
0.7944445300293
1
1
1
1
1
0.994417132075809
1
1
1
1
0.972642852275226
0.996984235180702
0.848089290104208
1
1
1
0.912989183581043
1
0.974472786802722
1
0.953777360702922
1
1
1
0.873578484981029
0.98013448994346
0.800844952821371
1
1
1
1
1
1
1
1
1
0.996989005354742
1
1
1
1
1
1
1
1
1
1
1
1
1
1
1
0.976913282563459
1
1
0.919812476935422
1
1
1
1
1
0.995996748111434
1
1
1
0.961304541953931
1
0.995509165492727
1
1
1
1
1
1
1
1
1
1
1
1
1
1
1
1
0.984921710498931
0.938381885040897
0.944965457529147
0.995097746103078
1
1
1
1
1
0.962296364701315
1
1
1
0.957435247643888
1
1
1
1
1
1
1
1
0.939296229433529
1
0.959334863631048
1
1
1
1
1
1
0.99709552712082
1
1
1
1
0.919812476935422
1
0.996143921837549
1
1
1
1
1
1
0.864621197011163
1
1
1
0.987392551777836
0.986296890264299
1
1
1
1
1
1
1
0.959562247994427
1
1
1
1
1
1
1
1
1
0.945459891297838
1
1
1
1
1
1
1
1
1
1
1
1
1
1
0.97052999399065
1
1
1
1
1
0.972617602086779
0.937382328150611
1
0.959098686354388
0.995097746103078
1
1
0.966797841902974
1
1
1
1
1
1
1
1
1
1
1
1
1
1
1
1
1
0.989472881866353
0.875344281091894
1
1
1
1
1
1
1
1
1
1
1
0.996828915099504
1
1
1
1
1
0.998923493551075
0.979708084435842
0.95919544817786
1
1
0.998961705957805
0.938980222882051
1
1
1
1
1
1
1
1
1
1
1
1
1
1
1
1
1
1
1
0.986930707709482
1
0.979565525252314
1
1
1
1
1
1
1
0.994185553843179
0.997253390731566
1
1
1
1
1
1
0.924390550864928
1
1
0.973733290135115
1
1
1
1
1
1
0.979650158057361
1
1
1
1
1
1
1
1
1
1
1
1
0.987446127949188
1
1
1
1
1
1
0.959098686354388
1
1
1
1
1
1
1
1
1
1
1
1
1
1
1
1
1
1
1
1
1
0.990944045268583
1
0.972745288434961
1
1
1
1
1
1
1
0.996374404959833
1
1
1
1
0.998928417008373
0.997213679006493
1
0.973209626801178
0.970967444627395
0.993270676445307
1
1
1
1
0.955281257094586
1
1
1
0.977212790928481
0.939466214571036
1
1
1
1
1
0.996997052181006
1
0.838261905652498
0.98958387358937
1
1
1
1
1
1
0.994211221429832
1
1
1
0.997028015122703
1
1
1
1
1
0.96729406137889
1
1
1
0.988350914505862
1
1
1
1
1
1
1
1
1
1
0.990837776251731
1
1
1
1
1
1
1
0.959368797607978
0.960921662544391
1
0.998153471169444
1
0.945459891297838
1
1
1
1
0.976942026848755
1
1
0.97878470495908
1
1
1
1
1
1
1
0.799083220222824
1
1
1
0.997931758294817
0.878154327005557
0.931893173584584
1
1
1
0.997083029520264
1
1
1
1
1
1
1
1
1
1
1
1
1
1
1
0.962635744446292
1
1
0.997323047928864
1
1
0.997021211487202
0.972617602086779
1
1
1
1
1
0.987446127949188
1
1
1
1
1
1
1
1
1
1
1
1
0.995649954591103
1
1
1
1
1
1
1
1
0.998153471169444
1
1
1
0.994417132075809
1
1
1
1
1
1
1
1
1
1
1
1
1
1
1
1
1
1
1
1
1
0.979650158057361
1
1
1
1
1
1
1
0.998834963838648
1
1
1
0.995947390863848
0.99085837726664
1
0.973870877418736
1
1
1
1
1
1
0.962296364701315
0.962296364701315
1
1
1
1
1
0.979650158057361
0.931618539575182
1
1
1
1
1
1
1
1
1
1
1
0.998004615445362
1
1
1
1
0.959926886884489
1
1
1
0.99688783647392
1
0.979378764786676
1
1
1
1
1
1
1
1
1
1
1
1
1
1
1
1
1
1
1
1
0.960139260363209
1
0.997323047928864
1
0.916556928209915
0.997330887528603
1
1
1
1
1
1
1
1
1
1
1
1
1
1
1
1
1
1
1
1
0.957701138017989
0.999040852777138
1
1
0.990944045268583
1
1
1
1
1
1
0.999604094660871
0.969242503031949
1
1
0.990409275765522
1
1
1
1
0.997413108633528
0.977575393502209
1
0.999446582028147
0.996984235180702
1
1
0.846798503228661
1
1
0.925804839733648
1
1
1
1
1
1
1
1
1
1
1
1
1
0.998961705957805
1
0.984960806701599
1
1
1
0.979650158057361
1
1
1
1
0.988350914505862
0.982541197873182
1
1
1
1
1
1
1
1
1
1
1
1
1
1
1
1
0.953974084007324
1
1
1
1
1
0.976913282563459
1
0.976802488497674
1
1
1
1
1
0.995097746103078
1
1
1
1
1
1
0.977575393502209
0.997413108633528
1
1
1
1
1
0.963778077963058
1
1
1
0.966141274756243
1
0.997021211487202
1
0.997373833518218
1
0.997238593377653
1
1
1
1
1
1
1
1
1
1
1
1
1
1
1
1
1
1
0.998384862452731
1
0.995947390863848
1
1
1
1
1
1
0.962635744446292
1
1
1
1
1
1
0.919812476935422
1
1
1
1
1
1
1
1
0.980691944035722
1
1
1
1
1
0.961705710766505
1
0.976069736434634
1
1
1
1
1
1
0.998449005357841
1
1
0.99688783647392
1
1
1
1
0.919812476935422
0.996586634537362
1
1
1
1
1
1
0.95919544817786
1
1
1
1
1
1
1
1
1
0.959360306879414
1
1
1
1
1
0.953330965550745
1
0.987952820777414
1
1
1
1
1
1
1
1
1
0.979922993870186
1
1
1
1
1
1
1
0.999049512571985
0.994832737148178
1
1
0.921209838526268
1
1
1
1
0.994678649829857
0.979650158057361
0.969990481166669
1
1
1
1
1
1
1
1
1
1
0.96977972817939
1
1
1
0.999757887249135
1
1
1
1
1
0.948570363497921
0.963778077963058
1
1
1
1
1
1
1
1
1
1
1
1
1
0.997159026672555
1
1
1
1
1
1
1
0.997213679006493
1
1
1
1
1
1
0.959334863631048
1
0.984232658847549
1
1
1
1
1
0.939296229433529
1
0.998153471169444
1
1
1
1
1
1
0.980009325349609
1
1
1
1
1
0.986930707709482
0.920221997197211
1
1
1
1
0.989860802673503
1
1
1
1
1
1
1
1
0.949333604305463
0.999007980439984
1
1
1
1
1
1
1
1
1
1
1
1
0.99906473455376
1
0.987446127949188
1
1
1
0.988574216413744
0.96743301758862
1
0.867839213354612
0.996997052181006
1
0.965780052284418
1
0.989753375820585
1
0.987392551777836
1
1
0.988455799822315
1
1
0.95290901259163
1
1
1
1
1
0.99814933311769
1
1
1
1
1
1
1
1
1
1
1
1
1
1
1
1
1
1
1
1
1
1
0.923954269148311
1
1
1
1
1
1
1
1
1
1
1
1
1
1
1
1
1
1
1
0.998945658954059
1
1
1
1
1
0.998104737867122
0.963232343582202
1
1
1
1
0.956299321751388
1
0.988123199385218
0.984498180576692
1
1
1
0.972181931476226
1
1
1
1
0.899214955427478
1
1
1
1
0.898965313329245
1
1
1
0.994678649829857
1
1
1
1
1
1
1
1
1
1
0.957701138017989
1
1
1
1
1
0.996984235180702
1
0.987952820777414
1
1
1
0.947911406004175
1
1
0.998344764265122
1
1
0.986283609498107
1
1
1
1
1
1
1
1
1
1
1
1
1
1
0.919812476935422
0.959143785042651
1
1
1
1
1
1
1
1
1
1
0.966096224083058
1
1
1
0.994433056680985
1
0.997691290516344
1
1
1
1
0.997264313972943
1
1
1
0.976654815102648
1
0.949243954180562
1
1
1
1
1
0.99709552712082
0.997281747232143
1
1
1
0.996873747994209
1
1
0.966096224083058
1
1
1
1
1
1
0.998791757519465
1
0.987877003002121
1
1
1
1
1
1
1
1
1
1
1
1
1
1
1
1
1
1
1
0.972012269704559
1
1
1
1
1
1
1
0.999742518463517
1
1
1
1
1
1
1
1
1
0.982209893907426
0.986989598333996
0.996975259810474
1
1
0.963232343582202
1
1
1
1
1
0.989750577947696
1
0.9714079837622
1
1
1
1
1
0.969242503031949
1
1
1
1
1
1
1
1
1
1
0.991532621481712
0.987446127949188
0.996975259810474
1
1
1
1
0.986296890264299
0.950471408590676
0.986283609498107
1
0.95919544817786
1
1
1
1
1
1
1
1
0.994641351457401
1
0.773097863116711
1
1
1
0.999317380125621
1
1
1
1
1
1
1
1
0.895605747423319
1
1
1
1
1
1
1
1
1
1
1
0.97124874603989
1
0.992300602801442
1
1
1
0.987877003002121
1
1
0.988350914505862
1
1
1
1
1
1
0.973388013470712
1
1
1
0.992396780660013
1
1
1
1
1
1
1
1
1
1
1
1
1
1
1
1
1
1
1
1
1
1
1
1
1
1
1
1
1
1
1
1
1
1
1
1
0.958777492533297
1
1
1
1
1
1
1
1
1
1
1
1
1
1
1
1
1
0.991298948027293
1
1
1
1
1
1
1
0.963232343582202
0.958643492494773
1
1
1
1
1
1
1
1
0.988970884126129
1
0.998449005357841
1
1
1
0.962296364701315
1
1
1
1
1
1
1
1
1
0.997306452603944
1
0.961304541953931
0.973209626801178
1
1
1
1
0.997546294703281
1
1
1
1
0.986283609498107
1
1
1
1
1
1
1
1
0.999767284954186
1
1
1
1
0.997281747232143
1
1
1
1
1
1
1
0.998390389198588
1
0.976942026848755
1
1
1
1
1
1
1
1
1
1
1
1
1
1
1
1
1
1
1
1
0.931541602568255
0.992300602801442
1
0.961559547707352
1
1
0.98233643242795
1
0.989317361346065
1
1
1
0.818087307871897
1
1
0.957435247643888
1
0.99814933311769
1
1
1
0.97052999399065
1
1
1
1
1
1
1
0.965780052284418
1
1
0.99688783647392
1
1
1
1
1
1
1
1
1
1
0.926203008141637
1
0.998878730562041
1
1
1
1
1
1
1
1
1
1
0.994503976613473
1
1
1
1
0.969242503031949
0.774701310003917
1
0.998637283861904
1
1
0.993270676445307
1
0.959368797607978
0.930636626534775
1
1
0.999954500991685
1
1
1
1
1
1
1
1
1
0.998928417008373
1
1
1
1
1
0.922686427655407
0.962769011125168
0.81803019029805
1
0.941095302654712
1
1
0.98324151566718
0.998961705957805
1
0.988805025042376
1
1
1
0.987941269789351
1
1
1
1
1
1
1
0.99456114440047
1
1
1
1
0.968747198631392
1
1
1
0.995689689076634
0.968995549880252
1
1
1
1
1
1
1
0.926993838200921
1
1
0.998104737867122
1
1
1
0.968995549880252
1
1
1
0.958395176624913
1
1
1
1
1
1
0.998928417008373
1
0.999022050113056
0.87237120728844
1
1
1
0.988640177518141
1
1
1
1
1
1
1
1
1
1
1
1
1
1
1
1
0.979002044346977
1
0.995947390863848
1
0.964578489430165
1
1
1
1
1
1
1
0.987888481185425
1
1
1
1
0.999287514778308
1
0.989753375820585
0.999518854391606
1
1
1
1
1
1
1
1
1
1
0.996873747994209
1
1
0.975789297388652
1
1
1
1
1
1
1
1
1
0.970410856460106
1
1
1
1
1
1
1
1
0.994433056680985
1
1
1
1
1
1
1
1
1
1
1
1
1
0.780874733091017
0.99688783647392
0.935470709120893
0.988123199385218
1
1
0.99688783647392
1
1
1
1
0.966096224083058
1
1
0.996374404959833
1
1
1
0.955482693069507
1
1
1
1
0.995084265808309
1
0.963911947717717
0.963778077963058
1
1
0.999078657446836
1
1
1
1
1
1
1
1
1
1
0.986930707709482
1
1
1
1
1
1
1
1
1
1
1
1
0.919812476935422
0.997282701148687
0.988350914505862
1
1
1
1
1
0.98324151566718
0.961304541953931
0.990356796934917
0.971640540533576
1
0.926203008141637
0.881176440889625
1
1
1
1
1
1
1
1
1
1
1
1
1
1
1
1
1
1
1
0.997546294703281
1
0.999747820086253
0.998004615445362
1
0.989860802673503
1
1
1
1
0.988808834142523
1
1
0.96977972817939
1
1
1
1
1
1
1
1
1
1
1
1
1
1
1
1
1
1
1
1
0.994417132075809
1
0.994504298998037
0.962296364701315
1
0.992402142778862
1
1
1
1
1
1
1
1
1
0.984921710498931
1
0.953131869184559
1
1
1
1
1
1
1
1
1
1
1
1
1
0.973209626801178
0.996997052181006
1
1
1
1
1
0.96729406137889
0.99085837726664
1
1
1
1
1
0.969242503031949
1
1
1
1
1
1
1
1
1
1
0.999288579812749
1
1
1
1
0.99688783647392
0.957435247643888
1
1
1
1
1
1
1
0.961705710766505
1
1
1
1
0.976913282563459
1
1
0.954601559279939
1
0.99709552712082
0.998961705957805
1
1
1
1
1
0.996997052181006
0.846798503228661
1
1
1
1
1
1
1
0.99214596328208
1
1
0.976069736434634
0.938980222882051
1
0.957617075056931
1
1
1
1
0.961304541953931
1
1
1
1
0.998923551374285
1
1
1
1
1
1
1
1
1
0.982081026331721
0.963232343582202
0.988123199385218
1
1
1
1
1
0.977575393502209
1
1
1
1
1
1
1
1
1
1
1
1
1
1
1
1
1
1
1
1
1
0.984921710498931
1
1
1
1
1
1
1
1
1
1
1
1
1
0.956815422547005
1
0.976654815102648
1
1
1
1
1
1
1
1
1
1
1
1
1
1
1
1
1
1
1
1
0.989943974655167
1
1
1
1
1
1
1
1
0.987392551777836
0.981130568495882
0.999632672382893
1
1
1
1
1
1
0.969528815852079
0.981130568495882
1
1
1
1
1
1
1
1
1
1
1
0.946781530515401
0.991838671097444
1
1
1
1
1
0.892690057804125
0.999022050113056
1
1
0.998923551374285
1
0.995084265808309
1
1
1
1
1
1
1
1
1
1
1
1
1
1
0.994227930118731
1
1
1
1
1
1
1
1
1
1
1
1
1
1
1
0.998390389198588
1
1
1
1
1
1
1
1
1
0.988640177518141
1
1
0.975269334524699
1
1
1
1
1
1
0.957891678537587
1
1
1
1
1
1
1
0.986283609498107
1
1
1
1
1
1
1
0.981091624443909
1
1
1
1
1
1
1
1
1
1
1
1
1
0.9897420532349
1
1
1
0.926993838200921
0.997931758294817
1
1
1
1
1
1
1
1
1
1
0.976759997678291
1
1
1
0.979378764786676
1
1
1
1
1
0.988123199385218
0.979378764786676
0.957768377945914
1
1
1
1
0.994660191919456
1
1
1
1
1
1
0.987446127949188
1
0.995488580302769
0.995263051816476
1
0.976096128544692
1
1
1
1
1
1
1
1
1
1
1
0.997253390731566
1
1
1
1
1
0.96977972817939
1
0.9953990217985
1
1
0.970281220109017
1
1
1
1
1
1
1
1
0.97821718461769
1
1
1
1
1
1
1
1
0.998076882744089
0.982377742935483
0.926203008141637
1
1
1
0.962296364701315
1
1
1
1
1
1
1
1
0.960287585807291
1
1
1
1
1
0.95193092195531
0.998814430875427
0.958860409481455
0.999755244807076
1
0.987979020547298
1
0.950128207832588
0.956815422547005
0.998878730562041
1
0.997691290516344
0.92060978745019
0.961615801455142
1
1
0.994433056680985
0.988594024129522
1
1
1
0.997373833518218
1
0.959143785042651
1
1
1
1
0.931541602568255
1
0.99906473455376
1
1
1
1
1
1
1
1
1
0.948979775172139
0.979191428073923
1
1
1
1
1
0.971640540533576
0.995488580302769
1
1
0.975789297388652
0.960921662544391
1
1
1
1
1
1
0.996989005354742
1
0.948979775172139
1
1
1
1
1
1
0.998928417008373
1
1
1
1
1
1
1
1
1
1
0.988123199385218
1
1
0.960281824920174
1
1
1
1
1
1
1
1
1
1
1
0.972612513030169
1
1
1
1
0.858663601597664
0.998116764432413
1
1
1
1
1
0.996984235180702
1
1
0.957891678537587
0.97756769792293
1
0.995668665441092
1
0.999752653778485
0.931880428593446
1
0.98838162180025
1
1
0.999049512571985
1
1
1
1
0.912758335231473
1
1
1
0.935470709120893
1
1
1
1
0.973388013470712
1
1
1
1
0.922887399302146
1
0.965939259705872
1
1
1
1
0.999189618669946
1
1
1
0.968747198631392
1
1
1
1
1
0.915849814414613
0.97878470495908
1
1
1
1
1
0.910782280779778
1
1
0.997373833518218
1
1
1
0.997188136601625
1
1
1
0.994678649829857
1
1
1
1
0.96743301758862
1
1
1
1
0.997083029520264
1
0.959562247994427
1
1
0.984232658847549
0.812123320526567
1
1
1
1
1
1
1
1
1
1
1
1
1
0.844819296015184
0.996085169310429
1
1
1
1
0.988350914505862
1
1
0.976429943248662
1
1
1
0.996975259810474
1
1
1
1
1
0.994832737148178
1
1
1
0.999288579812749
1
1
1
0.999666826347123
1
1
0.984442652612844
1
1
1
1
1
1
1
1
0.986052020799308
1
1
1
0.995756326030668
1
1
0.963232343582202
1
1
0.995097746103078
0.98455434018069
1
1
1
1
0.999040852777138
1
1
1
0.955847108961497
0.95193092195531
1
1
1
1
1
1
1
1
1
1
1
1
1
1
1
1
0.998004615445362
1
1
1
0.997188136601625
1
1
1
1
1
1
1
1
0.995097746103078
1
1
1
1
1
1
0.957435247643888
1
0.999599608125653
1
1
1
1
1
1
1
1
1
1
0.994227930118731
1
0.984442652612844
1
1
1
0.979708084435842
0.973651349395558
1
0.995488580302769
1
1
1
1
0.948979775172139
1
1
1
1
1
1
1
1
1
1
1
1
1
1
1
1
1
1
1
1
1
1
1
1
1
0.929193843746225
1
0.929115098215759
1
1
1
1
1
1
1
1
0.992321804674638
1
0.976069736434634
1
1
1
1
0.999599608125653
1
1
1
1
1
0.998099501127477
1
0.958448031914043
1
1
1
1
1
1
0.95193092195531
1
1
0.999871588072741
0.981309635139933
1
1
1
0.986311836209379
1
1
0.97052999399065
1
1
1
1
1
1
1
1
0.99721350211913
0.976069736434634
1
0.942924644498033
0.958984915685036
1
1
1
1
1
1
0.994660191919456
1
1
1
1
0.947975441238485
0.911669028292194
1
0.996143921837549
0.988805025042376
1
1
1
0.910292742854385
1
0.974904102848706
1
0.987877003002121
0.995097746103078
1
1
1
1
1
0.996085169310429
1
1
1
1
0.988923261865436
1
1
1
1
1
1
1
1
1
1
1
1
1
0.994185553843179
1
1
1
1
1
0.99814933311769
1
1
0.800149911472765
1
1
1
1
1
0.979650158057361
1
1
1
1
1
1
1
1
1
1
0.995509165492727
1
1
0.960455750827159
1
0.997323047928864
1
1
1
0.969504714340829
0.997118267495734
1
0.97848039189696
1
1
1
1
1
1
1
0.99933146162909
1
1
1
1
0.999287514778308
0.95919544817786
0.999032097899419
1
1
1
0.996365206211961
1
0.976096128544692
1
1
1
1
1
1
1
0.999155675949979
1
1
0.984442652612844
1
1
1
1
1
1
1
1
1
1
1
1
1
1
1
1
0.97878470495908
1
1
1
1
1
1
0.987888481185425
1
0.948570363497921
0.974436771759588
1
1
0.976069736434634
1
1
1
1
0.998966131529476
1
1
1
1
0.942924644498033
1
1
0.994433056680985
1
0.962769011125168
0.937918200289739
0.968747198631392
1
1
1
1
0.990097401548815
1
0.99721350211913
1
0.987888481185425
1
1
1
1
1
1
1
1
1
1
1
1
1
1
1
1
1
1
0.979378764786676
1
1
1
1
1
1
1
1
1
1
1
1
1
0.996374404959833
0.995649954591103
1
0.961008259520493
1
1
1
0.997159026672555
1
1
1
1
0.976654815102648
1
1
0.969189105273075
0.990097401548815
1
1
0.997323047928864
1
1
1
0.964711151571904
1
1
0.95919544817786
0.933883702036627
1
1
1
1
1
1
1
0.988640177518141
1
1
1
1
1
1
1
1
1
1
0.980009325349609
1
1
1
0.953092988777933
0.995984358130653
1
0.996997052181006
1
1
0.995904957272811
1
1
1
1
1
1
1
0.995263051816476
1
1
1
1
1
1
1
0.994211221429832
1
0.960921662544391
0.983870605663441
1
0.975269334524699
1
1
1
1
1
1
1
1
0.979191428073923
1
1
0.997281747232143
1
1
1
1
0.997630271296732
1
1
1
1
1
1
0.987952820777414
0.996975259810474
1
1
1
1
1
1
1
1
1
1
1
1
1
1
1
1
0.984442652612844
1
1
1
1
1
1
1
1
1
1
1
1
1
1
1
1
1
1
0.923954269148311
1
1
1
0.913596808068671
1
1
1
1
0.989680534155402
0.987877003002121
1
0.994641351457401
0.994160333380257
0.974904102848706
1
1
1
0.99456114440047
0.900938076344077
1
0.9897420532349
1
1
1
1
1
1
1
1
1
0.919812476935422
1
1
1
1
0.981309635139933
1
1
0.988808834142523
1
0.999821776544031
1
1
1
1
1
1
1
1
0.999155675949979
1
1
1
0.955245521831578
1
0.969242503031949
1
1
1
1
1
1
0.868852016012508
1
1
1
1
0.988244882927019
1
0.998449005357841
0.961501679713307
1
1
0.999049512571985
0.87589686626257
0.987952820777414
1
1
1
1
1
0.974436771759588
1
1
1
1
1
1
1
0.955482693069507
1
0.987446127949188
0.984960806701599
1
0.97052999399065
1
1
1
1
1
1
1
1
1
0.998768374625634
1
1
1
1
1
1
1
0.979650158057361
1
0.969242503031949
1
1
1
1
0.986538662944187
1
1
1
1
1
1
1
1
0.9328749415081
1
1
1
1
1
1
1
0.957768377945914
1
1
0.995705223843975
1
1
1
1
0.902148602252889
1
1
1
1
1
0.990356796934917
1
0.987392551777836
0.980009325349609
1
0.997282701148687
1
1
1
1
1
1
1
0.993942779202415
1
1
1
1
1
1
0.989753375820585
1
1
1
1
1
1
1
1
1
1
1
1
1
1
1
0.988244882927019
1
0.955482693069507
1
1
1
1
0.800149911472765
1
1
1
1
1
1
1
1
1
1
0.960850025507826
0.987952820777414
1
1
1
1
1
1
0.995097746103078
1
1
1
1
1
1
1
1
1
1
1
1
0.997330887528603
0.992300602801442
1
1
1
1
1
0.970253191426812
1
1
1
1
1
1
0.996997052181006
1
1
1
1
1
1
1
1
0.988640177518141
1
1
1
1
1
1
1
0.999287514778308
1
1
1
0.949146764030306
1
0.960287585807291
1
1
1
1
1
1
1
1
1
1
1
1
1
1
1
1
1
0.997253390731566
1
1
1
1
1
1
0.996143921837549
1
1
0.996711146378581
0.998116479618154
0.986283609498107
1
1
1
0.996020918287899
1
1
1
1
1
1
1
1
1
1
1
1
1
0.95193092195531
1
1
1
1
0.997323047928864
1
1
1
1
1
1
1
1
1
1
1
1
1
1
1
1
1
1
1
1
0.931541602568255
1
1
1
0.998794925805225
0.996873747994209
0.959776553098567
1
1
0.99085837726664
0.995668665441092
1
1
0.976913282563459
1
0.988854079141291
1
0.979650158057361
1
1
1
1
1
0.992472118313824
1
1
1
1
1
1
1
0.973771498108599
1
1
1
1
0.999287514778308
1
1
1
1
1
1
1
1
0.997535800467328
1
0.996020918287899
0.976759997678291
1
1
1
1
1
1
0.997238593377653
1
0.988923261865436
1
1
1
1
1
0.899003473212951
1
0.976913282563459
1
1
1
1
1
1
1
1
1
0.983835989917545
1
1
1
1
1
0.959098686354388
0.99709552712082
1
1
1
0.922567564138599
1
1
1
1
1
1
1
0.969189105273075
1
0.976069736434634
1
0.95919544817786
1
1
1
1
1
1
1
1
1
1
0.961008259520493
1
0.953330965550745
1
1
1
1
0.968116809435712
0.986283609498107
1
1
0.968995549880252
1
1
0.995689689076634
0.955245521831578
1
1
1
1
1
1
1
1
1
0.998981714210867
1
0.990801670114642
1
0.997264313972943
1
1
1
1
1
1
1
0.995488580302769
0.969189105273075
0.994021002496866
0.981486599031535
0.996020918287899
1
1
1
1
1
1
0.800149911472765
1
1
0.966096224083058
1
1
1
1
1
1
0.947911406004175
1
0.996365206211961
1
1
1
1
1
0.933484625522724
1
1
1
1
1
1
0.991571674941398
1
0.997213679006493
0.966096224083058
1
1
1
0.996374404959833
1
0.981676181797821
1
1
1
1
1
1
1
1
1
1
1
1
1
1
1
0.970967444627395
0.997118267495734
1
1
1
1
0.987446127949188
1
0.868755904005702
1
1
1
1
0.997282701148687
1
1
1
0.961501679713307
1
1
1
0.991971750608025
1
1
1
1
1
1
1
1
1
0.996315408714785
1
1
1
1
1
1
1
1
1
1
1
1
1
1
1
0.992300602801442
0.992300602801442
1
1
1
1
1
1
1
1
1
1
0.963778077963058
1
1
1
1
1
1
1
1
1
0.99085837726664
1
1
1
1
0.996997052181006
1
1
1
1
1
1
0.887137426139604
0.999007980439984
1
1
1
1
1
0.992330103322134
1
1
0.997330887528603
1
1
1
0.999007980439984
1
0.988808834142523
1
1
0.970967444627395
0.925926522995638
1
1
1
1
1
1
1
1
1
0.996365206211961
1
1
1
1
1
1
1
1
1
1
0.911669028292194
1
1
1
0.981645285942999
1
0.823437962734597
0.97052999399065
1
1
0.960921662544391
1
0.87237120728844
0.998923551374285
0.969189105273075
1
1
1
0.999710462201567
1
1
1
1
0.989317361346065
1
1
1
0.98188890099875
0.988640177518141
1
0.988970884126129
1
1
1
1
0.988123199385218
1
1
1
0.768469833169304
1
0.96729406137889
1
1
1
1
1
0.994433056680985
1
1
1
1
1
1
1
1
0.996989005354742
0.994503976613473
0.913905978431742
0.972893892974859
0.994417132075809
0.936238917151057
1
1
1
1
1
1
1
1
0.997159026672555
0.990182609748192
1
1
1
0.980691944035722
0.931880428593446
0.958395176624913
1
0.988640177518141
1
1
1
0.957768377945914
0.994211221429832
0.973771498108599
1
1
1
1
1
1
0.922567564138599
1
1
1
1
1
1
1
1
1
1
1
1
0.997028015122703
1
1
0.998966131529476
1
0.977575393502209
0.955281257094586
1
1
1
1
0.998928417008373
0.986898476336079
0.992402142778862
1
1
1
0.989753375820585
0.956693369732829
1
1
1
1
1
1
1
1
1
0.903395675071187
1
0.945015945827475
1
1
1
1
1
1
0.971126815759117
1
1
1
0.999434883588141
1
1
1
1
1
1
1
1
1
1
0.942351146647598
1
1
0.961304541953931
1
1
1
1
1
0.995947390863848
1
1
1
0.996989005354742
1
1
1
1
1
1
1
1
1
1
0.935470709120893
0.959098686354388
1
0.979002044346977
1
1
1
1
1
1
0.975269334524699
1
0.948570363497921
1
1
0.99906473455376
1
1
1
1
1
0.999040852777138
1
1
1
0.959098686354388
1
0.988808834142523
0.994433056680985
0.966797841902974
1
0.963232343582202
1
1
1
1
0.997253390731566
1
1
1
0.992300602801442
1
0.999078657446836
0.973388013470712
1
1
0.994021002496866
0.962265017060106
0.995097746103078
0.994641351457401
0.96729406137889
1
0.997188136601625
1
1
0.995649954591103
1
1
1
0.962296364701315
1
0.999982807522728
1
1
1
1
1
1
1
1
1
1
1
1
0.997630271296732
1
1
1
1
0.955847108961497
0.997253390731566
1
1
1
1
0.995904957272811
0.998945658954059
1
1
1
1
1
1
1
1
1
1
1
0.811480553568769
1
0.800149911472765
0.677977607477156
1
1
1
1
1
0.876171493692882
1
1
1
0.959368797607978
1
1
0.976654815102648
1
1
1
1
1
1
1
0.989680534155402
1
1
1
1
1
0.97821718461769
1
1
1
1
0.99814933311769
1
0.993970534473161
1
1
0.994610944076589
0.998923493551075
1
1
1
1
1
0.96977972817939
1
1
1
1
1
1
0.997118267495734
0.963911947717717
1
1
1
1
0.957617075056931
0.997546294703281
1
0.965136055656082
0.926993838200921
1
1
0.957617075056931
1
1
1
1
1
1
1
0.964711151571904
1
1
1
1
1
1
1
1
1
1
0.953556981596298
1
1
1
1
1
1
1
1
1
1
1
1
1
1
1
0.957435247643888
1
1
1
1
0.979922993870186
1
0.998878730562041
1
1
1
1
0.99688783647392
1
1
1
1
1
1
0.968116809435712
1
1
1
1
1
1
1
0.970051769940202
1
1
1
1
1
0.969189105273075
0.927602398918165
1
1
1
1
1
1
1
1
1
0.988244882927019
1
1
1
1
1
1
0.955847108961497
1
1
1
0.98455434018069
1
1
1
1
0.938980222882051
1
1
1
1
0.995845525876184
1
1
1
1
1
1
1
1
1
0.958557866933422
1
1
1
1
1
1
1
1
1
1
1
1
1
1
1
0.993942779202415
1
0.97848039189696
1
1
1
0.999813488769685
1
0.99688783647392
1
1
1
1
1
1
1
1
1
1
1
0.976913282563459
1
1
0.999040852777138
1
1
1
0.999632672382893
0.93296774840061
1
1
1
1
1
0.999446582028147
0.965558536052019
1
1
1
1
1
1
1
0.97878470495908
1
1
1
0.998153471169444
1
1
1
1
1
1
1
1
0.963456523041173
1
1
1
1
1
0.996984235180702
1
0.948979775172139
1
1
1
1
1
0.973870877418736
1
1
1
0.995904957272811
1
1
1
1
1
1
0.988123199385218
1
0.97052999399065
1
1
1
1
1
1
1
1
1
1
1
1
1
1
1
1
1
1
0.992300602801442
0.976069736434634
1
1
1
1
1
1
1
1
1
1
1
1
1
1
1
0.986296890264299
1
1
1
1
0.961559547707352
1
0.999752653778485
1
1
0.972893892974859
0.979002044346977
0.988805025042376
1
1
0.968747198631392
1
1
1
1
1
1
1
1
1
1
1
1
1
1
1
1
1
0.955245521831578
1
1
1
1
1
1
1
1
1
1
1
1
0.993970534473161
1
1
0.925926522995638
1
1
1
1
1
0.894700247580521
1
1
1
1
1
0.700737512971344
1
1
1
1
0.979191428073923
1
1
1
1
1
1
1
1
1
1
1
1
1
0.99721350211913
1
1
1
1
1
1
0.995649954591103
0.997373833518218
1
1
0.98324151566718
1
1
1
0.932442655720079
1
1
1
1
1
1
1
1
1
1
1
1
1
1
1
1
0.97848039189696
1
1
1
1
1
1
1
1
1
1
0.987941269789351
1
1
1
1
0.998928417008373
1
1
1
1
1
1
1
1
1
1
1
1
1
1
0.994850859356004
0.998834963838648
1
1
1
1
1
1
1
1
1
1
1
1
1
1
1
1
0.989776099903476
1
1
1
1
0.998966131529476
1
0.958860409481455
1
1
0.997159026672555
1
1
1
0.990944045268583
1
0.995263051816476
1
1
1
1
1
1
1
1
1
1
1
1
0.991874141230007
1
1
1
1
0.985786658171096
1
1
1
1
0.999911587961159
0.961559547707352
0.986989598333996
0.993942779202415
0.997118267495734
1
1
0.916556928209915
1
1
1
0.993942779202415
1
1
1
1
1
1
0.931541602568255
1
1
1
1
1
1
1
1
1
1
1
0.994832737148178
1
0.851907089789252
1
1
1
1
1
1
1
1
1
1
1
0.935579263469346
1
1
1
1
1
1
1
0.992321804674638
1
1
1
1
1
1
1
1
1
1
1
1
1
0.998961705957805
1
0.958557866933422
1
0.994832737148178
1
1
1
1
1
1
0.999599608125653
1
1
1
1
1
1
1
0.995668665441092
1
1
1
1
1
1
1
1
1
1
1
0.991532621481712
1
1
1
1
1
0.949146764030306
0.961953277703875
1
1
1
1
1
1
0.996468667592544
0.992541310997141
1
0.955043013199722
1
1
0.997188136601625
0.999155675949979
1
1
1
1
1
1
1
1
1
1
1
1
1
1
1
1
1
1
1
0.999548168236725
1
0.963232343582202
0.990801670114642
1
1
1
1
0.956861015904759
1
1
1
1
1
1
0.949333604305463
1
1
0.992472118313824
0.782906545868934
1
0.963232343582202
1
1
0.940258710212739
1
1
0.999742518463517
1
1
1
1
0.959143785042651
1
1
0.959098686354388
0.996873747994209
0.95193092195531
1
1
1
1
1
1
1
1
1
1
1
1
0.997323047928864
0.975283453831074
0.988244882927019
1
1
1
1
1
1
1
0.947975441238485
0.953092988777933
1
1
0.999747820086253
1
0.980636453157063
1
1
1
1
1
1
0.999747820086253
1
1
1
1
1
0.955482693069507
1
1
1
1
1
1
1
1
1
1
0.958557285496848
1
1
1
1
0.96743301758862
1
1
0.987392551777836
1
1
1
1
1
1
1
1
1
1
0.994610944076589
1
1
1
1
0.953403401616945
1
1
1
1
1
1
1
0.997373833518218
1
1
0.994227930118731
1
1
1
1
1
0.999640243352499
1
1
0.976069736434634
1
1
1
1
1
0.970253191426812
1
1
1
1
1
1
1
1
1
1
1
1
1
1
1
1
0.976759997678291
1
0.985691648246526
0.958777492533297
1
1
1
1
1
1
1
1
1
1
1
1
0.99721350211913
1
1
0.986930707709482
1
0.910210471897931
1
1
1
1
0.969189105273075
1
1
1
1
1
0.991532621481712
1
1
1
0.912989183581043
1
1
1
1
1
1
0.988455799822315
1
0.999007980439984
1
1
1
1
1
1
1
1
1
1
1
1
0.987392551777836
1
1
1
1
0.986930707709482
0.9714079837622
1
1
1
0.95919544817786
0.920221997197211
1
0.976069736434634
0.902148602252889
1
1
1
1
1
1
0.995689689076634
0.959776553098567
0.976759997678291
1
1
1
1
0.96977972817939
1
1
0.931893173584584
0.998834963838648
1
1
1
1
1
0.941095302654712
1
1
1
1
1
1
1
1
1
1
1
1
1
1
1
1
1
1
1
1
1
1
1
1
1
1
1
0.929115098215759
1
1
1
1
1
1
1
1
1
1
1
1
0.99102641158354
0.981797281756644
0.976942026848755
1
1
1
1
1
1
1
1
1
0.973651349395558
0.99814933311769
1
0.959368797607978
1
1
1
1
1
0.976096128544692
1
1
1
1
1
1
1
1
1
1
1
1
1
0.876171493692882
1
1
1
1
1
1
1
1
1
1
1
1
1
1
0.964053351328526
1
1
1
0.979378764786676
0.998734351334403
0.997330887528603
1
0.999032097899419
1
1
1
1
1
1
1
1
1
1
1
1
1
1
1
1
1
1
1
1
1
1
1
1
0.979002044346977
1
1
0.986311836209379
1
1
1
1
1
1
1
1
0.997206802726258
1
1
0.986283609498107
0.959098686354388
0.92943431073628
0.999640243352499
1
1
1
1
0.99906473455376
1
1
1
1
1
1
1
1
1
1
1
1
1
1
1
1
0.994021002496866
1
1
1
1
1
1
1
1
0.995947390863848
1
1
1
1
1
1
1
1
0.986509775777049
1
1
1
1
1
0.995084265808309
1
1
1
0.880378066631456
1
1
1
1
1
1
1
0.959360306879414
1
1
0.957617075056931
1
1
1
1
0.941095302654712
1
1
0.991298948027293
1
1
1
0.986745907242282
1
1
0.868702592784154
1
1
1
1
0.997282701148687
1
1
1
1
0.973209626801178
1
0.969504714340829
1
1
1
0.939296229433529
1
1
1
1
1
1
1
0.998961705957805
1
0.987446127949188
1
1
1
1
1
1
1
1
0.97878470495908
1
1
1
0.969189105273075
0.97052999399065
1
0.969242503031949
1
0.976654815102648
1
1
1
0.995904957272811
1
1
0.988640177518141
1
0.993270676445307
1
1
0.963116460403768
1
0.996020918287899
1
0.899214955427478
1
1
1
1
1
1
1
1
1
1
0.972893892974859
1
1
1
1
1
0.998945658954059
1
1
1
1
1
1
0.980636453157063
1
1
0.957891678537587
1
1
1
1
1
1
1
1
0.970967444627395
1
1
1
1
1
1
1
1
1
1
1
1
1
1
1
1
1
1
1
1
1
1
1
1
1
1
1
1
1
1
1
0.999078657446836
1
1
1
1
0.994545109873563
1
1
1
0.966367814608901
1
1
1
1
0.989317361346065
0.980009325349609
1
1
0.942924644498033
1
0.994211221429832
0.959562247994427
0.957044278106181
1
1
1
1
1
1
1
1
1
0.959360306879414
1
1
0.994227930118731
1
0.994423901212506
0.998004615445362
1
1
1
0.994746732149486
1
1
0.999078657446836
1
0.99814933311769
1
1
1
1
1
1
0.698640229841846
1
1
1
1
1
0.999007980439984
1
1
1
1
1
0.994503976613473
1
1
1
1
1
1
0.946781530515401
1
1
1
1
1
1
1
0.997253390731566
0.976429943248662
0.988123199385218
0.999755244807076
1
1
1
1
0.976942026848755
1
1
0.977479702153316
1
0.979776148801168
1
1
0.788195552742826
1
1
1
1
1
0.997238593377653
1
1
0.994227930118731
1
1
0.968116809435712
1
1
1
1
1
1
1
1
0.994504298998037
1
1
0.979708084435842
1
1
0.925804839733648
1
1
1
1
1
1
1
1
0.931893173584584
1
1
0.957768377945914
0.973209626801178
1
1
1
1
0.972893892974859
1
1
1
1
1
1
1
1
1
1
1
1
0.988854079141291
1
1
1
0.996873747994209
1
1
1
1
1
0.990944045268583
1
1
1
0.979191428073923
0.995097746103078
1
1
0.995509165492727
1
0.997188136601625
1
1
1
1
1
1
1
1
1
1
1
0.963232343582202
1
1
1
1
1
1
1
1
1
1
1
1
0.926993838200921
1
0.996015457805949
1
1
1
1
1
1
1
0.996374404959833
1
1
0.997306452603944
1
1
1
1
1
1
1
1
1
1
0.998076882744089
1
1
0.992541310997141
1
1
0.98574145266751
1
0.984921710498931
1
1
1
0.97878470495908
1
1
1
1
1
1
0.98013448994346
0.945459891297838
1
0.972012269704559
1
1
1
1
0.993775156168446
1
0.976096128544692
1
1
1
1
0.982081026331721
1
0.981676181797821
1
1
1
1
1
1
1
1
1
1
1
1
1
1
0.987446127949188
1
0.986283609498107
0.957891678537587
1
1
0.992321804674638
1
1
1
1
1
1
1
1
1
0.986296890264299
1
0.996975259810474
1
1
1
1
0.988808834142523
1
1
1
1
0.976913282563459
1
1
1
1
0.997330887528603
1
1
1
1
1
0.99996723859088
0.996295769979983
1
1
1
1
1
1
0.994433056680985
1
1
1
1
1
1
1
1
1
1
0.976682680785688
1
1
0.97848039189696
0.999317380125621
0.976847999439121
1
1
1
1
1
1
1
1
1
1
1
0.961501679713307
0.997935330522015
1
1
1
1
0.999155675949979
1
1
1
1
1
1
1
1
1
0.979650158057361
1
1
1
1
0.996079173039216
1
1
1
1
1
1
1
1
1
0.900037253286142
1
0.994211221429832
1
0.998116479618154
1
1
1
1
1
0.949154585079147
1
1
1
1
1
1
1
1
1
1
1
1
1
1
1
0.998923493551075
1
0.963778077963058
1
1
1
1
1
1
1
1
1
1
1
1
0.943167074859223
1
1
1
1
1
1
1
1
1
1
0.980009325349609
1
1
1
1
1
0.935470709120893
0.935470709120893
1
1
1
1
1
1
1
0.996365206211961
0.972617602086779
1
0.980009325349609
1
1
1
1
1
1
1
1
0.984960806701599
1
1
1
1
1
1
1
1
1
1
1
1
1
1
0.99835075139532
1
1
1
1
1
1
1
1
1
0.979922993870186
1
1
0.995649954591103
0.972893892974859
1
1
1
1
1
1
1
1
1
0.681579862826006
1
1
1
1
0.947911406004175
1
1
1
1
1
1
0.998923493551075
1
1
1
0.999747820086253
0.999674433441674
1
0.965952252896362
1
1
0.999007980439984
1
1
1
0.960139260363209
1
1
1
0.998387032730442
0.987446127949188
1
1
1
1
1
1
1
1
0.970281220109017
1
1
0.994185553843179
1
1
1
1
1
1
1
1
1
1
1
1
1
1
1
0.988640177518141
1
0.995649954591103
1
1
1
1
1
1
1
1
0.996085169310429
1
1
1
1
1
1
0.957891678537587
1
1
1
1
1
1
1
1
1
1
0.995947390863848
1
1
1
1
1
1
0.926203008141637
0.961304541953931
1
0.998966131529476
1
0.919812476935422
1
0.987979020547298
1
1
1
1
1
1
1
0.99025908082551
1
1
1
1
1
1
1
1
1
1
1
1
1
1
0.998834963838648
1
0.991571674941398
0.931541602568255
1
0.981191854829862
1
1
1
1
1
1
1
1
1
1
1
0.961863521049982
1
0.920221997197211
1
0.957617075056931
0.870446614814437
1
0.997213679006493
1
1
1
1
1
0.988350914505862
1
1
1
1
1
1
0.947975441238485
1
0.924390550864928
1
0.999742518463517
1
1
1
1
1
1
1
1
1
1
1
1
1
1
0.986052020799308
1
0.998153471169444
1
1
1
0.988640177518141
1
1
1
1
1
1
1
1
1
1
1
0.997323047928864
1
1
1
1
1
1
1
1
1
1
0.976069736434634
1
1
0.999983504240835
1
1
1
1
1
1
0.99975279375898
1
1
1
1
1
1
1
1
1
0.938980222882051
1
1
1
1
1
1
0.999742518463517
0.976970719076361
0.960498048517256
1
1
0.979684953992341
0.95919544817786
0.994433056680985
1
1
1
0.983870605663441
1
1
1
1
1
1
1
1
1
1
1
1
1
1
1
0.992271227397365
1
0.931541602568255
0.973209626801178
1
1
1
1
1
1
1
1
1
1
0.947261351681932
0.994850859356004
1
1
1
0.959562247994427
1
1
0.973388013470712
0.996085169310429
1
0.87399547945919
1
1
1
0.992330103322134
1
1
1
1
1
1
1
1
1
1
1
0.993970534473161
1
0.973209626801178
0.993970534473161
1
0.997021211487202
0.995097746103078
1
1
1
1
1
0.984921710498931
1
0.999155675949979
1
1
1
1
1
1
1
1
1
1
1
1
0.964898179660838
0.995585924902784
1
1
1
0.997931758294817
0.995097746103078
1
1
0.924390550864928
0.997253390731566
1
0.920221997197211
1
1
1
1
1
0.930035416759701
1
0.925610608819628
1
1
0.995224792907851
1
1
1
1
1
1
1
1
1
1
1
1
1
1
1
1
0.996989005354742
0.799045134135262
1
1
1
1
1
0.999753965183495
0.997630271296732
1
0.984998382765118
1
1
1
0.987392551777836
0.99709552712082
1
0.851907089789252
1
1
1
1
1
1
1
1
1
0.86595580632703
1
1
1
1
0.998928417008373
1
1
1
0.931908958115447
1
1
0.994160333380257
1
1
1
1
0.860726116828704
1
1
1
1
1
1
0.995263051816476
1
0.99688783647392
1
1
1
0.984442652612844
1
0.857638761112199
0.978897002041129
1
1
1
1
1
1
1
1
1
1
1
0.92296353264917
1
1
1
1
0.987979020547298
1
0.993270676445307
0.999317380125621
1
1
1
1
1
1
0.997477723782224
1
1
1
1
1
1
1
1
1
1
0.996873747994209
1
1
1
0.99814933311769
1
1
1
1
1
1
0.988123199385218
1
1
1
1
1
1
1
0.977575393502209
0.924390550864928
1
1
1
1
1
1
1
1
1
1
1
1
1
1
1
1
0.980009325349609
1
1
1
1
0.998449005357841
1
0.984921710498931
1
0.989317361346065
1
1
1
0.98455434018069
1
1
1
1
1
0.987952820777414
1
1
1
1
1
1
1
0.997281747232143
1
1
1
0.97052999399065
1
1
1
1
1
1
1
0.98013448994346
0.956631184431878
1
1
1
0.945459891297838
1
1
1
1
1
0.994417132075809
1
1
1
1
1
1
0.994825857261813
1
0.803656825991545
1
0.995904957272811
1
1
0.999049512571985
0.971685711617193
1
1
1
0.993270676445307
0.990182609748192
1
1
0.99776633994738
1
1
0.989860802673503
1
1
1
0.98455434018069
0.962472726282304
1
1
0.931893173584584
1
1
1
1
1
1
1
0.979776148801168
0.999022050113056
1
0.996997052181006
1
1
1
1
1
0.926993838200921
1
0.958860409481455
1
1
1
0.96743301758862
0.956693369732829
1
1
1
1
1
1
1
1
1
1
1
0.975269334524699
1
1
1
1
1
0.957617075056931
1
1
1
1
1
1
1
1
1
0.989804913569466
1
0.999287514778308
1
1
1
0.963232343582202
1
1
1
1
1
1
1
1
1
1
1
1
1
1
0.997323047928864
0.959360306879414
1
0.98324151566718
1
1
1
0.998791757519465
1
1
1
1
0.998116479618154
1
1
1
1
0.996873747994209
1
1
1
1
1
1
1
1
1
1
1
1
1
0.987446127949188
0.997118267495734
1
0.996085169310429
1
0.993387722744877
1
1
1
0.999508725343569
0.955359295377549
0.984921710498931
1
1
1
1
0.976429943248662
1
1
1
1
1
0.987362727820666
1
1
1
1
1
1
1
1
1
1
1
1
0.999007980439984
1
1
0.99906473455376
0.997691290516344
1
0.972617602086779
0.999446582028147
1
1
0.961705710766505
1
1
1
1
1
0.990227774294058
0.99688783647392
1
1
1
1
1
1
1
1
1
1
1
1
1
1
1
0.972893892974859
1
1
0.996873747994209
1
1
1
1
0.998966131529476
0.988455799822315
1
1
0.976654815102648
1
1
1
0.994227930118731
1
1
1
1
1
1
1
1
1
1
1
1
1
1
1
0.997264313972943
1
1
1
1
1
1
0.995984358130653
1
1
0.999619753009332
1
1
0.959926886884489
1
1
1
1
1
1
0.991353406615514
1
0.951415619339639
1
1
0.997323047928864
1
1
1
1
1
1
0.986052020799308
1
1
1
1
1
1
1
1
1
1
1
1
1
1
1
0.959926886884489
1
1
1
0.96977972817939
0.994278232671813
1
1
1
0.997213679006493
1
1
1
1
1
1
1
1
1
1
0.990356796934917
1
1
1
1
1
1
0.957701138017989
1
1
1
1
1
1
1
1
0.99906473455376
1
1
0.998923551374285
1
1
1
1
1
0.988808834142523
1
1
0.966248961566801
1
1
1
1
0.996020918287899
1
1
1
1
1
1
1
1
0.998004615445362
1
1
1
1
0.99721350211913
1
1
1
1
1
1
0.999446582028147
1
1
1
1
1
1
1
1
1
1
0.942351146647598
1
1
1
1
1
1
0.978997657409327
1
0.997188136601625
1
1
1
1
0.997630271296732
1
1
1
1
1
1
1
0.994227930118731
1
1
1
1
1
1
1
1
1
1
1
1
1
1
1
1
1
1
1
1
1
1
1
1
0.975113646217616
1
1
1
1
1
1
1
1
1
1
1
1
1
1
1
0.999742518463517
1
1
1
0.976069736434634
1
1
0.955847108961497
0.961559547707352
1
1
1
1
1
1
1
1
0.99250345618369
0.97052999399065
1
1
1
0.980881460955617
1
0.992300602801442
1
1
0.930035416759701
1
1
1
1
1
1
1
1
1
1
1
1
0.986989598333996
1
0.878154327005557
1
0.997083029520264
0.967438605702933
1
1
1
1
0.941095302654712
1
1
1
1
0.983643369650603
0.999928119256758
1
0.995488580302769
1
0.977479702153316
0.913596808068671
1
1
1
1
0.999747820086253
1
1
1
0.923234633633076
0.935470709120893
0.996906638485097
1
1
0.997330887528603
1
0.95919544817786
1
1
1
1
1
1
1
1
1
1
1
1
0.986283609498107
1
1
1
1
1
0.987392551777836
1
1
1
1
0.931618539575182
0.998923493551075
1
0.998923493551075
0.998923493551075
1
1
1
0.973388013470712
1
1
1
1
1
1
1
0.976913282563459
1
1
1
0.976913282563459
1
0.973651349395558
1
1
1
1
1
0.99025908082551
0.9897420532349
1
1
1
1
1
1
1
0.999954500991685
1
1
1
1
0.960921662544391
1
1
0.996984235180702
1
1
1
1
1
1
0.988808834142523
1
0.99721350211913
0.995649954591103
1
1
0.997021211487202
1
1
1
1
1
1
0.956299321751388
1
1
1
1
0.961304541953931
0.977479702153316
1
1
1
1
0.931618539575182
1
1
1
1
1
1
1
1
1
1
1
1
1
1
0.999007980439984
1
0.988808834142523
1
1
1
0.920221997197211
1
1
1
1
1
1
0.997546294703281
1
1
1
0.997118267495734
1
1
0.997413108633528
1
1
0.995904957272811
0.994423901212506
1
1
1
1
1
1
1
1
1
1
1
1
1
1
1
1
1
1
0.999288579812749
1
1
0.947261351681932
1
1
1
1
1
1
1
1
1
1
1
0.966797841902974
1
0.998791757519465
1
0.956269812554805
1
0.987952820777414
1
1
1
1
1
1
1
1
0.999022050113056
1
1
0.977575393502209
1
1
1
0.953092988777933
1
1
1
1
1
1
1
1
1
1
1
1
1
1
1
1
1
1
1
1
1
1
1
1
1
1
1
1
1
1
0.962635744446292
0.849981544917127
1
1
1
1
0.963456523041173
1
1
1
1
1
1
1
0.913596808068671
1
1
1
1
1
1
1
1
1
1
1
1
1
1
1
1
1
1
1
1
0.984442652612844
1
1
0.994746732149486
1
0.92296353264917
1
1
1
1
1
1
0.942924644498033
1
1
1
1
1
1
1
1
1
1
1
0.988350914505862
1
1
1
1
1
0.996890500908771
1
1
1
1
1
1
1
1
1
1
1
0.951634459087191
1
1
1
1
1
1
1
1
1
0.953540030724259
1
1
1
0.959368797607978
1
1
0.997756081618751
1
0.944355788878503
1
1
0.998928417008373
1
1
1
1
1
1
1
1
1
0.92296353264917
0.988640177518141
1
1
1
1
1
1
1
1
1
1
1
1
1
1
0.992774014649599
0.996975259810474
1
0.791436544709712
1
1
1
1
1
1
0.919812476935422
1
1
1
1
1
1
1
0.899214955427478
1
1
1
0.999032097899419
0.995904957272811
1
1
1
0.999864038893092
0.986989598333996
1
1
1
1
1
1
1
1
1
1
1
1
1
0.924390550864928
1
1
0.999446582028147
0.992300602801442
0.986182679823013
1
1
0.994211221429832
0.998966131529476
1
0.997188136601625
1
1
1
1
0.986989598333996
1
0.952814404282568
0.979191428073923
1
1
1
1
0.648117333914925
1
1
1
1
1
1
1
1
1
1
1
0.997282701148687
1
1
1
1
0.998449005357841
1
1
0.968747198631392
1
1
0.96729406137889
1
1
1
1
0.999078657446836
1
1
1
1
1
1
1
0.806857270132123
1
1
1
1
1
1
0.961128766256598
1
0.994740793487792
1
1
1
0.987888481185425
0.957891678537587
0.959368797607978
1
1
1
1
1
1
1
0.995129242391559
1
1
1
1
1
1
1
1
1
1
1
1
1
1
1
1
1
1
0.838182909811626
1
1
1
1
1
0.988350914505862
1
1
1
1
1
1
1
1
1
1
1
1
1
1
1
1
1
0.996984235180702
0.993387722744877
1
1
0.997253390731566
1
1
1
1
1
1
1
1
1
1
1
1
1
1
1
1
1
1
1
1
0.967607816774362
1
1
0.981676181797821
1
1
1
1
1
0.976654815102648
1
1
1
1
0.972893892974859
1
1
1
1
1
1
1
1
1
1
1
1
1
1
1
1
1
1
1
1
1
0.99975279375898
0.956631184431878
1
1
1
0.995097746103078
1
1
1
0.996514877235554
1
1
1
1
1
0.968747198631392
1
1
1
0.991353406615514
1
1
0.943167074859223
1
1
1
1
0.98664052133697
1
1
1
1
1
1
0.975269334524699
0.957891678537587
0.998923551374285
1
1
1
1
1
0.996085169310429
1
1
1
1
1
1
0.997691290516344
0.957891678537587
1
1
0.993970534473161
1
1
1
1
1
1
1
1
1
0.935470709120893
1
1
0.975283453831074
1
0.99456114440047
0.984442652612844
1
1
1
0.997323047928864
1
0.916556928209915
1
1
1
1
1
1
1
0.958557866933422
0.997159026672555
0.975269334524699
1
0.976759997678291
1
1
1
1
1
1
0.996873747994209
1
1
1
0.936817966329986
1
1
1
1
0.962472726282304
1
1
1
1
1
1
1
0.976913282563459
0.984043889611957
1
1
1
1
1
1
0.993270676445307
1
0.994417132075809
1
0.895605747423319
1
0.966248961566801
1
1
1
1
1
1
1
1
0.931893173584584
1
1
1
1
1
1
0.942351146647598
0.969656562262386
0.858730930108516
1
1
1
1
1
1
1
1
1
1
1
1
1
1
0.929115098215759
1
1
1
0.989753375820585
1
1
0.994227930118731
1
0.996873747994209
0.998878730562041
1
1
1
0.991874141230007
0.993705856341424
1
1
1
1
1
0.963490690895923
1
0.992472118313824
1
1
1
1
1
1
1
0.958860409481455
1
1
1
1
0.955281257094586
1
1
1
1
1
1
1
0.975269334524699
1
1
0.945113977803331
1
1
1
1
1
0.96743301758862
1
1
1
1
1
1
1
1
1
0.959360306879414
1
1
1
1
0.991874141230007
1
0.957768377945914
0.922686427655407
0.957519031739936
0.994641351457401
1
0.9953990217985
0.994227930118731
1
1
1
1
1
0.979708084435842
0.988455799822315
1
1
1
1
0.959562247994427
1
0.981191854829862
1
1
1
1
1
0.984921710498931
1
1
1
1
0.99709552712082
1
1
1
1
0.997931758294817
1
1
1
1
0.989753375820585
1
1
0.997206802726258
1
0.99906473455376
1
1
1
1
1
0.995930230937713
1
1
0.990182609748192
1
1
1
1
1
1
1
1
1
1
1
1
1
0.996020918287899
0.988805025042376
1
1
1
1
1
0.966797841902974
1
1
1
1
1
1
1
0.936813726819997
1
1
0.973771498108599
1
1
1
1
1
0.974979488159767
1
1
1
1
1
1
1
1
1
1
1
1
1
1
1
1
1
0.995705223843975
1
0.994610944076589
1
0.998390389198588
1
0.941095302654712
1
0.95193092195531
1
1
1
1
1
1
0.997691290516344
0.961953277703875
1
1
0.997213679006493
0.996365206211961
1
1
0.966096224083058
1
1
1
1
1
0.922567564138599
1
0.996997052181006
1
0.996997052181006
1
0.98958387358937
1
1
1
1
1
0.97878470495908
1
1
1
1
0.964711151571904
1
1
0.980924859329079
1
0.953540030724259
1
1
1
1
1
1
0.997367985517714
1
1
1
1
1
0.992300602801442
1
1
1
1
1
0.957701138017989
1
1
1
1
0.997118267495734
1
1
0.956299321751388
1
1
1
1
1
1
1
1
0.995097746103078
1
1
0.913596808068671
0.997373833518218
1
1
1
1
1
0.996391272835897
1
1
1
1
1
1
1
0.999742518463517
0.989435496183658
1
1
1
1
1
0.979191428073923
1
1
1
1
0.99973268609576
1
1
1
1
1
1
1
1
0.930636626534775
0.995845525876184
1
1
0.996997052181006
1
0.996487617708758
1
1
1
0.99709552712082
0.994746732149486
1
1
1
1
1
0.962472726282304
1
1
1
1
1
1
0.963778077963058
1
0.975269334524699
1
1
1
1
1
1
0.968747198631392
1
1
1
0.998099501127477
1
0.96729406137889
1
0.997282701148687
0.999155675949979
1
1
0.947911406004175
1
1
1
1
1
1
1
1
1
1
1
0.698640229841846
1
0.951634459087191
1
1
1
1
1
1
1
1
1
1
0.921209838526268
1
1
1
1
1
1
1
1
1
1
1
0.999007980439984
1
1
0.998076882744089
1
1
0.999518854391606
1
1
1
1
1
1
0.997264313972943
1
1
1
1
0.970051769940202
1
1
1
0.995904957272811
1
1
1
1
1
0.996085169310429
0.947975441238485
0.997546294703281
1
1
1
1
1
1
1
1
1
1
1
1
0.97052999399065
0.993970534473161
0.996514877235554
0.948970750688298
1
0.995668665441092
1
1
0.994227930118731
0.773333002581062
1
1
1
1
0.998961705957805
1
0.941989503152154
1
1
1
0.958860409481455
1
1
1
1
1
1
1
1
0.761147020298559
1
0.994423901212506
1
0.979002044346977
1
1
0.960498048517256
0.997206802726258
0.955317511675687
0.947261351681932
1
1
1
1
1
1
1
1
0.957701138017989
1
0.994442542797518
1
1
1
1
1
1
0.97527086126792
1
0.996476644412911
1
1
1
0.966096224083058
0.966248961566801
1
1
1
0.998236110539617
0.990182609748192
1
1
1
1
0.923954269148311
0.994678649829857
0.999755244807076
1
1
1
1
0.970967444627395
1
1
0.968747198631392
1
1
1
1
1
1
0.96743301758862
1
0.995097746103078
1
1
1
1
1
1
1
1
0.978997657409327
0.957701138017989
1
1
1
1
1
0.999040852777138
1
1
1
0.988123199385218
1
1
1
1
1
1
1
1
1
1
1
1
1
1
1
1
1
1
1
1
0.961304541953931
1
0.998153471169444
1
1
1
1
1
1
1
1
1
1
0.941095302654712
1
1
1
0.947975441238485
1
1
0.987509593076066
0.99085837726664
0.997118267495734
1
1
1
1
1
1
1
1
1
1
1
0.986296890264299
1
1
0.944965457529147
1
0.953092988777933
1
1
0.995689689076634
0.768928260571833
0.939466214571036
1
1
1
0.978897002041129
1
0.997188136601625
0.959368797607978
1
1
1
1
1
1
1
1
1
1
1
0.99709552712082
1
0.973209626801178
1
1
1
1
1
1
0.898942478944942
0.987392551777836
0.967766874956031
1
0.992662881138372
1
1
1
0.975283453831074
1
1
1
0.959562247994427
0.982541197873182
0.961008259520493
1
1
1
1
1
1
1
1
1
1
1
1
1
1
1
1
0.973209626801178
1
0.996997052181006
1
1
1
1
1
1
1
1
1
1
1
1
1
1
1
1
1
1
1
1
1
1
1
1
1
1
1
1
0.996514877235554
1
1
1
1
1
1
1
1
1
1
0.979684876609083
1
1
1
1
1
1
1
1
1
1
0.984921710498931
1
1
1
1
1
1
1
1
1
1
1
1
1
1
1
1
0.986898476336079
1
1
1
1
1
1
0.940258710212739
1
0.99721350211913
0.997756081618751
1
1
1
1
1
1
1
1
1
0.995263051816476
1
1
1
1
1
1
1
1
1
1
1
1
1
1
0.956631184431878
1
1
1
1
1
1
1
1
1
1
1
1
1
1
1
1
1
1
1
1
1
0.951415619339639
1
1
1
1
0.917724117260254
1
1
1
1
1
1
1
1
1
1
1
0.962472726282304
0.997188136601625
1
1
1
0.963911947717717
0.997118267495734
1
1
1
1
1
1
1
1
1
1
1
0.974979488159767
1
1
1
1
0.982541197873182
1
1
1
1
1
1
1
1
0.943167074859223
0.976096128544692
1
1
0.915849814414613
1
1
1
1
1
1
1
1
1
1
1
1
1
1
1
1
1
1
1
1
1
0.870446614814437
1
0.958557866933422
1
1
1
0.955281257094586
1
1
1
1
1
1
0.99814933311769
1
0.967438605702933
1
1
1
1
1
1
0.963911947717717
0.994227930118731
1
1
0.994442542797518
1
1
0.996975259810474
1
0.994417132075809
1
1
1
1
1
1
0.977479702153316
0.993942779202415
0.957768377945914
1
0.986989598333996
0.976759997678291
1
1
0.961128766256598
1
1
0.995084265808309
1
1
1
0.999287514778308
1
1
1
1
1
1
0.994433056680985
1
1
1
0.979684876609083
1
1
1
1
0.939296229433529
1
1
1
1
1
1
1
1
1
1
0.999032097899419
1
0.98838162180025
1
1
1
1
1
1
1
0.996365206211961
1
1
1
1
1
1
1
1
1
0.992330103322134
1
0.957044278106181
1
1
1
0.996020918287899
0.966797841902974
1
0.973388013470712
1
1
1
0.966141274756243
1
1
1
1
1
1
0.961559547707352
1
1
1
0.982081026331721
1
1
1
1
1
1
1
1
1
1
1
0.935470709120893
1
0.997931758294817
1
1
1
1
0.961128766256598
0.99688783647392
1
0.989753375820585
1
1
0.993387722744877
1
1
1
1
1
1
1
1
1
1
1
0.934655643740249
1
1
0.988574216413744
1
1
1
1
0.997253390731566
1
1
1
1
0.881176440889625
1
1
1
1
1
1
1
1
1
1
1
1
1
1
0.885415382325671
1
1
1
1
1
1
1
1
1
1
1
1
1
1
0.996020918287899
1
1
1
0.942924644498033
0.988244882927019
1
1
0.962635744446292
0.996015457805949
0.995913875486711
0.997457835964797
0.994610944076589
1
1
0.926993838200921
0.96743301758862
1
0.868852016012508
0.998923551374285
0.852170556019037
0.97756769792293
0.920321876100463
1
1
0.959360306879414
1
1
1
1
1
0.998004615445362
0.991353406615514
0.955281257094586
1
