x
0.999997545219506
1
1
0.989170858213715
1
1
1
1
1
1
0.948615337060675
1
1
1
1
1
0.99071930164415
1
0.976259993187974
1
1
1
1
1
1
1
0.875058028279855
1
1
1
0.999946283352563
0.999892054192028
0.9842770716555
0.976259993187974
0.965385644412944
0.999822809658989
1
0.993472984392964
1
1
1
0.878305823879939
0.999977204072671
1
1
1
1
0.840815326242664
1
1
0.999865725040065
1
1
0.933137371610349
1
1
0.983081246214394
0.999870899106702
1
1
1
1
1
1
1
1
1
0.980080807533715
1
1
1
0.959030035839347
1
1
1
1
1
1
1
1
1
1
1
0.930104202486406
1
1
1
1
1
1
1
1
1
0.986711912399609
1
1
0.997613711014173
1
0.999557481706251
1
1
1
1
1
1
1
0.856325226798581
1
1
1
1
1
1
1
1
1
1
1
0.958905988540248
1
0.999915550675289
0.999813782421028
0.825137296724003
1
1
1
1
0.999700635615036
1
0.878305823879939
1
1
1
1
1
1
0.913697191025837
1
1
1
1
1
0.999913973156911
0.993472984392964
0.999590296400482
1
1
0.9733728078868
1
0.991500462385666
1
1
1
1
1
0.995080719865789
1
1
0.954123048988041
1
1
1
1
1
1
1
0.989554812187482
0.99985550352679
0.999982872974684
1
1
1
1
1
1
0.999889019055327
1
1
1
1
1
0.968594557543172
0.976013322060543
1
1
1
1
0.990071116459723
1
1
1
0.98465822679187
1
1
0.962625429435092
1
0.982575403889628
1
0.968055742240602
1
0.999754613223733
1
1
1
0.999947516250807
1
1
0.989036174828429
1
1
1
1
1
1
1
1
1
0.933137371610349
1
1
0.998568280486482
1
1
1
1
1
0.999703297833987
1
1
1
0.99467306293937
0.999982636338607
1
0.99985550352679
0.995241975136501
1
1
1
1
1
1
1
1
1
1
1
1
1
1
1
1
1
1
1
1
1
1
1
1
1
1
1
1
1
0.995837897444955
1
1
1
1
1
1
1
1
0.986997614584451
1
1
1
0.995314113033563
1
0.991500462385666
1
0.997075121861978
1
1
1
1
0.999901875567627
1
0.98465822679187
1
0.984088498852966
1
1
1
1
1
1
0.973293378982846
1
1
1
1
0.882908160848064
1
1
0.999740778033973
1
1
1
1
1
1
1
1
1
1
1
1
1
0.987656072672048
1
0.983081246214394
1
1
0.999933547585465
1
0.996600942438314
1
0.936108089346206
1
1
1
1
1
1
1
1
1
1
1
1
1
1
1
0.994979364480191
1
1
1
1
1
0.957287143904772
1
1
1
1
1
1
1
1
1
1
1
1
1
0.991664265187387
0.999075197953143
1
1
0.958029547509629
1
1
0.999999551742139
1
1
1
1
1
1
1
1
1
0.77349792315174
1
1
1
1
1
1
1
1
1
1
1
0.986711912399609
1
1
1
1
1
1
1
1
0.999803569358445
1
1
0.997613711014173
0.645951092580557
1
1
0.865063992103225
1
1
0.958502503754675
1
1
1
0.817051822099156
1
1
1
1
1
1
1
1
1
1
1
1
1
1
1
0.999977204072671
1
1
0.92442192910719
1
1
1
1
0.988141823635802
1
1
1
1
1
1
1
1
1
0.974452612939141
1
1
1
1
1
1
1
0.988810994294415
1
1
1
1
1
1
1
0.903472576283643
0.99973346782439
1
1
1
1
1
1
0.999703297833987
1
1
0.998298660245747
1
1
0.996600942438314
1
1
0.999998247894285
1
1
1
1
0.975595710905501
1
0.999866785253805
1
1
1
0.988141823635802
0.979884170075077
1
1
1
1
1
1
1
1
1
1
1
1
0.999951618041273
1
1
1
1
1
0.898910185738188
1
1
1
1
1
1
0.999997493132854
1
1
1
0.999934371797123
0.999919032236294
1
1
1
1
1
1
1
1
1
0.999607013382951
1
1
1
1
1
1
1
1
1
1
0.9999787078661
1
1
0.935819003844503
1
1
1
1
1
1
1
1
1
1
0.981963943511504
1
1
1
1
1
0.979884170075077
1
1
0.999998770754173
1
1
1
1
1
1
1
1
0.983081246214394
1
1
1
0.99071930164415
1
1
0.960402750338695
0.999985071936363
1
1
1
0.938662732397049
0.981223693686744
0.998737510385536
1
1
1
1
1
0.997925528855107
0.999397568364703
1
1
1
1
1
0.981223693686744
1
1
1
1
1
1
1
1
1
0.995314113033563
1
1
1
1
1
1
1
0.877428090193466
1
1
1
0.999740778033973
1
1
0.938662732397049
1
1
1
1
1
1
1
1
1
1
1
0.983081246214394
1
1
1
1
0.999945910064987
1
1
1
1
1
1
1
0.988973229192769
0.999813782421028
1
0.980452685710975
1
1
1
1
1
0.994474183305056
1
1
1
1
1
1
1
1
0.999802245688225
1
1
1
0.986454163096483
1
0.989789901037627
0.980452685710975
1
1
1
1
0.997613711014173
1
1
1
1
1
1
1
1
1
1
0.990071116459723
0.968358497761161
1
0.999075197953143
1
0.979884170075077
1
1
0.995985359685773
1
1
1
1
1
1
1
1
1
1
1
1
1
1
1
1
0.983429567798926
1
1
0.966137920554631
1
1
1
0.995985359685773
1
1
1
1
0.999586750546394
1
1
0.999703297833987
0.999961699096373
0.929063035032849
0.999976896135548
1
1
1
0.973293378982846
0.988426444149749
0.961220944294869
0.940293117225576
1
1
1
0.936108089346206
1
1
1
1
1
1
1
0.99999849278365
1
0.999865725040065
1
0.999892554031411
1
0.999904053907192
1
1
1
1
0.998505864248427
1
1
1
1
1
1
1
1
1
1
1
1
1
1
1
1
0.971734631252953
0.999067549196915
1
1
1
1
0.999912872134379
0.995141335641742
1
1
0.93727185634182
1
1
1
0.993472984392964
0.999916469723208
1
0.959341366160785
1
1
1
1
1
1
1
1
1
1
1
1
1
1
0.995837897444955
1
1
1
0.989554812187482
1
0.980080807533715
1
1
1
1
1
1
0.995141335641742
1
1
1
1
1
0.99467306293937
0.988141823635802
1
1
0.999980941083824
1
1
1
0.990691367442235
1
1
0.999640794726016
0.998737510385536
1
1
1
1
1
1
1
1
1
1
0.999881284186661
1
1
1
1
1
1
0.996189067753936
1
1
1
1
1
1
1
0.968976343815582
0.995080719865789
1
0.995546388082828
1
0.998737510385536
1
1
1
1
1
1
1
1
1
1
0.999951304593292
1
1
1
1
0.994995138217136
1
0.999889019055327
1
1
1
1
1
1
1
0.999889019055327
1
1
1
1
1
0.744837522919672
1
1
1
1
1
1
1
1
1
0.983547360987002
0.903735316361357
1
1
0.995141335641742
1
1
0.969032513844054
1
1
0.995546388082828
1
0.999708634648521
1
1
1
1
1
1
1
1
1
1
0.999946944015379
1
1
1
0.999946944015379
1
1
1
1
1
1
1
0.999844250216346
1
1
1
1
1
0.999982872974684
1
1
1
1
1
1
0.999421298658951
0.949680042721424
1
1
0.999586750546394
1
1
1
1
1
0.971734631252953
0.999961699096373
1
1
1
1
1
0.999916469723208
1
1
0.999876623967918
1
1
1
0.983679297946484
1
1
0.999881284186661
1
1
1
0.968055742240602
1
1
0.949781196983941
1
1
1
1
0.980080807533715
1
1
1
1
1
1
1
0.999974798425192
0.975595710905501
1
1
0.999974438441486
1
1
0.99994941239314
1
0.977030927083737
1
1
0.999655334936622
1
1
1
1
1
1
1
1
1
1
0.988921493108502
1
1
1
1
1
1
0.955865832350841
1
1
1
1
1
0.999997493132854
1
1
0.977375964099014
1
1
0.999915799619628
0.999916469723208
1
0.99071930164415
1
1
1
1
0.952805218425334
1
1
0.87622034808318
1
1
1
1
1
0.961220944294869
1
0.999264284733943
1
1
1
1
1
1
0.896669769453457
0.999844250216346
1
1
1
1
0.993472984392964
1
0.999961699096373
1
0.988846036802351
1
1
1
0.999997417455223
1
1
1
1
1
1
1
1
1
1
1
1
0.739824453543833
0.999998247894285
1
1
1
1
1
1
1
1
1
1
1
1
1
1
0.99989784499057
0.999997409289245
0.979884170075077
1
1
1
1
1
1
1
0.997075121861978
1
0.977375964099014
1
1
1
1
1
1
1
0.995486734151108
1
0.999997545219506
0.877428090193466
1
0.999951957977758
1
1
1
1
1
1
0.973653858452992
1
1
1
1
1
1
1
1
0.990071116459723
1
1
0.999939956330544
1
1
1
1
1
0.999810945766192
1
1
1
1
0.999505244134476
1
1
1
1
1
1
1
0.981223693686744
1
1
1
1
1
1
0.921640496684063
1
0.999450181515827
1
1
1
1
1
0.99071930164415
0.998737510385536
0.967582026861423
1
1
1
1
1
1
1
1
1
1
1
1
1
1
0.851015200073578
0.989789901037627
1
0.999998371489542
0.981223693686744
1
1
1
1
1
1
1
1
1
0.880539906843556
1
1
1
1
1
1
1
1
0.999813782421028
1
1
1
1
0.935030274035729
1
1
1
1
1
1
1
1
1
1
1
0.995141335641742
1
1
1
1
1
1
1
1
1
1
0.882908160848064
1
1
0.995241975136501
1
0.0597787814895335
1
1
1
0.999282924344511
0.999409525843967
1
1
1
1
1
1
1
1
1
1
1
1
1
0.966301343378485
0.992417098066311
1
1
1
1
1
1
1
1
1
1
1
1
1
1
1
1
1
1
1
1
1
1
1
1
1
1
1
1
0.999881284186661
0.999974274262057
1
0.968055742240602
0.999925180981798
1
1
1
1
1
1
1
1
1
1
0.998505864248427
0.977030927083737
1
1
0.944097514710605
1
1
1
1
1
1
1
1
1
1
1
0.93641178872185
1
0.976549729606848
0.980479142450413
1
1
1
1
1
0.896923779538884
1
1
0.971154266264847
1
1
0.97563441415247
1
1
0.999987833112594
1
1
1
1
0.999982872974684
1
1
1
1
1
1
1
1
0.999803569358445
1
0.999997582550762
0.996189067753936
1
1
1
1
0.988921493108502
1
1
1
0.999997493132854
1
1
1
1
1
1
1
1
1
0.999911934003445
1
1
0.999586750546394
1
1
1
1
1
1
1
0.948699347191535
1
1
1
1
1
1
1
1
1
1
1
1
1
1
1
1
1
1
1
1
0.999998371489542
1
1
1
1
1
0.999868733353309
1
0.978487604726802
1
1
0.976259993187974
1
1
1
1
1
1
1
0.999997409289245
1
1
0.978487604726802
1
1
1
1
0.999982636338607
1
1
1
1
0.999997582550762
1
1
0.999998247894285
1
1
1
1
1
1
1
1
1
1
0.989789901037627
1
0.999794650036451
1
1
1
1
1
1
0.995546388082828
0.97820838977852
0.96311120865347
0.989036174828429
1
1
4.4776820512009e-10
0.981963943511504
1
0.983547360987002
1
1
1
1
0.99967781063088
1
1
1
0.995314113033563
1
1
1
0.999881284186661
1
1
1
1
0.999975111806181
1
0.989554812187482
1
1
1
1
1
1
1
1
0.913808456361699
1
1
1
1
0.999814036505867
1
0.955830958150483
1
0.992687383068636
1
1
1
0.999810945766192
1
1
0.989394493819356
1
1
1
1
1
1
0.983081246214394
0.999998077611742
1
1
1
1
1
0.999932893827125
1
1
1
1
1
0.995314113033563
1
0.979884170075077
1
1
1
1
1
1
1
1
1
0.999998247894285
1
1
1
1
1
1
1
1
1
1
1
0.982520838096072
1
1
1
0.999830760257472
0.903472576283643
1
0.999944548740614
0.975595710905501
1
0.968269547654525
1
1
1
1
1
1
1
0.999982872974684
1
0.999998035059462
0.995546388082828
1
1
1
1
1
1
0.67224687636872
1
1
1
1
1
1
1
0.985829329084723
1
1
1
0.999946850494893
1
1
1
1
1
1
1
1
1
1
0.971734631252953
1
0.999951957977758
1
1
1
1
1
1
1
0.999997461757455
1
1
0.999813782421028
1
1
0.947457339723981
0.999946944015379
1
1
1
1
1
0.919531857561803
0.995837897444955
1
0.958905988540248
0.999583269411575
1
1
1
1
1
0.983679297946484
1
1
1
1
1
1
1
0.991664265187387
1
0.99956239090862
1
1
1
1
0.99162632929119
1
1
1
1
0.826884680467972
1
1
0.988050034887252
1
1
1
1
0.995029102413196
1
1
1
1
1
1
0.991500462385666
1
1
1
1
1
1
0.988810994294415
1
1
0.990071116459723
1
1
1
1
1
1
1
0.971734631252953
1
0.999997461757455
0.975595710905501
0.998818463321229
1
1
1
0.996271396617726
1
1
0.995029102413196
1
1
1
0.999703297833987
0.995837897444955
1
0.996600942438314
1
1
1
0.999810945766192
0.996951388246963
1
1
1
1
1
1
1
1
1
0.998737510385536
1
1
1
1
1
0.548708170551881
1
1
1
1
1
0.999765077703182
0.999701272317815
1
1
1
1
1
0.959850911558523
0.994995138217136
1
1
0.982520838096072
1
1
1
0.959487519366776
1
0.991500462385666
1
1
1
1
1
0.984483709781502
0.967582026861423
1
1
1
0.999913973156911
1
1
0.995241975136501
1
1
1
1
1
1
1
1
1
1
0.949680042721424
0.996600942438314
1
1
0.994995138217136
1
1
1
1
1
1
1
1
1
1
1
0.992417098066311
1
1
1
1
0.983429567798926
1
1
1
1
1
0.999740778033973
1
1
1
1
1
0.999740778033973
1
1
1
1
1
0.906866876016521
0.0319526493666566
1
1
1
1
1
0.997613711014173
1
1
0.999974531508664
0.971734631252953
1
1
0.996387507021808
0.976549729606848
0.999734449230547
1
1
0.999977204072671
1
1
1
1
1
1
1
1
1
1
1
1
0.989789901037627
0.999655334936622
1
0.985829329084723
1
0.999912746833787
1
1
1
1
1
0.999866785253805
1
1
1
1
1
0.999948620988518
0.999998247894285
1
1
1
1
1
1
0.968055742240602
0.997697081764014
1
1
0.986997614584451
1
1
1
1
1
0.920799625114663
0.999842070905074
1
1
1
1
1
1
0.968358497761161
1
1
0.941479741900157
1
1
1
1
1
0.988921493108502
1
1
1
1
1
1
0.966389154675135
1
1
1
1
1
1
1
1
1
1
1
1
1
1
1
1
1
0.99995500976184
1
1
1
1
1
1
1
1
1
1
1
0.999955147043387
1
0.983429567798926
1
0.999974355849691
1
1
0.999997847007828
0.999997493132854
1
1
0.988973229192769
1
1
1
1
1
0.999966064261119
0.989789901037627
1
1
1
1
1
1
1
1
1
0.999975111806181
1
1
1
1
1
1
1
1
1
1
0.999735465183509
1
0.991664265187387
1
1
1
0.999933547585465
0.999911316436912
1
0.849870848488708
1
1
1
1
0.786562096710643
1
0.9842770716555
1
0.997560367799728
1
0.979884170075077
0.999976004664966
1
1
0.999813782421028
1
1
0.999975111806181
1
1
1
1
1
1
1
1
1
1
1
1
0.995241975136501
1
1
1
1
1
1
1
1
1
1
1
1
0.999625954925639
1
0.989394493819356
1
1
1
1
0.998568280486482
0.983547360987002
0.988921493108502
1
1
1
1
1
0.99994941239314
1
1
1
1
1
0.999820947080417
1
1
1
1
1
1
1
0.976784600907458
0.994979364480191
1
1
1
1
1
1
0.973293378982846
1
1
1
1
1
1
1
1
1
1
1
1
1
1
1
1
1
1
0.99071930164415
1
1
1
1
1
0.988426444149749
0.957851915694438
1
1
1
0.999978643104026
1
1
1
1
1
1
1
1
1
1
1
1
1
0.92202420165286
1
1
1
1
0.947107156240106
1
1
1
1
1
1
1
0.98799578532588
1
1
1
1
0.939516331346108
1
0.971734631252953
1
1
0.921640496684063
1
1
0.999997461757455
1
1
0.999998247894285
1
1
1
1
1
1
1
1
1
1
1
1
1
1
1
1
1
1
1
1
1
1
1
1
0.75251501224234
1
1
1
1
1
1
1
0.936335354281949
0.998836735006282
1
0.886981595929813
1
1
1
0.999824453297535
1
1
1
1
1
1
1
1
1
1
1
0.826884680467972
1
1
1
1
1
1
0.999951957977758
0.999010130734486
0.988141823635802
1
1
0.999814036505867
1
1
1
1
0.99999785350328
1
1
0.984483709781502
1
1
1
1
1
1
1
1
1
1
1
0.959324878644086
1
1
1
1
0.916268726641712
1
1
0.999915550675289
1
1
1
1
1
1
1
1
1
0.999813782421028
1
0.959850911558523
1
1
1
1
1
0.98287149309319
1
1
0.999998035059462
1
1
1
1
1
1
1
1
1
1
1
1
1
1
1
1
0.963868956944417
0.9606345497478
1
1
0.975775680115596
1
1
1
1
1
1
1
1
0.999963464783601
0.999955147043387
1
1
1
1
1
1
1
1
1
1
1
1
0.990071116459723
1
1
1
1
1
1
0.999712510418692
1
0.999998770754173
0.999586750546394
1
1
1
1
0.940293117225576
1
1
0.999740778033973
1
1
1
1
1
1
1
1
0.959341366160785
1
0.994979364480191
1
1
1
0.995486734151108
1
0.988846036802351
0.99999849278365
1
1
1
1
1
1
1
0.999889019055327
0.989554812187482
1
1
1
1
1
1
1
1
1
1
1
1
1
1
1
1
1
0.999958290878862
1
1
0.999974438441486
1
1
0.999974438441486
1
1
1
1
0.999982636338607
1
1
1
1
1
1
1
1
1
1
1
0.999813782421028
1
0.999915550675289
1
1
1
1
1
1
1
1
1
1
1
0.992417098066311
0.981223693686744
1
1
0.991353551344647
1
1
1
1
1
0.99717573873141
0.995546388082828
0.999939199244466
1
0.992417098066311
1
1
1
1
1
1
0.975775680115596
1
0.999997435037734
1
1
1
1
1
0.999976896135548
1
1
1
1
0.995546388082828
1
1
1
1
1
0.999813782421028
1
1
1
0.985829329084723
1
1
0.959341366160785
1
0.999827005707392
1
0.979884170075077
1
1
1
1
1
1
1
1
1
1
1
1
1
0.99071930164415
1
1
1
0.99999785350328
0.989170858213715
0.989036174828429
0.995141335641742
1
1
1
1
0.999810945766192
0.995837897444955
1
1
1
1
1
1
1
1
1
1
1
1
1
1
1
1
1
1
1
0.981568686338546
1
1
1
0.999982636338607
1
1
1
1
1
1
1
1
1
1
1
1
1
0.995985359685773
0.995985359685773
0.999974531508664
1
1
1
0.999450181515827
1
1
0.999951304593292
1
1
1
1
1
1
1
1
1
0.719292449368087
1
1
1
1
1
1
1
0.952187106615492
1
0.987656072672048
1
1
1
1
1
1
1
1
1
1
0.917065049795415
1
0.99977830742938
1
1
0.980479142450413
1
1
1
1
1
0.99995898040646
1
1
1
1
1
0.999916469723208
1
1
1
0.999997409289245
1
1
1
0.989394493819356
1
1
0.985493935013023
0.973653858452992
1
0.982692903038614
1
1
1
0.995546388082828
1
0.998505864248427
1
0.99983418762268
1
1
1
1
1
1
0.974447148534179
1
1
1
1
1
1
1
1
1
1
1
1
1
1
1
0.981568686338546
0.99985550352679
0.963792356259637
1
1
1
1
1
1
1
1
1
0.999997417455223
0.985829329084723
1
1
1
1
1
0.949680042721424
0.965488170833054
1
1
1
1
1
1
1
0.944097514710605
1
1
1
1
1
1
1
1
1
1
1
1
1
1
0.999961699096373
1
1
1
0.999702136761161
0.999912746833787
1
1
1
1
1
0.996600942438314
1
1
1
1
1
1
1
0.999550842872131
1
1
1
1
1
1
1
1
1
1
0.995314113033563
1
1
1
0.999968612031063
1
1
0.999655334936622
1
0.999987833112594
1
1
1
1
1
1
1
1
1
0.999959877783019
1
1
0.968770169002557
1
0.994750787464997
1
1
1
0.903472576283643
0.99994027509885
1
1
0.987656072672048
0.999998035059462
1
0.992417098066311
1
1
1
1
1
0.999974355849691
1
1
1
1
1
1
0.986711912399609
1
1
1
0.982692903038614
1
0.99994027509885
0.999810945766192
1
1
1
0.999974531508664
1
1
0.999974355849691
1
0.9606345497478
0.989394493819356
0.999794650036451
1
0.975775680115596
1
1
1
1
0.983081246214394
1
1
1
1
1
1
0.971734631252953
1
1
0.999982872974684
0.999955147043387
0.995314113033563
1
1
1
1
1
1
1
1
1
1
1
1
1
1
0.971530837605461
1
1
1
1
1
0.974447148534179
0.999884779126779
1
0.97563441415247
1
1
1
1
0.999939199244466
0.878848329012895
1
1
0.999912746833787
1
1
0.938634585156221
1
1
1
0.989170858213715
0.99071930164415
1
1
1
1
1
1
1
1
0.999591976004338
1
1
1
1
1
0.986711912399609
1
1
1
1
1
1
1
1
1
0.988810994294415
0.999659433249809
0.968594557543172
1
1
1
1
1
0.991500462385666
1
1
0.999968612031063
0.994979364480191
0.912993292945329
1
0.594611160687625
1
1
0.995314113033563
1
1
1
1
0.995546388082828
1
0.999998770754173
0.968976343815582
0.999701272317815
1
1
1
1
1
1
1
0.936108089346206
0.965385644412944
1
1
1
1
1
1
1
1
1
1
0.999961699096373
1
1
0.958905988540248
1
1
0.999980941083824
0.999402099782108
1
0.999921312538001
1
0.999919032236294
1
1
1
1
1
0.988846036802351
0.999591976004338
1
1
1
1
1
0.929063035032849
0.999832243802253
1
1
1
1
1
0.996200438924442
0.979884170075077
1
0.999807638457462
1
1
1
1
0.948699347191535
1
1
1
0.626727540279951
1
1
1
0.958905988540248
1
1
1
1
0.995029102413196
1
1
1
1
1
0.96795645983268
1
1
0.999985071936363
0.98465822679187
1
1
1
1
1
1
1
1
0.999628065293763
1
1
1
1
0.999998770754173
0.947989758513842
1
0.999404580821545
1
1
1
1
1
0.999985071936363
1
1
1
1
0.999997582550762
0.997613711014173
1
1
1
1
1
1
1
1
1
1
0.974447148534179
1
1
0.958630447493281
1
1
0.999901875567627
1
1
1
0.971530837605461
0.960346604438933
0.998836735006282
1
1
1
1
1
1
1
1
1
0.999712510418692
1
0.975775680115596
1
1
1
0.929900397167188
1
1
1
1
1
1
1
1
0.909508153734066
1
1
1
0.995486734151108
1
1
1
1
1
1
1
1
0.952805218425334
1
1
1
1
1
0.999655334936622
1
1
1
1
1
1
0.999939199244466
0.880539906843556
1
1
1
1
0.973653858452992
1
0.9733728078868
1
1
0.999998077611742
0.989789901037627
1
1
1
1
1
0.998568280486482
0.957851915694438
1
1
1
1
1
1
1
1
1
1
1
1
1
1
1
0.999997582550762
1
1
1
1
1
1
1
1
1
0.989394493819356
1
1
1
1
1
1
1
1
1
1
0.988810994294415
1
1
0.983429567798926
1
0.794639637754885
1
1
1
1
1
0.99999785350328
1
1
1
1
0.984698357799427
1
0.993472984392964
1
1
1
1
0.99994941239314
1
1
1
1
0.999977204072671
0.99999849278365
0.999813782421028
1
1
0.999998770754173
0.999738213334909
1
1
1
0.99987855987448
1
1
1
1
1
1
1
0.999939956330544
1
1
1
1
0.999802245688225
0.963792356259637
0.99994027509885
1
1
0.998737510385536
1
0.9606345497478
0.976013322060543
1
1
1
1
0.896669769453457
1
0.999974438441486
1
1
1
0.955700404492608
1
1
1
1
1
0.999512475464865
1
1
1
1
1
1
1
1
1
1
1
1
1
1
1
1
1
0.98465822679187
1
1
1
1
1
1
1
0.995314113033563
0.999820947080417
1
1
0.973653858452992
1
1
1
1
1
1
0.991664265187387
1
0.995029102413196
1
1
1
1
1
1
1
1
1
1
0.959030035839347
1
1
0.99985550352679
1
1
1
1
1
1
0.995314113033563
0.975851040136817
1
1
1
0.999807407903575
1
1
1
1
1
1
1
1
1
1
1
1
1
1
0.949654799211404
1
1
1
1
1
0.989789901037627
1
1
1
0.999873919702661
1
0.999810945766192
0.943933297678818
1
1
1
1
1
1
1
1
0.959850911558523
1
0.999852837666734
1
1
1
1
1
1
1
1
1
1
1
1
0.992417098066311
0.999985071936363
1
1
1
1
1
0.988426444149749
0.999948620988518
1
1
1
1
1
1
1
1
1
0.999884779126779
1
1
1
1
1
1
1
0.999827005707392
1
1
0.997992552477533
1
1
0.999925180981798
1
1
1
1
0.993472984392964
1
1
1
1
1
1
1
1
1
1
1
1
1
1
0.999946944015379
1
0.940293117225576
1
1
0.999997702728937
1
1
1
1
0.97820838977852
1
1
1
1
1
1
1
1
1
1
0.995080719865789
1
1
1
1
1
1
1
1
1
1
1
0.999961699096373
0.999977204072671
1
1
1
1
1
1
1
0.999128956439834
1
1
1
0.979884170075077
1
1
1
1
1
0.999961699096373
1
1
1
1
0.973653858452992
1
1
1
1
1
1
0.947457339723981
1
0.999550842872131
1
0.999975631949916
1
1
1
1
1
1
1
0.77212727144626
0.974452612939141
0.999769099082363
0.99995500976184
1
0.99071930164415
1
1
1
1
0.977375964099014
0.999702106102613
1
1
1
0.996189067753936
1
1
1
1
1
1
0.999740778033973
1
1
1
0.999628065293763
0.988921493108502
1
1
0.999790207615421
0.999912746833787
1
1
1
1
0.913808456361699
1
0.986711912399609
0.982575403889628
1
1
1
1
1
1
1
1
1
1
1
1
1
0.947989758513842
1
1
1
0.997613711014173
1
0.978487604726802
1
1
1
0.995029102413196
1
1
0.938662732397049
1
1
1
1
1
1
0.999980517238107
0.99999785350328
1
1
1
1
1
1
1
0.909508153734066
1
1
1
1
1
1
1
1
1
1
1
1
1
1
1
1
1
0.999586750546394
1
1
1
1
1
1
1
1
0.980479142450413
1
1
0.999997671867702
0.96795645983268
1
1
0.999740778033973
1
1
1
0.991664265187387
1
1
1
1
1
0.99966206341008
1
1
0.98465822679187
0.999946944015379
1
1
1
1
1
1
0.980080807533715
1
1
0.983081246214394
1
1
1
1
1
1
0.98993850242251
1
1
1
1
1
0.999282924344511
1
1
1
1
0.968594557543172
1
1
1
1
1
1
1
1
1
1
1
1
0.985493935013023
1
1
0.933137371610349
0.913559314893238
1
0.99994027509885
0.909508153734066
1
0.959816998574559
1
1
1
1
1
1
0.93727185634182
1
1
1
0.995080719865789
1
1
0.878709022419247
1
1
0.999926575291835
1
0.996189067753936
1
0.92202420165286
0.999767555918718
1
1
0.997613711014173
1
1
1
1
1
0.999936884422657
1
0.799127052716513
0.999842070905074
1
1
1
1
1
1
1
1
0.999921312538001
1
1
1
0.999998770754173
1
1
1
1
1
1
1
0.996200438924442
0.869966361890695
1
1
1
1
1
0.968358497761161
1
1
0.999703297833987
1
1
1
0.999997582550762
0.999951304593292
1
1
1
1
0.932933349664817
1
1
1
1
1
0.999998247894285
1
1
1
1
0.999997409289245
1
1
1
1
0.975595710905501
0.965488170833054
1
1
0.995825336761201
0.982692903038614
1
1
1
1
1
1
0.975595710905501
1
1
1
1
0.950384230842697
1
1
0.985493935013023
1
1
1
1
1
1
1
1
0.998818463321229
1
1
1
1
1
1
1
1
1
1
1
0.999997461757455
1
1
1
1
1
0.999946944015379
1
1
0.999810945766192
1
1
1
1
1
1
1
1
0.988846036802351
0.894389159576819
0.999421298658951
1
1
1
1
1
1
1
1
1
1
1
1
1
0.959030035839347
1
0.913697191025837
1
0.996600942438314
0.999948733753599
1
1
1
1
1
1
0.999781694924328
0.903472576283643
1
1
1
0.99995898040646
1
1
1
0.988426444149749
1
1
1
1
1
1
1
1
1
1
1
1
1
1
1
1
1
1
1
1
1
0.903735316361357
0.999998035059462
1
1
1
1
1
0.979728984103769
1
0.999974531508664
1
1
1
1
1
0.998132727136092
1
1
0.961220944294869
1
1
1
1
1
1
1
0.97563441415247
0.999982636338607
1
1
1
1
1
1
0.999583269411575
1
1
1
0.999999984711659
1
0.999974438441486
1
1
1
1
0.999939956330544
1
1
1
1
0.987656072672048
1
1
0.995985359685773
1
1
1
1
1
0.999067549196915
1
1
1
0.976259993187974
0.93727185634182
1
1
1
0.999655334936622
1
1
1
0.988921493108502
1
0.980452685710975
0.995029102413196
1
1
1
1
1
1
1
1
1
1
0.948699347191535
0.999945736672436
1
1
1
0.997075121861978
1
0.999708634648521
1
0.999975111806181
1
1
1
0.999892054192028
1
1
1
1
1
1
1
0.983429567798926
1
1
1
1
1
1
1
1
1
1
1
1
0.999926575291835
1
1
0.900086980457273
1
1
1
1
1
0.983081246214394
1
1
1
1
1
1
0.982575403889628
1
1
1
1
0.999842070905074
1
1
1
1
0.978487604726802
1
1
1
1
1
1
0.999915550675289
0.985829329084723
1
1
1
1
1
1
1
1
1
1
1
0.991664265187387
1
1
1
1
1
1
0.995546388082828
1
1
1
1
0.989789901037627
1
0.91044469873431
1
1
1
1
1
1
1
1
1
1
1
1
1
0.944097514710605
1
1
1
0.99995898040646
1
1
1
1
1
1
1
0.999939956330544
0.999810945766192
0.999958290878862
0.999980517238107
1
1
1
1
1
0.783724437265584
1
1
0.982692903038614
1
0.988141823635802
1
1
0.954123048988041
0.983429567798926
1
1
1
1
0.995029102413196
1
1
1
0.999077363148753
1
0.97820838977852
1
1
1
1
1
1
0.955830958150483
1
1
1
1
1
1
1
1
1
1
1
1
1
1
1
0.988141823635802
1
1
1
1
1
0.976013322060543
1
1
1
1
0.997697081764014
1
1
1
0.999975111806181
1
1
1
0.959850911558523
1
1
1
1
1
1
1
0.999904053907192
1
0.999639192440561
0.92202420165286
1
0.999833446833531
1
1
1
0.999961699096373
0.971530837605461
1
0.981223693686744
0.96961050048811
1
0.627605825001287
1
1
1
1
1
0.974447148534179
0.999975111806181
0.999915550675289
0.982520838096072
1
1
1
1
1
0.968770169002557
1
1
1
1
1
1
1
1
1
1
0.991683648895377
1
1
0.999813782421028
1
0.994474183305056
1
0.999920233593057
1
1
1
1
1
1
1
1
0.946944562854332
1
1
0.999814036505867
1
1
1
0.92202420165286
1
1
1
1
1
1
1
1
0.994051711243776
1
1
1
1
1
1
0.997075121861978
1
0.999912872134379
0.999932893827125
0.999889019055327
1
1
1
1
0.977030927083737
1
1
0.999982872974684
1
1
0.999997582550762
1
1
1
0.986711912399609
0.97820838977852
1
1
1
1
1
1
0.966137920554631
1
1
1
1
1
1
1
1
0.967582026861423
1
1
1
1
0.999998247894285
0.985761607459406
1
1
1
1
1
1
0.980080807533715
0.999892554031411
1
1
1
1
1
1
0.98465822679187
0.782137286215471
1
1
1
1
1
1
0.958502503754675
1
1
1
1
1
1
1
1
1
1
1
1
1
1
1
1
1
0.947107156240106
1
1
1
1
1
1
1
0.888393317201776
1
1
1
1
1
0.999892054192028
1
1
1
0.997075121861978
1
1
0.968269547654525
1
1
1
1
1
1
1
1
1
1
0.995837897444955
1
1
0.902057595494513
1
1
1
0.976013322060543
1
1
0.999543284079684
1
1
1
1
1
1
1
1
1
1
1
0.963792356259637
1
1
1
1
1
0.99983418762268
1
1
0.999997435037734
1
1
1
1
0.992417098066311
1
0.986997614584451
0.999978643104026
1
0.923207033040368
1
1
1
1
1
1
1
0.999341870991961
1
1
1
1
1
1
1
1
1
0.999450181515827
1
0.999182547416468
1
1
0.976549729606848
1
1
1
1
1
1
1
0.771491432998502
0.999450181515827
1
1
1
1
1
1
1
1
1
1
1
1
1
0.998132727136092
1
1
1
1
1
1
0.995837897444955
1
1
0.995314113033563
1
1
1
1
0.989554812187482
1
1
1
1
1
1
1
1
1
1
1
1
1
1
0.983081246214394
1
1
1
1
1
1
1
0.999951957977758
1
1
1
1
1
1
1
1
1
1
1
1
0.999822809658989
1
1
0.992417098066311
1
1
1
1
0.998737510385536
1
0.976549729606848
1
1
1
1
0.934245020482832
1
0.998737510385536
1
1
0.999923697968089
1
1
1
0.993472984392964
1
1
1
1
1
1
1
0.92202420165286
1
0.992417098066311
1
1
0.9733728078868
1
1
1
1
1
1
1
1
0.999956867807503
0.988141823635802
1
1
1
1
1
1
0.948615337060675
1
0.982520838096072
1
1
1
1
1
1
1
1
1
1
1
1
1
1
0.950400513506854
0.999880725878651
1
1
1
0.999968612031063
0.99071930164415
1
1
1
1
1
1
1
1
1
1
1
0.999628065293763
1
0.975595710905501
1
1
1
1
0.983081246214394
1
1
1
1
1
0.999985071936363
0.999974274262057
1
1
1
1
0.947107156240106
0.999852837666734
1
0.987656072672048
1
0.999884779126779
1
1
1
1
1
1
1
1
1
0.98465822679187
1
1
1
1
1
1
1
1
0.999421298658951
0.985829329084723
1
1
1
1
1
1
1
1
1
1
0.999982636338607
1
1
1
1
1
1
1
0.999998770754173
1
1
1
1
1
1
1
0.968358497761161
1
1
1
1
0.997075121861978
0.988426444149749
0.999997409289245
1
0.96311120865347
1
1
0.999810945766192
0.995486734151108
1
1
0.977375964099014
1
1
1
1
1
1
1
0.999261543360344
0.988141823635802
1
1
1
1
1
1
1
1
1
1
0.896923779538884
1
1
1
1
1
1
1
1
1
1
0.999946283352563
1
1
1
1
1
1
0.999261543360344
0.979884170075077
1
1
1
1
1
1
1
1
1
1
1
0.999975631949916
1
0.940706710062658
1
1
1
1
1
1
1
1
1
1
1
1
1
1
1
0.990071116459723
1
1
1
1
1
0.985829329084723
1
1
1
1
1
1
1
1
1
1
1
1
0.988846036802351
1
1
1
1
1
0.999997671867702
1
1
1
1
0.970065277954492
1
1
1
0.997075121861978
0.999075197953143
1
1
1
1
1
0.992417098066311
1
0.947457339723981
1
0.995141335641742
1
1
1
1
0.999990717048282
0.976013322060543
1
1
1
1
1
1
1
1
1
1
1
1
1
1
1
1
1
1
0.999976004664966
1
1
1
0.936108089346206
1
1
1
1
0.624849765717456
0.98465822679187
1
1
1
1
1
1
0.982520838096072
0.990071116459723
1
1
1
1
1
0.971530837605461
1
1
0.996600942438314
1
1
0.980452685710975
0.746953105609825
1
0.999917107630934
0.999946944015379
1
1
1
1
1
1
1
1
1
1
0.999998035059462
1
1
1
1
1
0.936108089346206
1
1
1
1
1
1
1
0.997697081764014
1
1
1
1
1
1
0.999560579657634
0.985829329084723
1
1
1
1
1
1
1
1
1
1
1
1
1
0.901026077940064
1
1
1
1
1
1
1
1
1
1
0.996271396617726
1
1
0.999590296400482
0.999939956330544
1
1
1
0.968358497761161
1
1
1
0.968358497761161
1
1
1
1
1
0.999911029550049
0.98287149309319
1
0.988141823635802
1
0.886981595929813
0.959816998574559
1
1
0.999712510418692
0.980080807533715
0.988846036802351
1
1
1
1
1
1
0.999997493132854
1
1
1
0.952187106615492
1
1
1
1
1
1
0.989789901037627
1
1
1
1
1
1
1
1
1
1
1
0.999824453297535
1
1
1
1
1
1
1
1
1
0.756549961336878
1
1
1
1
1
1
0.999915550675289
0.98287149309319
0.856325226798581
1
1
0.990691367442235
1
0.999917096264902
1
1
0.9842770716555
1
0.917065049795415
1
0.999998694233144
1
0.818276219185424
0.777678114834092
0.961220944294869
0.995141335641742
1
1
0.717190384312554
1
1
0.999997702728937
1
0.697810957550231
1
1
1
1
1
0.999998247894285
1
0.995029102413196
1
1
0.999616832156104
0.981903736329853
0.704981744833746
1
1
1
0.830076464369481
1
1
1
0.00568158094253878
1
1
1
0.615643689444926
0.98465822679187
0.0150142892434623
1
0.999946944015379
1
1
1
1
0.999998077611742
0.995141335641742
1
1
1
1
1
1
1
1
0.985450390508697
1
0.978487604726802
1
1
1
1
1
1
1
1
1
0.999421298658951
1
1
1
1
1
0.959341366160785
1
0.999810945766192
1
0.999655334936622
1
0.999945910064987
1
1
1
1
1
1
0.999915550675289
1
1
0.995080719865789
1
0.991500462385666
1
1
0.995486734151108
1
0.98287149309319
1
0.999701272317815
0.993472984392964
1
0.99999849278365
1
1
1
0.999550842872131
1
1
1
0.999892554031411
1
1
1
1
1
1
1
1
0.938634585156221
1
1
1
1
1
1
1
1
1
0.997613711014173
1
1
1
0.955830958150483
0.999959877783019
0.999951957977758
1
1
1
1
1
0.999754613223733
1
1
1
1
0.991664265187387
0.999980517238107
1
1
1
1
0.997925528855107
1
1
1
1
1
1
1
1
1
1
1
0.999821537974939
0.908042614348013
1
1
1
1
1
1
1
1
1
1
1
1
1
1
1
1
1
0.989789901037627
1
1
1
0.925293817907021
1
1
0.992417098066311
1
1
1
1
1
1
1
1
1
1
1
1
1
1
1
1
1
1
0.999974438441486
1
1
0.999319817872849
1
1
1
1
1
1
1
1
1
1
1
0.999402099782108
0.997075121861978
1
1
1
1
0.999813782421028
0.976013322060543
1
1
1
0.999997545219506
0.976117477487131
1
1
1
1
1
1
1
1
1
1
0.983679297946484
1
1
1
1
1
1
1
1
0.988141823635802
1
1
1
1
1
1
1
1
1
0.999911029550049
1
1
1
1
1
1
1
0.969032513844054
1
1
1
1
1
1
1
1
1
0.982692903038614
1
0.999975111806181
1
1
1
1
0.997075121861978
1
1
1
1
1
1
1
1
1
1
0.999802245688225
0.996600942438314
1
1
1
1
1
1
1
0.990071116459723
1
1
1
1
1
1
1
1
1
1
1
1
1
1
0.999880725878651
0.930104202486406
1
1
1
1
1
1
1
0.983429567798926
0.993472984392964
0.999997493132854
1
1
1
0.999998035059462
1
0.996840223442714
0.983547360987002
0.970065277954492
0.989789901037627
1
1
1
1
0.940293117225576
1
1
1
0.999769099082363
1
1
1
1
1
1
0.989036174828429
1
0.999017179104726
1
1
1
1
1
1
1
0.999997493132854
1
1
1
0.999968612031063
1
1
1
1
1
0.999655334936622
1
1
0.995029102413196
0.985493935013023
1
1
1
1
1
1
1
1
1
1
1
1
1
1
1
1
1
1
1
1
1
0.999881284186661
1
0.903472576283643
1
1
0.995241975136501
1
0.99994941239314
1
1
1
1
1
1
1
1
1
1
0.999212255030649
0.985493935013023
0.995141335641742
1
0.99467306293937
1
0.960402750338695
1
1
1
0.999974531508664
1
1
1
1
1
1
1
1
1
1
0.999612758444036
1
1
1
1
1
1
1
0.999881284186661
1
1
1
0.999573425347919
1
1
1
1
1
0.984483709781502
1
1
1
1
1
1
1
1
1
1
1
1
1
1
1
1
0.999336976948647
1
1
1
1
0.98993850242251
1
1
1
0.997992552477533
1
1
1
1
1
1
1
1
1
1
1
1
1
1
1
1
0.98993850242251
1
1
1
1
0.983679297946484
1
1
1
1
1
1
1
1
0.997613711014173
1
1
1
1
1
0.936335354281949
1
1
0.895321941620637
1
1
1
0.958630447493281
0.985761607459406
1
1
1
1
1
0.983679297946484
0.895321941620637
1
1
1
1
1
1
1
1
1
1
1
1
1
1
1
1
0.999814036505867
0.96961050048811
1
1
0.98993850242251
1
0.976013322060543
1
1
1
1
1
1
1
0.999870899106702
1
0.997613711014173
1
1
1
1
1
1
1
1
1
1
0.998818463321229
1
0.99467306293937
1
0.930104202486406
0.999976896135548
1
1
1
1
1
1
0.999915550675289
1
1
1
1
1
1
1
0.965488170833054
1
1
1
1
1
0.959816998574559
0.999998077611742
1
1
1
1
1
0.999944548740614
1
1
1
0.999810945766192
0.999917107630934
1
0.906866876016521
0.999511036920153
1
1
1
1
0.987656072672048
0.985829329084723
1
0.999997493132854
1
1
0.97563441415247
0.790434149175444
0.9733728078868
1
0.997925528855107
1
1
1
1
1
1
1
1
1
1
1
1
1
0.997992552477533
1
0.999955147043387
1
1
1
0.999813782421028
1
1
1
1
1
0.96961050048811
0.99966206341008
1
1
1
1
1
1
1
1
1
1
1
1
1
0.800859080101796
1
0.649154445881419
1
1
0.995029102413196
1
1
0.985450390508697
1
0.999636648995638
1
1
0.99999785350328
1
1
1
1
1
1
1
1
0.999864294267686
1
0.999978643104026
1
0.886981595929813
1
1
1
0.973700809452573
0.995825336761201
1
1
0.88638766026797
1
0.999939956330544
1
0.999982636338607
1
0.989170858213715
1
1
1
1
1
1
1
1
1
1
1
1
1
1
1
1
1
1
1
1
0.999951304593292
0.996189067753936
1
1
0.999915550675289
0.982692903038614
1
0.973700809452573
1
1
1
1
1
0.955830958150483
1
1
1
1
1
1
1
1
1
0.973653858452992
1
1
0.999830760257472
1
1
0.960402750338695
1
0.991353551344647
1
1
1
1
1
1
1
1
0.983081246214394
1
0.99976586398529
1
1
1
0.947107156240106
0.999282924344511
1
1
1
1
1
1
0.958905988540248
0.999431875658082
0.999985071936363
1
1
1
1
1
1
1
1
1
1
1
1
0.976549729606848
0.920480436664124
1
1
1
1
1
1
1
1
1
1
1
0.999926348859371
1
1
1
1
1
1
1
0.999998035059462
0.987656072672048
1
1
0.849870848488708
1
0.977375964099014
1
1
1
1
0.867287538314248
1
1
1
1
1
1
1
1
1
1
0.968976343815582
1
1
1
1
1
0.996840223442714
1
1
1
0.896923779538884
0.9606345497478
1
1
0.856325226798581
1
1
1
1
1
1
1
1
1
1
0.988846036802351
1
1
1
1
1
1
0.999987376040116
0.987656072672048
1
1
1
1
1
1
0.999442830242822
1
0.958502503754675
1
0.999828427206599
1
1
1
0.925293817907021
1
0.999881284186661
1
1
1
1
1
0.99999849278365
0.983547360987002
1
0.991664265187387
0.984088498852966
1
1
0.984483709781502
1
1
0.975595710905501
1
1
1
1
0.995314113033563
1
1
1
1
1
1
0.913559314893238
1
1
1
1
1
1
1
1
1
1
1
1
1
0.998737510385536
1
1
1
1
1
0.999861166019486
0.968976343815582
1
1
0.989394493819356
1
1
1
0.986454163096483
1
1
1
1
1
1
1
0.999170055037894
1
1
1
1
1
0.99999785350328
1
1
1
1
1
1
1
0.999974274262057
1
1
1
1
1
1
0.999917107630934
1
1
1
1
1
1
1
0.999824453297535
1
1
1
1
1
1
1
1
0.999947516250807
1
1
1
1
1
1
1
1
1
1
0.985493935013023
1
1
1
0.989554812187482
1
1
0.99985550352679
1
0.948615337060675
1
1
1
1
0.999939956330544
0.999866785253805
1
1
1
1
1
1
1
1
1
1
1
1
1
1
1
1
1
1
1
1
1
1
0.999673633295467
0.989789901037627
1
1
1
1
1
1
1
1
1
1
0.99467306293937
1
1
1
0.996600942438314
1
0.808082870954748
1
1
1
1
1
0.979884170075077
1
1
1
1
1
1
1
1
1
1
1
1
1
1
0.950400513506854
1
0.983679297946484
1
1
1
1
1
0.991664265187387
1
1
1
1
1
1
1
0.989170858213715
1
1
1
1
1
1
1
1
1
1
1
1
0.93727185634182
1
1
1
1
1
0.980479142450413
0.999977204072671
1
0.999864294267686
1
1
1
1
1
1
1
1
1
1
1
1
1
0.952805218425334
0.982520838096072
1
1
1
1
1
1
1
1
1
1
1
0.999703297833987
1
1
1
1
1
1
0.959816998574559
1
1
1
1
1
1
0.996600942438314
0.989170858213715
1
1
0.918864290244451
1
1
1
1
1
1
0.968358497761161
0.982520838096072
1
1
1
0.959816998574559
1
1
1
1
1
0.952805218425334
1
0.75549507421354
1
1
1
1
0.999997702728937
1
1
1
1
0.99162632929119
1
1
1
1
1
1
1
1
0.999975631949916
1
0.999655334936622
1
1
1
1
1
1
1
1
1
1
1
1
1
1
1
0.971734631252953
1
1
1
1
1
0.999925180981798
1
1
1
1
1
1
1
1
0.999703149434518
1
1
1
1
1
0.975595710905501
1
1
1
1
1
0.91044469873431
1
0.986711912399609
1
1
1
1
1
1
1
1
1
1
1
1
1
0.975595710905501
1
1
1
1
1
1
1
1
1
1
1
0.986454163096483
1
1
1
0.993472984392964
1
1
1
0.999417954704352
1
1
1
1
0.982520838096072
1
0.983679297946484
1
1
1
1
1
1
1
1
1
1
1
1
1
0.999261543360344
1
1
1
1
1
1
1
1
1
1
1
1
1
1
1
1
1
1
1
1
1
0.996189067753936
1
1
1
0.968358497761161
1
1
1
1
1
1
1
1
1
0.999645652210646
1
0.999985071936363
0.995314113033563
1
1
0.948481641118544
0.917892139014652
1
1
1
1
1
1
1
1
0.999985071936363
1
1
1
1
1
1
1
0.990071116459723
1
1
1
1
1
1
1
0.979884170075077
1
0.999892054192028
0.996840223442714
1
1
0.97563441415247
1
1
1
1
0.999978643104026
1
1
1
1
0.989170858213715
0.92202420165286
1
0.988921493108502
1
0.974447148534179
1
1
0.999881284186661
1
0.999985071936363
1
1
1
1
1
1
1
1
1
1
1
1
1
1
0.958029547509629
0.960346604438933
0.983081246214394
0.91044469873431
1
1
1
1
1
0.999842070905074
1
1
1
0.999289518957902
1
1
1
1
0.99999785350328
1
1
1
0.970065277954492
1
1
0.980080807533715
1
1
1
1
0.999712900737031
1
1
0.98993850242251
1
1
1
1
1
0.988141823635802
1
1
1
1
0.930104202486406
1
0.995985359685773
1
1
1
1
1
1
0.989554812187482
1
1
1
0.999911316436912
1
0.999997409289245
1
1
0.999915799619628
0.668879779682943
1
0.999913973156911
0.866729671385023
0.999987833112594
0.984483709781502
0.994979364480191
0.971734631252953
1
1
1
0.999925180981798
1
1
1
1
0.965488170833054
1
0.999963464783601
1
1
1
1
1
1
1
1
0.825303301910345
0.999611312528955
0.860185849802863
1
0.999450181515827
1
1
1
0.999997417455223
1
1
1
1
1
0.934245020482832
1
1
0.999997493132854
1
1
1
1
0.999921312538001
1
1
1
1
0.98465822679187
1
1
1
0.999876623967918
0.833693509516383
1
0.980080807533715
1
1
0.988426444149749
1
1
0.965385644412944
1
1
0.999912746833787
1
1
1
1
1
1
1
1
1
1
1
1
1
0.999866785253805
0.99999785350328
1
0.999997582550762
1
1
1
1
0.982575403889628
1
1
1
0.999067549196915
1
1
1
1
1
0.996600942438314
1
1
1
1
1
1
0.999916469723208
1
0.999946283352563
1
0.999616832156104
0.986711912399609
1
0.999998077611742
1
1
1
1
0.999781694924328
1
1
1
1
0.988921493108502
1
0.999932893827125
1
1
1
1
1
1
1
1
1
1
1
1
1
0.878305823879939
0.999640794726016
0.999982636338607
1
1
1
1
1
1
1
0.997613711014173
1
1
1
1
1
1
1
1
1
0.99467306293937
1
0.959324878644086
1
1
1
1
1
1
1
1
1
1
1
1
0.988810994294415
1
0.991664265187387
1
1
0.99071930164415
0.997075121861978
1
1
1
1
1
1
1
1
1
1
0.936335354281949
1
1
1
1
0.999997461757455
1
0.981963943511504
0.999550842872131
1
1
0.997992552477533
1
1
1
1
1
1
1
1
1
1
0.988973229192769
1
1
0.958905988540248
1
1
1
1
1
0.0665241582880642
1
0.912993292945329
1
1
0.99071930164415
0.988141823635802
1
1
1
1
1
1
1
1
0.916268726641712
1
0.92442192910719
0.869966361890695
0.999917107630934
1
1
0.960402750338695
1
1
1
1
1
1
1
1
1
1
1
1
1
1
1
1
1
0.993472984392964
0.995985359685773
1
0.999976896135548
1
1
1
0.999881284186661
0.989789901037627
1
1
1
1
1
1
1
1
1
1
1
1
1
1
1
1
1
0.925293817907021
1
1
1
1
1
0.999997493132854
1
0.989789901037627
0.968358497761161
1
1
1
1
1
0.983081246214394
1
1
1
1
1
0.983679297946484
1
1
1
1
1
1
1
1
1
1
0.988426444149749
1
1
1
1
1
1
1
0.999948733753599
1
1
1
0.971530837605461
0.981223693686744
1
1
1
0.997075121861978
1
1
1
0.999282924344511
1
1
1
1
1
1
1
1
1
1
1
1
1
1
1
1
1
1
1
1
1
1
0.960402750338695
1
1
1
1
1
0.999912746833787
1
0.610955543062288
1
0.999987833112594
1
1
1
1
1
1
0.991500462385666
0.999395357131827
1
1
1
1
1
1
1
0.999765077703182
1
1
1
0.975595710905501
1
0.976549729606848
1
1
1
1
1
1
0.995837897444955
1
1
0.999997461757455
1
0.996189067753936
1
1
1
1
1
1
1
0.999864294267686
0.968358497761161
0.989789901037627
1
1
1
0.999946944015379
1
1
0.99467306293937
1
1
1
1
1
1
1
1
1
1
1
1
1
1
1
1
1
1
1
1
0.988141823635802
1
1
1
1
1
1
0.996600942438314
1
1
1
1
1
1
1
0.976013322060543
0.978487604726802
1
1
0.989170858213715
1
1
1
1
1
1
1
1
1
1
1
1
1
1
1
1
1
0.999827005707392
0.999987833112594
1
0.992417098066311
1
1
0.999781694924328
0.995314113033563
1
0.983679297946484
0.999738213334909
0.999963464783601
1
1
1
1
1
1
1
1
0.999997409289245
1
1
1
1
1
1
1
1
1
1
0.998132727136092
0.999901875567627
1
1
1
1
1
0.783142931789706
0.999998035059462
0.695465230068853
1
1
1
0.998737510385536
1
1
1
1
1
1
1
1
1
1
1
0.995080719865789
1
1
0.991500462385666
0.989789901037627
1
1
1
1
1
1
1
1
1
1
1
1
0.999231893460879
1
0.999810945766192
1
1
1
1
1
1
1
1
1
1
1
1
0.959816998574559
1
1
1
1
1
1
1
1
1
1
1
1
1
1
0.999916469723208
1
1
1
1
1
1
1
0.952805218425334
1
1
1
1
1
1
1
1
1
1
1
1
0.981223693686744
0.985450390508697
1
1
1
0.9606345497478
0.990071116459723
1
1
1
1
1
1
1
1
1
1
0.976549729606848
1
1
1
1
1
1
0.999813782421028
1
1
0.991664265187387
1
0.942563362385411
1
1
1
1
0.999917107630934
1
1
1
1
1
1
1
1
1
1
1
0.999951304593292
1
1
1
1
1
1
1
1
1
1
1
0.999987833112594
1
1
1
1
1
0.968594557543172
1
0.999864294267686
1
0.965488170833054
1
1
1
0.999892554031411
0.995080719865789
1
1
1
0.996271396617726
0.961220944294869
1
1
1
1
1
1
1
1
0.985829329084723
0.933576812640697
0.998505864248427
1
1
1
1
1
1
1
1
1
1
1
1
0.950400513506854
1
1
1
0.952805218425334
1
0.99985550352679
0.999978643104026
1
0.999998035059462
1
0.979884170075077
1
1
1
1
0.948615337060675
0.999951957977758
1
0.999337937981736
1
1
0.999961699096373
1
1
1
1
1
1
0.963792356259637
1
1
1
1
0.948615337060675
1
0.999998371489542
1
1
1
1
1
1
1
1
1
1
1
1
1
1
1
0.995314113033563
0.998505864248427
1
1
1
0.786562096710643
1
1
1
1
1
1
1
1
1
0.999075197953143
1
1
1
1
1
0.830076464369481
0.999998247894285
1
1
1
1
1
1
1
1
1
0.999974355849691
0.9842770716555
1
1
0.999447470765899
1
1
1
1
1
1
1
1
1
1
1
0.999700635615036
1
1
1
1
0.842562198909197
0.999974438441486
1
1
1
1
1
0.989554812187482
1
1
1
1
1
1
0.981223693686744
0.999075197953143
1
1
0.999880725878651
1
1
0.999997461757455
1
1
1
1
0.785084179385596
1
1
1
0.959816998574559
1
1
1
1
1
1
1
1
0.986997614584451
0.85238313810912
1
1
0.988426444149749
1
1
1
0.999974274262057
0.998737510385536
1
1
0.968269547654525
1
0.967582026861423
1
0.986454163096483
1
0.999659433249809
1
1
1
0.999951304593292
1
1
1
1
1
0.999982636338607
1
1
1
1
1
1
0.881211005496609
0.979884170075077
1
1
1
1
0.98465822679187
1
1
1
1
0.999980517238107
1
1
1
1
1
0.999319817872849
1
1
1
1
1
1
1
1
0.997524480159086
1
1
1
1
1
1
1
1
1
1
0.985493935013023
1
1
0.99965369099071
1
1
1
0.999976004664966
1
1
1
1
0.974452612939141
0.9999787078661
0.932933349664817
1
1
0.99999849278365
1
1
1
1
1
1
0.999975111806181
1
1
1
1
1
1
1
0.999997493132854
0.99976586398529
1
1
1
0.99994128709971
1
1
0.999282924344511
1
1
0.999881284186661
0.999740778033973
1
1
1
1
0.99999849278365
1
1
1
1
0.97563441415247
1
1
1
1
1
1
1
1
1
1
1
1
1
0.997613711014173
1
1
0.999987833112594
1
1
1
1
1
1
1
1
0.999945736672436
1
1
1
0.992949841742125
0.92202420165286
1
1
1
1
1
1
1
0.999999123981289
1
1
1
0.99999849278365
1
0.995314113033563
1
1
0.999980941083824
1
0.994474183305056
1
1
1
1
1
0.975851040136817
0.999759153769717
1
0.974447148534179
1
1
1
1
0.947107156240106
1
1
1
1
1
1
1
1
0.997613711014173
1
1
1
1
1
1
1
1
1
1
0.999700635615036
1
1
1
1
0.995546388082828
0.996045347747804
0.999975631949916
1
1
1
1
1
1
1
1
1
0.909508153734066
1
1
1
1
1
1
1
1
1
1
1
0.996189067753936
0.999807407903575
1
0.999258842940606
1
1
1
1
1
1
0.961220944294869
1
1
0.981568686338546
1
1
1
1
0.849870848488708
1
1
0.97820838977852
1
1
1
1
1
1
1
1
1
1
1
1
1
0.949781196983941
1
1
1
1
0.999946944015379
0.936108089346206
1
1
1
1
0.975595710905501
0.695465230068853
1
0.999974438441486
0.973653858452992
1
1
1
1
0.996189067753936
1
0.995314113033563
1
0.999881284186661
0.996600942438314
1
1
1
1
0.999951304593292
1
1
1
1
0.917892139014652
1
1
1
1
1
1
1
1
1
1
1
1
1
0.999934371797123
1
0.988426444149749
1
1
1
1
1
1
0.707078477731655
1
1
1
1
1
0.984483709781502
1
1
1
1
1
1
1
1
1
1
0.999955147043387
1
1
0.999586894855517
1
0.988846036802351
1
1
0.882908160848064
0.968594557543172
0.991500462385666
1
1
1
1
1
1
1
0.989789901037627
1
0.999870899106702
1
1
1
1
0.990071116459723
0.99985550352679
0.999998035059462
1
1
1
0.99999785350328
1
0.999948620988518
1
1
1
1
1
1
1
1
1
1
0.999976004664966
1
0.982692903038614
1
1
1
1
1
1
1
1
1
1
1
1
1
0.986454163096483
0.978487604726802
1
0.96961050048811
1
1
1
1
0.99976586398529
1
1
0.999807407903575
1
1
1
1
1
1
1
0.999997702728937
1
1
1
1
1
1
1
1
1
0.923207033040368
1
1
1
1
1
1
1
1
1
1
1
1
1
1
1
1
1
1
1
1
1
1
1
1
1
1
1
1
1
1
1
1
1
0.999915550675289
0.991664265187387
1
1
1
1
1
1
1
1
0.989170858213715
0.999951957977758
1
1
1
1
1
0.999881284186661
1
1
1
1
1
1
1
0.968976343815582
0.999824740650501
1
1
0.99071930164415
1
1
1
0.948615337060675
1
1
0.958630447493281
0.998756562235632
1
1
1
1
1
1
1
1
1
1
1
1
0.997524480159086
1
1
1
1
0.996600942438314
0.981963943511504
1
1
1
0.882908160848064
0.999974438441486
1
0.999881284186661
1
1
0.999955147043387
1
1
0.999946944015379
1
1
1
0.99162632929119
0.999958290878862
0.978487604726802
1
1
1
0.999980517238107
1
1
0.999997671867702
1
0.947457339723981
1
1
0.958905988540248
1
1
0.999980517238107
1
0.999550842872131
1
1
1
0.999740778033973
1
1
0.999974798425192
1
1
1
1
0.980479142450413
1
1
1
1
1
1
1
0.999977204072671
1
0.995314113033563
1
0.999543284079684
0.999591976004338
1
1
1
1
1
1
1
1
0.878305823879939
1
1
1
0.962625429435092
1
1
0.996189067753936
1
0.995029102413196
1
1
1
1
1
1
1
0.98465822679187
1
1
1
1
0.999793140554111
0.996271396617726
1
1
1
1
1
1
1
0.999917096264902
0.999075197953143
1
0.958630447493281
1
0.999700635615036
1
1
1
1
0.782137286215471
0.916214247916467
0.999939956330544
1
1
1
1
0.99987855987448
1
1
0.961220944294869
1
1
1
1
1
1
0.99977830742938
1
1
0.985493935013023
0.9999787078661
1
1
0.999917096264902
1
1
1
1
1
0.988846036802351
0.99999849278365
1
1
0.999977204072671
1
1
1
1
1
1
1
1
1
1
1
1
1
1
0.999813782421028
1
0.995985359685773
1
1
1
1
1
0.989789901037627
1
1
1
1
1
1
1
1
1
1
1
1
1
1
1
0.988141823635802
1
1
1
1
1
1
1
1
1
1
1
1
0.999810945766192
0.997613711014173
1
1
1
1
1
1
0.991664265187387
0.997613711014173
0.999917107630934
1
1
1
1
1
1
1
1
1
1
1
1
1
0.849870848488708
1
1
1
1
1
0.96795645983268
1
1
1
1
0.999889019055327
1
1
1
1
1
0.925384932815506
1
1
1
1
0.99985550352679
1
1
1
1
1
0.993472984392964
1
1
1
1
1
1
0.999911934003445
1
1
1
1
0.997613711014173
1
1
0.959850911558523
1
1
1
1
1
1
1
1
1
1
1
1
1
1
0.985450390508697
1
0.999261543360344
1
1
1
1
0.631008712697306
1
1
1
1
1
1
0.995080719865789
1
0.998818463321229
1
0.929063035032849
1
1
1
1
1
1
1
1
1
1
1
1
1
0.999852837666734
0.999947516250807
1
1
1
1
1
0.999976896135548
1
1
1
1
1
1
0.963792356259637
1
1
1
1
1
1
0.992949841742125
1
1
1
1
1
1
1
1
1
0.979884170075077
1
1
1
1
1
1
0.988921493108502
1
1
1
0.999824740650501
1
0.963792356259637
0.999807638457462
1
1
1
1
1
1
1
0.988921493108502
0.999703297833987
1
1
1
1
1
1
0.999228423352177
1
1
1
1
1
1
1
0.999955147043387
1
1
1
1
0.988426444149749
1
1
1
0.999946283352563
1
1
1
1
1
1
1
1
0.999968612031063
1
1
0.999896578766289
1
0.980080807533715
1
1
1
1
0.990071116459723
1
1
0.959816998574559
1
1
1
1
1
1
1
1
1
1
1
1
0.996189067753936
1
1
1
1
1
1
1
1
0.999968612031063
0.992417098066311
1
1
1
0.98465822679187
0.999968612031063
1
0.996271396617726
1
1
0.999839859862742
1
0.991664265187387
1
1
1
0.997524480159086
0.982692903038614
0.999883183923671
1
1
1
1
1
1
1
1
1
0.999998035059462
1
1
0.988846036802351
1
1
1
1
1
0.997613711014173
1
1
1
1
0.99994941239314
0.988426444149749
1
1
1
1
1
1
0.992949841742125
1
0.925384932815506
1
1
0.999813782421028
1
1
1
1
1
1
1
1
1
1
1
1
1
1
0.888393317201776
1
1
1
1
1
0.999916469723208
1
1
1
1
0.960346604438933
1
0.994979364480191
1
1
1
1
1
1
1
0.984483709781502
1
1
1
1
1
1
1
1
1
1
1
1
0.965488170833054
0.999997435037734
0.935819003844503
1
1
1
1
0.999926348859371
0.984698357799427
1
1
0.99956239090862
1
1
0.999939199244466
1
1
1
1
1
1
1
1
1
1
0.999951957977758
1
1
1
1
1
1
1
1
1
1
1
0.999963464783601
1
1
1
0.999947516250807
1
1
1
1
1
1
0.801960905283676
1
1
0.975595710905501
1
1
1
1
1
1
0.830076464369481
1
1
1
1
1
1
1
1
1
1
1
1
1
1
1
1
0.9999787078661
0.971530837605461
1
1
1
1
1
0.999855163896247
1
1
1
1
1
1
1
1
1
1
0.9999787078661
1
1
1
1
0.96795645983268
1
0.996600942438314
0.995141335641742
1
1
1
1
0.800859080101796
1
1
1
1
0.999881284186661
1
1
1
1
1
1
1
0.999859021893092
0.992417098066311
1
1
1
1
0.999946944015379
1
1
1
0.998818463321229
1
1
1
1
1
1
1
1
1
1
1
1
1
1
1
0.983081246214394
0.985493935013023
0.999402321865162
1
1
1
1
1
1
1
1
0.981223693686744
0.99985550352679
1
1
1
1
1
0.999987833112594
1
1
1
0.999807638457462
1
0.999955147043387
1
1
0.99467306293937
1
1
1
1
1
0.859032004449488
1
1
1
1
1
1
1
0.999968612031063
1
1
0.999987833112594
1
1
1
0.999998035059462
1
0.988141823635802
1
1
0.981223693686744
0.999447470765899
0.995029102413196
1
1
1
1
1
1
1
1
0.999998371489542
1
1
1
1
1
1
1
1
1
1
1
1
1
0.995080719865789
0.825804520088959
1
0.924931895307536
0.968055742240602
1
1
0.947107156240106
1
1
0.99999849278365
1
1
0.999976896135548
1
0.997992552477533
0.999892219717134
1
1
1
0.999824740650501
1
1
0.999974355849691
0.999701272317815
1
1
1
1
1
0.999997435037734
1
0.989789901037627
1
1
1
0.594610668509536
1
0.971154266264847
1
1
1
1
1
0.99467306293937
1
1
0.929900397167188
0.999933547585465
1
0.984483709781502
1
1
0.999974274262057
0.986454163096483
1
1
1
0.875426489403309
1
1
0.999773136193322
1
1
1
1
1
1
0.981568686338546
1
1
1
0.999917096264902
0.87455786684321
0.921640496684063
1
0.98287149309319
1
1
1
0.999701272317815
0.999998035059462
0.999700635615036
1
1
0.999946944015379
0.998737510385536
0.913808456361699
1
0.963792356259637
1
1
1
1
1
1
1
1
1
1
1
1
0.999945736672436
1
1
0.999997493132854
1
1
1
1
1
1
1
0.999997847007828
0.921640496684063
0.909508153734066
1
1
0.997613711014173
0.999948733753599
0.920480436664124
1
1
1
0.999948733753599
1
1
1
1
1
1
1
0.999483771770354
1
1
1
0.999912746833787
1
1
1
1
1
1
1
1
1
1
1
1
1
1
1
1
1
1
1
1
0.98465822679187
1
1
1
1
1
0.999974438441486
1
1
1
0.999976004664966
1
0.995314113033563
1
1
1
1
1
1
1
1
1
0.975851040136817
1
0.977375964099014
1
1
0.999880725878651
1
1
1
0.968358497761161
1
0.913808456361699
1
1
0.999998770754173
1
1
1
1
1
1
1
1
1
0.976549729606848
1
0.985450390508697
0.99467306293937
0.958905988540248
1
0.980080807533715
1
1
1
1
0.980479142450413
1
1
1
0.983679297946484
1
0.999997545219506
1
1
1
1
1
0.990691367442235
0.971734631252953
0.970065277954492
1
0.99467306293937
1
1
1
1
1
1
0.959816998574559
1
0.988810994294415
1
1
1
1
1
1
1
1
1
1
1
1
0.999982636338607
1
1
0.999282924344511
1
1
1
1
1
1
1
1
1
1
1
1
0.999892554031411
1
1
0.995029102413196
1
1
0.999997671867702
1
0.998839626693038
1
0.991357795413919
1
1
1
1
1
1
0.997697081764014
1
1
1
1
1
1
0.977375964099014
1
1
1
1
1
1
1
1
1
1
1
1
1
0.958905988540248
1
1
1
1
0.998737510385536
1
0.999911934003445
1
1
0.999911316436912
0.991664265187387
1
1
0.930104202486406
1
1
0.98465822679187
0.998737510385536
1
1
1
1
0.979884170075077
0.989394493819356
0.98799578532588
0.999723515710456
1
1
1
0.976549729606848
1
1
0.999473434532788
1
1
1
1
1
1
1
1
1
1
1
0.955830958150483
1
1
1
1
1
1
0.996600942438314
1
1
1
0.920799625114663
1
1
1
1
1
1
1
1
1
1
1
1
1
1
1
1
1
1
1
1
0.999913973156911
0.985493935013023
1
1
1
1
1
0.988846036802351
1
1
1
1
1
1
0.959030035839347
0.994995138217136
1
1
1
0.985829329084723
1
1
0.975595710905501
1
1
1
0.96795645983268
1
0.975595710905501
0.996646720134849
1
1
1
1
1
1
1
1
1
1
1
0.99995898040646
1
0.997613711014173
1
1
1
1
1
1
0.999586750546394
1
1
1
1
0.971530837605461
1
1
1
1
0.999945736672436
1
1
1
1
0.985493935013023
1
1
1
1
1
1
1
1
1
0.886981595929813
1
1
1
1
1
1
1
0.93727185634182
0.959816998574559
1
1
1
0.976259993187974
1
1
1
0.968269547654525
1
1
1
1
1
1
1
1
0.936108089346206
1
1
1
1
0.983679297946484
1
1
0.997992552477533
1
1
1
1
1
1
1
1
1
1
0.999998247894285
0.999628065293763
1
1
1
0.880539906843556
1
1
1
1
1
1
1
0.991683648895377
1
1
1
1
1
1
1
1
0.999594918311954
1
1
1
1
1
1
1
1
1
1
1
1
0.99994027509885
0.999261543360344
1
1
1
0.999947516250807
0.999388060418016
1
1
1
1
1
1
1
0.989040978237786
1
1
1
1
1
1
1
1
1
1
0.999925180981798
1
1
1
0.999813782421028
1
1
1
0.999703297833987
0.983081246214394
1
1
1
1
1
1
1
1
1
1
1
0.995837897444955
0.999763026417938
1
0.998836735006282
0.999985071936363
0.995029102413196
1
1
1
1
1
0.952805218425334
1
1
0.999911029550049
0.979823961258223
0.99989784499057
1
1
1
1
1
1
1
1
1
1
1
1
1
1
1
1
1
1
1
1
0.963792356259637
1
1
1
1
1
1
1
1
0.995837897444955
1
1
1
0.999920233593057
1
1
0.866729671385023
0.959850911558523
1
0.999017179104726
1
1
0.999341684720211
1
1
1
0.975595710905501
1
1
1
1
0.999915550675289
1
0.976013322060543
1
0.976259993187974
1
1
1
1
1
1
1
0.950400513506854
1
1
0.981963943511504
0.999961699096373
1
0.999915550675289
1
1
0.990071116459723
1
1
0.987656072672048
0.999925180981798
1
0.968770169002557
0.990071116459723
1
1
0.999217192826806
1
1
1
1
1
1
1
0.996189067753936
1
1
1
0.968269547654525
0.997075121861978
1
1
1
1
1
1
1
1
1
1
1
1
1
1
0.940293117225576
1
1
1
1
1
1
1
1
1
1
1
1
1
1
1
1
1
1
1
1
1
1
1
1
1
1
1
0.999810945766192
1
1
1
1
1
1
1
1
1
0.99994128709971
1
1
1
1
0.999997582550762
0.97563441415247
0.997697081764014
1
1
1
0.999968612031063
1
1
1
1
1
1
1
1
1
1
1
1
1
1
1
1
1
0.980452685710975
1
0.999591976004338
0.996600942438314
1
0.999884779126779
1
1
1
1
0.999997582550762
1
0.999939956330544
1
0.988810994294415
1
1
0.950384230842697
1
1
1
0.999917107630934
1
1
1
1
1
1
1
1
1
1
1
1
1
1
1
1
1
0.933576812640697
0.980479142450413
1
0.999754613223733
1
1
1
1
1
1
1
1
1
1
1
1
1
1
1
1
1
0.997613711014173
1
0.999956867807503
1
0.999982872974684
1
0.995837897444955
1
1
1
1
1
1
1
1
0.99162632929119
0.999998770754173
1
0.98172336423811
1
0.999987833112594
1
1
1
1
1
1
0.999997582550762
0.917065049795415
1
1
1
1
1
1
1
1
0.999915550675289
1
1
1
1
1
1
1
0.995080719865789
1
1
1
1
1
1
1
1
0.958502503754675
1
1
1
1
1
1
0.999945736672436
1
1
0.968770169002557
1
1
0.990691367442235
0.999997435037734
1
1
1
1
1
1
1
1
1
1
1
1
1
1
1
1
1
1
1
0.99999785350328
1
1
0.975851040136817
1
1
1
0.997613711014173
1
1
1
1
1
1
1
0.920799625114663
1
1
1
0.721683367903901
1
0.999282924344511
1
1
1
0.999640794726016
1
1
1
1
1
0.997613711014173
0.947107156240106
0.997075121861978
1
1
1
0.97563441415247
1
0.942563362385411
1
1
1
1
1
0.999998035059462
1
0.974447148534179
1
0.997613711014173
1
0.99963391641591
0.991664265187387
1
1
1
1
1
0.958630447493281
0.999961699096373
1
0.89502236680967
1
1
1
1
0.818276219185424
1
1
1
1
1
1
0.999961699096373
0.999974355849691
0.990691367442235
1
1
1
0.999763026417938
1
1
1
1
0.999703297833987
1
0.979728984103769
1
1
1
0.884438500838547
1
1
1
1
0.98465822679187
1
1
0.982520838096072
1
0.995141335641742
1
1
1
1
1
1
1
1
1
1
1
1
1
0.912993292945329
1
1
1
1
1
0.932933349664817
1
1
1
1
1
1
1
1
1
1
0.999959877783019
1
1
0.985493935013023
1
1
1
1
1
0.946944562854332
1
1
1
1
1
1
1
1
1
0.999921312538001
1
1
1
1
1
1
1
1
0.999770124384103
1
1
1
1
1
1
1
1
0.989170858213715
1
1
0.999948620988518
1
0.989036174828429
1
1
1
0.958905988540248
0.898910185738188
1
1
1
1
1
1
1
1
1
1
0.999869558860834
1
1
1
0.819251291059428
1
0.898910185738188
1
1
1
1
0.991664265187387
0.999702136761161
0.999997461757455
1
1
1
1
1
1
1
1
1
1
1
1
1
1
1
1
1
1
0.999567473190071
1
1
1
1
1
1
1
1
1
1
1
0.999790207615421
1
1
1
0.934245020482832
1
1
1
1
1
0.971530837605461
1
1
0.967582026861423
0.99071930164415
0.99467306293937
0.997075121861978
1
1
1
1
1
1
1
1
1
0.978487604726802
0.997613711014173
1
1
1
1
1
1
1
1
1
1
1
1
1
1
1
1
1
1
1
1
0.878848329012895
1
1
1
1
1
1
1
1
1
1
1
1
0.821621840402896
1
0.959850911558523
1
1
1
1
1
1
1
1
1
1
0.999997702728937
1
0.999550842872131
1
1
1
1
1
1
1
1
1
0.995837897444955
1
0.994979364480191
1
1
1
1
1
1
1
0.875058028279855
1
1
0.999550842872131
1
1
0.954123048988041
1
1
1
0.997992552477533
1
1
1
1
1
1
1
1
1
0.999974355849691
0.999975111806181
1
0.999998247894285
1
1
1
1
1
1
1
1
1
1
1
1
1
1
1
1
1
1
1
0.994995138217136
1
0.996189067753936
1
1
0.983547360987002
0.99963391641591
1
1
1
1
1
1
1
1
1
0.877428090193466
0.9733728078868
1
1
0.976013322060543
0.978202011333708
0.938634585156221
0.999951304593292
1
1
1
1
0.999998077611742
1
0.984088498852966
1
1
1
1
1
1
0.982692903038614
1
0.995141335641742
1
1
1
1
1
1
1
1
1
1
1
1
0.999781694924328
0.981223693686744
0.999951304593292
1
1
0.999813782421028
1
1
1
1
1
1
1
1
1
1
1
0.999997461757455
1
1
1
0.843494668661323
1
0.975595710905501
1
1
1
1
1
0.933576812640697
1
1
0.976549729606848
1
1
1
1
0.999655334936622
1
1
1
1
1
1
0.999892054192028
0.999842070905074
1
1
1
1
1
1
0.990691367442235
1
0.999824453297535
1
1
0.977375964099014
1
0.973293378982846
1
1
1
1
1
1
0.996189067753936
0.995546388082828
1
1
1
1
1
0.982692903038614
1
1
1
1
1
1
1
1
0.999740778033973
1
1
1
0.981223693686744
0.97820838977852
1
0.999911934003445
1
0.975851040136817
1
1
1
0.999947516250807
1
1
0.988973229192769
1
0.984483709781502
1
1
0.783724437265584
1
1
1
0.999738213334909
1
1
1
1
1
1
1
1
1
1
0.999913973156911
1
1
1
1
1
1
1
0.995546388082828
1
0.999915550675289
1
1
1
1
1
1
1
1
0.955830958150483
0.995141335641742
1
1
1
1
0.968594557543172
1
1
1
1
1
1
1
1
1
1
1
1
0.989789901037627
1
1
1
1
1
1
1
0.984698357799427
1
1
1
1
1
1
1
1
0.999915550675289
1
1
0.997075121861978
1
1
1
1
1
1
1
0.830076464369481
1
1
1
0.88486358013088
0.92202420165286
0.979884170075077
1
1
0.900086980457273
1
1
1
1
1
1
0.96961050048811
1
1
1
1
1
1
0.949781196983941
1
1
1
1
0.959030035839347
0.999985071936363
1
1
1
0.999912872134379
1
1
0.997992552477533
1
1
1
1
1
1
1
1
0.994782830407811
1
1
1
1
1
0.998737510385536
1
1
1
1
1
1
1
1
1
1
1
1
1
1
1
1
1
1
1
1
0.995985359685773
1
0.983429567798926
0.999591976004338
1
1
1
1
1
1
1
1
1
0.99977830742938
0.981223693686744
1
0.999149011158852
1
1
1
1
0.999773136193322
1
1
1
1
1
1
0.999948733753599
1
1
1
1
1
1
1
1
0.984483709781502
1
0.997613711014173
1
1
1
0.996646720134849
0.999997409289245
1
1
1
1
1
1
1
0.932933349664817
1
1
1
0.999740778033973
1
1
1
0.941479741900157
0.959030035839347
1
1
1
1
1
1
0.941479741900157
1
1
0.999946283352563
1
1
1
1
1
1
0.99467306293937
1
1
1
1
1
0.880539906843556
1
0.988810994294415
1
0.988426444149749
0.991500462385666
1
1
1
0.997075121861978
0.989554812187482
1
1
1
1
1
1
0.99071930164415
1
1
1
1
0.980080807533715
1
1
1
0.999998035059462
1
1
1
1
0.997075121861978
1
1
1
0.99985550352679
1
1
1
1
0.998836735006282
0.833693509516383
0.991500462385666
1
1
0.99467306293937
1
1
0.999976004664966
1
1
1
1
1
1
1
1
1
1
0.999916469723208
1
1
0.999901875567627
1
1
0.999889019055327
1
0.989789901037627
1
1
1
0.976013322060543
1
1
0.999915550675289
1
1
1
0.98465822679187
0.903472576283643
1
1
1
1
0.988426444149749
1
1
1
0.999955147043387
1
1
1
1
1
1
0.999740778033973
1
1
1
1
1
1
1
0.999881284186661
1
1
1
1
1
1
0.989789901037627
1
0.977030927083737
0.99985550352679
1
1
0.999872288945271
1
1
1
1
1
1
1
1
1
0.995985359685773
0.999980517238107
0.999974355849691
1
1
1
1
0.982575403889628
0.986711912399609
0.999998770754173
0.999961699096373
1
0.999813782421028
1
1
1
1
0.999985071936363
1
1
1
1
1
0.999958290878862
0.952805218425334
1
1
1
1
1
1
1
0.833683759342452
1
1
1
1
1
1
1
1
0.96795645983268
1
1
1
1
0.999869984010248
0.968770169002557
0.996271396617726
0.999128956439834
1
1
1
0.999814036505867
1
1
1
1
1
1
0.99965369099071
0.999948620988518
1
1
1
0.998737510385536
1
1
0.995837897444955
0.995141335641742
1
1
1
1
1
0.999895854690201
1
0.995141335641742
1
1
0.935819003844503
1
1
1
1
1
1
1
1
0.909508153734066
1
1
0.99999849278365
1
0.976259993187974
1
1
1
1
1
0.999200972057071
1
1
1
1
1
1
1
0.999880725878651
1
1
1
1
1
1
1
1
1
1
1
1
1
1
1
1
1
1
1
1
1
0.808082870954748
1
1
1
1
1
1
1
1
1
1
1
0.999740778033973
1
0.995486734151108
1
1
0.999982872974684
1
0.999550842872131
1
1
1
1
1
1
1
1
0.999754613223733
1
0.999916469723208
1
1
1
1
1
1
1
1
0.99162632929119
1
1
1
1
1
1
1
1
1
1
0.998737510385536
1
1
1
1
1
1
1
1
1
1
1
1
1
0.999920233593057
1
1
0.99995898040646
0.986454163096483
1
1
1
1
1
1
1
1
1
1
1
1
1
1
1
1
1
0.933576812640697
1
1
1
1
0.999915550675289
1
1
0.988921493108502
0.897231379960406
1
1
1
1
0.999997702728937
1
1
1
0.935030274035729
1
1
1
1
0.983679297946484
1
1
1
1
1
1
1
1
1
0.981223693686744
0.989040978237786
0.999913973156911
1
1
1
1
1
1
1
1
1
1
1
1
1
1
1
1
1
0.999951957977758
0.864554970770062
1
1
0.999970181726153
1
1
1
1
0.999955147043387
1
1
1
1
1
1
0.9606345497478
1
1
1
1
1
1
1
1
1
1
1
1
1
1
1
1
1
0.942563362385411
1
1
0.998737510385536
1
1
1
1
1
1
0.99971169068687
1
1
1
1
1
1
1
1
1
1
1
1
1
1
0.849870848488708
1
1
1
1
1
1
0.909508153734066
0.990603890446369
0.999997545219506
0.93727185634182
1
1
1
1
1
1
1
1
1
1
0.999974798425192
0.959341366160785
0.995314113033563
1
1
0.984698357799427
1
1
0.980479142450413
1
1
1
1
1
0.985493935013023
1
1
1
1
1
1
1
1
1
1
1
1
1
1
1
1
1
1
1
1
1
1
1
1
1
0.849870848488708
1
0.993472984392964
1
0.986711912399609
1
0.983081246214394
1
1
1
1
0.999961699096373
1
1
1
1
1
1
0.99467306293937
1
0.940293117225576
1
1
1
1
1
1
1
1
1
1
1
0.999982636338607
1
1
1
1
0.999997417455223
1
1
1
1
1
1
1
1
1
0.944097514710605
1
0.971530837605461
1
1
1
1
1
1
1
0.934245020482832
0.93727185634182
1
1
0.999705328156129
0.958502503754675
0.999881284186661
1
1
1
1
1
1
1
1
1
1
0.999261543360344
1
0.999982872974684
1
1
1
1
1
0.991500462385666
1
1
0.952187106615492
0.976259993187974
1
1
1
1
1
1
1
1
1
1
0.896923779538884
0.9842770716555
1
1
1
0.974452612939141
1
1
0.98465822679187
1
0.992417098066311
1
1
1
1
0.999968612031063
1
1
1
1
1
0.974447148534179
1
1
1
1
1
0.999932893827125
1
0.999740778033973
1
1
1
0.99467306293937
1
1
1
1
1
0.991664265187387
1
0.999997582550762
1
1
1
1
1
1
1
1
1
0.999980517238107
1
1
0.966389154675135
0.999449920533509
0.971154266264847
1
1
1
1
1
1
0.971734631252953
0.999976896135548
1
1
1
1
1
1
1
0.852577176386885
1
1
1
1
1
1
0.99999849278365
1
1
1
1
1
1
1
1
1
1
1
0.999977204072671
1
1
0.995985359685773
0.999442830242822
1
1
0.988141823635802
1
1
0.967582026861423
0.999980517238107
1
0.999807407903575
1
1
1
0.983679297946484
0.999974274262057
0.997613711014173
1
1
1
1
1
1
1
1
1
1
1
1
1
1
1
1
1
1
1
0.905718406294259
1
1
1
1
1
1
1
0.744000859176111
1
1
0.999810945766192
1
1
1
0.999921312538001
1
0.999810945766192
1
1
1
0.999974531508664
1
1
1
1
1
1
1
1
1
1
0.999974438441486
1
1
1
0.967582026861423
1
1
1
1
1
1
0.985450390508697
0.999892554031411
1
1
1
1
0.968594557543172
1
0.99994027509885
1
1
1
1
1
1
1
1
1
1
1
0.999982872974684
1
1
0.997992552477533
1
1
1
1
0.980080807533715
1
1
1
1
1
1
1
1
1
1
1
1
1
1
1
0.999703297833987
1
0.999655334936622
1
1
1
1
0.99957745195394
1
1
1
1
1
1
1
1
1
0.999987833112594
0.971734631252953
0.983429567798926
1
0.999865725040065
1
1
1
0.978487604726802
1
1
1
1
1
0.983081246214394
1
1
1
1
1
1
1
0.999974274262057
1
1
1
0.968976343815582
1
1
1
1
1
1
1
0.968976343815582
1
0.99956239090862
1
1
0.913808456361699
0.995314113033563
1
1
1
1
1
1
1
1
1
1
1
1
1
0.998756562235632
1
0.999951957977758
1
0.991353551344647
0.999998247894285
0.99956239090862
1
1
1
1
0.979884170075077
0.940706710062658
0.981223693686744
0.999926348859371
1
1
1
1
1
1
0.981963943511504
1
1
1
0.967582026861423
1
0.999961699096373
1
1
1
1
1
0.999818093224233
0.999998770754173
1
0.989036174828429
1
1
1
1
1
1
1
0.89502236680967
1
1
0.999974798425192
0.975595710905501
0.999701272317815
1
1
1
1
1
1
1
1
1
0.98465822679187
1
1
1
1
1
0.852988247784923
1
0.978487604726802
1
1
1
1
1
1
1
1
1
1
1
0.991500462385666
1
1
1
0.97563441415247
1
1
1
1
1
1
1
1
1
1
1
1
1
1
1
0.935030274035729
1
1
1
1
1
0.999844250216346
1
1
0.979884170075077
1
0.985829329084723
1
1
1
1
0.988810994294415
1
1
1
1
1
1
1
1
1
1
1
1
1
1
0.999810945766192
1
1
1
0.999912746833787
1
0.87455786684321
1
0.936108089346206
1
0.982520838096072
1
0.950384230842697
1
1
0.999673107097051
1
1
1
1
1
0.999889019055327
1
1
1
1
1
1
1
1
1
1
1
1
1
1
1
0.999997702728937
1
1
0.999583269411575
0.999998035059462
0.995141335641742
1
0.998818463321229
1
1
1
1
1
0.88721183498444
0.989394493819356
0.999985071936363
1
1
1
1
1
1
1
1
1
0.999945736672436
1
1
1
1
1
1
1
0.989036174828429
1
1
1
1
0.999997409289245
1
1
0.999921312538001
1
1
1
0.999982872974684
1
1
1
1
1
1
1
1
1
1
1
0.999917096264902
1
1
1
1
1
1
1
1
1
1
1
0.959850911558523
1
0.999998035059462
0.999977204072671
1
1
1
1
1
1
1
1
1
0.982520838096072
1
0.942563362385411
0.999946944015379
1
1
1
1
1
1
1
1
1
1
1
1
1
1
1
1
1
0.995080719865789
1
1
1
0.968358497761161
1
1
0.999814036505867
1
1
1
0.968269547654525
0.878848329012895
1
1
1
0.987656072672048
0.997075121861978
0.999970275839717
1
1
0.989789901037627
1
1
1
1
1
1
1
1
1
0.999982872974684
1
1
0.959324878644086
1
1
1
1
1
1
1
1
1
1
1
0.999998035059462
1
1
0.996189067753936
1
1
0.999703297833987
1
1
1
1
1
1
1
0.959850911558523
1
1
1
1
1
0.982575403889628
1
1
0.999982636338607
1
1
1
1
0.988921493108502
1
1
0.995241975136501
1
0.999982872974684
0.999980517238107
1
1
1
1
0.981568686338546
1
1
0.99989784499057
1
1
1
0.999880725878651
1
1
1
1
0.977030927083737
1
1
1
1
1
1
1
0.975775680115596
0.995985359685773
0.995029102413196
1
1
0.921640496684063
1
0.999974355849691
1
0.98993850242251
1
1
1
1
1
0.990071116459723
1
1
1
1
1
1
1
0.999563178456845
1
1
1
1
0.948699347191535
1
1
1
1
1
0.897894039052907
0.995241975136501
1
1
1
1
0.880539906843556
1
1
1
1
1
1
1
1
1
0.99071930164415
1
0.971530837605461
0.999810945766192
0.982575403889628
1
1
0.999483546083458
0.961220944294869
0.994979364480191
1
1
1
1
1
1
0.999946944015379
1
0.975595710905501
1
1
1
0.881211005496609
1
0.991664265187387
1
1
0.999341870991961
1
0.804030213512032
1
1
0.968976343815582
1
0.99985550352679
1
1
0.818276219185424
1
1
0.985493935013023
1
0.865433073233983
1
0.995985359685773
0.999489878581773
1
0.996840223442714
1
1
1
1
1
1
1
1
0.999813782421028
1
0.999990717048282
1
1
1
1
0.999915550675289
1
1
1
1
1
1
0.866729671385023
0.999282924344511
0.999917107630934
1
1
0.999977204072671
1
0.99985550352679
1
1
1
1
1
1
1
1
1
1
1
1
0.979884170075077
1
1
1
0.999982872974684
1
0.982520838096072
1
0.932933349664817
1
1
0.888393317201776
0.991664265187387
1
1
0.999703297833987
1
0.967582026861423
1
0.984088498852966
1
1
1
1
1
1
1
0.999895854690201
1
1
0.999916469723208
1
1
1
1
1
0.997075121861978
1
1
1
0.999939956330544
1
1
1
1
1
1
1
0.999873919702661
1
1
1
1
0.999814036505867
0.999547776587299
1
0.99071930164415
1
1
1
1
1
1
1
1
1
0.999946283352563
1
1
0.999813782421028
1
1
1
1
1
1
1
1
1
1
1
0.971530837605461
0.983547360987002
1
1
1
1
0.938634585156221
1
1
1
1
1
1
1
1
1
1
1
1
1
1
0.999997461757455
1
1
1
1
1
0.934245020482832
1
1
1
1
1
1
0.999810945766192
1
1
1
1
1
1
0.999987833112594
0.860185849802863
1
0.99994941239314
0.999958290878862
1
1
1
0.999921312538001
1
1
1
1
1
1
1
1
1
1
1
1
1
1
0.999998035059462
1
1
1
1
1
1
1
1
1
0.965488170833054
1
1
1
1
0.965488170833054
1
0.999844250216346
1
1
1
0.984483709781502
1
1
1
1
1
1
1
1
0.997992552477533
1
1
0.977375964099014
1
1
0.999655334936622
0.903735316361357
1
1
0.994995138217136
1
1
1
1
1
1
1
1
1
1
1
1
1
1
1
1
1
1
1
0.995029102413196
1
1
1
1
1
1
1
0.971734631252953
0.842562198909197
1
1
1
1
1
1
0.983547360987002
1
1
0.999946944015379
1
1
0.999701272317815
1
1
1
1
1
1
1
1
1
0.996600942438314
1
1
0.999982872974684
1
1
1
1
1
1
1
0.999976896135548
1
1
0.999921312538001
1
0.939516331346108
1
1
1
0.959487519366776
1
1
0.963868956944417
1
1
1
1
1
1
1
1
1
1
1
1
0.999813782421028
1
1
1
1
1
1
1
1
1
1
1
0.908042614348013
1
1
1
1
1
1
1
1
0.99985550352679
1
1
1
1
1
1
1
1
0.968976343815582
0.968358497761161
1
1
0.999884779126779
1
0.87622034808318
1
1
0.999997582550762
1
1
1
1
1
1
1
1
1
0.933137371610349
0.991664265187387
1
1
1
1
1
1
1
1
1
1
1
1
1
1
0.999901875567627
1
1
0.995028942206075
1
1
1
1
1
1
1
1
1
1
1
1
1
1
1
1
1
0.948699347191535
0.999998770754173
0.999946283352563
1
1
1
0.997992552477533
0.984483709781502
1
1
1
1
1
1
1
1
0.992417098066311
1
1
0.999450181515827
1
0.999282924344511
1
1
1
1
0.999765077703182
1
1
1
0.997992552477533
1
0.989170858213715
1
1
1
1
0.991664265187387
1
0.999610946680682
0.98799578532588
1
1
1
1
0.634912958048685
1
1
1
1
1
0.989789901037627
1
1
1
1
1
0.990691367442235
1
1
1
1
0.9999787078661
0.986711912399609
1
0.973293378982846
1
1
1
1
1
1
1
0.99999849278365
1
0.995314113033563
0.999655334936622
1
1
1
1
0.634714785713873
1
1
1
0.988141823635802
1
1
1
1
1
1
1
1
0.999866785253805
0.965385644412944
1
0.968269547654525
1
1
1
1
1
1
0.999703297833987
1
1
1
1
1
0.991737299990192
1
1
1
1
1
1
1
1
1
1
1
1
0.99717573873141
1
1
1
1
1
0.999703297833987
1
1
1
1
0.991500462385666
1
1
1
1
1
1
0.981568686338546
1
1
0.999727784872711
1
1
1
1
1
1
0.999974798425192
1
1
1
1
0.995837897444955
1
1
1
1
1
1
1
1
1
0.986711912399609
1
1
1
1
1
0.999754613223733
1
1
1
1
1
1
1
1
0.976549729606848
1
1
1
0.99999785350328
0.999926348859371
1
1
1
1
0.995837897444955
1
1
1
1
1
1
1
1
0.995029102413196
1
1
1
1
0.97820838977852
1
1
0.999974798425192
0.97350907027174
1
1
1
0.989554812187482
1
1
1
0.97563441415247
1
1
1
1
1
1
1
0.988973229192769
1
1
1
1
0.903472576283643
1
1
1
1
0.975595710905501
1
1
1
1
1
1
0.961220944294869
1
0.99999785350328
1
1
1
1
0.952187106615492
0.999948620988518
1
0.999982872974684
0.960346604438933
1
1
1
0.999968612031063
1
1
0.999881284186661
1
1
1
1
1
1
1
1
1
1
1
1
1
0.856325226798581
1
1
1
1
1
1
1
1
0.916268726641712
1
1
1
1
1
1
0.995314113033563
1
1
1
1
0.977375964099014
1
1
1
1
1
0.999591976004338
0.989170858213715
1
1
1
0.826884680467972
1
1
1
1
0.999884779126779
1
1
1
1
1
1
1
0.999703297833987
1
1
1
0.994979364480191
1
1
1
0.985493935013023
1
1
1
1
1
1
1
1
1
1
1
1
1
0.999982872974684
1
1
1
1
0.999997417455223
1
1
0.999868733353309
1
1
1
1
1
1
1
0.998737510385536
1
1
1
1
1
1
0.999975111806181
1
0.999212106955733
1
1
1
0.999958290878862
1
1
1
1
0.991500462385666
1
1
0.999998770754173
1
1
0.981568686338546
1
1
1
1
1
0.999543284079684
1
1
1
1
1
1
1
1
1
0.888393317201776
1
1
1
1
0.960402750338695
1
1
1
1
1
1
1
0.958502503754675
1
1
0.998986558929959
1
1
1
1
1
1
1
0.999915550675289
1
1
1
1
1
1
1
1
1
1
1
1
1
1
0.999067549196915
0.999341870991961
0.770650947447847
1
1
0.999756502746438
0.98993850242251
1
1
1
1
1
0.978487604726802
0.984483709781502
1
1
1
1
1
1
0.940293117225576
1
1
1
1
1
0.984483709781502
1
1
1
1
0.995985359685773
1
1
1
1
1
1
0.947107156240106
1
1
0.999956711195034
1
1
1
1
0.999998247894285
1
1
1
0.998505864248427
1
1
1
1
0.976549729606848
1
1
1
1
0.968358497761161
1
1
1
1
1
1
1
1
1
0.999880725878651
1
1
1
0.999866785253805
1
0.969032513844054
1
0.995837897444955
1
1
1
1
1
0.938634585156221
1
1
0.856325226798581
1
1
0.999925180981798
0.99956239090862
1
0.950384230842697
1
0.988921493108502
1
1
1
1
1
1
1
1
0.99071930164415
1
1
1
1
1
1
0.968594557543172
1
0.999921312538001
1
0.993472984392964
1
0.971530837605461
1
0.961220944294869
1
1
1
1
1
1
0.99995898040646
1
1
1
0.999985071936363
0.99999785350328
1
1
0.968055742240602
1
1
1
1
1
0.955830958150483
1
0.988810994294415
1
0.99467306293937
0.997075121861978
1
1
1
1
1
0.9999787078661
0.985829329084723
1
1
1
0.999982636338607
0.968770169002557
1
1
0.99977830742938
1
1
1
1
1
1
1
1
0.725747787216549
1
1
1
1
1
1
1
1
1
1
1
0.97563441415247
1
1
1
1
0.996200438924442
1
1
0.925384932815506
1
1
1
1
1
1
1
1
0.989036174828429
1
1
0.950384230842697
0.999982636338607
1
1
0.999946944015379
1
1
0.999261543360344
1
0.898901986801797
1
1
1
1
0.995080719865789
0.994474183305056
0.999712510418692
1
1
1
1
1
0.978487604726802
1
1
1
1
0.942563362385411
1
1
1
1
1
1
1
1
0.855477251283861
1
0.995546388082828
1
1
1
0.999869558860834
0.999974438441486
1
1
1
1
1
1
1
1
1
0.999919032236294
1
1
1
1
1
1
1
1
0.968358497761161
0.846174105058074
0.99162632929119
1
1
1
1
0.98465822679187
1
1
1
0.849870848488708
1
0.975595710905501
1
0.991683648895377
0.999998247894285
1
1
0.898910185738188
1
1
1
1
0.999911029550049
1
1
0.995546388082828
1
1
1
0.994782830407811
1
0.950384230842697
1
0.999290548255868
1
1
1
1
1
1
1
1
1
0.999740778033973
1
1
1
1
1
1
1
1
1
1
0.997992552477533
1
1
0.975775680115596
1
1
0.986454163096483
0.999939956330544
1
1
1
1
1
0.97820838977852
1
1
1
1
0.97820838977852
1
1
1
0.999951304593292
1
1
1
1
1
1
1
0.98993850242251
1
1
1
0.999803569358445
1
1
1
1
1
1
1
1
1
0.999958290878862
0.958502503754675
0.88486358013088
0.980479142450413
0.999951957977758
1
1
0.999961699096373
1
1
1
1
1
0.997992552477533
1
0.810427183052687
1
1
1
0.875426489403309
1
1
1
1
1
1
1
1
0.990013485600912
1
0.999932893827125
0.669793259213465
1
1
1
0.944097514710605
0.97820838977852
0.999447470765899
1
1
1
1
1
1
1
0.999998035059462
1
1
1
0.980452685710975
1
1
1
1
1
1
0.999641346509921
1
1
1
1
1
0.970065277954492
1
1
1
1
0.99994941239314
1
0.948699347191535
1
1
1
1
0.978487604726802
0.999997702728937
1
0.999810945766192
1
1
1
0.997075121861978
1
0.97820838977852
1
1
1
1
1
1
0.981223693686744
1
1
1
1
1
1
1
1
1
1
1
0.99985550352679
1
1
1
1
1
1
1
1
0.995141335641742
1
1
0.842935923683802
1
1
1
1
0.946944562854332
0.99995898040646
0.900086980457273
1
1
1
1
1
1
1
1
1
0.999889019055327
1
0.999889019055327
1
0.99467306293937
0.981963943511504
1
1
1
1
1
1
1
1
1
0.97820838977852
1
1
0.986454163096483
0.975595710905501
0.938634585156221
1
0.999769099082363
0.981223693686744
0.999810945766192
1
1
1
1
1
1
1
1
1
1
1
0.999977204072671
1
1
1
1
1
1
1
0.999883183923671
1
0.853804888279247
1
1
1
0.878950780665447
1
0.989170858213715
1
1
1
1
1
1
1
1
1
1
1
1
0.999974798425192
1
0.978487604726802
1
1
1
1
1
1
0.673305616773734
0.989789901037627
0.999559039871485
1
1
1
1
1
0.999700635615036
1
1
1
0.952187106615492
0.999655334936622
0.99985550352679
0.99957745195394
1
1
0.995141335641742
0.999763026417938
1
1
1
1
1
1
1
1
1
1
1
1
1
0.99071930164415
1
1
1
1
1
1
1
0.999559039871485
1
1
1
1
1
1
1
1
1
1
1
1
1
1
1
1
1
1
1
0.999998770754173
0.958905988540248
1
1
1
1
1
1
1
1
1
0.9999787078661
0.999955147043387
1
1
1
1
1
1
1
1
1
1
1
1
1
1
0.999917096264902
1
1
1
1
1
1
1
1
1
1
1
1
0.999067549196915
1
1
1
1
1
1
0.99989784499057
1
0.988810994294415
1
1
0.999915550675289
0.995314113033563
1
1
1
1
1
1
0.936108089346206
1
1
1
1
1
1
1
1
1
1
1
1
1
1
1
1
1
1
0.975595710905501
1
0.999699657550089
1
1
1
1
1
1
1
1
1
1
1
1
1
1
1
0.925384932815506
1
1
1
0.985829329084723
0.690561678366264
1
1
1
1
0.98993850242251
1
1
1
1
1
1
1
0.999810945766192
1
1
1
0.985829329084723
0.999810945766192
1
1
1
0.999842070905074
0.995241975136501
1
1
1
1
1
1
0.935819003844503
1
1
1
0.944097514710605
1
1
1
1
1
0.999586750546394
1
1
1
0.998836735006282
0.99995500976184
0.954123048988041
0.966137920554631
0.856325226798581
1
1
1
1
1
1
1
1
0.975595710905501
1
1
1
1
1
1
1
1
1
1
1
1
0.997200148609418
1
1
1
1
1
1
1
1
1
1
1
1
0.999998247894285
1
0.811575646729749
1
1
1
1
1
1
0.999586750546394
1
1
1
0.99987855987448
1
1
1
1
0.999997702728937
1
1
1
1
1
1
0.988426444149749
0.99994027509885
0.935819003844503
1
0.986711912399609
0.975775680115596
1
1
1
1
1
1
1
1
1
0.99071930164415
1
0.997075121861978
1
1
1
1
0.992417098066311
1
1
1
0.99994941239314
1
1
0.835999270229037
1
1
0.99999849278365
1
1
1
0.981568686338546
1
1
1
1
1
0.999997702728937
1
0.999824740650501
1
1
1
1
1
1
1
0.999998680807661
1
0.974447148534179
1
0.934245020482832
1
1
1
1
1
0.99162632929119
1
1
1
1
1
0.999963464783601
1
1
0.968976343815582
1
1
1
0.894389159576819
1
1
1
1
1
1
0.959324878644086
1
1
1
0.999756502746438
1
1
1
1
1
1
0.983081246214394
1
1
1
1
0.96311120865347
1
1
1
1
1
1
1
0.988921493108502
1
1
1
1
1
1
1
1
1
1
0.999946944015379
0.999067549196915
1
1
1
1
0.875058028279855
1
1
0.999567473190071
1
0.999450181515827
1
1
1
1
1
0.935819003844503
1
0.749339293611491
1
0.995080719865789
1
1
1
1
1
1
1
1
1
1
1
1
0.923207033040368
1
1
1
1
1
1
1
1
1
1
1
0.99941989073538
1
1
1
1
1
1
0.938662732397049
0.982575403889628
1
1
0.968358497761161
0.936108089346206
0.999004696726749
1
0.986454163096483
1
1
0.961220944294869
0.968055742240602
1
0.795954744133733
0.997992552477533
1
0.975595710905501
0.808082870954748
1
1
1
1
1
1
1
1
0.999982636338607
0.991353551344647
0.948699347191535
1
