x
0.997896349355429
1
1
1
1
1
1
1
1
1
0.98762378705357
1
1
0.999004658459585
1
1
0.997333210827379
1
1
1
1
1
1
1
1
1
0.950393792946715
1
1
1
0.99051694398734
1
0.999101185272312
0.97908684455662
1
0.997288113773995
1
0.999071144187636
1
0.979499149487672
1
1
0.993626259036584
1
1
1
1
0.869627818972782
1
1
1
0.947042144095866
1
1
1
1
0.993366738101873
0.997159394850149
1
1
1
0.992385762024109
1
1
1
0.91066215054088
1
0.962125253792863
1
1
1
0.999191103113546
0.979088056874507
0.995147694943057
1
1
1
1
1
0.980102232028791
1
1
1
0.956502994335037
1
1
1
1
1
1
1
1
1
0.996379219750627
0.99903337842995
1
1
1
0.931161553795267
1
1
0.998184178742197
1
1
1
1
1
1
1
1
1
1
1
1
1
1
1
1
0.975133050174314
1
1
1
1
0.99953818907045
1
1
0.97442713613863
0.934234012478078
1
0.964167664762994
1
1
1
1
1
1
0.948025186196778
1
1
1
1
1
0.995390681706585
0.997555676040463
0.997558800398107
1
1
0.972819157966024
1
0.997697251925984
1
1
1
1
1
1
1
1
1
1
1
1
1
1
1
1
1
0.989635991288603
1
1
1
1
1
1
1
0.973535991230006
1
1
0.99719822051009
1
1
1
0.996289290190223
1
1
1
1
1
1
1
1
0.973535991230006
1
0.995746082826631
1
1
1
1
1
1
0.926648979623047
1
1
1
0.99051694398734
1
0.999784547282953
1
1
1
1
1
1
1
1
1
0.999349284854784
0.965114745179525
1
1
1
1
1
1
1
1
0.999992370163191
1
1
1
1
0.99285168892984
1
0.978614795509152
1
1
0.973548565758612
1
1
1
1
1
1
1
1
1
0.965941723385574
1
1
1
1
1
1
0.96697869621444
1
1
1
1
1
1
0.94106283564404
1
1
1
1
0.991827616275832
0.991168413910648
1
1
1
1
1
1
0.994375188238291
0.950393792946715
1
1
1
0.998171208903297
0.997800773520593
1
1
1
1
1
1
0.998670131731707
1
1
1
1
1
1
1
1
0.999470506642207
1
1
1
1
1
1
0.954758266253282
1
1
0.997094256162441
1
1
1
1
1
1
1
1
1
1
1
1
1
0.993074482211312
1
0.988290331398354
1
1
0.997952579931488
1
1
1
1
1
1
1
1
1
1
1
1
1
1
1
1
1
1
1
1
1
1
1
1
1
1
1
1
1
0.998385193101221
1
1
1
1
1
0.985021064193791
1
1
1
0.992326726278974
1
1
1
0.999967725341225
1
0.990719102527564
1
0.995815173616511
0.988290331398354
1
1
1
1
1
1
1
0.900642683693738
0.98187771553154
1
1
1
1
1
1
1
1
0.994422815821634
1
1
1
1
1
1
1
1
1
1
0.960176390982097
1
1
1
0.808393828990938
1
1
0.971817502641432
1
1
0.994750431579102
1
1
1
1
1
1
1
1
1
1
1
1
1
1
1
0.995815173616511
1
1
1
0.998859701281498
1
1
0.978483901525022
1
1
0.997592577703857
1
1
1
0.980720203044146
1
1
1
1
1
1
1
0.959745088168857
1
1
1
1
1
1
1
0.998989015684202
1
1
1
1
1
0.933046576144059
1
0.978348181389312
0.926648979623047
1
1
1
1
1
1
0.990813181737861
1
1
1
1
1
1
1
0.990813181737861
0.997448663394274
1
1
1
1
0.989920575021854
1
0.966946689626474
1
1
1
0.989787036432347
1
1
1
1
1
0.966102515940528
1
0.995178987432109
1
1
1
1
1
0.994014616294732
1
1
1
0.98936174788012
1
0.973155505049534
1
1
1
1
1
1
0.997797242006679
1
1
1
1
1
1
1
1
1
1
1
1
1
0.997319382772233
0.997558800398107
1
1
1
1
1
1
1
0.986420779452285
1
1
1
1
1
0.99427267696773
1
1
1
1
1
0.98762378705357
1
1
1
1
1
1
1
1
0.999501882089932
1
0.993061035970081
0.99903337842995
1
0.997319382772233
1
1
1
1
1
1
0.879415268815004
1
1
1
1
1
0.998844793442991
1
1
0.964167456744524
1
1
1
1
1
0.969635067610855
1
1
1
1
1
1
1
0.908380337182806
1
1
1
1
1
1
1
1
1
1
1
0.980140043445839
1
1
1
1
1
1
1
1
1
1
1
0.943272509333688
1
1
1
0.995147694943057
1
1
0.949625926266947
1
1
1
1
1
0.993366738101873
1
1
1
1
1
0.996379219750627
1
1
1
1
0.999470506642207
1
1
1
1
1
0.984032318629824
1
1
0.997920091119769
0.958558172834294
0.979131270848288
1
1
1
1
0.997952579931488
0.997621107143471
1
1
1
1
1
0.997253175666941
1
1
0.940033915599899
1
1
1
1
1
0.997920091119769
0.979132490653285
1
1
1
1
1
1
1
1
1
1
1
1
1
0.994723409599547
1
0.99719822051009
0.962123047381598
1
0.961704565455865
1
0.986309061266092
1
1
0.997680286246009
0.947042144095866
1
1
1
1
1
1
1
1
1
1
1
1
1
1
1
1
1
1
0.968900989944052
0.994740434707666
0.99051694398734
1
0.997680286246009
1
1
1
0.989920575021854
0.998397946246374
1
1
0.997221566135128
0.997952579931488
0.947039045686438
1
1
1
1
1
0.989704190378229
0.965094618052383
0.986702504329353
1
0.998625807261429
1
0.99858065462988
1
1
0.996289290190223
1
0.998864747857743
1
1
0.999746880231088
0.962125253792863
0.981423065455607
1
0.979546054295155
1
1
1
1
1
1
0.982287718074575
0.995147694943057
0.992684830040336
1
1
1
1
1
1
1
1
1
1
1
1
0.998171208903297
1
0.984587618373883
0.988098360550606
1
1
1
1
1
1
1
1
1
1
1
1
0.999627341808162
0.986355878352577
1
0.989919558974417
1
1
0.988167476233994
1
1
0.993399203444863
1
0.998184178742197
0.99719822051009
1
0.997333210827379
1
1
1
1
1
0.997319382772233
1
1
1
0.967889174827354
1
1
1
1
1
1
1
1
1
0.994072411173082
1
1
1
1
1
1
0.996395263500306
0.985749297944329
1
1
0.997555676040463
1
1
0.952511345168041
0.997598742840492
1
0.990480675473107
1
0.962754175869184
1
1
1
1
1
1
0.997415993297218
1
1
1
1
1
1
1
1
1
1
1
1
1
1
0.99295830141566
1
1
1
1
0.997527937995412
1
1
0.999349284854784
1
0.995786889268473
1
1
1
1
1
0.999992746732136
1
1
1
1
1
1
0.969636832626959
1
1
0.997253175666941
1
1
1
1
0.995786889268473
1
1
1
1
0.998184178742197
0.999922871843828
1
1
1
1
1
1
1
1
1
0.991403724830454
0.946281015414761
1
1
1
1
1
0.991064641465696
1
1
1
0.982317391137576
0.948892151632879
1
1
1
1
1
1
1
1
1
1
1
0.978410497459191
1
1
1
1
0.981065332336169
1
0.986947975572647
1
1
0.993366738101873
0.998440977684424
1
1
1
1
1
1
1
1
1
1
1
1
0.983615304238084
1
1
1
1
1
1
1
1
1
0.981286903675637
1
1
1
1
1
1
0.991507702746568
1
1
1
1
1
1
1
1
1
0.99719822051009
1
1
1
0.982356527058449
1
1
0.966057100559166
1
1
1
0.973752306773637
0.997108767650373
1
0.988289654356939
1
1
1
1
1
0.999289725231017
0.973535991230006
1
1
1
1
1
1
1
1
0.99942923357684
1
0.989920575021854
1
1
1
1
1
0.997356002668234
1
1
1
1
0.999784547282953
1
1
1
1
1
1
1
1
0.973276305312563
1
1
1
0.997372015051434
1
0.996116158863934
0.993061035970081
1
1
0.986195554776616
1
1
0.997198382080545
1
1
1
1
1
1
1
1
1
1
1
1
1
0.975133050174314
1
0.926600749183203
1
1
1
1
1
1
0.971817502641432
0.997053128270686
1
1
1
1
0.999349284854784
1
0.999349284854784
1
1
1
0.988167476233994
1
1
1
1
1
1
1
1
1
1
1
1
1
1
0.859991765917138
0.997661690695401
1
1
1
1
1
1
1
1
1
1
1
1
0.998184178742197
1
0.971492119478585
0.997797242006679
0.982827757178932
1
1
1
1
1
1
1
1
1
0.979088056874507
1
1
1
1
0.997230965767187
1
1
1
1
1
0.982648047186883
1
0.995983418034687
1
1
1
1
1
1
1
1
1
1
1
1
1
1
1
0.999784547282953
1
0.991295656152597
1
1
1
1
1
1
0.997621107143471
1
1
0.997253175666941
1
0.980057066257362
1
1
1
1
1
1
1
1
1
1
1
1
1
1
1
1
0.980140043445839
1
0.966872736899822
1
1
1
1
0.99903337842995
0.961907200335976
1
1
1
1
1
1
1
1
0.995080935464564
1
1
1
0.999992746732136
0.960543046859027
0.96713959648115
0.989202022249233
1
0.998480569659646
0.987538566101764
1
1
1
1
1
1
1
1
1
1
1
1
1
1
1
0.989750852468364
1
1
1
1
1
1
1
1
1
1
1
1
1
1
1
1
1
1
1
1
1
1
1
1
1
1
1
1
1
1
1
1
1
1
1
0.917744532676284
1
1
1
0.977942692411179
1
1
1
1
1
1
1
0.999170288472295
1
1
1
1
1
1
0.986631597709074
1
1
1
1
1
1
1
1
1
1
1
1
1
1
1
1
0.965013608172254
1
1
1
1
1
0.998827743296961
1
1
0.931000047199661
1
1
1
0.999233030764626
0.999289725231017
1
0.987538566101764
1
1
1
1
1
1
1
1
1
1
1
1
0.981767164047887
1
1
1
1
0.993545594652733
1
1
1
1
1
1
1
1
1
0.958646006640323
1
0.988167476233994
0.999593948334057
1
1
1
1
1
1
1
1
0.993828363348923
1
1
1
1
1
1
1
1
1
1
1
1
1
1
1
1
1
1
1
0.949925480284811
0.999952018803128
0.997896349355429
1
1
1
1
0.922395451895221
1
1
1
0.972012572982328
0.99979295416182
1
1
1
1
1
1
1
0.991507702746568
1
1
1
1
0.999986410159572
1
1
1
1
0.993366738101873
1
1
0.973836101310733
1
1
1
1
1
1
1
1
1
1
1
1
1
1
1
1
1
1
0.985021064193791
1
0.999693510801699
1
1
1
1
1
0.971490444383046
1
0.993061035970081
1
1
0.996289290190223
1
1
1
1
1
1
1
1
1
0.943482528468733
0.981767164047887
1
1
0.983963951256477
1
0.999593948334057
1
1
0.985650251236224
1
0.999565190345131
0.970333621608497
1
1
1
1
1
1
1
1
0.977942692411179
1
1
1
1
1
0.989482474171631
1
1
1
1
0.99979295416182
1
1
0.980140043445839
0.973276305312563
0.997415993297218
1
1
0.878239463689638
0.979088056874507
1
1
1
1
1
0.919315967442771
0.976927020804543
1
0.998397946246374
0.991241139960574
1
1
1
1
1
1
1
1
1
0.99285168892984
1
0.999233030764626
1
1
1
1
1
1
1
1
1
1
1
1
1
0.973697400162122
1
0.962905199011054
1
0.962123047381598
0.9890987716702
1
1
0.999784547282953
1
1
0.998652425908855
1
1
1
1
0.9778581387444
1
0.995249998342662
1
1
1
1
1
1
1
0.999419509889675
1
1
1
1
1
1
0.993061035970081
0.99968942751344
1
1
1
1
1
1
1
1
1
1
1
1
1
1
1
1
1
0.961077234994085
1
1
1
1
1
0.985021618386025
0.97518749561558
0.948092612564272
1
0.99154071092932
1
0.993450281191058
0.982356527058449
1
1
0.998859701281498
1
1
1
0.999913053018439
1
1
0.999998250774664
1
1
1
1
1
1
1
0.992160835457211
1
0.991463805919396
1
1
1
1
0.99815952216697
0.991403724830454
1
1
1
0.99082220414878
1
1
1
1
0.985118382592519
1
1
1
0.99082220414878
1
0.984475446429676
1
0.998716347391318
1
1
1
1
1
1
0.976667049969468
0.999746880231088
1
0.996116158863934
0.997221566135128
1
1
0.980102232028791
1
1
1
1
1
1
0.936567847888895
1
1
0.962873367887235
0.982340525852811
1
0.998864747857743
1
1
1
1
1
1
0.993074482211312
1
1
1
1
1
1
1
1
0.998775751489414
1
1
1
0.994517207529085
1
1
1
1
0.99525528061423
1
0.961907200335976
1
1
1
1
1
1
1
1
1
1
1
0.998162489257459
1
1
1
1
1
1
0.998625807261429
1
1
1
1
1
1
1
1
1
1
0.975133050174314
1
0.997661690695401
0.970235311119872
0.99694490938673
0.987547346921178
1
1
1
1
1
1
1
1
1
0.991827616275832
1
1
1
1
0.969636832626959
1
0.997621107143471
0.996379219750627
1
1
0.961077234994085
1
1
1
1
1
1
0.997448663394274
1
1
1
1
1
0.881354514662635
1
1
1
1
1
1
0.992300703394121
1
1
1
1
1
0.992684830040336
1
1
1
0.988855244796847
1
1
1
0.983615304238084
0.981767164047887
1
1
1
1
1
1
1
0.983702469642809
1
1
1
0.997540644296166
1
1
1
1
1
1
1
1
1
1
1
1
1
1
1
1
1
1
0.999419509889675
1
1
1
1
1
1
1
1
1
1
0.997555676040463
1
1
1
1
1
1
1
1
1
1
0.987882325354418
1
0.972412899859598
1
1
1
1
1
1
1
0.997969521497119
1
0.992676171491855
0.869627818972782
1
1
1
1
1
1
1
1
1
1
1
1
0.968437169830989
1
0.955605227863126
1
1
0.993626259036584
1
1
1
1
1
1
1
1
1
1
1
1
0.998370705838762
0.972819157966024
0.994452168648885
0.991403724830454
1
0.979131270848288
1
1
1
1
1
0.97528800915746
1
1
0.975133050174314
1
0.90670400963671
0.998716347391318
1
0.998171208903297
1
1
1
1
1
0.976206169809738
0.957954912132873
1
0.988289654356939
0.989511723143721
0.948892151632879
1
1
1
1
0.990635722772756
0.981423065455607
1
1
1
0.991135801776483
1
1
0.98187771553154
1
1
0.979132490653285
1
1
1
0.97654137805552
1
0.997555676040463
1
1
0.985650251236224
1
1
1
0.994452168648885
1
0.99894172512563
0.990669813184045
1
1
1
1
1
1
1
0.999995114519902
1
0.998652425908855
1
1
1
1
0.988820177799239
1
1
1
1
1
0.993074482211312
1
1
0.992488699634373
1
1
0.999992746732136
1
0.991827616275832
1
1
0.997797242006679
1
0.997896349355429
0.999872832466954
1
1
0.993366738101873
1
1
1
1
1
1
1
1
1
1
1
1
1
1
1
1
0.993273434981274
0.933046576144059
1
0.986309061266092
1
1
1
1
1
1
1
0.998430608932791
1
0.99006102092506
1
1
0.961704565455865
0.99942923357684
0.986947975572647
1
0.994762958753941
1
1
1
1
0.989482474171631
1
1
1
1
0.99121983537422
1
0.99968942751344
1
1
0.992385762024109
1
1
0.993074482211312
0.997896349355429
1
1
1
1
1
1
1
0.993828363348923
1
0.989704190378229
1
1
1
1
1
0.997527937995412
1
1
1
1
1
0.994109289373949
1
1
0.92678406683275
1
0.998051904940413
1
0.997661690695401
1
1
0.974107577348878
0.982257400432243
0.998625807261429
1
1
1
1
1
0.998488450828005
1
1
1
1
0.989968657343221
1
1
1
0.997540644296166
1
1
1
1
0.990719102527564
1
1
1
1
1
1
0.935619165769423
0.991690669931297
1
1
1
1
1
1
1
1
1
1
1
1
1
1
1
1
1
1
1
1
1
1
1
1
0.991507702746568
1
1
1
1
0.992488264558662
1
1
0.963827081613259
0.993828363348923
1
1
1
1
1
1
0.99121983537422
1
1
1
1
1
1
1
1
1
1
1
1
1
1
1
0.993545594652733
1
1
1
1
0.964167456744524
0.994641737791312
0.995005999559376
1
1
0.956500456316963
1
1
0.999889029038981
1
1
0.997598742840492
1
0.968475784600556
0.973276305312563
1
0.980120174762579
1
1
1
1
1
1
1
1
1
1
1
1
1
1
1
1
1
1
1
1
1
0.999639734323845
1
1
1
1
1
0.967153161339496
0.973752306773637
1
0.941574421772055
1
1
1
0.970326829842515
1
1
1
1
1
1
0.989704190378229
1
1
1
1
0.976050064937071
1
1
1
1
1
1
1
1
1
1
1
1
0.999521102630897
1
1
1
0.999829075015431
1
1
0.993233056222915
1
1
1
1
1
0.980102232028791
1
1
0.997724339236103
1
1
0.978614795509152
1
1
1
1
0.962107105093249
1
1
1
1
1
1
1
1
1
1
1
1
1
1
1
1
1
1
1
1
0.996794726281507
1
1
1
1
1
1
1
1
1
1
0.997621107143471
1
1
1
1
1
0.99719822051009
1
1
0.965438810112823
0.994750431579102
1
1
1
1
1
1
1
1
1
1
1
0.99894172512563
0.999470506642207
0.982356527058449
1
1
1
1
1
1
1
1
1
1
1
0.997697251925984
1
1
1
1
1
1
0.99289152213825
1
1
0.982257400432243
1
0.980746814436479
1
0.933687655558618
0.985650251236224
1
0.999693510801699
0.994276459085488
1
1
1
1
1
1
0.998184178742197
1
1
1
1
1
1
1
1
1
0.997952579931488
0.999872832466954
0.998488450828005
1
1
1
1
0.999913053018439
1
0.9890987716702
0.997333210827379
1
1
1
1
1
1
1
1
1
0.941023815826714
1
0.943716611743194
1
1
1
1
1
1
0.980208454781312
1
0.988820177799239
1
1
1
1
1
1
1
0.996395263500306
1
1
1
1
1
1
1
1
1
1
1
0.992385762024109
1
1
1
1
1
1
1
1
1
1
1
1
1
1
0.980140043445839
1
0.963865663429157
1
1
1
1
1
0.997333210827379
0.902639076047005
1
1
1
0.999349284854784
0.988855244796847
1
1
1
1
1
0.985349224246254
1
0.999913053018439
1
1
1
1
1
1
1
1
1
1
1
1
1
1
1
1
0.988855244796847
1
1
1
0.983602917685269
1
1
0.964323060573312
1
1
1
1
1
1
1
1
1
1
1
1
1
1
1
1
1
0.999627341808162
1
1
1
0.999693510801699
0.997489935531803
0.998385193101221
1
1
1
1
0.986377279000624
0.999627341808162
1
1
1
1
1
1
1
1
1
1
1
1
0.998162489257459
1
1
1
1
1
1
1
0.979499149487672
1
1
1
0.993626259036584
1
1
1
1
1
1
1
1
1
1
1
1
1
1
0.995748327837131
1
1
1
1
0.969636832626959
1
0.998895425634878
1
1
1
1
1
1
1
1
0.991237032785669
1
1
1
1
1
1
1
1
1
0.959745088168857
1
0.993450281191058
1
1
1
1
1
1
0.997221566135128
1
1
1
1
1
1
1
1
0.999289725231017
1
1
1
1
1
0.999395925649719
1
1
1
1
1
0.986309061266092
0.982827757178932
1
1
0.999565190345131
1
1
1
0.999627341808162
1
1
0.997616188691515
0.977712213107597
1
1
1
1
1
1
1
1
1
0.941353775847176
1
1
1
1
1
1
0.990254542854039
1
1
0.963976969319856
1
1
0.998873917316212
1
1
1
1
0.963965579924564
1
1
1
1
1
0.968925548552098
0.964929344181356
1
1
1
1
1
0.980149737784959
1
1
1
0.999952018803128
0.986355878352577
1
1
1
1
1
0.970154541644992
0.966998164427958
1
1
1
1
1
1
1
1
1
1
1
1
0.967850516476106
0.999975506176594
1
1
1
1
1
1
1
1
1
1
1
1
0.981955047609737
0.979131270848288
1
1
1
1
1
1
1
1
1
1
1
1
1
1
1
1
1
1
1
1
1
1
1
1
1
1
1
0.976206169809738
0.998716347391318
1
1
0.987655511500045
1
0.993074482211312
1
1
1
1
1
1
1
1
0.966432932727316
0.998297333377409
1
1
0.96697869621444
1
1
1
1
1
1
0.997540644296166
1
1
1
0.998041668836641
1
1
1
1
1
1
1
0.993273434981274
1
1
1
1
1
1
1
1
1
1
1
1
0.990208385261778
0.997621107143471
1
1
1
1
0.988374148144774
1
0.993273434981274
1
0.98187771553154
0.997333210827379
1
1
1
1
1
1
1
0.997221566135128
1
1
1
1
1
1
0.977942692411179
1
1
1
1
1
1
1
1
0.996553345715884
0.958646006640323
0.924713960265009
1
1
1
1
1
0.989704190378229
1
1
0.973535991230006
1
1
1
1
1
0.994641737791312
0.997159394850149
1
0.973276305312563
1
1
1
1
0.997592577703857
0.943272509333688
1
1
0.980773650508067
1
1
0.987142088702008
1
1
1
0.998385193101221
0.999784547282953
1
1
1
1
1
1
1
1
0.999643778732476
1
1
1
1
1
0.990813181737861
1
1
1
1
1
0.987882325354418
1
1
1
0.998051904940413
0.995815173616511
0.995786889268473
1
1
0.998716347391318
1
1
0.999349284854784
1
1
0.998297333377409
1
1
1
0.834202360985984
1
1
1
1
1
1
1
1
1
1
1
1
1
1
1
1
1
1
1
1
0.978614795509152
1
1
1
1
1
1
1
1
1
1
1
1
1
0.965094618052383
1
1
0.992636234728284
1
1
0.990208385261778
1
1
1
1
1
0.97528800915746
1
0.997555676040463
0.998480569659646
1
1
1
1
0.984805667975118
0.953881251609012
0.971442543670718
1
1
1
1
1
0.997621107143471
0.97908684455662
1
0.978643651297898
1
1
1
1
0.983702469642809
1
1
1
0.8763138986051
1
1
1
0.968925548552098
0.98730018380887
1
1
0.998019244046429
1
1
1
1
1
1
0.970235311119872
1
1
1
0.970235311119872
1
1
1
1
1
1
1
1
1
1
1
1
1
0.997598742840492
0.991824959077181
1
0.992941760983178
1
1
1
1
1
0.994517207529085
1
0.983602917685269
0.986875056876831
1
0.99731953751648
1
0.999071144187636
1
1
1
1
1
1
0.962589434368151
1
1
1
1
1
0.981286903675637
1
1
0.997159394850149
1
1
1
0.976206169809738
0.977278943282018
1
1
1
1
1
1
1
1
1
1
0.971442543670718
0.981767164047887
0.989704190378229
1
1
1
0.958619741696111
1
1
1
1
0.983507423736566
1
1
1
1
1
1
0.998859701281498
1
1
1
1
1
1
1
1
1
0.971570193111142
1
1
1
1
1
0.970235311119872
1
1
1
1
1
1
1
1
1
1
1
1
1
1
0.989920575021854
1
1
0.998711397465187
1
1
1
1
1
1
1
0.988098360550606
1
1
1
1
1
1
1
1
1
1
1
1
1
1
1
0.999565190345131
1
1
1
1
1
1
1
1
1
0.999349284854784
1
1
1
1
1
1
1
1
0.980304065085424
1
0.99719822051009
1
1
0.99006102092506
1
0.94106283564404
1
1
1
1
1
1
1
1
0.98187771553154
1
0.979499149487672
1
0.997800773520593
1
1
1
1
0.998521767662105
1
1
1
1
0.998775751489414
0.99979295416182
0.989787036432347
0.908380337182806
1
1
0.958249016791704
1
1
1
1
1
1
1
1
1
1
1
0.990813181737861
1
1
1
1
1
0.990508607211611
0.99154071092932
1
1
0.999998250774664
1
0.997108767650373
0.980720203044146
1
1
1
1
0.954171666098327
1
0.998171208903297
1
1
1
0.973548565758612
0.971570193111142
1
1
1
1
0.908380337182806
1
1
1
1
0.999501882089932
1
1
0.981330513013509
0.970235311119872
1
1
1
1
1
1
1
1
1
1
0.999395925649719
1
1
1
1
1
1
0.996698697144638
1
1
0.995591489073825
1
1
1
1
1
1
1
1
1
1
1
1
1
0.907253422688729
1
1
1
0.961907200335976
1
0.997540644296166
1
1
0.99121983537422
1
1
1
1
1
1
1
0.985349224246254
1
1
1
1
1
1
1
1
1
1
1
1
1
1
1
1
1
1
1
1
1
1
0.988289654356939
1
0.997920091119769
1
0.993613045382201
1
0.998670131731707
1
0.997952579931488
1
1
1
1
1
1
0.952511345168041
1
1
0.999135661303175
1
0.971492119478585
1
1
1
1
1
1
1
1
1
1
1
1
0.997415993297218
0.994517207529085
1
1
1
1
1
0.989704190378229
0.994641737791312
1
1
1
0.980120174762579
1
1
1
1
1
1
1
1
1
1
1
1
1
0.976646864272183
1
1
0.997372015051434
1
1
0.997592577703857
1
1
1
0.997598742840492
1
1
0.989694083979588
1
1
1
1
1
1
1
1
1
1
1
1
1
0.94447906398789
0.99694490938673
1
1
1
1
1
1
1
0.971109153409839
1
0.936567847888895
1
1
1
0.97584940139834
1
1
1
1
1
1
1
1
1
1
1
1
1
1
0.999233030764626
0.961704565455865
0.997800773520593
0.99964399148893
1
1
1
1
1
1
1
1
1
1
1
1
1
1
0.987512661039886
1
1
0.998184178742197
1
1
1
1
0.999083695036554
1
1
0.971490444383046
1
1
1
0.960543046859027
0.975133050174314
1
1
0.99285168892984
1
1
1
0.99186809630969
1
1
1
0.964774934978215
1
0.986242994323278
1
1
0.998385193101221
1
1
1
1
0.989704190378229
0.915593259347883
1
1
1
1
1
1
1
1
1
1
0.97908684455662
1
1
1
0.978410497459191
0.99719822051009
1
1
1
1
1
1
0.997592577703857
1
0.949625926266947
1
1
0.993233056222915
1
1
1
1
1
1
1
1
1
1
1
1
1
0.994695605860084
1
1
1
1
1
0.982257400432243
1
1
1
1
1
1
0.982401733291704
1
1
1
1
1
1
0.99968942751344
0.998711397465187
0.992488699634373
1
1
1
1
1
0.990669813184045
0.996553438703181
1
1
1
1
1
1
0.998989015684202
1
1
1
1
1
1
1
1
1
1
1
1
0.998209530703831
1
1
1
1
1
1
1
1
1
1
0.970235311119872
1
1
0.980720203044146
1
1
0.997527937995412
1
1
1
1
0.997281584183329
1
0.974815123958426
1
1
0.969635067610855
1
1
1
1
1
1
1
1
1
1
1
1
1
1
1
0.965094618052383
1
0.99942923357684
1
1
1
1
1
0.97239654806087
1
1
1
1
0.995786889268473
1
1
1
1
1
0.998859203467568
1
0.9890987716702
1
1
1
0.995178987432109
0.996116158863934
1
1
0.986702504329353
0.981065332336169
1
0.986593944057011
1
1
0.99121983537422
1
1
1
1
1
1
0.976667049969468
1
1
1
1
1
1
0.990631360307771
1
1
0.997711264925138
1
1
1
0.983963951256477
0.995577800730162
1
1
1
1
1
1
1
1
0.996553438703181
1
0.985776831992362
0.97518749561558
1
1
1
1
1
1
1
0.99082220414878
0.997969521497119
1
1
1
1
1
1
1
1
1
1
1
0.998051904940413
0.927047560901596
1
1
1
1
1
1
1
1
0.989202022249233
1
1
1
0.99903337842995
0.995408805520086
1
1
1
1
0.964167456744524
1
1
1
1
1
1
1
1
1
1
0.999829075015431
0.998242581414791
1
1
1
0.9778581387444
0.962123047381598
1
1
1
0.988290331398354
1
0.997333210827379
1
1
1
1
1
1
1
0.985349224246254
1
1
1
1
0.995249998342662
1
1
1
0.964929344181356
1
1
1
1
0.976667049969468
1
1
1
1
1
1
1
0.99903337842995
1
1
1
1
1
1
1
1
1
1
1
1
0.998411176820024
1
1
1
1
1
1
1
1
0.998184178742197
0.952116488567833
1
1
1
1
1
1
1
1
1
1
1
1
1
1
1
1
0.969764415527592
1
1
0.98531761210336
1
1
1
1
1
1
1
0.955130959217898
1
1
0.999998169809278
0.989990815666797
1
1
1
0.980099467396831
1
1
1
1
1
1
1
0.999627341808162
1
0.938307154113406
1
1
1
1
1
0.984587618373883
1
1
0.99979295416182
1
1
1
1
1
1
0.987940250027035
1
1
0.982839987139908
1
1
1
1
1
1
1
1
1
1
1
1
1
1
1
1
1
1
1
1
1
1
1
1
1
1
0.993985023594749
1
1
1
0.999746880231088
1
0.988819528598987
1
0.988819528598987
1
1
0.990813181737861
1
1
1
1
1
1
1
1
1
0.988429762707055
1
1
1
1
1
1
0.997319382772233
0.986309061266092
0.99186809630969
1
1
1
1
1
1
1
0.999784547282953
1
0.998019244046429
1
1
1
1
1
1
1
1
1
1
1
1
0.99963844921052
1
1
1
1
1
1
0.992306359466583
1
1
1
1
0.999975786492491
1
1
1
0.974249184771158
1
1
1
1
1
1
1
1
1
1
1
1
1
1
1
0.999855004850959
0.986195554776616
1
0.964167456744524
0.982401733291704
1
1
1
1
0.998297333377409
0.997616188691515
1
1
1
1
1
0.99942923357684
0.999992370163191
1
1
1
1
0.974508895724336
1
1
1
1
0.97908684455662
0.99051694398734
0.96697869621444
0.997952579931488
1
1
1
1
0.998397946246374
0.999629866233894
1
1
1
1
0.998989015684202
0.991824959077181
1
1
1
1
0.989511723143721
1
0.992385762024109
1
1
1
1
1
1
0.999170288472295
1
1
0.994375188238291
1
1
1
1
1
1
1
1
1
1
1
1
1
0.961907200335976
0.991448515136889
0.966057100559166
1
1
1
0.989694083979588
1
1
1
1
1
1
1
0.998370705838762
0.997198382080545
0.997540644296166
1
0.957520333811571
1
1
1
1
0.890963424400939
1
1
0.988289654356939
1
1
1
1
1
0.988289654356939
1
1
1
1
1
1
1
1
1
1
0.995786889268473
1
1
1
1
1
1
0.970668987968082
0.991295656152597
1
1
1
1
1
1
1
0.984991517936601
1
1
1
1
1
1
0.991827616275832
1
1
1
0.997540644296166
1
0.994276459085488
1
1
1
1
0.980586072400057
1
1
1
0.999865872587045
1
1
1
0.991237032785669
1
1
1
0.997333210827379
0.993450281191058
1
1
1
1
1
0.997288113773995
0.985574439310994
0.973744917079533
0.999333935220491
1
1
0.998844793442991
1
1
0.969636832626959
1
1
1
1
1
1
1
1
0.998716347391318
0.993273434981274
1
0.989511723143721
1
1
1
1
1
0.990508607211611
1
1
0.993291772784601
1
1
1
1
1
0.999756771398232
1
0.999998169809278
1
1
0.993233056222915
1
0.997333210827379
1
0.986195554776616
1
1
1
1
1
1
1
0.998625807261429
0.971570193111142
1
1
1
1
1
1
1
1
1
1
1
1
1
1
0.976667049969468
0.988289654356939
1
1
1
1
1
1
1
1
0.98531761210336
0.985021064193791
0.971109153409839
1
1
1
1
0.981274488738123
1
1
1
0.995005999559376
0.957635411609612
1
1
1
1
0.991448515136889
0.985021618386025
1
1
1
1
1
1
0.984558882494479
1
1
0.976206169809738
1
1
1
0.998711397465187
1
0.973690687480455
0.840303564662621
1
1
1
0.997319382772233
0.988349391117901
1
1
0.955043521692541
1
1
1
0.977942692411179
0.999327462857504
1
1
1
1
1
1
0.987655511500045
0.977043629565007
1
1
1
1
1
1
0.994750431579102
0.890963424400939
1
1
1
1
1
1
1
1
1
0.998987046422147
1
1
1
1
1
1
0.959745088168857
1
1
1
1
1
0.974626148567011
1
0.995183643658886
1
1
1
1
1
1
1
1
1
1
1
0.99692878605844
0.978643651297898
1
1
1
1
1
1
1
1
1
1
1
1
1
0.951210537355812
1
0.972012572982328
1
1
0.996698697144638
1
0.987142088702008
1
1
1
1
1
1
1
1
1
1
0.999140201667148
0.96697869621444
1
1
0.993117378034942
1
1
0.994886103119706
1
1
0.999565190345131
1
1
1
1
0.999233030764626
1
1
0.998775751489414
1
0.986875056876831
1
1
1
1
1
1
1
0.970576163969195
0.997598683045348
1
1
1
0.978643651297898
1
1
1
1
0.969635067610855
1
0.980748482606827
1
1
1
1
1
1
0.994276459085488
1
1
1
0.986352626660444
0.970235311119872
1
1
1
1
1
1
1
1
1
1
1
1
1
0.973752306773637
0.998024018400573
1
1
1
1
0.872902288922865
1
1
0.983702469642809
1
1
0.994245825190585
1
1
0.997489935531803
1
1
1
0.967889174827354
1
1
1
1
1
0.981286903675637
1
1
1
1
1
1
1
1
1
1
1
1
0.99894172512563
1
1
1
1
1
1
1
1
1
0.991507702746568
1
1
0.998654499207574
1
1
1
1
1
1
1
0.999746880231088
1
1
1
1
1
1
1
1
0.997319382772233
1
1
1
1
1
1
1
1
1
1
1
1
1
0.998162489257459
0.995591489073825
1
1
0.974815123958426
1
1
0.980099467396831
1
1
1
1
1
1
1
0.979546054295155
0.989511723143721
1
1
1
1
1
1
0.965876756773015
1
0.994245825190585
1
1
1
1
1
1
1
1
1
1
1
1
1
1
1
1
1
1
1
1
0.999609664899014
1
1
1
1
1
1
1
1
1
1
1
0.987547346921178
0.997319382772233
0.987655511500045
1
1
1
1
0.991448515136889
1
1
1
1
1
0.993074482211312
1
1
1
1
1
1
0.99525528061423
0.999829075015431
0.999521102630897
1
0.997592577703857
1
1
1
0.994245825190585
1
1
1
1
0.990254542854039
0.980140043445839
1
1
0.989635991288603
0.975133050174314
1
0.933711838179792
1
1
0.968475784600556
0.993061035970081
1
1
1
1
1
1
1
1
1
1
0.999289725231017
1
1
1
1
1
1
1
0.999829075015431
1
1
1
1
1
1
1
0.981286903675637
1
1
0.981767164047887
1
1
0.981274488738123
0.997661690695401
1
1
1
1
0.997621107143471
1
1
1
1
1
1
1
1
1
1
1
1
1
1
1
1
1
1
1
1
1
1
1
0.958558172834294
1
1
1
1
1
1
1
1
1
1
0.998521767662105
1
1
1
1
1
1
0.966057100559166
0.986309061266092
1
1
1
1
1
0.970333621608497
1
1
0.989202022249233
1
1
0.99285168892984
1
1
1
1
1
1
1
1
1
1
1
1
1
1
1
0.999594782673545
1
0.998385193101221
1
1
1
1
1
0.994276459085488
1
1
1
1
1
1
1
1
1
1
1
1
0.999233030764626
1
1
1
1
1
0.997372015051434
1
1
1
1
1
1
1
1
1
0.973697400162122
1
1
0.972819157966024
1
1
0.997621107143471
1
1
1
1
1
1
1
1
1
1
1
1
1
1
1
1
1
1
1
1
1
1
1
1
1
1
1
1
0.99285168892984
1
1
1
0.98531761210336
1
1
1
1
1
0.9890987716702
1
1
1
0.998385193101221
1
1
1
1
0.998652425908855
1
1
1
0.972059986428619
0.969636832626959
1
1
1
1
1
1
0.954336087235441
1
0.986947975572647
1
1
1
1
1
1
1
1
1
1
1
1
1
1
1
1
1
0.997711264925138
1
1
1
1
1
1
1
1
1
1
0.995249998342662
1
1
0.964167456744524
0.992160835457211
1
1
1
1
1
1
1
1
1
1
1
1
1
1
0.99757915614468
1
0.998625807261429
0.950794809765449
1
1
1
1
1
0.999952050147406
1
1
1
1
0.987512661039886
0.992326726278974
1
1
1
0.962873367887235
1
1
1
0.962125253792863
1
1
1
1
0.972888697909704
0.999191103113546
0.988519925680332
1
1
0.999071144187636
0.943272509333688
1
1
1
1
1
0.998385193101221
1
1
1
1
0.982827757178932
1
0.99979295416182
1
0.972819157966024
1
1
1
0.998488450828005
1
1
1
1
1
1
1
1
1
1
1
1
0.981955047609737
1
1
1
0.972412899859598
1
1
1
1
1
1
1
1
1
0.949786797493921
0.993858417554331
1
1
1
1
1
1
1
0.934234012478078
1
1
0.997555676040463
1
0.972059986428619
1
1
1
0.891651883650277
0.996683497812292
1
1
1
0.995106664013254
0.928363830747438
1
1
1
1
0.928635046049244
1
1
1
1
0.881783800765647
1
1
1
1
1
1
1
1
1
1
0.974815123958426
0.998864747857743
0.844881336599984
1
1
1
0.966998472880079
1
0.854834383089892
1
0.999901207728254
1
1
1
0.80212626370582
0.991690669931297
1
1
1
1
1
1
1
0.999913053018439
1
1
0.996910769430097
1
1
1
1
1
1
0.995249998342662
1
0.982257400432243
1
1
1
0.97654137805552
1
1
0.995781427425101
0.973535991230006
1
0.990508607211611
1
1
1
1
1
0.956500456316963
1
0.998864747857743
1
1
1
0.992684830040336
1
1
1
1
1
1
1
1
1
1
1
0.997333210827379
1
1
1
1
1
0.936564125575851
0.985551923279641
0.999627341808162
1
0.997896349355429
1
1
1
0.98187771553154
1
1
1
0.992534695483172
1
1
1
1
1
1
1
1
1
1
0.949831143419924
1
1
1
1
1
1
0.997297053102392
1
1
1
1
0.983507423736566
0.998171208903297
0.997356002668234
1
1
1
1
1
0.926648979623047
0.900998337467213
1
1
1
0.998445905850305
0.993450281191058
0.99525528061423
1
1
1
0.974343413920589
1
1
0.971570193111142
1
1
1
1
1
1
1
1
0.998654499207574
1
1
1
1
0.991827616275832
1
1
1
1
1
1
1
1
1
1
1
1
1
0.999992370163191
1
1
0.957162582292645
0.977363757442696
1
0.997094256162441
0.997198382080545
1
1
1
1
1
1
1
1
1
1
1
1
1
1
1
0.978483901525022
1
1
1
1
0.971492119478585
0.910655301253274
1
1
1
1
1
1
1
1
1
1
1
0.990245702274782
1
1
1
1
1
0.988290331398354
0.995147694943057
0.991064641465696
1
1
0.99731953751648
1
1
1
1
1
1
1
1
1
1
0.919756351523028
1
1
0.97908684455662
1
1
1
1
1
1
0.989787036432347
1
0.993976167813338
1
1
1
1
1
1
1
0.985021936219568
0.993074482211312
1
1
1
1
1
1
1
1
1
0.964929344181356
1
1
1
1
1
1
1
1
0.992636234728284
1
1
1
1
1
1
1
1
1
1
0.989511723143721
1
1
1
1
0.922740941528056
1
1
1
1
1
1
1
1
0.998652425908855
1
1
1
1
1
1
1
1
1
1
1
1
1
1
1
0.959918200077229
1
1
1
1
0.974111466455749
1
1
0.992326726278974
0.997253175666941
1
1
1
1
0.997319382772233
0.996910769430097
1
0.980720203044146
1
0.999101185272312
1
1
1
1
0.976667049969468
1
1
1
0.987952559962813
0.932378833512684
1
1
1
1
1
0.999233030764626
1
0.868745153762471
1
1
0.999855004850959
1
1
1
1
0.999872832466954
1
1
1
0.995408805520086
1
1
1
1
1
1
1
1
1
1
1
1
1
1
1
1
1
1
1
1
0.905551225689119
1
1
1
1
1
1
1
0.991064641465696
0.973548565758612
1
0.998184178742197
1
1
1
1
1
1
1
1
1
1
1
1
1
1
1
1
1
1
1
1
1
0.997253175666941
0.978564351173889
0.961907200335976
1
1
1
0.999419509889675
1
1
1
1
1
1
1
1
1
1
1
1
1
1
1
1
1
1
0.998184178742197
1
1
0.994245825190585
1
1
1
1
1
1
0.99037982610467
1
1
1
1
1
0.997297053102392
1
1
1
1
1
1
1
1
1
1
0.899987826065217
1
1
1
1
0.99719822051009
1
1
1
0.999594782673545
1
1
1
1
1
1
1
1
1
1
1
1
1
1
1
0.996472165105729
0.997198382080545
1
1
1
0.970668987968082
0.988289654356939
1
1
1
1
1
1
1
0.99719822051009
1
1
1
0.989990815666797
0.972012572982328
1
0.994452168648885
1
1
0.987142088702008
1
1
1
0.987422676348526
0.962125253792863
1
1
1
1
1
0.998370705838762
0.939671454298194
1
1
1
1
1
1
1
1
1
1
1
1
1
1
1
1
0.961704565455865
0.995786889268473
1
1
0.998184178742197
1
0.979499149487672
1
0.999132163052273
1
1
1
1
1
0.999327462857504
1
1
1
1
1
1
1
1
1
1
1
1
0.970823792656822
1
1
1
0.99427267696773
0.998775751489414
1
1
1
1
1
1
1
1
1
1
1
1
1
1
0.988349391117901
1
1
0.992488699634373
1
1
0.97239654806087
0.998480569659646
1
1
1
1
1
1
1
1
1
0.997621107143471
0.988266502731645
1
0.965034672922643
0.968080685903735
1
1
1
1
1
0.997094256162441
1
0.99731953751648
0.999609664899014
0.981286903675637
1
0.996293921395902
1
1
0.927991400200093
1
1
1
0.993233056222915
1
1
1
1
1
1
1
1
1
0.999746880231088
1
0.994641737791312
1
1
1
1
1
1
1
1
0.999992370163191
0.990646089873499
0.953225463895818
1
1
1
1
1
1
1
1
1
1
1
1
1
0.94362300298982
1
0.909050925210388
1
1
1
1
1
0.988855244796847
1
0.93753686584259
1
0.993676973121796
0.999952018803128
1
1
0.997489935531803
1
1
1
1
1
0.991295656152597
0.981274488738123
0.998775751489414
1
1
1
1
1
1
1
1
1
1
1
1
1
0.997297053102392
1
0.998989015684202
1
1
1
0.980773650508067
1
1
1
1
1
1
1
1
1
1
0.988289654356939
1
1
1
0.994014616294732
1
0.999135661303175
1
1
1
1
0.991827616275832
1
0.98187771553154
1
1
1
1
1
0.961704565455865
0.973548565758612
1
1
1
1
1
1
1
1
0.998183670331923
1
1
0.981423065455607
1
1
1
1
0.989511723143721
0.985021618386025
1
1
1
1
1
0.999004658459585
1
1
0.999333935220491
0.998209530703831
1
1
1
0.965876756773015
0.970333621608497
1
1
1
1
0.997489935531803
1
0.962873367887235
0.908380337182806
0.995748327837131
1
1
0.997094256162441
1
1
1
1
0.986702504329353
1
1
1
1
0.981767164047887
0.962107105093249
1
1
1
1
1
1
1
1
1
1
1
0.997540644296166
1
1
1
1
1
1
0.992326726278974
0.999829075015431
0.99964399148893
1
1
1
1
0.995746082826631
1
1
0.988167476233994
0.997281584183329
1
1
1
1
1
1
1
1
1
1
1
0.987655511500045
1
1
1
0.99968942751344
1
1
1
1
1
0.947039045686438
0.966102515940528
1
1
1
1
1
0.99903337842995
1
1
1
1
1
1
1
0.997333210827379
1
1
1
1
0.975245323161915
1
0.994109289373949
0.998987046422147
1
1
1
1
1
1
1
1
1
1
0.994072411173082
1
1
1
1
1
0.997555676040463
1
1
1
1
1
0.999952018803128
1
1
0.997920091119769
0.978643651297898
1
1
0.992385762024109
0.970823792656822
1
0.993828363348923
1
1
0.997297053102392
1
1
1
1
1
1
1
1
1
0.999913053018439
1
1
0.992478952187958
1
1
1
1
1
1
1
1
1
0.99979295416182
1
0.995178987432109
1
1
1
1
0.973535991230006
0.999071144187636
1
0.999349284854784
1
0.996574087510968
1
0.995390681706585
1
0.988289654356939
1
1
0.988855244796847
1
1
0.996414874824606
1
1
1
1
1
0.997448663394274
1
1
1
1
1
1
1
0.998987046422147
1
1
1
1
1
1
0.997969521497119
1
1
1
1
1
1
1
0.993613045382201
1
1
1
1
1
1
1
1
1
1
1
1
1
1
1
1
1
1
1
0.991827616275832
1
1
0.959444446544885
1
1
0.988235105716689
0.987422676348526
1
0.980102232028791
1
1
0.956500456316963
1
1
0.978680232863529
0.9890987716702
1
1
0.983667089141804
1
1
1
1
0.999967725341225
1
1
1
1
0.972974496127371
1
1
1
0.979499149487672
1
1
1
1
1
0.991448515136889
1
1
1
1
0.973276305312563
1
1
1
1
1
1
1
1
1
1
1
0.97129948408779
1
1
0.998370705838762
1
1
0.989704190378229
1
1
1
1
1
1
1
1
1
0.994627787544437
1
1
1
1
0.999973986126698
1
0.99006102092506
1
1
1
1
1
0.998370705838762
1
1
1
1
1
1
1
1
1
0.994641737791312
1
1
1
1
0.971109153409839
1
1
1
0.97908684455662
1
0.999974122275198
1
1
0.997281584183329
1
1
0.99285168892984
0.997680286246009
1
0.955605227863126
1
0.999501882089932
1
1
0.995786889268473
1
1
1
1
1
1
0.965013608172254
1
1
0.996794726281507
1
1
1
0.997952579931488
1
1
1
1
1
1
1
1
1
1
1
1
1
1
1
1
1
1
1
1
1
1
0.998162489257459
1
1
1
1
1
1
1
1
1
0.981286903675637
0.998370705838762
0.995748327837131
1
1
1
1
1
1
1
1
0.977278943282018
1
0.998667342270072
1
1
1
1
0.997598742840492
0.98531761210336
1
1
1
0.999395925649719
1
1
1
1
1
1
0.996553438703181
0.997221566135128
0.994517207529085
1
0.973535991230006
1
1
0.996395263500306
1
0.981274488738123
1
0.99121983537422
1
1
1
1
1
1
1
0.987390124667897
0.986420665034352
1
1
1
1
1
1
1
1
1
1
1
1
1
1
1
1
1
1
1
1
1
1
1
1
1
1
0.981127392871265
1
0.988519925680332
1
1
1
0.994422815821634
1
1
0.994245825190585
1
1
1
1
1
0.997661690695401
0.985455536750914
1
1
1
1
1
1
1
1
1
1
1
1
1
1
1
0.997952579931488
1
1
1
1
1
1
1
1
0.997616188691515
1
0.996379219750627
1
1
1
1
1
1
1
1
1
1
1
1
1
0.99694490938673
1
1
1
1
1
1
1
1
1
1
0.986702504329353
1
1
1
1
1
1
0.992478952187958
1
1
1
1
1
1
1
0.973276305312563
0.911403139766862
1
1
1
1
1
1
1
0.999627341808162
0.934237974161877
1
0.995080935464564
1
1
1
0.962873367887235
0.962107105093249
1
1
1
1
1
1
1
1
0.995748327837131
1
0.980140043445839
0.986309061266092
1
1
1
1
0.999784547282953
1
1
1
1
0.980099467396831
1
1
0.998397946246374
1
0.97528800915746
1
1
1
0.984475446429676
1
1
1
1
0.999593948334057
1
1
1
1
0.998162489257459
0.998183670331923
1
0.997489935531803
1
0.989040312040303
1
1
1
1
1
1
1
1
1
1
1
1
1
1
1
1
1
1
1
0.958249016791704
1
0.995249998342662
1
0.997108767650373
1
1
1
1
0.999083695036554
1
1
1
0.955730300423574
1
1
0.995089798633967
1
0.999889029038981
1
1
1
0.976206169809738
1
1
0.991064641465696
1
1
1
1
0.994623878757731
1
1
0.999627341808162
1
1
1
1
1
0.988289654356939
1
1
1
1
0.993976167813338
1
0.993831006212408
1
1
0.989635991288603
1
1
1
0.999501882089932
1
1
1
0.999291156095979
1
0.998711397465187
1
1
0.98730018380887
1
1
1
0.934385008823312
0.999865872587045
0.99037982610467
1
0.987422676348526
1
1
1
0.996794758283453
1
1
1
1
1
1
0.997356002668234
1
1
1
1
1
1
1
1
1
1
1
1
0.9890987716702
1
1
0.968475784600556
0.998041668836641
1
0.999083695036554
1
1
1
0.966057100559166
1
1
0.999170288472295
1
1
1
1
1
1
1
1
1
0.974249184771158
1
1
1
1
1
1
1
1
1
0.999986410159572
1
0.999107005838618
0.966998164427958
1
1
0.984805667975118
1
1
1
0.94432991315614
1
1
1
0.999971915409899
1
1
1
1
1
1
1
1
0.999829075015431
0.998859203467568
1
0.99694490938673
1
0.99037982610467
1
1
1
0.978483901525022
1
1
1
1
1
1
1
1
1
1
1
1
0.991507702746568
1
0.998521767662105
1
0.989931551603939
0.994245825190585
1
0.999998250774664
1
1
1
1
0.999331582024363
1
1
1
1
1
1
0.98531761210336
1
1
1
0.995748327837131
1
1
1
1
1
1
1
0.999349284854784
1
1
0.988628049442543
1
1
1
1
1
1
1
1
1
1
1
1
1
1
1
1
1
1
0.99719822051009
1
1
1
1
1
1
1
1
1
1
1
1
1
0.992697655740674
0.998184178742197
1
0.998445905850305
1
1
0.999132163052273
1
1
1
1
1
1
1
0.999349284854784
1
1
1
0.963101413796163
1
1
1
1
0.999913053018439
1
1
0.977942692411179
1
1
1
1
1
1
1
1
1
1
1
1
1
0.997920091119769
1
1
1
1
1
1
1
0.989835350857867
0.9655082843765
1
0.994542215313404
1
0.988985655517749
0.997489935531803
1
1
1
1
1
1
0.965876756773015
1
0.984475446429676
1
1
0.988098360550606
1
1
1
1
1
1
1
1
1
1
1
1
1
1
1
1
1
1
1
1
1
1
0.998184178742197
0.992488699634373
1
1
1
1
1
1
1
1
1
0.978643651297898
1
1
1
1
1
1
1
1
1
1
1
1
1
1
0.991241139960574
1
1
1
1
1
1
1
0.988290331398354
0.962125253792863
1
0.999629866233894
1
1
1
0.998370705838762
1
1
1
1
1
0.998370705838762
1
0.962107105093249
1
1
1
1
1
1
1
1
0.986355878352577
1
1
1
1
0.982827757178932
0.998989015684202
1
1
1
1
1
0.972012572982328
0.995988954495899
1
1
1
1
1
0.99154071092932
1
1
1
1
1
1
1
1
1
1
1
1
1
1
1
0.998625807261429
0.981825272813267
1
1
1
1
1
1
1
0.985650251236224
1
1
1
1
0.993233056222915
0.997256646708685
1
0.89339058172258
1
1
1
1
1
1
1
1
0.998184178742197
1
1
1
1
1
1
1
1
0.997953604470603
1
1
0.995178987432109
0.978643651297898
1
0.988167476233994
1
1
1
1
0.985021618386025
1
1
1
1
0.999829075015431
1
1
1
1
1
1
0.967153161339496
0.98936174788012
1
1
0.963965579924564
0.996794726281507
1
1
1
1
1
0.983602917685269
0.997800773520593
1
1
1
1
1
1
1
1
1
0.984587618373883
1
1
1
1
1
1
1
1
1
1
1
1
1
1
1
1
1
1
1
1
1
1
1
1
0.985574439310994
1
0.986355878352577
1
1
0.99719822051009
1
1
1
1
1
0.975245323161915
1
1
0.961704565455865
1
1
1
1
1
1
1
1
1
1
1
0.998411176820024
1
1
1
1
1
1
0.998370258903996
1
1
1
1
1
1
1
0.96239593337869
0.954374467959339
1
1
1
1
1
1
1
1
1
1
1
0.947039045686438
1
1
1
1
1
1
1
0.999913053018439
0.981030289606686
1
0.999913053018439
1
0.997661690695401
1
1
1
1
1
1
1
1
1
1
1
1
1
1
0.998844793442991
0.989202022249233
1
1
1
1
1
1
1
1
1
1
1
1
0.993117378034942
1
0.998184178742197
1
1
1
1
1
1
1
1
1
0.995781427425101
1
1
0.967889174827354
1
1
1
1
1
1
0.962873367887235
1
1
1
1
1
1
1
0.989704190378229
1
1
1
1
1
1
1
0.991824959077181
1
1
1
1
1
1
1
0.988519925680332
1
1
1
1
1
0.988290331398354
1
1
1
0.984475446429676
1
1
1
1
0.993233056222915
1
1
1
1
1
1
0.992478952187958
1
1
1
1
1
1
0.997221566135128
1
1
0.989202022249233
1
0.958619741696111
1
1
1
1
1
1
1
1
1
1
1
0.996794726281507
1
0.998716347391318
0.999291156095979
1
0.998716347391318
1
1
1
1
1
1
0.998873917316212
1
1
1
1
1
1
1
1
1
1
0.969635067610855
1
0.991934715162503
1
0.994750431579102
1
1
1
1
1
1
1
1
1
0.992306359466583
1
1
1
1
1
1
1
1
1
0.964167456744524
0.982187848509321
1
1
1
1
1
1
1
1
1
1
1
1
0.964929344181356
1
1
1
0.980102232028791
1
0.963965579924564
0.999865872587045
0.948025186196778
0.997896349355429
1
0.987882325354418
1
0.994072411173082
1
0.998775751489414
1
0.997356002668234
1
1
1
1
0.998844793442991
0.963965579924564
1
0.900223132138376
1
0.999139111710206
1
1
1
1
1
1
0.994422815821634
1
1
1
1
1
1
1
1
1
0.988819528598987
1
0.990669813184045
0.993545594652733
1
1
1
1
1
1
0.998297333377409
1
1
0.996472165105729
0.990669813184045
1
1
1
1
1
1
0.993074482211312
1
0.986631597709074
1
1
1
1
1
0.927885744021203
1
1
1
1
1
1
0.971490444383046
1
1
1
0.994109289373949
0.988519925680332
1
1
0.950673617595777
1
1
1
1
1
1
1
1
1
1
0.999872832466954
0.934234012478078
1
1
1
1
0.891877054791941
0.999135661303175
1
1
1
1
1
1
1
1
0.975245323161915
1
1
1
1
0.960543046859027
1
1
0.999981721671033
1
1
1
1
1
1
1
1
1
1
1
1
1
1
1
1
0.9890987716702
1
1
1
0.990813181737861
1
1
0.931223360520353
0.995147694943057
1
1
1
1
0.99731953751648
1
1
0.989920575021854
1
0.967153161339496
1
1
1
0.991578295288555
0.994276459085488
1
1
0.99082220414878
1
1
0.947042144095866
1
1
1
1
1
1
0.998844793442991
1
1
0.988796387951245
0.989968657343221
1
1
1
1
1
1
1
1
1
0.999139111710206
1
0.985574439310994
1
1
0.973276305312563
0.995946330141564
1
1
1
0.936567847888895
1
1
1
1
1
1
1
1
1
1
0.99082220414878
1
1
1
1
0.99006102092506
1
1
0.988628049442543
1
1
1
1
1
1
1
1
0.986631597709074
0.998775751489414
0.959958210205951
1
1
0.99903337842995
1
1
1
0.858430182562147
1
1
0.995080935464564
1
1
1
1
1
1
1
0.999889029038981
1
1
1
1
0.998654499207574
1
1
1
1
1
0.998162489257459
0.992478952187958
1
1
1
1
0.997448663394274
1
1
1
0.958619741696111
0.98187771553154
1
1
1
1
1
1
1
1
1
1
1
1
1
1
1
1
0.992636234728284
1
1
1
1
1
1
1
1
1
1
1
1
0.999071144187636
0.972888697909704
1
1
1
1
1
0.980773650508067
1
0.999643778732476
1
1
1
0.999170288472295
1
1
1
1
1
1
0.99942923357684
1
0.99964399148893
1
1
1
1
0.941353775847176
1
1
1
0.975078822648427
1
1
0.980746814436479
1
1
1
1
1
1
1
1
1
1
1
1
1
1
1
1
1
1
1
0.997321914623188
1
1
1
1
1
0.919315967442771
0.994109289373949
1
1
1
1
1
1
1
0.968925548552098
1
0.988235105716689
1
0.993366738101873
1
1
1
1
0.999363244165749
1
1
1
1
1
0.999331582024363
1
1
1
1
1
1
1
1
0.965094618052383
1
1
0.980720203044146
0.998370258903996
1
1
1
0.986504046247028
1
1
1
1
1
1
1
1
1
0.986593944057011
1
1
0.989511723143721
1
0.990635722772756
0.983408984743241
0.973836101310733
1
1
1
1
1
0.99999030773168
1
1
1
1
0.982356527058449
0.863916627651831
1
0.99051694398734
0.974508895724336
1
1
1
0.990069411794713
1
0.939555334468236
1
0.963976969319856
1
1
1
1
1
1
0.993678728576914
1
1
1
1
0.989750852468364
1
1
0.970333621608497
1
1
1
1
1
1
1
1
1
1
0.999733543429251
1
0.982827757178932
1
1
1
1
1
1
0.833173418756286
1
1
1
1
1
1
1
1
1
1
1
1
1
1
1
1
0.994641737791312
1
1
0.909050925210388
1
0.999333935220491
0.865920548373709
1
0.969764415527592
0.982356527058449
1
1
0.991507702746568
1
1
1
1
1
0.997281584183329
1
1
1
1
1
1
0.998989015684202
0.984587618373883
0.999913053018439
1
1
1
1
1
0.991237032785669
1
1
1
1
1
1
1
1
1
1
0.999756771398232
1
1
1
1
1
1
1
1
1
1
1
1
1
1
1
0.998277027591277
0.998397946246374
1
0.987538566101764
1
1
1
1
0.968900989944052
1
1
0.994762958753941
1
1
1
1
1
1
1
0.999565190345131
1
1
1
1
0.961448994665219
1
1
1
1
0.910287302351769
0.9860022184472
0.972819157966024
1
1
1
1
0.999083695036554
1
0.999071144187636
1
1
1
1
1
1
1
1
1
1
1
1
0.996116158863934
1
1
1
1
1
1
1
0.989704190378229
1
1
1
1
1
1
1
1
1
1
1
1
1
0.997489935531803
0.99963844921052
1
0.966998164427958
1
1
1
0.997952579931488
1
1
1
1
0.980720203044146
1
1
1
0.998183670331923
1
1
0.999333935220491
0.997555676040463
1
1
0.964929344181356
0.998844793442991
1
0.977942692411179
0.894399301957173
1
1
1
1
1
1
1
0.998370705838762
1
1
1
0.992856003493219
1
1
1
1
1
1
0.986309061266092
1
1
1
0.958646006640323
0.989990815666797
1
0.998162489257459
1
1
0.99082220414878
1
1
1
1
1
1
0.989694083979588
1
0.988167476233994
1
0.999693510801699
1
1
1
1
0.999639734323845
1
1
1
1
1
1
1
0.998987046422147
1
0.988349391117901
1
1
1
0.982827757178932
1
1
0.995080935464564
1
1
1
1
0.999004658459585
1
1
1
1
1
1
0.993233056222915
0.999419509889675
1
1
1
0.943272509333688
0.99731953751648
1
1
1
1
1
1
1
1
0.964167664762994
1
1
0.992488264558662
1
1
1
1
1
1
1
1
1
1
1
1
1
0.995988954495899
1
1
1
1
1
1
1
1
0.978483901525022
1
1
1
1
1
0.971570193111142
1
1
0.999381909496608
1
1
1
1
1
0.986352626660444
0.922471594171385
0.991827616275832
1
1
1
1
0.996553438703181
1
1
0.991064641465696
1
0.962905199011054
1
1
1
1
0.960176390982097
1
1
0.989202022249233
0.997680286246009
0.996054376712403
1
1
1
1
1
1
1
1
1
1
1
0.993074482211312
0.962905199011054
1
1
1
1
1
1
1
1
0.874218325420534
1
0.991295656152597
0.994641737791312
1
0.988290331398354
1
0.993626259036584
0.960543046859027
1
1
0.998242581414791
0.838758798357949
0.993233056222915
1
1
1
1
1
0.997053128270686
1
1
1
1
0.981274488738123
1
1
0.967153161339496
1
1
0.998716347391318
1
0.969636832626959
1
1
1
1
1
1
1
1
1
1
1
1
1
1
1
1
1
0.996116158863934
1
0.999733543429251
1
1
1
1
1
1
1
1
1
1
1
1
1
0.961990051293314
1
1
1
1
1
0.9778581387444
1
0.999971915409899
1
1
1
1
1
1
1
0.995861894693648
0.99427267696773
1
1
1
1
0.988349391117901
1
1
0.981767164047887
1
1
1
1
1
1
1
1
1
0.986195554776616
1
1
1
1
1
1
0.99858065462988
0.988819528598987
1
1
1
1
0.958619741696111
1
1
1
1
1
1
1
1
0.994517207529085
0.989787036432347
1
0.989043939578001
1
1
1
1
0.933712204510079
0.998242581414791
1
1
1
1
1
1
1
0.960751896810594
1
0.947042144095866
0.990813181737861
1
1
1
1
1
1
0.998051904940413
1
1
1
1
1
1
0.999800733224635
1
1
1
1
1
1
0.989511723143721
1
1
1
1
1
1
1
1
1
0.983702469642809
1
1
1
1
1
1
1
1
1
1
1
0.993233056222915
1
1
1
1
1
1
1
0.997800773520593
1
1
1
0.996698697144638
1
0.990508607211611
0.987655511500045
1
1
1
1
1
1
1
0.997333210827379
0.996379219750627
1
0.99006102092506
1
1
1
1
0.931726144063626
0.995080935464564
1
1
1
1
1
1
0.995983418034687
1
1
1
1
0.987882325354418
1
1
1
0.992684830040336
1
1
1
1
1
1
1
1
1
1
1
1
1
0.991064641465696
1
1
1
1
0.997697251925984
1
1
1
1
1
1
1
1
1
1
1
1
1
1
1
1
1
1
1
1
0.964929344181356
1
1
1
0.988819528598987
0.998844793442991
0.965114745179525
1
1
0.970235311119872
0.990254542854039
1
1
1
1
0.998654499207574
1
0.997616188691515
1
1
1
1
0.993366738101873
1
1
1
1
1
1
1
0.990254542854039
0.997321914623188
1
1
1
1
0.999333935220491
1
1
1
1
1
1
1
1
0.94432991315614
1
0.99953818907045
0.97908684455662
1
1
1
1
1
1
0.997555676040463
1
0.969236764880732
1
1
1
1
1
1
1
0.997221566135128
1
1
1
1
0.981767164047887
1
1
1
1
1
1
1
1
1
1
0.993061035970081
1
1
1
0.94362300298982
0.964929344181356
1
1
1
1
1
1
1
0.985021618386025
1
0.989511723143721
1
0.989635991288603
1
1
1
1
1
1
1
1
1
1
0.991064641465696
0.999693510801699
0.985551923279641
1
0.920701200686439
1
1
1
0.984739088725846
1
1
0.995861894693648
1
1
1
0.959745088168857
1
1
1
1
1
1
1
1
1
0.998171208903297
1
0.988167476233994
1
0.982356527058449
1
1
1
1
1
1
1
0.989040312040303
0.972819157966024
0.966037510233861
0.999107005838618
0.995983418034687
1
1
1
1
0.979088056874507
1
1
1
1
1
1
1
1
1
1
1
0.929811483011218
1
1
1
1
1
1
1
0.831851355263839
1
1
1
1
1
1
1
1
0.995748327837131
0.976206169809738
1
1
1
0.997555676040463
1
0.982827757178932
1
1
1
1
1
1
1
1
1
1
1
1
1
1
1
1
0.997621107143471
1
1
1
1
0.992385762024109
1
0.917871789634709
1
1
1
1
0.999998169809278
1
1
1
1
1
1
1
0.997910764310628
0.997489935531803
1
1
1
1
1
1
1
1
0.963101413796163
1
1
1
1
1
1
1
1
1
1
1
1
1
1
1
0.990813181737861
0.99037982610467
0.910287302351769
1
1
1
1
0.988519925680332
0.997094256162441
1
1
0.972012572982328
1
1
1
1
1
1
0.99964399148893
1
1
1
0.976206169809738
1
0.999287294333418
1
1
1
1
1
1
1
1
1
0.939555334468236
1
1
1
1
1
1
0.999470506642207
1
1
1
1
1
0.982889696219404
0.997724339236103
1
0.999101185272312
1
1
0.987538566101764
0.965688478823432
1
1
1
1
1
1
1
1
1
0.99979295416182
1
1
1
1
1
1
1
1
1
1
1
1
1
1
0.974343413920589
1
0.849594223830584
1
1
1
0.962905199011054
1
0.997321914623188
1
0.969636832626959
1
0.992636234728284
1
0.999693510801699
0.979546054295155
0.999565190345131
1
1
0.998827743296961
1
1
1
1
0.998370705838762
1
0.939555334468236
1
1
0.999746880231088
1
0.996794726281507
1
1
1
1
1
0.969635067610855
1
1
1
1
1
0.997415993297218
1
1
0.957363516836817
0.999501882089932
1
1
1
1
0.997297053102392
0.999045277514424
0.984032318629824
0.988266502731645
0.999889029038981
0.950393792946715
1
1
0.963865663429157
1
1
1
1
1
1
0.987882325354418
0.979209162250558
1
1
1
0.96713959648115
0.999971915409899
1
1
1
1
1
0.971586497436924
0.999829075015431
0.976927020804543
0.992326726278974
1
1
0.999855004850959
0.951210537355812
1
0.98762378705357
0.998397946246374
1
1
1
1
1
1
1
1
1
1
1
0.991237032785669
1
1
0.998711397465187
1
1
0.959960544169227
1
1
0.975133050174314
1
1
0.956502994335037
0.979132490653285
1
1
1
1
1
1
1
1
1
1
1
1
1
1
0.933245177091972
1
0.989931551603939
1
1
1
0.998873917316212
1
1
1
1
1
1
0.98936174788012
1
1
1
1
1
1
1
1
1
1
0.999496273684963
1
1
0.987538566101764
1
1
1
1
1
0.988820177799239
1
1
1
1
1
1
1
1
1
1
1
1
1
1
1
0.994276459085488
1
1
1
1
0.979271790906455
1
1
1
1
1
0.961448994665219
1
1
0.998711397465187
1
1
1
1
1
0.997319382772233
1
1
1
0.983602917685269
1
0.992385762024109
0.999071144187636
0.962873367887235
1
0.991064641465696
1
0.995983418034687
1
1
0.994517207529085
1
1
1
0.991448515136889
1
0.999363244165749
0.992824971632823
1
1
0.995577800730162
0.983963951256477
1
1
1
1
0.998411176820024
1
1
0.99953818907045
1
1
1
1
1
0.998385193101221
1
1
1
1
1
1
1
1
1
1
1
1
0.992488699634373
1
1
0.97239654806087
1
0.975457502200268
0.993074482211312
1
1
0.992385762024109
1
1
1
1
1
1
0.999986550830873
1
1
1
1
1
0.999643778732476
1
1
1
0.805943437886009
0.846155586811189
1
1
1
1
1
1
1
1
1
0.999975506176594
1
1
0.995048105844201
1
1
1
1
1
1
1
0.97586230650117
1
1
1
1
1
1
1
1
1
1
0.999952018803128
1
1
1
1
1
1
1
1
0.965941723385574
1
1
0.969635067610855
1
1
1
1
1
0.991507702746568
0.998184178742197
1
1
1
1
1
0.995746082826631
0.999784547282953
1
0.922935433807318
1
1
1
0.986309061266092
1
1
1
1
1
1
1
1
1
1
1
1
1
1
1
1
1
1
0.947042144095866
1
1
1
1
0.997621107143471
1
1
1
1
1
1
1
1
0.997711264925138
1
0.999986550830873
1
1
1
1
0.998277027591277
0.998445905850305
0.998987046422147
1
1
1
1
0.999784547282953
1
1
1
1
1
1
0.989082060904817
1
1
1
1
1
1
1
0.993828363348923
1
0.999784547282953
1
0.976206169809738
0.997372015051434
0.995786889268473
0.92942736113311
1
1
1
1
1
1
1
1
1
1
1
1
1
1
1
1
1
0.996794726281507
1
1
0.97908684455662
1
1
1
1
1
1
1
1
1
1
1
1
1
1
0.996379219750627
1
1
1
1
0.973548565758612
1
1
1
1
0.950393792946715
1
1
1
1
1
1
1
0.994723409599547
0.984587618373883
1
0.998277027591277
1
0.993061035970081
1
1
1
0.980140043445839
1
1
1
1
1
1
1
1
0.997969521497119
1
1
1
1
0.989787036432347
1
1
0.997319382772233
1
1
1
1
0.977055264665325
1
1
1
1
1
0.998480569659646
0.969020178467489
1
1
1
0.998183670331923
1
1
1
0.986355878352577
1
1
1
0.999349284854784
1
1
1
1
1
1
1
1
1
1
1
1
1
1
0.999349284854784
1
0.973548565758612
1
1
1
1
0.99154071092932
1
1
1
0.992831041518143
1
1
1
1
1
1
1
0.999101185272312
1
0.993828363348923
1
1
1
1
1
1
1
1
1
1
1
1
1
1
0.99037982610467
1
1
1
0.990813181737861
1
1
1
1
1
1
1
1
1
1
1
0.953657873139484
1
0.992910042512015
1
0.978410497459191
0.995748327837131
1
1
1
1
0.962123047381598
1
1
1
1
0.997540644296166
0.999986410159572
0.996098350406973
1
1
0.982839987139908
1
1
1
1
1
1
1
1
1
1
1
1
1
1
1
1
1
1
1
1
1
1
1
1
1
1
1
1
1
1
1
1
1
0.961193422792061
0.997356002668234
1
0.880980227781544
1
1
0.89165088295772
1
1
1
0.974249184771158
1
0.878247763447322
1
1
1
1
1
1
0.998397946246374
1
1
1
0.985749297944329
1
1
1
1
1
1
1
0.998989015684202
1
1
0.999496273684963
1
0.999998169809278
1
0.992684830040336
0.999756771398232
1
1
1
0.997415993297218
1
1
1
1
1
1
1
1
1
1
1
1
1
1
0.969635067610855
1
1
1
1
1
1
1
1
1
1
1
1
1
1
1
0.970823792656822
1
1
1
1
0.998711397465187
1
1
1
1
1
1
1
1
1
1
0.984475446429676
1
1
1
0.995781427425101
0.999784547282953
1
1
1
1
1
1
0.999784547282953
1
1
0.992306359466583
1
1
1
1
1
1
0.983963951256477
1
1
1
1
0.999952018803128
1
0.950393792946715
1
1
0.998411176820024
0.994641737791312
1
1
0.977712213107597
1
1
1
1
1
1
1
1
1
1
1
1
1
1
0.999986550830873
1
0.997896349355429
1
1
1
1
1
1
0.997094256162441
0.999594782673545
0.962123047381598
0.993233056222915
1
1
1
1
1
1
1
1
0.998841542359203
1
1
0.999609664899014
1
0.987882325354418
1
0.97654137805552
1
1
1
1
1
1
1
1
1
1
0.986702504329353
1
1
1
1
1
1
1
1
1
1
1
1
1
1
0.957954912132873
1
1
1
1
1
1
1
1
1
1
1
1
1
1
1
1
1
1
1
1
0.991844964530567
0.999594782673545
1
1
1
1
0.998445905850305
0.973535991230006
1
1
1
1
1
1
1
1
1
1
1
1
1
1
1
1
1
1
1
1
0.981767164047887
1
1
1
0.997592577703857
1
1
0.927987164303655
1
1
0.995591489073825
0.966998164427958
1
1
1
1
1
1
0.998716347391318
0.997592577703857
1
1
1
1
1
1
1
1
1
1
1
1
1
1
1
1
1
1
1
1
1
1
1
1
1
0.997527937995412
1
0.987422676348526
0.986309061266092
1
1
1
1
0.959958210205951
1
1
1
1
1
1
0.955130959217898
1
1
0.990033106966652
0.982384515047327
1
0.967889174827354
1
1
0.971492119478585
1
1
1
1
1
1
1
0.97654137805552
1
1
0.981767164047887
0.998184178742197
1
1
0.963131564257865
1
1
1
1
1
1
1
0.988820177799239
1
1
0.998411176820024
0.952511345168041
1
1
1
1
1
1
1
0.999349284854784
1
0.936567847888895
1
1
1
1
0.948892151632879
1
1
1
1
1
1
0.99719822051009
0.995748327837131
1
1
1
1
1
1
1
1
1
0.991827616275832
1
1
1
1
1
0.915988327572242
1
1
1
1
0.980140043445839
1
1
0.988855244796847
1
1
1
1
0.988985655517749
1
1
1
1
1
1
1
1
1
1
1
1
1
1
1
1
0.980208454781312
1
0.999521102630897
1
1
1
1
1
1
1
1
1
1
1
0.988855244796847
1
1
1
1
1
0.977278943282018
1
1
1
1
1
1
1
1
1
1
1
1
1
1
1
1
1
1
0.986504046247028
1
1
1
1
1
1
1
1
0.999501882089932
1
1
0.998521767662105
1
1
1
1
0.997616188691515
1
1
1
1
1
1
1
1
1
1
1
1
1
1
1
1
1
1
1
1
1
1
1
0.988855244796847
1
0.99731953751648
1
1
1
1
1
1
1
1
1
1
1
1
1
1
1
1
1
0.997616188691515
0.993985023594749
1
1
0.931223360520353
1
0.986702504329353
1
1
0.94432991315614
1
1
1
0.988429762707055
1
1
0.999140201667148
1
0.983602917685269
1
1
1
1
0.982839987139908
1
1
0.959958210205951
1
0.997253175666941
1
1
1
1
0.972819157966024
1
1
1
1
1
1
1
1
0.995591489073825
1
1
1
1
1
1
1
1
1
1
1
1
1
1
1
1
1
0.999829075015431
0.957954912132873
1
1
1
1
1
0.941176854467123
1
1
1
1
1
1
0.987096380271233
0.954374467959339
0.998488450828005
0.998242581414791
1
1
0.991463805919396
1
1
1
1
1
1
0.997724339236103
1
0.98187771553154
1
1
1
1
1
0.989990815666797
1
1
1
1
0.969635067610855
1
1
1
1
1
1
1
1
0.968492023541692
1
1
0.967889174827354
1
1
1
1
1
1
1
1
1
1
1
0.922306115243206
1
1
1
1
0.997297053102392
0.99968942751344
1
0.999746880231088
1
1
1
1
1
1
1
1
1
1
1
1
1
1
1
1
0.995390681706585
1
1
1
1
1
1
1
1
0.996472165105729
1
1
1
1
1
1
1
1
1
0.985118382592519
0.982839987139908
1
1
0.987882325354418
0.982257400432243
1
1
1
1
1
1
0.999829075015431
1
0.974249184771158
1
1
1
1
1
1
0.994375188238291
1
1
1
1
1
1
1
0.970326829842515
1
1
1
0.992385762024109
1
1
0.999975786492491
0.982839987139908
0.99051694398734
1
1
1
1
1
1
1
1
1
1
1
1
1
1
0.997797242006679
1
1
0.886623979548089
0.952116488567833
1
0.969636832626959
1
1
1
1
1
0.980848137474646
1
1
0.999986410159572
1
1
1
1
1
1
1
0.997094256162441
1
1
1
0.967850516476106
0.996098350406973
1
0.999922871843828
1
1
1
1
0.998844793442991
1
0.972412899859598
1
1
0.979499149487672
1
1
1
1
1
0.974107577348878
1
1
1
1
1
1
1
1
1
0.994245825190585
1
1
1
1
1
1
1
1
0.979499149487672
1
1
1
0.975078822648427
0.994617782950077
1
0.986195554776616
1
0.991403724830454
0.989770723539527
1
1
0.989040312040303
1
1
0.989202022249233
1
0.998370705838762
1
1
0.920832621768513
1
1
1
0.966872736899822
1
1
1
0.942949197297807
1
1
1
1
1
1
1
1
1
1
1
1
0.988519925680332
1
1
1
1
1
1
0.955605227863126
1
1
0.994750431579102
1
1
1
1
1
1
1
1
0.980120174762579
1
1
1
1
1
1
1
1
1
1
1
1
0.989787036432347
1
1
1
1
1
1
1
0.992478952187958
1
1
1
1
1
1
1
1
1
1
0.999693510801699
1
1
1
1
1
1
1
1
0.941395016553819
1
1
1
0.934385008823312
0.996269070213339
0.991403724830454
1
1
0.949625926266947
1
0.999998250774664
0.961704565455865
0.960751896810594
1
1
0.972819157966024
1
1
1
1
1
1
0.960751896810594
1
1
0.998051904940413
1
0.998024018400573
1
1
1
1
0.986593944057011
1
1
1
1
0.997319382772233
1
1
1
1
1
1
0.973171121948747
1
1
1
1
1
0.999643778732476
1
1
1
1
1
0.999291156095979
1
1
1
1
1
1
0.969020178467489
1
1
1
1
1
1
1
0.999139111710206
0.992241531003622
0.999992370163191
0.999872832466954
1
1
1
1
1
1
1
1
1
0.981955047609737
0.970235311119872
1
0.917744532676284
1
1
1
1
0.962754175869184
0.998411176820024
1
1
0.998051904940413
1
1
1
1
1
1
1
1
1
1
1
0.994245825190585
1
1
0.981767164047887
1
1
1
1
1
1
1
1
1
1
1
0.961907200335976
1
1
0.965941723385574
1
1
1
1
0.980149737784959
1
1
1
1
1
1
1
0.996553438703181
1
0.99719822051009
0.988819528598987
1
1
0.998183670331923
1
1
1
0.997198382080545
1
1
1
1
1
0.997288113773995
1
1
1
0.993545594652733
0.997621107143471
1
1
0.999470506642207
1
0.997952579931488
1
1
1
1
1
1
0.997253175666941
1
1
1
1
0.977942692411179
1
1
1
1
1
1
1
1
1
1
1
1
1
1
1
1
1
0.955130959217898
0.990171652261758
0.999071144187636
1
1
0.998411176820024
1
1
0.997680286246009
1
1
1
1
1
1
1
1
1
1
0.994276459085488
1
1
0.996553438703181
1
1
0.995988954495899
1
0.996379219750627
0.980102232028791
1
1
0.985349224246254
1
1
1
1
1
1
1
0.987733313586719
1
0.962873367887235
1
1
0.989704190378229
1
0.959444446544885
1
0.99082220414878
1
1
1
0.983507423736566
1
1
0.979088056874507
1
1
1
1
1
1
1
0.997952579931488
1
1
1
1
1
1
0.991448515136889
1
0.979499149487672
0.962123047381598
1
1
0.993596134911507
0.984739088725846
1
1
1
1
1
1
1
0.94282976695056
0.999004658459585
0.997297053102392
0.99964399148893
1
1
1
1
0.992326726278974
0.991448515136889
0.999363244165749
0.998652425908855
1
0.988855244796847
1
1
1
1
1
1
1
1
1
1
0.998841542359203
0.986631597709074
1
1
1
1
1
1
0.999349284854784
1
1
1
1
1
1
1
1
1
0.980120174762579
0.96239593337869
1
1
0.979088056874507
1
0.959747434697717
1
1
1
1
1
1
1
1
1
1
1
0.959745088168857
1
1
0.990669813184045
1
1
0.997448663394274
1
1
1
1
1
1
1
1
1
0.997920091119769
1
1
1
1
1
1
1
1
1
1
1
1
1
1
1
1
0.999594782673545
1
0.997230965767187
1
1
1
1
1
0.992155134998735
1
1
1
1
1
1
1
1
1
1
1
1
1
1
1
0.999101185272312
1
0.962873367887235
1
1
1
1
1
1
1
1
1
0.864127171908746
1
0.973155505049534
0.949625926266947
1
1
1
1
1
1
1
1
1
1
1
1
1
1
1
1
0.973276305312563
0.97239654806087
1
1
0.997256646708685
1
1
1
1
0.999565190345131
1
1
0.980099467396831
1
1
1
1
1
1
1
1
0.999287294333418
1
1
1
1
1
1
1
1
1
1
0.997661690695401
1
1
1
0.984536726063817
1
1
1
1
1
1
1
1
1
1
1
1
0.999135661303175
1
1
1
1
0.989040312040303
1
1
1
1
1
0.865920548373709
1
1
1
1
0.933951785332794
1
1
1
1
1
1
0.994245825190585
1
1
1
0.999071144187636
1
1
0.962993935968684
1
1
1
1
1
1
0.994452168648885
1
1
1
0.98730018380887
1
1
1
1
0.988855244796847
1
1
1
1
0.957317260670948
0.971109153409839
1
1
1
1
1
1
1
1
1
1
1
1
1
1
1
1
1
0.988855244796847
1
0.99953818907045
0.92942736113311
1
1
0.972888697909704
1
1
1
1
0.998171208903297
1
1
1
1
1
1
1
1
1
1
1
1
1
1
1
1
1
1
1
1
1
1
1
1
1
0.9890987716702
1
0.999594782673545
1
0.965876756773015
1
0.989968657343221
1
1
1
1
1
1
1
0.969084202121975
1
1
1
1
1
1
1
1
1
0.99757915614468
1
1
1
1
1
1
0.991463805919396
0.991824959077181
0.997372015051434
1
1
1
1
1
1
1
0.992636234728284
1
1
1
0.999419509889675
1
1
1
1
0.981274488738123
1
1
1
1
1
1
1
1
0.997281584183329
1
1
1
1
1
1
1
1
0.968925548552098
1
1
1
0.999233030764626
1
1
1
1
1
1
1
1
1
1
1
1
1
1
0.997489935531803
1
1
1
1
1
1
1
1
0.99719822051009
1
1
1
1
1
1
1
1
0.980848137474646
1
1
1
1
1
1
1
1
0.988169718471308
1
1
0.99285168892984
1
0.987709865459728
1
1
0.999855004850959
1
0.996910769430097
1
1
1
1
1
1
1
0.966057100559166
1
1
1
1
1
1
1
1
1
0.970823792656822
0.99186809630969
1
1
0.958249016791704
0.962123047381598
1
1
1
1
0.995080935464564
1
1
1
1
1
1
1
1
1
1
1
1
1
1
1
1
1
0.992872472006186
0.982827757178932
1
1
1
1
1
1
1
1
1
1
0.948092612564272
1
1
1
1
0.973548565758612
1
1
0.992824971632823
0.999395925649719
0.998844793442991
0.984225721428615
1
1
1
1
1
1
1
1
1
0.999470506642207
1
1
1
1
1
0.999045277514424
1
0.982827757178932
1
1
0.99006102092506
0.99719822051009
1
1
1
1
1
0.992326726278974
1
0.999363244165749
1
1
1
0.947042144095866
1
1
1
1
1
0.998775751489414
1
1
1
1
0.992824971632823
1
1
0.998184178742197
0.999609664899014
1
1
0.975133050174314
1
1
0.994452168648885
1
1
1
1
1
1
1
0.990480675473107
1
1
0.995970134518807
1
1
1
1
1
1
1
1
0.986593944057011
1
1
1
1
0.993450281191058
1
1
0.997297053102392
1
1
1
0.988855244796847
1
1
0.990558417591982
1
1
0.995053474295365
1
1
1
1
0.993074482211312
1
0.998667342270072
1
1
1
1
1
1
1
1
1
1
1
1
1
1
0.997319382772233
1
1
1
0.991241139960574
1
1
1
1
1
1
1
0.981300672184365
1
1
0.997489935531803
1
1
1
1
1
1
1
1
1
0.993450281191058
1
1
1
0.989082060904817
0.999975506176594
1
1
1
0.974508895724336
1
0.989990815666797
1
1
1
0.970823792656822
1
1
1
1
1
1
0.994375188238291
0.981330513013509
1
1
1
1
0.978643651297898
1
0.99858065462988
1
1
1
1
1
1
1
1
1
1
0.998385193101221
1
1
1
0.998242581414791
1
1
1
1
1
1
1
1
1
1
1
1
1
1
1
0.984587618373883
1
1
1
1
0.995249998342662
1
1
1
1
1
1
0.980747376387833
1
1
1
1
0.993545594652733
1
0.968900989944052
1
1
1
1
1
1
0.973744917079533
1
1
1
0.97908684455662
1
1
1
1
1
0.989511723143721
1
1
1
1
1
1
1
0.996910769430097
1
1
1
0.985455536750914
1
1
1
1
1
1
1
0.993828363348923
0.960543046859027
0.973027883166517
1
1
0.947042144095866
1
1
1
1
1
0.997797242006679
1
1
1
1
1
1
0.995390681706585
1
0.99231403543059
1
0.998171208903297
1
1
0.999639734323845
1
1
1
1
0.998370705838762
0.979499149487672
0.926648979623047
0.9778581387444
0.988266502731645
1
1
0.999004658459585
1
1
1
1
0.996794758283453
1
1
0.965114745179525
1
0.999233030764626
1
1
1
1
1
0.956828227840468
1
1
0.997333210827379
1
1
1
1
1
0.965094618052383
1
1
1
1
1
1
0.978483901525022
1
1
1
1
1
1
1
1
1
1
1
0.965094618052383
1
1
1
1
1
1
1
1
1
1
1
1
1
1
1
0.994452168648885
1
1
1
1
1
1
1
1
1
1
1
1
1
1
1
1
1
1
1
0.992872472006186
0.997697251925984
0.967153161339496
1
0.990669813184045
1
1
0.976906897337533
0.970326829842515
1
1
0.980099467396831
1
0.999986410159572
1
1
1
1
0.997621107143471
1
1
1
1
1
1
1
1
1
1
1
1
1
1
0.997198382080545
1
0.999470506642207
1
0.998873917316212
1
0.931000047199661
1
0.997969521497119
0.979140415374722
0.992385762024109
1
1
1
1
0.976927020804543
1
1
1
0.998625807261429
1
0.985455536750914
1
1
1
1
1
1
1
1
1
1
1
1
0.99731953751648
1
1
0.999639734323845
0.998297333377409
1
0.931161553795267
0.997661690695401
1
1
0.964167456744524
1
1
1
1
1
1
0.998652425908855
1
1
1
1
1
1
1
1
1
1
0.994641737791312
1
1
1
1
1
1
1
0.998385193101221
1
1
1
1
1
1
1
0.998841542359203
1
1
1
1
0.998385193101221
1
1
1
0.934237974161877
1
1
1
1
1
1
0.986420779452285
1
1
1
1
0.9778581387444
1
1
1
1
1
1
1
1
1
1
1
1
0.980746814436479
1
1
1
1
1
1
0.993233056222915
1
0.982287718074575
1
1
1
1
1
1
1
1
1
1
1
1
1
1
1
1
1
1
1
1
1
1
1
1
1
0.980102232028791
1
1
1
0.969635067610855
1
1
1
1
0.996395263500306
1
1
1
1
0.997920091119769
1
1
1
1
1
0.963965579924564
1
1
1
1
1
1
0.999975506176594
1
1
1
1
1
1
1
1
0.999594782673545
1
1
1
1
0.999594782673545
1
1
1
1
1
1
0.994617782950077
1
1
1
1
0.991844964530567
1
1
1
1
1
0.991827616275832
0.99037982610467
1
1
1
1
1
1
0.997555676040463
1
1
1
1
1
0.998859701281498
0.999363244165749
1
1
1
0.991403724830454
1
1
1
1
1
1
0.97518749561558
1
1
1
1
0.991507702746568
1
0.948889102584335
1
0.999349284854784
1
1
1
0.986355878352577
1
1
1
1
1
1
1
1
0.997415993297218
1
1
1
1
1
0.998184178742197
1
1
1
1
1
1
1
0.993430226284848
1
1
1
1
0.977398635297845
1
1
1
1
1
0.990635722772756
1
1
1
1
1
0.97586230650117
1
1
0.9890987716702
1
1
1
1
1
1
1
1
0.976206169809738
0.998411176820024
0.996116158863934
1
1
1
1
1
1
1
1
1
1
0.999998169809278
1
1
0.972819157966024
1
1
1
0.948025186196778
1
0.997281584183329
1
1
0.98333781573863
1
0.883932031723235
1
1
0.9778581387444
1
1
1
1
0.981955047609737
1
1
0.998370705838762
1
0.999922871843828
1
0.993074482211312
1
1
1
1
1
0.992824971632823
1
1
1
1
1
0.988855244796847
1
1
1
0.996289290190223
1
1
1
1
1
0.997198382080545
1
1
1
0.932378833512684
1
0.987709865459728
1
1
0.994109289373949
1
0.966102515940528
1
1
1
1
1
1
1
1
0.987547346921178
1
1
1
0.979499149487672
1
1
1
1
1
0.99037982610467
1
0.964167456744524
1
1
0.982648047186883
0.996379219750627
1
0.995781427425101
0.995249998342662
1
1
1
0.980120174762579
1
1
1
1
1
1
1
0.995178987432109
1
1
0.999986410159572
0.996379219750627
1
1
1
1
1
1
1
0.939555334468236
0.996794726281507
1
1
1
1
1
1
1
0.984805667975118
1
1
1
1
0.980102232028791
0.994667425635637
1
0.997621107143471
1
1
1
1
1
1
0.997221566135128
1
0.999333935220491
0.999470506642207
1
1
0.989202022249233
1
1
1
1
0.962123047381598
1
0.963131564257865
1
1
1
1
0.970235311119872
0.982827757178932
1
1
1
1
1
1
1
1
1
1
1
1
1
1
1
1
1
1
1
0.999594782673545
1
1
1
1
1
0.99694490938673
1
1
1
1
1
1
0.999071144187636
1
1
1
0.999233030764626
0.976206169809738
1
1
0.972832900430453
1
0.999135661303175
0.999045277514424
1
1
1
1
1
1
1
1
1
1
1
1
1
1
1
1
1
1
0.99979295416182
1
1
1
1
1
1
1
1
1
0.962873367887235
1
1
1
1
0.986420665034352
1
1
1
1
1
0.996794726281507
1
1
1
1
1
1
1
1
1
1
1
0.985349224246254
1
1
0.980120174762579
0.954758266253282
1
1
1
1
1
1
1
1
1
1
1
1
1
1
1
1
1
1
1
1
1
1
1
1
1
1
1
1
1
1
0.991064641465696
0.999912693391318
1
1
1
1
1
1
0.989968657343221
1
1
1
1
1
0.982187848509321
1
1
1
1
1
1
1
1
0.999233030764626
1
1
1
1
1
1
1
1
1
1
1
0.994517207529085
1
1
0.986593944057011
1
0.963101413796163
1
1
1
0.959747434697717
1
1
0.958558172834294
1
1
1
1
1
1
1
0.995748327837131
1
1
1
0.988855244796847
0.99006102092506
1
1
1
1
1
1
1
1
1
1
1
0.952624782931707
1
1
1
1
0.974626148567011
1
1
1
0.968925548552098
1
1
1
1
1
0.925717323334816
1
1
0.969635067610855
0.962873367887235
1
1
0.996553438703181
1
0.946281015414761
1
1
0.99731953751648
0.967850516476106
1
1
1
1
1
1
1
1
0.970823792656822
0.995781427425101
1
1
1
1
1
1
1
1
1
1
1
1
1
1
0.979131270848288
1
1
0.848478119900973
1
1
1
1
1
1
0.960543046859027
1
1
1
1
1
1
1
0.981955047609737
1
1
1
0.999913053018439
0.991844964530567
1
1
1
1
0.99037982610467
1
1
1
1
1
1
1
1
0.999627341808162
1
0.986947975572647
0.995786889268473
1
1
1
1
1
0.996116158863934
1
1
1
0.99731953751648
0.997319382772233
1
0.999627341808162
1
1
1
1
1
1
0.943087499134848
1
1
1
1
1
1
1
1
1
1
1
0.995249998342662
1
1
1
1
1
0.997952579931488
1
1
0.988098360550606
1
0.998775751489414
1
1
1
1
1
1
1
1
1
0.990905007140631
1
1
1
0.9778581387444
1
0.993596134911507
1
1
1
1
1
1
0.993366738101873
1
1
1
1
0.856699967293254
1
1
1
0.970326829842515
0.999975506176594
1
1
0.999756771398232
1
1
1
1
1
0.995249998342662
1
1
1
1
1
0.996289290190223
1
0.982827757178932
1
1
1
1
1
1
1
1
1
1
1
1
1
1
1
1
1
1
1
1
1
0.997198382080545
1
1
1
1
0.973697400162122
1
1
1
1
0.969084202121975
1
0.994617782950077
0.998184178742197
0.981330513013509
1
1
0.997680286246009
1
1
1
1
1
1
1
0.997221566135128
1
1
1
1
1
0.997616188691515
0.988519925680332
1
1
1
1
1
0.998667342270072
1
1
0.995147694943057
1
0.998859701281498
1
1
1
0.97908684455662
1
1
1
0.997527937995412
0.999045277514424
1
1
1
1
1
1
1
1
1
1
1
1
1
1
1
1
1
1
0.995786889268473
1
1
0.999419509889675
0.992872472006186
1
1
1
1
1
1
1
0.962123047381598
1
1
1
1
1
1
1
1
1
0.99037982610467
1
0.994617782950077
0.982401733291704
1
1
1
1
0.9778581387444
1
1
1
1
1
1
0.962125253792863
0.995005999559376
0.999639734323845
1
1
1
1
0.980102232028791
0.989694083979588
1
1
0.959747434697717
1
1
1
1
0.999975506176594
1
0.997621107143471
0.985021936219568
1
1
1
1
1
1
1
1
1
0.962123047381598
1
1
0.997321914623188
1
0.985749297944329
1
1
1
1
0.999784547282953
1
0.969236764880732
1
1
1
1
1
1
1
0.971570193111142
0.997555676040463
1
1
0.985349224246254
1
1
1
1
1
0.997896349355429
0.997333210827379
1
1
1
0.92942736113311
1
1
1
1
0.999629866233894
1
1
1
1
1
1
1
0.997616188691515
0.949625926266947
1
1
1
1
1
1
0.988855244796847
1
1
1
0.955605227863126
1
0.994617782950077
1
1
1
1
1
1
0.998987046422147
1
0.959958210205951
0.956584230366861
1
1
0.999829075015431
1
1
0.989835350857867
1
0.863115281543769
1
1
1
1
1
0.997598742840492
1
1
1
1
1
1
0.993273434981274
1
0.987142088702008
1
1
1
0.98531761210336
1
1
0.997800773520593
1
1
0.994517207529085
1
0.999363244165749
1
0.980773650508067
1
1
1
1
1
1
0.982648047186883
1
0.981330513013509
1
1
1
1
1
1
1
0.937829766395363
1
1
1
1
0.960751896810594
1
1
1
1
1
1
1
0.981286903675637
1
1
1
1
1
1
1
1
0.972012572982328
1
1
1
1
0.998370705838762
1
1
1
1
0.99186809630969
1
1
1
1
0.999327462857504
1
1
0.953094472611794
0.927932877961536
0.987422676348526
1
1
0.999071144187636
1
1
1
1
1
0.981767164047887
0.994245825190585
1
1
1
1
0.970668987968082
1
0.980848137474646
1
1
1
1
1
0.997616188691515
1
1
1
1
0.99285168892984
1
1
1
1
0.998385193101221
1
0.973548565758612
1
1
0.997711264925138
1
1
0.991690669931297
1
0.998242581414791
1
1
1
0.991168413910648
1
1
1
1
0.982827757178932
1
1
1
1
0.993291772784601
1
0.988160656630688
1
1
1
1
1
1
1
1
1
1
1
0.997953604470603
1
1
1
1
1
1
1
1
1
0.936567847888895
1
1
1
1
1
0.995089798633967
1
1
0.969236764880732
1
0.997621107143471
0.962776747727556
1
1
1
1
1
1
1
0.997253175666941
1
1
1
1
1
1
0.985021618386025
1
0.997540644296166
1
0.998184178742197
1
1
1
0.965094618052383
1
1
1
0.998184178742197
1
1
0.98936174788012
0.989635991288603
1
1
0.992488264558662
0.999693510801699
1
1
1
1
1
1
1
1
1
1
0.998625807261429
1
0.999132163052273
1
0.996269070213339
1
1
1
0.999998250774664
1
1
1
1
1
0.992488699634373
1
1
1
1
1
0.946175583746217
1
1
1
1
1
1
0.917212329846418
1
1
1
1
1
1
1
1
1
1
1
1
1
1
1
1
0.999233030764626
1
1
0.964323060573312
1
1
1
1
1
0.981767164047887
1
1
0.997697251925984
1
1
0.988098360550606
0.99285168892984
1
1
1
1
1
0.973690687480455
1
0.949625926266947
1
1
1
1
1
0.997489935531803
0.996746151915325
1
1
1
1
1
0.986355878352577
1
1
1
1
0.989750852468364
1
1
1
1
1
1
1
1
1
0.991844964530567
1
1
0.997621107143471
1
0.996794758283453
0.998297333377409
1
1
0.993831006212408
1
1
1
1
1
1
0.999140201667148
1
1
1
1
1
1
0.975245323161915
1
0.987422676348526
0.869945631299031
1
1
1
1
1
0.969635067610855
1
1
1
0.994762958753941
1
0.969636832626959
1
0.997489935531803
0.997797242006679
1
1
0.999948455564422
1
1
1
1
1
1
1
1
1
1
1
1
1
0.957363516836817
1
0.880980227781544
1
1
1
1
1
1
1
1
0.994762958753941
0.995147694943057
1
1
1
1
1
1
1
1
1
1
1
1
1
1
1
1
1
0.989787036432347
1
1
1
1
1
0.971109153409839
1
1
1
1
1
1
1
1
0.996553345715884
1
1
1
1
1
0.988820177799239
0.982356527058449
1
1
1
1
1
1
1
1
1
1
1
1
1
0.987655511500045
0.99999030773168
0.988349391117901
1
1
1
1
0.997356002668234
1
1
1
1
1
1
0.997598742840492
1
1
1
1
1
0.946281015414761
1
1
1
1
1
1
1
1
0.984251217368515
1
1
0.944454684735948
1
1
1
0.986702504329353
0.980140043445839
0.981127392871265
0.989255933996766
1
1
1
1
1
1
0.997372015051434
1
0.989635991288603
1
1
1
1
1
1
1
1
0.908385950588079
1
0.995781427425101
1
0.978643651297898
1
0.997678515521827
0.992824971632823
1
1
1
0.99894172512563
0.981274488738123
1
1
1
1
0.991135801776483
0.989968657343221
1
1
0.998162489257459
1
1
1
1
1
0.972819157966024
1
1
1
1
1
1
1
1
0.997621107143471
1
1
1
1
1
0.999135661303175
1
1
0.949925480284811
1
1
1
1
1
1
1
1
1
1
0.992385762024109
1
0.975361981769037
1
1
0.992534695483172
1
0.962905199011054
0.999135661303175
0.970154541644992
1
0.999952018803128
1
1
1
1
1
1
1
0.982356527058449
1
0.973535991230006
1
0.998989015684202
0.989968657343221
1
1
1
1
1
1
1
1
1
0.991690669931297
1
1
0.995390681706585
0.974249184771158
1
1
0.986242994323278
0.985021618386025
1
1
1
1
1
1
1
1
1
1
1
1
0.995748327837131
1
1
0.958619741696111
1
0.950393792946715
1
1
0.997159394850149
0.971147729404376
0.931000047199661
1
1
1
1
1
0.997198382080545
0.99121983537422
1
1
1
1
1
1
1
1
1
1
1
0.992488264558662
1
0.980099467396831
1
1
1
1
1
1
1
0.992385762024109
0.9890488254442
1
0.998019244046429
1
1
1
0.996472165105729
1
1
1
0.959747434697717
0.989920575021854
0.997108767650373
0.945633122656639
1
0.995781427425101
1
0.99186809630969
1
1
1
1
1
1
1
1
1
1
1
0.979088056874507
1
0.997621107143471
1
1
1
1
1
1
1
0.926648979623047
1
1
1
1
1
1
1
1
1
1
1
0.924713960265009
1
1
1
1
1
1
1
1
0.968925548552098
1
1
1
1
1
1
1
1
1
0.993450281191058
1
1
1
1
1
1
1
1
1
1
1
0.988290331398354
1
1
0.999913053018439
1
1
1
1
1
1
1
1
1
1
1
1
1
1
1
1
1
1
1
1
0.974508895724336
1
1
1
1
1
1
1
1
1
0.994517207529085
1
1
0.985021064193791
1
1
1
1
1
1
1
1
1
1
0.992824971632823
1
1
1
0.977278943282018
1
1
1
0.980120174762579
1
0.989482474171631
1
1
1
1
1
1
1
1
1
1
1
1
1
1
1
0.965941723385574
1
1
1
1
1
1
1
1
1
1
1
1
1
1
1
1
1
1
1
1
1
0.986355878352577
0.99719822051009
1
1
1
0.997288113773995
1
1
1
1
1
1
1
0.965941723385574
1
1
1
0.970823792656822
0.995786889268473
1
1
1
1
0.979499149487672
1
1
1
0.982401733291704
1
0.983594150005149
0.972412899859598
0.946373776832558
1
1
1
1
1
1
1
1
0.9890987716702
1
1
1
0.987709865459728
1
1
1
1
1
1
1
1
1
1
0.959747434697717
1
1
1
0.971723240607873
1
1
1
1
1
1
1
1
1
1
1
1
1
1
1
0.989704190378229
1
1
1
0.999986550830873
1
1
0.997297053102392
1
0.999913053018439
1
1
1
1
1
1
0.993061035970081
1
0.996683497812292
1
0.995178987432109
0.998397946246374
1
1
1
1
1
0.999952018803128
1
1
1
1
1
1
1
0.997448663394274
1
1
0.998051904940413
1
1
1
0.998171208903297
1
1
0.957635411609612
1
0.941574421772055
0.997797242006679
1
1
1
0.982827757178932
1
0.979499149487672
1
1
1
0.997661690695401
1
0.981423065455607
1
1
1
1
1
1
1
0.999594782673545
1
0.999395925649719
1
0.989043939578001
1
1
1
1
1
0.99953818907045
1
0.994723409599547
1
1
1
1
0.967889174827354
1
1
1
1
1
0.98541398497153
1
1
1
1
1
1
0.993291772784601
1
1
1
0.97584940139834
1
1
1
1
1
1
0.996794726281507
1
1
1
1
1
1
1
1
1
1
0.986355878352577
1
1
1
0.985021064193791
1
1
0.996794758283453
1
1
1
1
1
1
0.956500456316963
1
1
1
1
1
1
1
0.934918148070765
1
1
1
1
0.99964399148893
1
1
1
1
0.983279187410595
1
1
1
1
1
1
1
1
1
1
1
1
1
1
0.984991517936601
0.929811483011218
1
1
1
1
1
1
1
1
1
1
1
1
0.96239593337869
0.998297333377409
1
1
1
0.961448994665219
0.998445905850305
1
1
0.966102515940528
0.997969521497119
0.865878082196724
0.999107005838618
1
1
1
0.992306359466583
0.997678515521827
1
1
1
1
1
0.942032997307135
1
1
1
1
0.99692878605844
1
1
1
0.995080935464564
1
0.989043939578001
1
