x
0.99904011685964
1
1
0.994832954833987
1
1
1
1
1
1
1
1
1
0.996960109822918
1
1
0.980741070540339
1
0.998839109931634
1
1
1
1
1
1
1
1
1
1
1
0.993613064463299
0.963851379315435
1
0.988424242666563
0.98041239445841
1
1
0.994593545118205
1
0.988129083498878
1
0.960426824454007
0.992761516557175
1
1
1
1
0.913915041280906
1
1
0.930174300246822
0.956243955672426
1
1
1
1
0.991464003738765
0.965286557066651
1
1
1
0.991680986090857
1
1
1
0.867951861757857
1
0.949814032837119
1
1
1
0.980775514138513
0.988424242666563
0.995916633536457
1
1
1
1
1
0.973556302957486
1
1
1
0.958103948366967
1
1
1
1
1
1
1
1
1
1
0.999980799022271
1
1
1
0.900394117102423
1
1
0.994832954833987
1
1
1
1
0.933096700930167
1
1
1
1
0.973942875415618
1
1
1
1
1
1
0.982952420282445
1
0.991320369201134
1
0.874668019875755
0.97860102626132
1
1
0.513682103693822
0.864662506045739
1
1
1
1
1
1
1
1
0.834973612457888
1
1
1
1
1
0.964340369166234
0.994608394383412
0.844130844285236
1
1
1
1
0.999467375379268
1
1
1
0.997581661664034
1
0.99768877460518
1
1
0.894092365834596
1
1
1
1
1
1
1
0.991529565833097
0.98041239445841
0.997588305353069
1
1
0.98895554608361
1
1
1
0.951627234812128
1
1
0.980741070540339
1
1
0.99103695603904
0.96327013206105
1
1
1
1
1
1
1
1
0.99457578137317
1
1
0.943080300927766
1
0.992908601946348
1
0.984234149819603
1
0.844130844285236
1
0.995963838914496
0.989577580486229
1
1
0.996248581689477
1
1
1
1
1
1
1
1
1
0.998127056626996
0.967249170422945
1
1
0.937074288303839
1
1
1
1
1
0.975756371930877
1
1
1
0.998605582944563
0.993386135696256
1
1
0.997884173429546
1
0.990915886635775
1
0.997533512276528
1
1
1
1
1
1
1
0.877158165479888
1
1
1
1
1
1
0.974963395285239
1
1
1
1
1
1
0.883560626812329
1
1
1
0.998322087472253
0.991680986090857
0.962500237762095
1
1
1
1
1
1
0.992908601946348
1
1
1
0.99861553393533
0.983699614255595
0.984435182531395
1
0.997976141734893
1
1
1
1
0.973942875415618
1
0.984166714776318
1
0.951627234812128
1
1
0.993386135696256
1
1
1
0.992119500433745
1
1
1
1
0.967669053318384
1
1
0.988430762778505
1
1
1
1
1
1
1
1
1
1
1
0.994608394383412
1
0.989483996630858
1
0.982305120045299
0.985863626784353
1
0.98290938349191
1
0.998079533957253
1
0.976165647217602
1
1
1
0.991320369201134
1
1
1
1
1
1
1
0.994905213623778
1
1
1
1
1
1
1
1
1
0.996713382677467
1
1
1
0.995070949221755
1
1
1
1
1
0.964412531804503
1
1
1
0.991851076403281
0.975445965785851
0.975445965785851
1
0.888840503503531
1
1
0.999296238415065
1
0.975756371930877
1
1
1
1
1
1
1
0.874668019875755
1
1
1
1
1
1
1
1
1
0.980436460620856
1
0.970047689418152
1
1
1
1
1
0.988659207133247
1
1
0.887603926868807
1
1
0.991752479367331
0.70829736650678
1
1
0.992369313467956
1
1
0.98041239445841
1
1
1
1
1
1
1
1
1
1
1
1
1
1
1
0.916387152983407
1
1
1
1
1
1
1
0.952715465698386
1
0.948378798885948
1
0.992289023760342
1
0.988104616165796
1
1
1
1
1
1
1
0.915479261204448
1
1
0.992303365472379
1
1
1
1
0.994800361380915
1
1
1
1
1
0.929062474135238
1
0.951014752037439
0.844049492953412
1
1
1
1
1
1
0.991902145623677
1
1
0.991320369201134
1
1
0.998782833881241
1
0.970047689418152
0.999502391480877
1
1
1
1
0.98494868603878
1
0.947934401313349
1
1
1
0.982305120045299
0.958685717322092
1
1
1
1
0.994742807360236
0.936636472526845
1
1
1
1
1
1
1
0.9664943025433
1
0.833424447999889
1
1
0.902023639851525
1
1
1
1
1
0.999692889074731
0.999633902689023
1
1
1
1
1
1
1
1
1
1
1
1
1
0.999115608022079
0.88780519732525
1
1
1
1
1
1
1
0.94178401789226
1
1
1
1
1
0.959844208185998
1
1
1
1
1
0.973497851550138
1
0.998079533957253
1
1
0.960695939362084
0.960695939362084
1
1
1
1
0.988216709183849
0.998983701794447
0.99896190085897
0.999692889074731
1
1
1
1
1
1
1
1
0.982305120045299
1
1
1
0.998127056626996
1
1
1
0.989483996630858
1
1
1
1
0.945648442582378
0.99896248580557
1
1
1
1
1
1
1
1
1
1
1
1
0.999082972592778
1
1
1
1
1
0.961122161546839
1
1
1
0.998322087472253
1
1
1
1
1
1
1
0.834973612457888
1
1
1
0.981662650614608
1
1
0.963703366601506
1
1
1
1
1
0.992303365472379
1
1
1
1
1
0.975756371930877
1
1
1
1
1
1
1
1
1
1
1
1
0.991527028668835
0.975756371930877
0.833424447999889
0.957026199131841
1
1
1
1
0.999123457228062
0.995706388283205
1
1
1
1
1
0.981692830672617
1
1
0.906200378379071
1
1
1
0.983129389715319
1
0.991676296540518
1
1
1
1
1
0.994905213623778
1
1
1
1
1
1
1
1
0.966735642305643
1
0.980741070540339
0.98041239445841
0.99768877460518
1
1
0.988667248932254
1
1
1
0.947252543083524
1
1
1
1
1
1
1
1
1
1
1
1
1
1
1
0.970047689418152
1
0.992058428899932
0.938503747306055
0.709245186561467
0.990622448422571
1
0.989771166434742
1
1
1
0.984201664369191
0.960695939362084
1
1
0.994120368486787
1
0.954262282044668
0.995528538646877
1
1
1
1
0.988249057062244
0.980003916074475
0.966644225024767
1
0.981692830672617
1
0.989577580486229
1
1
0.988424242666563
1
0.994553320422736
1
1
0.999331481772383
1
0.94178401789226
1
0.961582328854742
1
0.991172055906338
1
1
1
1
1
0.988078292860462
0.980198776041368
1
1
1
1
1
1
1
1
1
1
1
1
0.979176214970277
1
0.968589983887246
0.86292298670944
1
1
1
1
1
1
1
1
0.978770513024918
1
1
1
0.999123457228062
0.988129083498878
1
0.964824225078429
1
1
0.99808879961485
1
1
1
1
1
1
1
0.996248581689477
1
1
1
0.99896482149846
1
0.999331481772383
1
0.999467375379268
1
1
1
1
1
0.8530758250884
1
1
1
0.930994871762524
1
0.912218135490778
1
1
0.994553320422736
0.973396395081561
1
1
1
0.964340369166234
1
1
0.995070949221755
1
1
0.916387152983407
0.999211094751483
1
1
1
0.909896856352628
1
1
1
1
1
1
0.994832954833987
1
1
0.991752479367331
0.984435182531395
1
1
0.997976141734893
1
1
1
1
1
0.978060636148524
1
0.99457578137317
0.998079533957253
1
0.998782833881241
1
0.998943282023165
1
1
1
1
1
1
1
1
0.989657479479213
1
1
1
1
1
1
0.999376375948882
1
0.985817226917476
1
1
0.994688812484116
1
1
1
1
1
1
1
1
1
0.995070949221755
0.859588942011688
1
1
1
1
1
1
1
1
1
0.97053031033171
0.941763654096219
1
1
0.997674192282091
1
1
1
1
1
1
0.969224642104446
1
1
1
1
1
1
1
1
0.994608394383412
1
1
0.997558639512589
0.958472476955881
1
1
0.99768877460518
1
1
1
0.983129389715319
1
1
0.991464003738765
0.910074363198402
1
1
1
1
1
1
1
1
1
1
1
1
0.915479261204448
0.960955795997039
1
1
1
1
1
1
1
1
0.980535042081121
0.995269706225294
1
1
1
1
1
0.960695939362084
1
1
0.965286557066651
1
1
1
0.991851076403281
1
0.99896248580557
0.981692830672617
1
1
1
0.985817226917476
1
1
1
1
1
1
1
0.987042790534917
0.994340736094222
0.975756371930877
1
1
1
1
1
0.991719143175055
0.951627234812128
1
1
0.97828025776972
1
1
0.986112633873833
0.994553320422736
0.988430762778505
0.994608394383412
1
1
1
1
1
1
1
0.978060636148524
1
1
1
1
0.999467375379268
1
1
1
1
1
1
0.938740293214391
1
0.979482846517638
1
1
1
0.999376459185732
1
0.970047689418152
0.990641186946763
1
0.999347398946508
0.966210736451764
1
1
0.995269706225294
1
1
1
1
0.915479261204448
1
1
0.800982820460545
0.998079533957253
1
1
1
1
0.937685755345432
1
0.724301519327773
1
1
1
1
1
1
0.766368066456994
0.910074363198402
1
1
1
1
0.994800361380915
1
0.995070949221755
1
0.991529565833097
1
0.998839109931634
1
0.999828662604196
1
1
1
1
1
1
1
1
1
1
1
0.981662650614608
0.851693780637465
0.99904011685964
1
1
1
1
1
1
1
1
1
1
1
1
1
1
1
1
0.989689758090322
1
1
1
1
1
1
1
1
1
0.993252140730212
1
1
1
1
0.988129083498878
1
1
0.991320369201134
1
0.99904011685964
1
1
1
1
1
0.994688812484116
1
1
1
0.93337429384125
1
0.995475277501489
1
1
1
0.997553233071763
1
1
1
1
0.8935135606725
0.997814292159392
1
1
1
1
1
0.994608394383412
1
1
1
1
0.640042409645458
1
1
1
1
1
1
1
1
1
1
1
1
1
1
0.964824225078429
1
0.98504296253068
1
1
1
1
1
0.991529565833097
0.998935420618423
0.973498279795588
1
1
1
1
1
1
1
1
1
1
1
1
0.988982395971394
0.97428054190734
1
0.970047689418152
1
1
1
1
1
1
1
1
1
1
1
1
0.955467854960827
1
1
1
1
1
0.968614349270769
1
1
0.992058428899932
1
1
1
1
0.966644225024767
1
1
1
1
1
1
1
1
1
1
1
0.997588305353069
1
1
1
1
1
1
1
1
1
1
0.993684428977304
1
1
0.997625624042241
1
0.723808031532532
1
0.857880382057672
1
1
0.809953248937536
1
1
1
1
1
1
0.999692889074731
1
1
1
1
1
1
0.976202328361943
0.994542088606038
1
1
1
1
1
1
1
0.988249057062244
1
1
1
1
1
1
0.977355092557959
0.998306351986104
1
0.970047689418152
1
1
1
0.97927979529961
0.991752479367331
1
0.992369313467956
1
1
1
0.999467375379268
0.998304549985746
1
0.998458175965188
0.967185273918033
1
1
1
1
1
1
1
1
1
1
0.916300236929385
0.981662650614608
1
1
1
1
1
1
1
1
0.986024342571342
1
1
1
1
1
1
1
0.988104616165796
0.990041969655418
1
1
1
1
1
0.948694331567819
1
1
0.984626037897829
1
1
0.968589983887246
1
1
0.99383072171783
1
1
1
1
0.997553233071763
1
1
1
1
1
1
1
1
0.954566393999375
0.999331481772383
0.999160777202716
1
1
1
0.890755805250419
0.954314115876301
0.994932697537838
1
1
0.985783657572327
0.999075430670848
1
1
1
1
1
1
1
1
1
0.964340369166234
1
1
0.988249057062244
1
1
1
1
1
0.991527028668835
1
0.966396593142426
1
1
1
1
1
1
1
1
1
1
1
1
1
1
1
1
1
1
1
1
0.999327951570756
1
1
1
1
1
1
1
1
1
1
0.98895554608361
1
1
1
1
1
1
1
0.999633902689023
1
0.927407515730783
0.98895554608361
1
1
0.97927979529961
1
0.990233370863593
1
1
0.949243040679833
1
0.999009565462647
0.997993461862581
1
0.99896190085897
1
1
1
1
1
1
1
1
1
1
1
1
0.904877310086973
1
1
1
1
0.999502391480877
1
0.992995684294134
0.945648442582378
1
0.994593545118205
1
1
0.630197605135472
0.988104616165796
1
0.988738253823013
1
1
1
0.803030009261338
0.877194766471921
1
0.958685717322092
0.952102508520923
0.994905213623778
1
1
1
0.991529565833097
1
1
1
1
0.989483996630858
1
0.995269706225294
1
1
1
1
1
1
1
1
0.981855628590204
1
1
1
1
0.977076676850091
1
0.920839964099939
1
0.949814032837119
0.995961355508386
1
1
1
1
1
0.984435182531395
1
1
1
1
0.984393440147279
1
0.973396395081561
0.998983701794447
1
1
1
1
1
0.976165647217602
0.991719143175055
1
1
1
1
0.997733399276304
1
0.994067260617882
1
1
1
1
1
0.997588305353069
1
1
1
1
1
1
1
1
1
1
1
1
0.958727111747006
1
1
1
1
1
0.984234149819603
1
0.994850943763049
1
0.980775514138513
1
0.994387287910651
0.989138527309213
0.997791352929766
1
1
1
1
1
0.999692889074731
0.991752479367331
1
0.998930863876237
0.997803336203553
1
1
1
1
1
1
0.863700744312695
1
0.948853746564479
1
1
1
1
0.867192926102172
1
1
1
1
0.999600320508684
1
1
0.98676814642736
1
0.938740293214391
1
1
1
0.980920916477852
1
0.979634194423575
1
0.980198776041368
1
1
1
1
1
1
0.966253060622998
0.998983701794447
1
0.973396395081561
0.991550294877473
1
1
0.915479261204448
0.998194707460194
1
1
1
1
1
1
0.997558639512589
1
0.933407422566246
0.887389422106768
1
0.988659207133247
1
1
1
0.992586485856747
1
1
0.989771166434742
1
1
1
1
0.991676296540518
1
0.847086063322586
1
1
1
1
0.980920916477852
0.989582686419015
1
1
1
0.953494042405361
0.969814087981517
1
0.966396593142426
0.994954034439859
1
1
1
0.997588305353069
1
1
1
1
1
1
0.995475277501489
1
1
1
1
1
0.995089018564499
0.994932697537838
1
0.992304325253995
0.995269706225294
1
1
1
1
1
1
1
0.981593358178985
1
0.998983701794447
0.985331473666155
1
0.956243955672426
1
1
0.997588305353069
1
1
1
1
1
1
1
0.996199097818004
1
1
1
1
1
0.995475277501489
0.991464003738765
1
1
0.995860348256797
1
1
1
1
1
1
0.99899007182124
1
1
1
1
1
1
1
1
1
1
1
1
0.957988886488711
1
1
1
1
1
0.986112633873833
1
0.961122161546839
1
1
1
1
1
0.980436460620856
0.992504998200809
0.98290938349191
1
1
1
1
1
0.993674167429703
1
0.998946184125688
1
1
0.964766444948425
1
1
1
1
1
1
1
1
1
1
1
1
1
0.947136187156093
0.999761758019328
1
1
0.996199097818004
0.990041969655418
1
1
1
1
1
1
1
1
1
1
0.995706388283205
1
1
1
1
0.991851076403281
1
1
1
0.997588305353069
1
1
1
1
1
1
1
0.988129083498878
1
1
1
1
1
0.948665505822893
0.755177007750313
1
1
1
1
1
0.993851762721644
1
1
0.995528538646877
0.979690066359845
1
1
0.862235919681104
0.98929610373488
0.966074690369535
1
1
0.991719143175055
1
1
1
1
1
1
1
1
1
1
1
1
0.991527028668835
0.945648442582378
0.988428338573122
0.994067260617882
1
0.984805560340405
1
1
1
1
1
0.921461008999161
1
1
1
1
0.868332040282443
0.987045145261467
0.999327951570756
1
1
1
1
1
1
0.988314598795017
0.8207221638367
1
0.999165258489023
0.982305120045299
1
1
1
1
1
0.977584068523427
1
1
1
1
0.924752260622117
1
1
0.980003916074475
1
1
0.948990846976001
1
1
1
0.974266062954127
1
0.995706388283205
0.975744628107497
1
0.909080456674552
0.995922118576796
1
1
0.909080456674552
1
0.978060636148524
0.974963395285239
1
1
1
1
1
1
1
0.989611167811163
1
0.994593545118205
1
0.999828662604196
1
1
0.998712600166594
1
1
1
1
1
0.998304549985746
1
1
0.995922118576796
1
1
0.980198776041368
1
0.992586485856747
1
0.996960109822918
0.999115608022079
1
0.999331481772383
0.999211094751483
1
1
0.991676296540518
1
1
1
1
1
0.982668171835021
1
1
1
1
1
1
1
1
1
1
0.99383072171783
0.840373876800682
1
0.981662650614608
1
1
1
1
1
1
1
1
1
0.991851076403281
1
1
0.975445965785851
0.986327115497973
0.977396362162509
1
0.984311170352198
1
1
1
1
0.930125248354862
1
0.978686745660401
1
0.894160530996797
0.968589983887246
0.99182260580892
0.995922118576796
1
1
0.991550294877473
1
1
0.989460821978615
0.999502391480877
1
1
1
1
1
1
1
0.98756970158492
1
0.981662650614608
1
0.994905213623778
1
1
1
1
1
1
1
1
1
0.989505537691792
1
1
0.860268561728429
1
1
1
0.999160777202716
1
1
0.972493223762729
0.958685717322092
0.988659207133247
0.952520932415402
1
1
1
1
0.996439092378148
1
1
1
1
0.992504998200809
0.961833444971568
1
1
0.966210736451764
1
1
1
1
1
0.998782833881241
1
1
1
1
1
0.941296075767784
0.984626037897829
1
1
1
1
1
1
1
1
1
1
1
1
1
1
1
1
1
1
0.98290938349191
1
1
1
1
1
0.966506158953524
1
1
1
1
1
1
1
0.872106250757428
1
1
1
1
1
1
1
0.958183236286149
1
1
0.930313253968169
1
1
1
1
0.920839964099939
1
1
1
1
1
1
1
0.96327013206105
1
1
1
1
0.970808008251278
1
0.979634194423575
1
1
0.957496554245977
0.79267705805097
0.991202147564557
0.99904011685964
1
1
0.999211094751483
1
0.973497851550138
0.958183236286149
1
0.984350491388884
1
1
1
1
1
1
1
1
1
1
1
1
1
1
1
1
1
1
1
0.746776992566327
1
1
1
1
1
1
1
0.966327449080908
0.897339149236241
1
0.938740293214391
1
1
1
0.916088424032409
1
1
1
0.967016079988443
1
1
0.990641186946763
1
1
1
1
0.984986488735089
1
1
1
1
1
1
0.979176214970277
0.665381866094024
1
1
1
0.973877041926444
0.995922118576796
1
1
1
0.999692889074731
1
1
0.992289023760342
1
1
1
1
1
1
1
1
0.999821745149871
1
1
0.985863626784353
1
1
1
1
0.957677208047092
1
1
0.997976141734893
1
1
1
1
1
1
1
1
1
0.991446405523058
1
0.993613064463299
0.774893097730117
0.972074356474742
1
1
1
0.991527028668835
0.997581661664034
1
0.999692889074731
1
1
1
1
1
1
1
0.995089018564499
1
1
1
1
1
0.994542088606038
1
1
1
0.933407422566246
1
1
0.96327013206105
1
1
1
1
1
1
1
1
0.97796767249425
0.979574410474873
0.985331473666155
1
1
1
1
1
1
1
1
1
1
1
0.997278582904566
1
1
1
1
0.624581378429356
1
0.937619614555825
1
1
1
1
0.973877041926444
1
0.926769915627832
0.88895792862003
1
0.998943282023165
0.998839109931634
1
1
1
1
1
1
0.994593545118205
1
0.957677208047092
1
0.997558639512589
1
1
1
0.997581661664034
1
0.984435182531395
0.999547585252743
1
1
1
1
1
0.999376459185732
1
1
0.999123457228062
1
1
1
1
1
1
0.997624284957151
1
1
1
1
0.922850273822861
1
1
1
1
1
1
1
1
0.979176214970277
1
1
0.978060636148524
1
1
1
1
0.9908803127605
1
1
0.997588305353069
1
1
1
1
1
1
1
1
0.991680986090857
1
0.991320369201134
1
1
1
1
1
1
0.999376375948882
1
1
1
1
0.994530004773002
0.998458175965188
1
0.941555277712102
0.993270743611217
1
1
1
1
0.995269706225294
0.895932575650831
0.993851762721644
0.94976130317862
1
0.994932697537838
0.991464003738765
1
1
1
1
1
0.960695939362084
1
0.999009565462647
0.978686745660401
1
1
1
1
1
1
1
0.999165258489023
1
0.997581661664034
1
1
0.932028068205842
1
1
0.992908601946348
0.997581661664034
1
1
0.994067260617882
1
1
0.962500237762095
1
1
1
0.97053031033171
1
1
1
1
1
1
1
1
1
1
1
1
1
1
1
1
1
0.998935420618423
0.997685442186784
0.998127056626996
0.997558639512589
1
1
1
0.948482450854569
0.994832954833987
0.997581661664034
1
1
1
1
1
1
1
1
1
1
1
0.98290938349191
0.95106638578485
1
1
1
1
1
1
0.98929610373488
1
1
1
1
1
1
1
1
1
1
1
1
1
1
1
1
1
0.99402394854262
0.989505537691792
0.993363985507276
1
1
1
0.984350491388884
1
1
1
0.988667248932254
1
1
1
1
1
1
0.97822103807893
1
1
1
1
1
1
1
1
1
1
1
0.98997943147458
0.97822103807893
1
1
1
1
1
0.991902145623677
1
1
1
0.99317262437425
1
0.887603926868807
1
1
0.989582686419015
1
1
1
1
1
0.978060636148524
1
1
1
1
1
0.991202147564557
1
1
1
0.99896190085897
1
1
1
0.980741070540339
1
1
1
0.951505092629144
1
0.994611095471175
1
1
1
0.992304325253995
1
0.900174141006152
1
0.871184453917421
1
1
1
1
1
1
0.986112633873833
1
1
0.974963395285239
1
0.980535042081121
0.948267295737532
1
1
1
1
1
1
1
1
1
0.989689758090322
1
0.988775449248653
1
1
1
1
1
0.99904792440402
1
1
1
0.999432757279232
0.988667248932254
1
1
1
1
1
0.951014752037439
0.930074341165615
1
1
0.985783657572327
1
1
1
1
0.972074356474742
1
1
1
0.776170631904337
0.960824478213205
0.937685755345432
1
1
1
1
1
1
1
1
0.995475277501489
1
1
0.995706388283205
0.902095295299037
0.95106638578485
1
1
1
1
1
0.992995684294134
1
1
1
0.920839964099939
1
1
1
0.998806198433925
1
1
1
1
1
1
1
1
1
1
0.997803336203553
1
1
1
0.979046126449579
1
1
1
1
1
1
0.998462171361544
1
1
1
1
1
1
1
0.987045145261467
1
1
1
1
0.681395895378956
1
1
1
0.833424447999889
0.966000984120649
1
1
0.993363985507276
1
1
0.981692830672617
1
1
1
1
1
0.993037806684904
1
1
1
1
1
1
1
1
1
1
1
1
0.966000984120649
1
1
1
1
1
0.933778838595217
1
0.995922118576796
1
0.979395121132838
0.997685442186784
1
1
0.990641186946763
1
1
1
1
0.993270743611217
0.994905213623778
1
1
1
1
1
0.979992654153422
1
1
1
0.97796767249425
0.997553233071763
1
1
1
1
0.939917807483642
0.966353120829668
1
1
1
1
1
0.998839109931634
1
1
0.951627234812128
1
1
1
1
1
0.97822103807893
0.991172055906338
1
0.980535042081121
1
1
1
1
0.948990846976001
0.8530758250884
1
1
1
1
1
0.938355553278081
0.990641186946763
1
1
1
0.991529565833097
1
1
1
1
1
1
1
1
0.999980799022271
1
1
1
1
1
1
1
1
1
1
1
0.999309718634486
1
1
1
0.98290938349191
1
0.984201664369191
1
1
1
1
1
1
1
0.594296621710056
1
0.997803336203553
0.867860508220954
1
1
0.720720279124431
1
0.998322087472253
1
1
1
1
0.99896482149846
0.945648442582378
0.998946184125688
0.945648442582378
1
1
1
1
1
1
1
1
1
0.949814032837119
1
1
1
1
1
1
1
1
1
1
0.994608394383412
1
1
0.979992654153422
1
1
0.998235252144313
1
1
0.965302683512497
1
1
1
1
1
0.963851379315435
1
0.994608394383412
0.999160777202716
0.999075430670848
1
1
1
0.948378798885948
0.953630625896433
0.890697410905311
1
1
1
1
1
0.999683429170978
1
1
0.984634694832613
1
1
1
1
0.932746069836659
1
1
1
1
1
1
1
0.981593358178985
0.965302683512497
1
1
1
0.99768877460518
1
1
1
1
1
0.984393440147279
1
1
1
1
1
1
1
1
1
1
1
1
0.948665505822893
1
1
1
1
0.999376459185732
0.973610633403203
1
1
1
1
1
1
1
0.989611167811163
1
1
0.795974464637147
1
1
0.998194707460194
0.980741070540339
1
1
1
1
1
1
0.852528803067157
1
1
0.97796767249425
1
1
1
1
1
0.948482450854569
1
1
0.997803336203553
0.98630635167209
1
0.951014752037439
1
1
1
1
1
1
1
1
1
0.922787947768646
1
0.988249057062244
1
1
1
0.961829105117548
1
1
1
1
0.97640474312052
1
1
1
1
1
1
0.9908803127605
0.994905213623778
1
1
1
1
1
1
1
1
1
1
1
1
1
1
0.985783657572327
1
1
1
1
1
1
0.95511507362078
1
1
1
1
1
1
1
0.955855316411778
1
1
0.999502391480877
0.992303365472379
1
1
1
1
1
0.935165017040651
0.958103948366967
1
1
0.975756371930877
1
1
1
1
1
0.945648442582378
1
1
1
1
1
1
0.998933225504678
1
1
0.97828025776972
1
1
1
1
1
1
0.984435182531395
1
1
1
1
1
1
1
1
0.941296075767784
1
1
1
1
0.992303365472379
1
0.894144170799671
1
1
1
1
1
0.998930863876237
1
1
1
1
0.988129083498878
1
0.994832954833987
1
1
1
1
0.978060636148524
1
1
1
1
0.998304549985746
1
1
1
1
0.999115608022079
0.966074690369535
1
1
1
0.948853746564479
1
0.864401446684651
1
1
1
1
1
0.982305120045299
1
1
1
1
1
0.973877041926444
0.970352895916554
1
1
0.999502391480877
1
0.982178681636941
0.975508440746611
1
1
1
1
0.852891495513382
1
0.979176214970277
1
1
1
0.915479261204448
0.990915886635775
1
1
1
1
0.893471749304426
1
1
1
1
1
1
1
0.971991232601078
0.984393440147279
1
1
1
1
1
1
1
1
0.997461080361785
1
0.97822103807893
1
1
1
1
1
0.992995684294134
0.955066845756151
0.993851762721644
1
0.947914956697715
1
1
1
1
1
1
0.991680986090857
1
0.991320369201134
1
1
1
1
0.625477106237934
1
1
1
1
1
0.978873689947908
1
1
0.937685755345432
1
1
1
1
1
1
0.997553233071763
0.958685717322092
1
1
1
0.909896856352628
0.995860348256797
1
1
0.9882127363959
1
1
1
1
1
1
1
1
1
1
0.920839964099939
1
1
1
0.991902145623677
1
0.98676814642736
1
0.984311170352198
1
0.948482450854569
1
0.994800361380915
0.900705514653596
1
1
1
1
1
0.873521257735675
1
1
0.989657479479213
1
0.964596854976014
1
1
1
1
1
1
1
1
0.980775514138513
1
1
1
0.994832954833987
0.989771166434742
1
1
1
1
1
1
0.993613064463299
1
1
1
0.98756970158492
1
1
0.997553233071763
1
1
0.957026199131841
1
1
1
1
1
1
1
0.930811046415903
1
1
1
1
0.999009565462647
0.964246949688551
1
1
1
0.999115608022079
0.980741070540339
1
0.989657479479213
1
1
1
1
1
1
1
1
1
1
1
1
0.997791352929766
0.693683148296877
0.967230743134087
1
1
0.998930863876237
1
1
1
1
0.984626037897829
1
0.943897825716302
1
1
1
0.890697410905311
1
1
1
1
0.998462171361544
1
1
0.997588305353069
1
1
1
1
0.981593358178985
1
1
0.97428054190734
1
0.995922118576796
1
0.981692830672617
1
1
1
1
1
0.992995684294134
1
1
1
0.97053031033171
1
1
1
1
1
0.986327115497973
1
0.992289023760342
1
1
0.9664943025433
1
0.923932776164087
0.988465937209227
1
1
1
1
0.968589983887246
1
0.755331341509503
0.995075817479587
1
1
1
0.966644225024767
1
1
1
0.901209304916009
0.978071551315518
0.869198897455183
0.999600320508684
1
0.995070949221755
1
1
1
0.999376459185732
0.988104616165796
0.76716295525455
1
0.995089018564499
1
1
1
1
1
1
1
1
1
1
1
1
1
1
1
1
0.91857694604044
1
1
1
0.948267295737532
1
0.951014752037439
1
1
1
1
1
1
1
1
1
1
1
1
1
1
1
0.998194707460194
1
1
1
1
0.99768877460518
1
1
1
1
1
0.991752479367331
1
1
0.947136187156093
1
1
1
1
1
1
0.989483996630858
0.99899007182124
0.990041969655418
1
1
1
1
1
0.97428054190734
0.948482450854569
1
1
1
1
1
1
1
1
1
1
1
1
1
1
1
1
1
0.958685717322092
1
0.910945200771779
1
1
1
1
1
1
1
1
1
1
0.945648442582378
1
1
0.994067260617882
1
1
0.999296238415065
1
1
1
1
1
1
0.860268561728429
0.992304325253995
1
0.984626037897829
0.997625624042241
1
1
1
0.99896190085897
1
1
0.943080300927766
1
1
0.982305120045299
1
1
1
1
0.958183236286149
1
0.994553320422736
1
1
1
1
1
0.98041239445841
1
1
1
1
0.989138527309213
1
1
1
1
1
1
1
0.984166714776318
1
1
1
0.992289023760342
0.970047689418152
1
1
1
0.84080440270712
1
1
0.948853746564479
1
1
1
1
1
1
1
1
0.88895792862003
1
1
1
0.997553233071763
1
1
0.817095592720602
1
1
0.977355092557959
1
0.991320369201134
1
0.972231236955865
0.921461008999161
1
1
1
1
1
1
1
0.900705514653596
0.948482450854569
1
1
0.931990976411738
1
1
1
1
1
1
1
0.978612966478132
0.965283437176474
1
1
1
0.999331481772383
1
1
1
1
1
1
1
0.994530004773002
0.881044362452802
1
1
1
1
1
0.979634194423575
1
1
0.991676296540518
1
1
1
0.999327951570756
0.978612966478132
1
1
1
1
0.949243040679833
1
1
1
1
1
0.999296238415065
1
1
1
1
0.999331481772383
0.998943282023165
1
1
1
0.98494868603878
0.979395121132838
1
1
0.993851762721644
0.999503761094675
1
0.995963838914496
1
1
1
1
1
1
1
1
1
0.936636472526845
1
1
0.991550294877473
1
1
1
0.976202328361943
1
1
1
1
0.966253060622998
1
1
1
1
1
0.999331481772383
1
0.998943282023165
1
1
1
0.99972743630058
1
1
1
1
1
0.997588305353069
1
1
1
1
1
1
1
1
1
1
1
1
0.909579259206265
0.976202328361943
1
1
1
0.931494844112001
1
1
1
1
1
1
1
1
1
0.994191751461279
1
0.935165017040651
1
1
1
1
1
1
1
1
1
0.910074363198402
0.956243955672426
1
1
0.986327115497973
1
1
1
0.896324902802947
1
1
1
1
1
1
1
1
0.991529565833097
1
1
1
1
1
1
1
0.949814032837119
1
1
1
1
1
0.952102508520923
0.99899007182124
1
1
0.769116046127339
1
1
1
1
1
1
1
1
1
1
0.994850943763049
1
1
0.958183236286149
1
1
1
1
1
1
1
1
0.989582686419015
1
1
1
1
1
1
0.859967266180997
1
1
1
0.999432757279232
1
0.984841549433156
1
0.988982395971394
1
1
0.991550294877473
1
1
1
1
0.995528538646877
1
1
0.99402394854262
1
0.916088424032409
1
1
1
1
1
1
0.998983701794447
0.975508440746611
0.894092365834596
1
1
1
0.985331473666155
1
1
0.998194707460194
1
1
0.961582328854742
0.997884173429546
1
1
1
1
1
1
1
1
1
1
0.966327449080908
1
1
1
1
0.997674192282091
1
0.934884691594319
0.949814032837119
0.993386135696256
1
1
1
0.912265542616506
1
1
1
1
1
1
1
1
1
1
1
1
1
1
1
1
1
1
1
0.999432757279232
1
1
0.996713382677467
0.95005387824469
1
1
1
1
0.986112633873833
0.997814292159392
0.997563664746864
1
1
1
1
0.994530004773002
1
1
1
1
1
0.932028068205842
1
1
1
1
1
0.993613064463299
0.984992067376526
0.994691805487108
1
1
1
0.998079533957253
0.98929610373488
0.99904792440402
1
1
1
1
0.994691805487108
0.973610633403203
1
0.98895554608361
1
0.997674192282091
1
1
0.991527028668835
1
1
1
0.98630635167209
0.997976141734893
1
0.999266746923972
1
1
0.991550294877473
1
0.82618743471641
1
1
1
1
1
1
1
1
1
1
1
1
0.973396395081561
1
1
1
1
1
1
1
1
1
1
1
1
0.973396395081561
0.994688812484116
0.969025451322819
0.989771166434742
0.864120661523518
1
1
1
1
0.639378510146253
1
1
0.991527028668835
1
0.978686745660401
1
1
1
0.991464003738765
1
1
0.997588305353069
1
0.99768877460518
1
1
1
1
1
0.98494868603878
1
1
1
1
1
1
0.975445965785851
0.931494844112001
1
1
1
1
1
1
1
0.79267705805097
1
1
0.964766444948425
1
1
1
0.997814292159392
1
1
1
0.967860068000338
1
1
1
1
1
1
0.935440113088342
1
1
1
0.998235252144313
1
1
1
0.990622448422571
1
1
1
0.998605582944563
1
0.997581661664034
1
0.984805560340405
1
1
0.930313253968169
0.997419076003985
0.97927979529961
0.995706388283205
1
1
0.995070949221755
0.945648442582378
0.991320369201134
0.984166714776318
0.985817226917476
1
0.460463040740142
1
1
1
1
1
1
0.995075817479587
1
1
1
1
1
1
1
0.973610633403203
1
1
0.979634194423575
1
1
1
1
1
0.993363985507276
1
1
1
1
0.991851076403281
1
0.994932697537838
1
0.964340369166234
1
1
1
1
1
1
1
0.984435182531395
0.973497851550138
1
1
0.981815090629549
1
1
1
0.987957180083219
1
1
1
0.850491434914834
1
1
1
0.967249170422945
0.992058428899932
1
1
1
1
1
1
0.997624284957151
1
0.964340369166234
1
0.99004473028542
1
1
1
1
0.98929610373488
1
1
0.997733399276304
0.958183236286149
0.953494042405361
0.998935420618423
1
1
1
1
0.961122161546839
1
1
1
1
1
1
1
1
1
0.975744628107497
1
1
1
1
1
0.900705514653596
0.832350012198401
1
1
1
0.99896248580557
0.968589983887246
1
1
1
1
1
1
1
0.948853746564479
1
1
1
1
1
1
0.955855316411778
0.894144170799671
1
1
1
1
1
1
0.98041239445841
0.857569054343141
0.981692830672617
1
1
1
1
1
1
1
1
1
1
1
1
1
1
1
1
1
1
1
1
1
0.968614349270769
1
0.946326693389577
1
0.996199097818004
1
1
1
0.941555277712102
1
1
1
0.993851762721644
1
1
1
1
1
1
1
0.889129710837756
1
0.997733399276304
1
1
1
0.997624284957151
1
1
0.956243955672426
1
1
1
1
0.9664943025433
0.999607993117319
0.993684428977304
1
1
0.991464003738765
1
1
1
1
1
1
1
0.953438181610725
0.936087859544013
1
1
1
1
1
1
1
1
0.99896190085897
1
1
1
1
0.994688812484116
1
1
0.99474434801623
1
0.793190265882854
1
1
1
1
1
1
1
0.730519644881628
0.950927613756978
1
1
1
0.984166714776318
1
1
1
1
0.986901062796144
1
0.854978763262861
1
1
0.99808879961485
1
1
1
0.988078292860462
1
1
1
0.895932575650831
0.975744628107497
1
0.998946184125688
1
1
1
1
1
1
1
0.893329650181648
1
1
1
0.947136187156093
0.964671009718779
1
1
1
1
0.691432852122255
0.997563664746864
1
0.967249170422945
0.997674192282091
1
0.991550294877473
1
1
0.994688812484116
1
1
1
1
1
1
0.998782833881241
1
1
0.958183236286149
1
1
1
1
0.991676296540518
1
1
1
0.981498657184553
1
1
1
0.978060636148524
1
1
1
0.994688812484116
1
1
1
1
1
0.988430762778505
1
1
0.952715465698386
1
1
1
1
1
1
1
0.999828662604196
1
0.990137640768682
1
1
1
1
0.969695118173188
1
0.99896248580557
1
1
0.91857694604044
1
1
1
0.986327115497973
1
1
1
1
1
1
0.995269706225294
0.930994871762524
1
1
1
1
0.998458175965188
0.960695939362084
1
1
1
1
1
1
1
0.975416479187757
0.994611095471175
0.673754195116303
1
1
1
1
1
0.998463864214239
1
0.991680986090857
1
0.978686745660401
1
1
1
1
1
1
1
1
1
1
1
1
0.997419076003985
0.935017823733082
1
1
1
0.979176214970277
1
1
1
1
1
1
1
1
0.99861553393533
1
1
1
0.922004992198488
0.999432757279232
0.998458175965188
1
1
1
1
1
1
1
1
1
1
1
0.989460821978615
1
1
1
1
1
1
0.998946184125688
0.989505537691792
1
1
1
1
1
0.970047689418152
1
1
1
1
0.986112633873833
0.951627234812128
1
1
0.980003916074475
0.991275433665428
1
1
1
1
0.97640474312052
0.966506158953524
1
1
1
1
1
1
1
1
1
1
0.99402394854262
1
1
1
1
1
1
1
0.999075430670848
1
1
1
1
1
1
1
0.979440586576559
1
1
0.981662650614608
1
0.99896482149846
0.994954034439859
0.99904011685964
1
0.991275433665428
1
1
0.994832954833987
1
1
1
1
1
1
1
1
1
1
1
0.966253060622998
0.991464003738765
1
1
1
1
1
1
1
1
1
1
0.951014752037439
1
1
1
1
1
1
1
1
1
1
0.979046126449579
1
1
1
1
1
1
0.996713382677467
0.988216709183849
1
1
0.994530004773002
1
1
0.979482846517638
1
1
0.999503761094675
1
1
0.990041969655418
1
0.950548916528225
1
1
1
1
1
1
1
1
1
1
1
1
0.968118247190091
0.999009565462647
1
0.994530004773002
1
1
1
1
1
1
1
1
1
1
1
1
1
1
1
1
1
1
0.994542088606038
1
1
1
1
1
1
1
1
1
1
0.984634694832613
1
1
1
1
0.915479261204448
0.987476949575757
1
0.951627234812128
1
0.997791352929766
0.981692830672617
1
0.973610633403203
1
0.997624284957151
1
1
1
1
0.979046126449579
0.990641186946763
1
1
1
1
1
1
1
1
1
1
1
1
0.972231236955865
1
1
1
1
0.997558639512589
0.998235252144313
0.991320369201134
1
1
0.983129389715319
1
1
1
1
1
0.985331473666155
1
1
1
0.994688812484116
1
0.992304325253995
1
0.996561730446552
0.995706388283205
1
1
1
1
1
1
1
0.997563664746864
1
1
1
0.840948327737731
1
0.964340369166234
0.992995684294134
1
1
1
1
1
1
1
1
1
1
0.998983701794447
1
1
1
1
1
0.978873689947908
1
1
1
1
1
1
1
0.935165017040651
1
0.997588305353069
0.991902145623677
1
1
0.919591902539643
0.880117117215874
0.97053031033171
1
1
1
1
1
1
1
1
1
1
1
1
1
0.913986500227562
1
0.984435182531395
0.621328510975645
1
1
1
1
0.975508440746611
0.971203547176987
1
0.992304325253995
1
1
0.942224416108219
0.970047689418152
1
1
0.841463635193446
1
1
1
1
0.979992654153422
1
1
1
1
0.93337429384125
0.965283437176474
0.991527028668835
1
0.978686745660401
0.995963838914496
0.937038965748191
0.980535042081121
1
1
0.887603926868807
0.937685755345432
0.995269706225294
1
1
1
1
1
1
0.999331481772383
1
1
1
0.94665422989253
1
0.980198776041368
1
1
1
1
0.997814292159392
1
1
1
1
1
1
1
1
1
1
1
0.963851379315435
1
1
1
1
1
1
1
1
1
0.80707672605337
0.993946508431899
1
1
1
1
1
1
0.975756371930877
0.864662506045739
1
1
0.994542088606038
1
1
1
1
1
0.792531816837609
0.900174141006152
1
0.914503783473297
1
0.892876077072592
0.744910061582671
0.949814032837119
0.991320369201134
1
1
0.748007631843772
0.966353120829668
1
0.99896190085897
1
0.75630075857275
0.845598897711579
1
1
1
0.992995684294134
0.999331481772383
1
1
1
1
1
0.994553320422736
0.823770434657005
1
1
1
0.898928066709157
1
0.74836919310329
0.609257293215561
0.670613373161746
0.775381973963911
1
1
0.763037746735126
1
1
1
0.994905213623778
1
1
1
1
0.99896190085897
0.997558639512589
0.99861553393533
0.989460821978615
1
1
1
1
1
1
0.992289023760342
1
0.98895554608361
1
1
1
1
1
1
0.991427472371898
0.984350491388884
1
0.94665422989253
1
1
1
1
1
0.86292298670944
1
0.995475277501489
1
1
1
0.9882127363959
1
1
1
1
1
1
0.997791352929766
1
1
0.998782833881241
1
1
1
1
0.993851762721644
1
0.991676296540518
0.952102508520923
0.95959159573296
0.995475277501489
1
0.999394960465502
1
1
1
1
1
1
1
0.991172055906338
1
1
1
1
1
1
1
1
1
1
0.775042665320301
1
1
1
1
1
1
0.989765424885437
0.991752479367331
1
1
1
1
1
0.978060636148524
1
1
1
1
1
0.906200378379071
0.628077009489006
1
1
1
0.991427472371898
0.990533408070038
1
1
1
1
0.774243481294026
1
1
0.973610633403203
1
1
1
1
1
1
1
1
0.93337429384125
0.948665505822893
1
1
1
1
1
1
1
1
1
1
1
1
1
1
0.945648442582378
1
1
0.991902145623677
1
1
1
0.9360899608858
1
0.989297064231965
0.994593545118205
1
1
0.979690066359845
1
1
1
1
1
1
1
1
1
1
0.993851762721644
1
0.961829105117548
1
1
0.985382120625773
1
0.930174300246822
0.778257291542556
1
1
1
1
1
1
1
1
1
1
1
0.772857042992588
0.994905213623778
1
1
1
1
1
0.98929610373488
0.983822366821248
1
1
0.999376459185732
0.984166714776318
1
1
0.992995684294134
1
1
1
1
1
1
0.894150224151463
0.992289023760342
1
0.988078292860462
1
1
1
1
1
1
1
1
0.973255261820131
1
1
1
1
1
1
1
1
1
1
1
1
1
1
1
0.979482846517638
1
1
0.973877041926444
1
1
1
1
1
1
0.978686745660401
1
1
1
1
1
1
0.997976141734893
1
1
1
1
1
1
1
1
1
1
0.929062474135238
0.998079533957253
0.988216709183849
1
1
1
1
1
1
0.994832954833987
1
1
1
1
1
1
1
1
1
1
1
1
1
1
0.939215204491437
1
0.865598012014459
1
1
1
0.935440113088342
1
1
1
0.994553320422736
0.999432757279232
1
1
1
0.999587963183374
0.99383072171783
0.997791352929766
0.998839109931634
0.984166714776318
0.991550294877473
1
1
1
1
0.88895792862003
1
0.997278582904566
1
0.819920073373705
0.922575932534838
1
1
1
1
1
1
1
0.691432852122255
0.955066845756151
1
1
1
1
1
1
0.99896190085897
1
1
1
0.981743096696388
1
1
1
1
1
0.984166714776318
1
1
0.997588305353069
1
1
1
1
1
1
1
1
1
1
1
0.659156025684858
1
1
1
1
1
1
1
0.933407422566246
1
1
0.994593545118205
1
1
1
1
0.997563664746864
1
0.97801585188869
1
1
0.992504998200809
1
1
1
1
1
1
1
0.923745668197578
0.992908601946348
0.997733399276304
1
0.981692830672617
0.657620790932054
0.970808008251278
1
1
1
0.995922118576796
1
1
1
1
1
1
1
1
1
1
1
0.994530004773002
1
1
1
1
1
1
1
1
1
0.971516841353801
1
1
1
0.997563664746864
1
1
0.970047689418152
1
1
1
1
1
0.995075817479587
1
1
1
1
1
0.998935420618423
1
1
1
1
0.821765061884953
1
1
1
1
0.986327115497973
1
1
1
1
1
1
1
1
1
1
1
1
1
1
1
1
1
1
1
0.944501657130477
0.991529565833097
1
1
1
0.97640474312052
1
1
1
1
1
0.98676814642736
1
1
0.997278582904566
0.997581661664034
1
1
0.991433749134995
0.992119500433745
1
0.978770513024918
1
1
0.938740293214391
1
1
1
0.997993461862581
1
1
1
1
1
1
0.992303365472379
0.800982820460545
1
1
1
1
1
1
1
1
1
0.997976141734893
1
0.989483996630858
1
1
1
1
0.995747350759634
0.984350491388884
1
1
0.995269706225294
1
1
1
0.994608394383412
1
1
1
1
1
0.964246949688551
1
0.992995684294134
1
1
1
1
1
0.997625624042241
1
1
1
1
0.966253060622998
1
0.994542088606038
1
0.973255261820131
0.991719143175055
1
1
1
1
1
1
0.997581661664034
1
1
1
1
0.966644225024767
1
1
0.980910379765392
1
1
0.991275121000158
1
1
0.991275433665428
0.999115608022079
1
1
1
1
1
0.971847256030465
1
1
0.991752479367331
0.994542088606038
0.986024342571342
1
0.963703366601506
0.783809166966398
1
1
1
1
0.995922118576796
0.981662650614608
1
0.99896190085897
1
1
0.958183236286149
0.790900818031252
0.997461080361785
1
0.91365692252586
1
1
1
1
1
1
1
1
1
1
1
1
1
0.999821745149871
1
0.986112633873833
1
1
1
0.994120368486787
1
1
1
1
0.991427472371898
0.967651469808669
0.815383507143074
1
1
1
1
1
1
1
1
1
1
1
1
1
1
1
1
1
1
0.997625624042241
1
1
0.971516841353801
1
0.865598012014459
1
0.873521257735675
0.999376459185732
1
1
1
1
1
1
1
0.947360696582338
0.888057500890058
0.993252140730212
0.991275121000158
1
0.8530758250884
1
1
1
0.981498657184553
0.997558639512589
1
1
0.920092830044572
1
1
1
0.993386135696256
1
0.994800361380915
1
1
1
0.948990846976001
1
1
1
1
1
1
1
1
1
1
1
1
1
1
0.8985360263514
1
0.982668171835021
1
1
1
0.997553233071763
1
1
1
1
1
1
1
1
0.990915886635775
0.97428054190734
1
1
1
1
1
1
1
1
0.964596854976014
1
1
0.972231236955865
1
1
0.919591902539643
1
0.999165258489023
0.955855316411778
1
1
1
1
1
0.99383072171783
1
0.992303365472379
0.986327115497973
0.912218135490778
1
1
1
0.975445965785851
0.979634194423575
1
1
1
1
0.998127056626996
1
0.968589983887246
1
0.989460821978615
1
1
0.989689758090322
1
1
1
1
0.967230743134087
1
1
1
1
0.988430762778505
0.877158165479888
1
0.991427472371898
1
1
1
1
1
1
1
1
1
0.986024342571342
1
1
1
1
1
1
0.992289023760342
0.998943282023165
0.992213975675232
1
1
0.914503783473297
1
0.960695939362084
1
1
0.988424242666563
0.995148369388365
0.907916669741512
1
1
1
1
1
1
1
1
1
1
0.999082972592778
1
1
1
0.98997943147458
1
1
1
1
1
0.947748041866803
0.98479156286835
1
1
1
1
1
0.999296238415065
1
1
1
1
1
1
1
0.994608394383412
1
1
1
1
0.949814032837119
1
0.989582686419015
0.991275121000158
1
1
1
1
1
1
0.84904977599909
1
0.979690066359845
1
0.91857694604044
1
1
1
0.983415589629459
1
0.994530004773002
1
1
1
1
1
0.99896190085897
0.97053031033171
1
1
0.984393440147279
1
1
0.992586485856747
0.985702421404812
1
0.984350491388884
1
1
0.989505537691792
1
0.996199097818004
1
1
1
1
1
1
0.948665505822893
0.998943282023165
1
1
0.960695939362084
1
1
1
1
1
0.902023639851525
1
1
1
0.999547585252743
1
1
1
1
1
0.847086063322586
1
0.994932697537838
0.86781720438054
0.984435182531395
1
0.815010843668907
1
0.966210736451764
1
0.991527028668835
1
1
1
1
1
0.833867387227331
1
1
1
1
1
0.999296238415065
1
1
0.991752479367331
1
1
1
1
0.995075817479587
1
1
1
1
1
1
0.983129389715319
1
1
1
1
1
1
1
1
1
1
1
1
1
0.932617293999691
1
1
0.991433749134995
1
1
1
1
1
1
1
1
1
1
0.971516841353801
1
1
0.929635608079833
0.988659207133247
1
0.949733647330413
0.981498657184553
1
1
1
1
0.958750305668904
1
1
0.938503747306055
0.955855316411778
1
1
0.95106638578485
1
1
1
1
0.888840503503531
1
1
1
1
0.751371230395995
1
1
1
0.960695939362084
1
1
1
1
1
0.991851076403281
1
1
1
1
1
1
1
1
1
1
1
1
0.98676814642736
1
0.997558639512589
1
0.694451231781448
1
1
0.991527028668835
1
1
0.988216709183849
1
1
1
1
1
1
1
1
1
0.964340369166234
1
1
1
1
0.998463864214239
0.990915886635775
0.991902145623677
1
1
1
1
1
0.975756371930877
1
1
1
0.99103695603904
1
1
1
1
1
0.996291368468249
1
1
1
1
0.984393440147279
1
0.948268493601062
1
0.988738253823013
1
0.966327449080908
1
1
0.991680986090857
1
1
0.989460821978615
0.993037806684904
1
1
1
0.994688812484116
1
1
0.948268493601062
1
1
1
1
1
1
0.973017894011799
1
0.981815090629549
0.98676814642736
1
1
1
0.980741070540339
1
1
1
1
1
1
1
1
1
1
1
1
1
1
0.981593358178985
1
1
1
0.965302683512497
1
1
1
0.995963838914496
1
1
0.981985518159787
1
1
1
1
1
1
0.98041239445841
0.991902145623677
0.993037806684904
1
1
0.98041239445841
1
1
1
1
1
1
1
1
1
1
1
1
0.999296238415065
0.984731045552914
1
1
1
0.989657479479213
1
1
1
1
1
1
0.953438181610725
0.992303365472379
0.993386135696256
1
0.945648442582378
1
1
0.992213975675232
0.687616529596751
1
1
1
0.767588922241434
1
1
1
1
1
1
0.877047650507201
0.930074341165615
1
0.871986714703847
1
1
1
0.948853746564479
1
1
1
1
1
1
1
1
1
1
1
1
1
1
0.984350491388884
1
1
1
1
1
0.932211898452588
1
0.997064277688738
1
1
1
0.997419076003985
0.998079533957253
1
1
1
1
1
1
1
0.999009565462647
0.988314598795017
0.993851762721644
1
1
0.998700617073447
1
1
1
1
1
1
1
0.976165647217602
1
1
1
0.994593545118205
1
1
1
0.857702067546508
1
1
1
1
0.999165258489023
1
1
1
1
1
1
1
1
1
1
1
1
1
1
1
1
1
1
1
1
1
1
1
1
0.997563664746864
1
0.967917555934731
1
1
1
1
1
1
0.989297064231965
1
1
1
1
1
1
1
0.997993461862581
0.686103975173279
1
1
1
1
1
1
1
1
0.944501657130477
1
0.996380330475758
0.997563664746864
1
1
0.997993461862581
1
1
1
1
1
1
1
1
1
1
1
1
1
1
1
1
1
0.994542088606038
1
1
1
1
0.988104616165796
0.991752479367331
1
0.988249057062244
1
1
1
1
1
0.980003916074475
1
1
1
1
0.991275121000158
1
1
1
1
0.994691805487108
0.930811046415903
1
0.999467375379268
1
0.97796767249425
1
1
0.994608394383412
1
0.991719143175055
1
1
1
1
1
1
1
1
1
1
1
1
1
1
0.94521168904781
1
0.992289023760342
1
0.949814032837119
1
1
0.864120661523518
1
0.939215204491437
1
1
1
0.842513230624671
1
1
0.973942875415618
1
0.999160777202716
1
1
1
0.99103695603904
1
1
0.930074341165615
1
1
1
1
0.844608683885012
1
1
0.994542088606038
1
1
1
1
1
0.999503761094675
1
1
1
1
0.957988886488711
0.979574410474873
0.98997943147458
1
1
1
1
1
1
0.997685442186784
1
1
1
0.977355092557959
1
0.998935420618423
1
1
0.966000984120649
0.770034513026562
1
0.983129389715319
1
0.994387287910651
0.991464003738765
1
0.968589983887246
0.852891495513382
1
1
0.948990846976001
1
1
1
1
0.98041239445841
1
0.9882127363959
1
1
0.998933225504678
1
1
1
1
0.928465186980389
0.947127170894125
0.795974464637147
0.937215929749999
1
0.945648442582378
1
1
0.973556302957486
0.999296238415065
1
1
1
1
1
0.909080456674552
1
1
1
1
1
1
1
0.966210736451764
1
1
1
1
1
0.991320369201134
1
1
0.959178960413292
0.933829250750141
1
1
1
1
0.988249057062244
1
0.937619614555825
0.943080300927766
1
1
0.967185273918033
1
1
1
0.847975112370022
1
1
0.997625624042241
0.957988886488711
1
1
1
1
1
0.914503783473297
0.999376459185732
1
0.99896248580557
0.891837502436153
1
0.900705514653596
1
0.98676814642736
1
1
1
1
1
1
1
1
1
0.992995684294134
1
1
1
1
1
1
1
1
0.986098801512572
1
1
0.970047689418152
1
0.999432757279232
1
1
1
1
0.921461008999161
1
0.999376459185732
1
1
0.994608394383412
1
1
0.977396362162509
1
1
0.989611167811163
1
1
1
1
1
1
1
1
1
0.730519644881628
0.865598012014459
0.994387287910651
1
1
1
1
1
1
1
0.992304325253995
0.968732436343961
1
1
1
1
1
1
1
1
0.995070949221755
1
0.979992654153422
1
1
1
1
1
1
1
1
1
1
1
1
0.980741070540339
0.930074341165615
0.991427472371898
1
1
0.994691805487108
0.997558639512589
1
1
1
0.984626037897829
1
1
0.988659207133247
1
1
1
0.968118247190091
1
1
1
1
0.999692889074731
1
0.958685717322092
0.979440586576559
1
1
0.99896248580557
1
1
1
1
1
1
1
1
1
1
0.970047689418152
1
1
0.980535042081121
1
1
1
1
0.930811046415903
0.503088717629129
1
0.730519644881628
1
0.959844016474467
0.994688812484116
0.973396395081561
1
1
1
1
1
0.978071551315518
1
0.98041239445841
0.887344419147604
1
0.968614349270769
0.712354322840561
0.966000984120649
1
1
0.998042904251006
1
1
1
1
1
1
1
1
1
1
1
1
1
1
1
1
1
0.995475277501489
0.991719143175055
1
0.99383072171783
0.997624284957151
1
1
1
0.992289023760342
1
1
0.98494868603878
1
1
1
1
1
1
1
0.999858426782311
1
1
1
1
1
1
1
1
1
1
1
1
0.999009565462647
1
0.973396395081561
0.997993461862581
1
1
1
1
1
0.992908601946348
1
1
1
1
1
0.992586485856747
1
1
1
1
1
0.99768877460518
1
1
1
1
0.981662650614608
1
1
1
1
0.989297064231965
1
1
0.966852881774329
1
1
1
1
0.961122161546839
1
1
1
1
1
0.964766444948425
1
1
1
1
1
1
1
1
1
1
0.999587963183374
1
1
1
1
0.988659207133247
1
1
1
1
1
1
1
1
0.894092365834596
1
1
1
1
0.982305120045299
0.95106638578485
1
0.822454005606002
1
0.995922118576796
1
1
1
1
1
1
1
0.890245941400637
1
1
1
1
1
1
1
0.9503405415061
1
1
0.991550294877473
0.951627234812128
1
0.988078292860462
1
1
1
1
1
1
1
1
1
0.99896248580557
1
1
1
1
1
1
0.88895792862003
1
1
0.997868331096536
0.98041239445841
0.992289023760342
1
0.979630677023872
0.994905213623778
0.996199097818004
1
1
0.995089018564499
1
1
1
1
1
1
1
1
1
1
1
1
1
1
1
1
1
1
1
1
0.999165258489023
1
1
1
1
1
1
0.997733399276304
1
1
1
1
1
1
0.974266062954127
0.96327013206105
0.988129083498878
1
1
1
1
1
0.991752479367331
1
1
1
1
1
0.911309461707161
1
1
1
1
1
1
1
1
0.955467854960827
1
1
0.994608394383412
1
1
0.93722934180935
1
1
1
0.997868331096536
0.97801585188869
1
1
1
1
1
1
0.954262282044668
0.910749769056477
1
1
1
1
1
1
1
1
0.998079533957253
1
1
1
1
1
1
1
1
1
0.910119480175949
0.999009565462647
0.707813328073118
1
0.999502391480877
0.997624284957151
0.999432757279232
1
1
1
1
0.998194707460194
1
1
1
1
1
0.992304325253995
1
1
1
0.981692830672617
0.991902145623677
1
1
1
0.933778838595217
1
1
1
1
1
1
1
1
1
1
0.998127056626996
1
1
1
1
0.997581661664034
1
1
1
1
0.997814292159392
1
1
1
1
1
1
1
1
1
0.943080300927766
1
1
1
0.99861553393533
1
1
1
1
1
1
1
1
1
1
1
0.988775449248653
1
1
1
1
1
1
1
1
1
1
1
1
0.945648442582378
0.98676814642736
1
1
1
1
1
1
1
0.996199097818004
0.978686745660401
1
1
1
1
1
1
0.988430762778505
1
1
1
0.993252140730212
1
1
1
1
1
0.991676296540518
0.989297064231965
1
1
1
1
1
0.993946508431899
1
1
1
1
1
1
0.991446405523058
1
0.990622448422571
0.977355092557959
1
1
1
1
1
1
1
1
0.964246949688551
1
1
1
0.997558639512589
0.995922118576796
1
1
1
1
1
0.975744628107497
1
1
1
0.979690066359845
0.995822159012105
1
1
0.948378798885948
0.997791352929766
0.928465186980389
1
1
0.997624284957151
1
1
1
1
1
1
1
1
1
0.988249057062244
0.967917555934731
1
1
1
1
0.949814032837119
1
1
1
1
1
1
1
1
0.911309461707161
1
1
1
0.920839964099939
1
0.979440586576559
0.990233370863593
1
0.999009565462647
1
1
1
0.910710327951664
1
0.997304039872834
0.94665422989253
0.991433749134995
0.938740293214391
1
1
1
1
1
1
0.625526428232453
1
0.989582686419015
1
1
1
1
1
1
0.97428054190734
1
1
1
1
1
1
1
1
1
0.980198776041368
1
0.974805709352185
0.994067260617882
0.991320369201134
1
1
1
0.997733399276304
0.960617307969081
0.985382120625773
0.999162347904588
1
0.920884088667512
0.936087859544013
1
1
1
1
1
0.994905213623778
0.990533408070038
1
0.94665422989253
1
1
1
1
1
0.909678668969156
0.998943282023165
1
1
1
1
1
0.951505092629144
1
1
1
1
1
1
1
1
1
1
1
1
1
1
1
1
1
1
1
0.867887005685355
1
1
1
1
1
1
1
1
1
0.997733399276304
1
0.994932697537838
1
1
0.980910379765392
0.948268493601062
1
0.986112633873833
0.967651469808669
0.977076676850091
0.88729388775096
1
0.998700617073447
1
1
0.999160777202716
0.997553233071763
1
1
1
0.946565300840331
1
1
1
0.979992654153422
1
1
1
1
0.984634694832613
1
1
1
0.991550294877473
0.932261718436453
1
0.869512569651248
0.975508440746611
1
1
1
0.993386135696256
0.99904011685964
1
1
0.961122161546839
1
0.996713382677467
1
0.97351442496207
1
0.930125248354862
0.96327013206105
1
1
1
1
1
0.948694331567819
1
1
0.993386135696256
1
1
1
0.995269706225294
1
1
0.972493223762729
0.975508440746611
1
1
1
1
0.975744628107497
1
1
1
1
0.991719143175055
1
0.975445965785851
1
1
1
0.782092239166089
1
1
1
0.876073455451945
1
1
1
1
0.997884173429546
1
1
1
1
0.722270841032924
0.980198776041368
1
1
1
1
0.992058428899932
1
1
0.865943586712088
1
1
1
0.9908803127605
1
1
1
1
0.915479261204448
0.995075817479587
1
1
1
1
1
1
1
0.640042409645458
1
1
1
1
1
1
1
1
1
1
0.99904011685964
0.91857694604044
1
1
1
0.995819794544666
1
1
1
1
1
1
0.995916633536457
1
1
1
1
0.999115608022079
1
1
1
0.975917756101792
1
1
1
1
1
1
1
0.99861553393533
1
1
1
1
1
1
0.997558639512589
1
1
0.99383072171783
1
1
1
0.980741070540339
1
1
1
1
0.97822103807893
1
1
1
1
0.93337429384125
1
1
1
0.997625624042241
1
0.953438181610725
1
0.999115608022079
1
1
1
1
1
0.999761758019328
1
1
0.998235252144313
1
0.980741070540339
1
0.99383072171783
1
0.98676814642736
1
0.988667248932254
0.873521257735675
1
1
1
1
1
1
0.911309461707161
1
1
1
1
1
1
1
1
1
1
1
1
1
1
1
1
1
1
1
0.933096700930167
1
1
1
1
0.997625624042241
1
0.999809865122247
0.935914740377472
1
1
1
1
1
1
0.968589983887246
1
0.984805560340405
1
0.991902145623677
1
1
1
1
1
1
1
1
1
0.997803336203553
0.909705919194444
1
1
1
1
1
1
1
1
0.933407422566246
1
1
0.975508440746611
0.970159182998654
1
1
1
0.909896856352628
1
1
0.98630635167209
1
1
1
1
1
1
0.978873689947908
1
0.995269706225294
0.999165258489023
1
0.973650917856947
0.850491434914834
0.969695118173188
1
1
1
1
0.998194707460194
0.980775514138513
1
1
1
1
1
0.581146572034843
1
0.97860102626132
1
1
1
1
0.967959759491121
0.992995684294134
0.958542525437966
0.998079533957253
0.920839964099939
0.988659207133247
1
1
1
1
1
0.987476949575757
1
1
1
1
0.973255261820131
1
1
1
1
1
1
1
1
1
1
1
1
1
0.999347398946508
1
0.998839109931634
1
1
1
0.998933225504678
1
1
0.785839688955441
1
1
1
1
1
0.978686745660401
1
1
1
1
1
1
1
1
1
1
0.996439092378148
1
1
1
1
0.994530004773002
0.539242212859297
1
1
0.975744628107497
0.994553320422736
1
1
1
1
1
1
1
0.973396395081561
1
1
1
1
1
1
0.994593545118205
0.980003916074475
0.998930863876237
1
1
1
1
1
1
1
1
1
1
1
1
1
0.99972743630058
1
1
0.98997943147458
1
1
1
1
1
1
1
1
1
1
1
1
1
1
1
0.986024342571342
1
1
0.998458175965188
1
1
1
1
0.945453895525661
1
0.948694331567819
0.916088424032409
1
1
0.994611095471175
1
1
1
1
0.998930863876237
1
1
1
0.991320369201134
0.862519739077254
1
1
1
1
0.85037682629042
0.686881119353373
0.99103695603904
1
1
1
1
0.930174300246822
1
0.994932697537838
1
0.910710327951664
0.964262737988442
1
1
1
1
1
0.920839964099939
1
1
1
1
1
1
1
1
1
1
1
0.994067260617882
1
1
1
1
0.991427472371898
1
1
1
1
1
1
1
1
0.991529565833097
0.989657479479213
1
1
1
1
1
0.999467375379268
1
1
1
1
0.96327013206105
1
1
0.98630635167209
0.952715465698386
1
1
0.994530004773002
0.98290938349191
1
1
1
1
1
1
1
1
1
1
1
1
1
1
0.998626013761733
1
1
1
1
0.997581661664034
1
0.996561730446552
1
1
0.996199097818004
0.966506158953524
1
1
1
1
1
1
1
1
1
1
1
1
0.998782833881241
1
1
1
0.983699614255595
0.966210736451764
0.981662650614608
1
0.999547585252743
1
0.989765424885437
1
1
0.999376459185732
1
0.977076676850091
1
1
1
1
1
0.990233370863593
1
0.979440586576559
1
1
1
0.98929610373488
1
1
0.993037806684904
1
1
1
1
1
1
1
1
1
1
1
0.992908601946348
0.990233370863593
1
1
1
0.967669053318384
0.998946184125688
1
1
1
1
1
1
1
1
0.990923778479909
1
1
0.98997943147458
0.980003916074475
1
1
1
1
0.997624284957151
1
1
1
1
1
1
1
0.98504296253068
1
1
1
1
1
1
1
1
0.936636472526845
1
1
1
1
0.947914956697715
0.927612703206878
1
0.930074341165615
1
0.891837502436153
1
1
1
0.964262737988442
1
1
0.992303365472379
1
1
1
1
0.948378798885948
1
1
0.980910379765392
1
0.97640474312052
1
1
1
1
0.892876077072592
1
1
0.991680986090857
0.995075817479587
0.875621194189471
1
0.972231236955865
1
1
1
1
1
0.995089018564499
0.999692889074731
1
1
1
0.974266062954127
1
0.971847256030465
1
1
1
1
1
1
0.891869612090325
1
0.895466925521717
0.996291368468249
1
1
1
0.996960109822918
1
1
1
1
0.822658429148524
0.991527028668835
1
1
1
1
1
1
1
1
1
1
0.988430762778505
1
1
0.88895792862003
1
0.991902145623677
0.991433749134995
1
1
1
1
1
1
1
1
1
1
1
0.991529565833097
0.997884173429546
1
1
1
1
1
1
0.995148369388365
0.991320369201134
0.999347398946508
1
1
1
1
0.9503405415061
1
1
1
1
1
1
1
1
0.910945200771779
1
1
1
1
1
0.984201664369191
1
0.959844208185998
1
1
0.985817226917476
1
1
0.995075817479587
1
0.900394117102423
1
1
1
1
1
0.997993461862581
1
1
0.975508440746611
1
1
0.994593545118205
1
1
1
1
1
1
0.966210736451764
1
1
1
1
0.991752479367331
1
0.966852881774329
0.979176214970277
1
1
1
1
0.877158165479888
1
1
1
1
1
1
1
1
0.995075817479587
1
1
0.988428338573122
1
1
1
1
0.781320911564214
1
1
1
1
1
1
0.997884173429546
1
1
1
1
0.994120368486787
1
1
1
1
1
1
0.994530004773002
1
1
1
0.999607993117319
1
0.955066845756151
0.978612966478132
1
1
1
1
1
0.996960109822918
0.994120368486787
1
1
1
1
1
0.974266062954127
1
1
1
0.919591902539643
1
1
1
1
1
1
1
1
1
1
1
0.995148369388365
0.958685717322092
1
1
1
1
1
1
0.996561730446552
1
1
1
0.94178401789226
1
1
0.98494868603878
1
1
1
1
1
1
1
0.980741070540339
0.991851076403281
1
1
1
1
1
1
1
0.994387287910651
1
1
1
1
1
1
1
1
1
0.99904792440402
0.988078292860462
0.988249057062244
1
1
1
0.986112633873833
1
1
1
1
1
1
1
1
0.981743096696388
1
1
0.795166727339348
1
1
1
1
1
1
0.994932697537838
1
1
1
1
1
1
1
1
1
1
1
0.769116046127339
1
1
1
0.997588305353069
1
1
1
1
0.984992067376526
1
1
1
0.986112633873833
0.980741070540339
1
1
1
0.984201664369191
0.981743096696388
1
0.997581661664034
1
1
0.952715465698386
1
0.992058428899932
1
1
1
1
1
0.95106638578485
1
1
1
1
1
1
0.991433749134995
1
1
0.999160777202716
1
1
1
1
1
1
1
1
1
1
1
0.887389422106768
1
0.97860102626132
0.992504998200809
1
1
1
1
1
1
0.994688812484116
1
0.973255261820131
1
1
0.991427472371898
1
1
0.901209304916009
1
1
1
1
1
1
1
1
1
1
1
0.834973612457888
1
1
1
1
1
0.990137640768682
0.990533408070038
1
1
0.909528438272369
1
1
0.999607993117319
1
1
1
1
1
0.984393440147279
1
0.991680986090857
1
1
1
1
1
1
1
1
1
1
1
1
1
0.99904011685964
1
1
1
1
1
0.978873689947908
0.988667248932254
1
1
0.900394117102423
1
1
0.94976130317862
1
1
1
1
1
0.997563664746864
1
1
1
1
0.987045145261467
1
0.99182260580892
1
0.984626037897829
1
1
1
1
1
1
1
1
1
0.945453895525661
0.888840503503531
1
1
1
1
1
0.990641186946763
1
0.592616510724353
1
1
0.98504296253068
1
1
1
1
1
0.991427472371898
0.931256883796135
0.997581661664034
0.998930863876237
1
1
1
1
1
0.644133498053262
1
1
1
1
1
0.997624284957151
0.951989609891822
1
0.995922118576796
0.984350491388884
0.997674192282091
1
1
0.981692830672617
1
0.988216709183849
1
1
1
0.997733399276304
1
1
1
1
1
1
0.990533408070038
1
1
1
1
0.984350491388884
0.995269706225294
0.999162347904588
0.998079533957253
1
1
0.991902145623677
1
0.862235919681104
1
1
1
1
1
1
1
1
0.988775449248653
1
1
1
0.888840503503531
0.994530004773002
1
1
1
1
0.99768877460518
1
1
1
0.966644225024767
1
1
1
0.997558639512589
1
1
1
1
1
1
1
1
1
1
1
0.994120368486787
0.971516841353801
0.905917469270136
1
1
1
1
0.991527028668835
0.958685717322092
1
1
1
0.985863626784353
1
1
1
1
1
0.991275121000158
1
1
1
0.98504296253068
1
0.989657479479213
1
1
0.980741070540339
1
1
1
1
1
0.706498323288176
0.864120661523518
0.999327951570756
1
1
1
1
1
0.979574410474873
1
1
1
1
1
0.975416479187757
0.99899007182124
1
0.975756371930877
1
1
1
1
0.997553233071763
1
1
1
1
1
1
1
1
0.999587963183374
1
1
1
1
1
1
1
1
1
0.990233370863593
1
1
1
0.997553233071763
0.91365692252586
1
1
1
1
1
1
1
1
0.99904011685964
0.975744628107497
1
0.996960109822918
1
0.999468062134469
0.948378798885948
1
1
1
0.93337429384125
1
1
0.990233370863593
0.962500237762095
0.970047689418152
1
1
1
1
0.998983701794447
1
0.991676296540518
1
1
1
0.513364314431109
1
0.948268493601062
1
1
1
1
1
1
1
1
1
0.995706388283205
1
1
1
1
0.993386135696256
0.994191751461279
0.932261718436453
0.964412531804503
0.998946184125688
0.952102508520923
1
1
0.910710327951664
1
1
1
1
1
0.999467375379268
0.988424242666563
0.933829193906875
1
1
0.961833444971568
0.788926752412385
0.957590181384188
1
0.973396395081561
1
1
1
0.960617307969081
0.999160777202716
0.891837502436153
0.991464003738765
0.991320369201134
0.991320369201134
0.998935420618423
0.994850943763049
1
0.974963395285239
1
1
1
1
1
1
1
1
1
1
1
1
0.97828025776972
1
1
0.999331481772383
1
0.998839109931634
0.968118247190091
0.999761758019328
1
0.991275433665428
1
1
0.887344419147604
1
1
1
1
0.989577580486229
0.957988886488711
1
1
1
0.964412531804503
1
1
1
1
1
0.874668019875755
1
0.815010843668907
1
1
1
0.970411720825994
1
1
0.920258979279685
1
0.993851762721644
1
1
1
1
1
1
1
1
1
1
1
1
0.952715465698386
1
1
0.961122161546839
1
1
1
1
1
1
1
1
1
0.989582686419015
1
0.997553233071763
1
1
1
1
1
1
1
1
0.988333945359903
1
0.997733399276304
0.990641186946763
1
1
0.952715465698386
1
1
1
0.981593358178985
1
1
1
1
0.999331481772383
1
0.938740293214391
1
1
1
0.999331481772383
1
1
1
0.97053031033171
1
0.971516841353801
0.994553320422736
0.949814032837119
1
1
1
0.993613064463299
1
1
0.998235252144313
1
1
1
1
1
0.999587963183374
0.984393440147279
1
1
0.928465186980389
0.944679664282504
0.995070949221755
0.997993461862581
1
1
0.994691805487108
1
0.994387287910651
0.993613064463299
1
1
1
0.981498657184553
1
0.994530004773002
1
1
1
1
1
0.97053031033171
1
1
1
1
1
1
1
1
1
0.968589983887246
1
0.964824225078429
0.990233370863593
1
1
1
1
1
1
1
1
1
0.971991232601078
1
1
0.997563664746864
1
1
0.999432757279232
1
1
1
0.781320911564214
1
1
1
1
1
1
0.935914740377472
1
1
1
0.943080300927766
1
1
0.988738253823013
1
1
1
1
1
1
1
1
1
1
1
1
1
0.982952420282445
1
1
1
1
0.999211094751483
1
0.984731045552914
1
1
0.97351442496207
0.991527028668835
1
1
0.877158165479888
1
1
0.984350491388884
0.99904011685964
1
1
1
1
0.988216709183849
0.994593545118205
1
1
1
1
1
0.988424242666563
1
1
0.790900818031252
0.930074341165615
1
1
1
1
1
1
1
1
1
1
0.990915886635775
1
1
1
1
1
1
0.998322087472253
0.997563664746864
1
1
0.877904123603657
1
1
1
1
0.981692830672617
1
1
1
1
1
1
1
1
0.966210736451764
1
0.957026199131841
1
1
1
1
0.977355092557959
0.978686745660401
0.990533408070038
1
1
1
1
0.994800361380915
1
1
1
1
1
1
0.966852881774329
0.996199097818004
1
1
1
1
1
1
0.955855316411778
1
0.994553320422736
1
0.948268493601062
0.999394960465502
1
0.730519644881628
1
1
1
1
1
1
1
1
1
0.991446405523058
1
1
1
0.997624284957151
1
1
0.99317262437425
0.991527028668835
1
1
0.991202147564557
1
1
1
1
1
1
1
1
1
0.999600320508684
1
1
1
1
0.991902145623677
1
1
1
1
1
1
1
1
1
1
1
1
1
1
1
1
1
0.900705514653596
0.979992654153422
1
0.969025451322819
1
0.98895554608361
1
1
1
0.986901062796144
1
0.995475277501489
1
1
1
0.997588305353069
1
1
1
1
1
1
1
0.991527028668835
1
1
1
1
1
1
0.979176214970277
0.788926752412385
1
1
1
1
1
0.999502391480877
0.947136187156093
1
1
1
1
1
1
1
0.999309718634486
1
1
1
0.994530004773002
1
1
1
1
1
1
1
1
1
0.973805210919881
1
1
1
1
0.994932697537838
1
0.973497851550138
1
0.979440586576559
1
1
0.971847256030465
0.966396593142426
1
1
0.965283437176474
1
0.806685529704813
0.997884173429546
1
1
1
1
0.975756371930877
1
0.992119500433745
1
1
1
1
1
1
1
1
1
1
0.979630677023872
1
1
1
0.991676296540518
1
1
1
0.997064277688738
0.992303365472379
1
1
1
1
1
1
1
1
1
1
0.826993963141794
0.99768877460518
1
1
0.970037211001787
1
0.999761758019328
1
1
1
0.987042790534917
1
0.973497851550138
1
1
1
0.975508440746611
0.930313253968169
1
1
1
1
1
1
1
1
1
1
1
1
1
1
1
1
1
1
1
1
0.973877041926444
1
1
1
1
1
1
1
1
0.992304325253995
1
1
1
0.966210736451764
1
1
0.932211898452588
0.993613064463299
1
0.688203754023374
1
1
0.621656988811728
1
1
1
1
1
0.826500177557912
1
1
0.992995684294134
1
0.988430762778505
1
0.988430762778505
1
1
1
1
1
1
1
1
1
1
0.98929610373488
0.986327115497973
1
0.997733399276304
0.9664943025433
1
1
1
0.999600320508684
0.990233370863593
0.948990846976001
1
1
1
1
1
0.870525144672555
1
1
1
1
1
1
1
0.998194707460194
1
1
0.998933225504678
0.975744628107497
1
1
1
1
1
1
1
1
1
1
1
1
1
1
1
0.99138318462531
1
1
1
1
1
1
1
1
1
1
1
1
1
1
1
0.982178681636941
1
1
1
1
0.999683429170978
1
1
1
1
1
1
1
1
1
1
1
1
1
1
1
1
0.944679664282504
1
1
1
1
1
0.980003916074475
0.941763654096219
1
1
0.995475277501489
0.999600320508684
1
1
1
1
0.967860068000338
1
0.997588305353069
1
1
1
1
1
1
1
1
1
1
0.996935633486892
1
1
0.997581661664034
1
0.99904792440402
1
1
1
1
1
0.949814032837119
0.971516841353801
0.964671009718779
1
1
1
0.86292298670944
1
1
1
0.970352895916554
1
1
1
1
1
1
0.97428054190734
1
1
1
1
1
1
1
1
1
1
0.968732436343961
0.990041969655418
1
0.847086063322586
1
1
1
1
1
1
1
1
1
1
1
0.8530758250884
1
1
1
1
1
0.998462171361544
1
0.971991232601078
1
0.997624284957151
1
0.997674192282091
1
1
1
1
1
1
1
1
1
0.999211094751483
1
0.984992067376526
1
0.991719143175055
0.991851076403281
0.961122161546839
1
1
1
1
0.999432757279232
0.869137046472907
1
1
1
1
1
1
1
1
1
1
1
1
1
1
0.988129083498878
1
0.997803336203553
1
0.971991232601078
1
1
1
1
1
1
0.979992654153422
1
1
1
1
1
1
0.999600320508684
0.948482450854569
1
0.973556302957486
1
1
1
0.999075430670848
1
1
1
1
1
1
1
1
1
1
1
1
1
1
1
1
1
1
1
1
1
0.979992654153422
1
1
1
1
0.996199097818004
0.909080456674552
1
1
1
1
1
1
0.947252543083524
1
1
0.979630677023872
1
1
1
1
1
0.961833444971568
1
1
1
1
1
1
1
0.911309461707161
1
1
0.991202147564557
0.995089018564499
0.982178681636941
1
0.968614349270769
1
1
1
1
1
0.999432757279232
1
1
1
0.997884173429546
1
0.944501657130477
0.999165258489023
1
1
1
1
1
1
0.996904572461895
0.955855316411778
1
1
1
0.98290938349191
1
0.887838975475473
1
1
1
1
1
1
0.991529565833097
0.995528538646877
0.995269706225294
1
1
1
0.969695118173188
1
1
1
1
0.991527028668835
1
0.98494868603878
1
1
1
0.88054654113191
1
1
1
1
0.99004473028542
1
1
0.982305120045299
1
0.991752479367331
1
1
0.974963395285239
1
1
1
1
1
1
1
1
1
1
0.931138925252373
1
1
1
1
1
1
1
1
1
1
0.995070949221755
0.99768877460518
1
1
1
1
0.97796767249425
1
1
1
1
1
1
1
1
0.959844016474467
1
1
1
1
1
1
1
1
1
1
1
1
1
1
1
1
0.98929610373488
1
1
1
0.998462171361544
1
1
1
1
1
1
0.995070949221755
1
1
0.994340736094222
1
0.996561730446552
0.997553233071763
1
0.992058428899932
0.933407422566246
0.706498323288176
1
1
1
1
1
1
1
1
1
1
0.953438181610725
1
1
0.999162347904588
0.907278159696847
1
0.89142126873857
1
1
1
1
0.991427472371898
0.888057500890058
0.999331481772383
1
1
1
1
1
1
1
1
1
1
1
1
0.982305120045299
1
1
0.997803336203553
1
1
0.88780519732525
1
1
0.819920073373705
1
1
1
0.991427472371898
0.887389422106768
1
1
1
0.909896856352628
1
1
0.971991232601078
0.900705514653596
1
1
1
1
1
0.98756970158492
1
1
1
0.995070949221755
0.994608394383412
0.997563664746864
1
1
1
0.984234149819603
1
1
1
1
1
0.99182260580892
0.992304325253995
1
0.998700617073447
1
1
1
1
1
1
1
1
1
1
1
1
1
1
1
1
1
0.998946184125688
0.809574409342823
1
1
1
1
1
1
1
1
1
1
1
1
0.878006956113635
0.888057500890058
0.9882127363959
0.999692889074731
1
1
0.971991232601078
1
1
1
1
1
0.910440673910711
1
1
1
1
1
1
1
1
1
1
1
1
1
0.967651469808669
0.992995684294134
1
1
1
1
1
1
1
0.809574409342823
1
1
0.98041239445841
1
1
0.919591902539643
1
1
1
0.999980799022271
1
1
1
1
0.769116046127339
1
1
1
1
1
1
1
0.999376459185732
1
1
1
1
1
1
1
1
1
1
1
1
1
1
1
1
0.965283437176474
1
1
0.997733399276304
1
0.99861553393533
1
1
1
0.933096700930167
1
0.9503405415061
1
1
1
1
1
1
1
0.8530758250884
0.98630635167209
1
1
0.993252140730212
1
1
1
1
1
1
1
1
1
1
1
1
1
1
1
1
0.993270743611217
1
0.991320369201134
1
1
1
1
1
0.9503405415061
1
0.997884173429546
1
0.991464003738765
0.992304325253995
1
0.910074363198402
0.984166714776318
1
1
1
0.991680986090857
1
1
1
1
1
1
1
1
1
1
1
0.999980799022271
1
1
0.826993963141794
0.906841766759023
1
0.985331473666155
1
1
1
1
1
0.900705514653596
1
1
0.966506158953524
1
1
1
1
0.986901062796144
1
1
0.988104616165796
1
1
1
0.912218135490778
0.947914956697715
1
1
1
1
1
1
0.998605582944563
1
0.909896856352628
1
1
0.988129083498878
1
1
1
1
1
0.876073455451945
1
1
0.997581661664034
0.998322087472253
1
1
1
0.999331481772383
1
0.998626013761733
1
1
1
1
1
1
1
1
0.98895554608361
1
1
1
0.985331473666155
0.98494868603878
1
1
1
0.992504998200809
0.604529255039994
1
1
0.978612966478132
1
1
1
1
0.991427472371898
1
1
1
1
0.979574410474873
1
1
1
1
1
0.864401446684651
1
1
1
1
1
1
1
1
1
1
1
1
0.991902145623677
1
1
1
0.997581661664034
1
1
0.970159182998654
1
1
0.979634194423575
1
1
0.997419076003985
1
1
1
1
1
0.945648442582378
1
1
1
1
1
1
1
1
1
1
1
1
0.992586485856747
1
1
1
1
1
1
1
0.966506158953524
1
1
1
1
1
1
1
1
1
1
0.999394960465502
1
1
1
1
1
1
1
1
0.907278159696847
1
1
1
0.92397540825774
0.944679664282504
0.988129083498878
1
1
0.947136187156093
1
1
0.973497851550138
0.900705514653596
1
1
0.99004473028542
1
1
0.994905213623778
1
1
1
1
1
1
0.996248581689477
1
0.964671009718779
0.98997943147458
1
1
1
0.966000984120649
1
1
1
1
0.99904011685964
1
1
1
1
1
1
1
1
1
1
1
1
0.999980799022271
1
1
1
1
1
0.977355092557959
1
1
1
1
1
1
0.833424447999889
0.997625624042241
1
1
1
1
1
1
0.995922118576796
1
0.992586485856747
1
1
1
1
1
0.993613064463299
1
1
1
1
0.922787947768646
0.984350491388884
1
0.796820286077464
1
1
1
1
0.914503783473297
1
1
1
0.988659207133247
1
1
1
1
1
1
1
1
1
1
1
0.973396395081561
1
0.99768877460518
1
1
1
0.797898747481048
1
1
1
1
1
1
1
1
0.968118247190091
1
1
1
0.960695939362084
1
1
1
0.95511507362078
0.976165647217602
1
1
1
1
1
1
1
1
0.994688812484116
1
1
1
0.97927979529961
1
1
1
0.994608394383412
1
1
1
1
1
0.95807018592654
1
1
1
0.989689758090322
0.986327115497973
1
1
0.980198776041368
0.991320369201134
1
1
1
1
1
1
1
0.991529565833097
1
1
1
1
0.983822366821248
1
1
1
1
1
1
1
1
0.997624284957151
1
1
1
0.937685755345432
1
0.966210736451764
1
1
0.877904123603657
0.920258979279685
1
1
1
0.994593545118205
1
1
1
1
1
1
1
1
1
1
1
1
1
0.98895554608361
1
1
1
1
1
0.988314598795017
0.997884173429546
0.994120368486787
0.936087859544013
1
1
0.988104616165796
1
1
1
1
1
1
0.961122161546839
0.981855628590204
1
1
1
1
0.991202147564557
1
1
0.998322087472253
1
1
1
1
0.927612703206878
0.915887215964227
1
1
1
1
1
1
1
1
1
1
1
1
1
1
1
1
0.992058428899932
1
1
0.98041239445841
1
1
1
1
1
1
1
1
1
1
1
0.487533394900444
0.990233370863593
0.989460821978615
0.994387287910651
1
1
1
1
0.991427472371898
0.978686745660401
0.999432757279232
1
1
0.991851076403281
1
1
1
1
0.990533408070038
1
1
1
1
1
0.971847256030465
0.920839964099939
0.952715465698386
1
1
1
1
1
0.995089018564499
0.91365692252586
1
1
1
1
0.983822366821248
1
1
1
0.998458175965188
0.897339149236241
1
1
0.993252140730212
0.967185273918033
0.986803961631222
0.998782833881241
0.999761758019328
1
1
1
0.920839964099939
1
1
1
1
1
0.976202328361943
0.933096700930167
1
0.973877041926444
1
1
1
1
1
0.99768877460518
0.997553233071763
1
1
1
1
1
0.991446405523058
1
0.993851762721644
1
1
0.958750305668904
1
1
1
1
1
1
1
1
0.95106638578485
0.827205483306228
1
0.998935420618423
1
0.988216709183849
1
1
1
1
1
0.805372922802665
1
1
1
1
1
1
1
0.952715465698386
1
1
0.993851762721644
1
1
1
1
0.975756371930877
1
0.997993461862581
1
1
1
1
1
1
1
1
1
0.637183014537808
1
0.896308563645629
0.947360696582338
1
1
1
1
1
1
1
1
1
1
1
1
0.99768877460518
1
1
0.997558639512589
0.989742697270176
0.987042790534917
1
1
0.969224642104446
1
1
1
1
0.999432757279232
0.847086063322586
1
0.988078292860462
1
1
1
1
1
1
1
1
0.985382120625773
1
1
1
1
1
1
1
1
1
1
0.999115608022079
1
1
1
0.997868331096536
1
1
1
1
1
1
1
1
1
1
1
1
1
0.964412531804503
1
1
1
0.999600320508684
1
1
1
1
1
0.827031140328425
1
1
1
1
1
1
1
0.967249170422945
1
1
1
0.992908601946348
0.997563664746864
1
0.997625624042241
0.98290938349191
0.986487077855017
1
1
1
1
0.99896248580557
1
1
1
1
1
1
1
0.967860068000338
0.993270743611217
1
1
1
1
1
1
1
1
1
1
0.984201664369191
0.982069531295962
1
1
1
1
1
1
1
1
1
1
1
1
1
1
1
1
1
0.996439092378148
1
1
1
0.972231236955865
1
1
1
1
1
1
1
1
1
1
1
0.979440586576559
1
0.99768877460518
1
1
1
1
1
1
1
1
0.999600320508684
1
1
1
1
1
1
0.86292298670944
0.951627234812128
1
0.999821745149871
1
0.94665422989253
1
0.990641186946763
1
1
0.844049492953412
1
1
1
1
0.912486667875513
1
1
1
1
1
1
1
1
1
0.909896856352628
1
1
1
1
0.980741070540339
1
1
0.980436460620856
0.999432757279232
0.966253060622998
1
1
1
1
1
1
0.991275121000158
1
1
1
0.989771166434742
1
0.997581661664034
0.966644225024767
1
0.988430762778505
0.788926752412385
1
1
1
1
1
1
1
0.975756371930877
1
1
1
1
1
1
0.984201664369191
1
1
1
0.994688812484116
1
1
1
1
1
1
1
1
1
1
1
1
1
1
1
1
0.994932697537838
1
1
1
0.973396395081561
1
1
1
1
1
1
1
1
1
1
1
1
1
0.973498279795588
1
1
1
1
1
1
1
1
0.971516841353801
1
1
0.990533408070038
1
1
1
1
0.999394960465502
1
0.9908803127605
1
0.997553233071763
1
1
1
1
1
0.900705514653596
1
1
1
1
1
1
1
1
0.988659207133247
0.969695118173188
0.900705514653596
1
1
0.892876077072592
0.979690066359845
0.994542088606038
1
1
1
0.99383072171783
1
1
1
1
1
1
0.975084797926437
1
0.99768877460518
1
1
1
1
1
0.994691805487108
0.984234149819603
1
0.974266062954127
0.988104616165796
1
1
1
1
1
1
1
1
1
1
0.897339149236241
0.998626013761733
1
1
1
0.976202328361943
1
1
1
0.97801585188869
1
0.857569054343141
1
1
1
0.97796767249425
1
1
1
1
1
1
1
1
1
1
1
0.969025451322819
1
0.988129083498878
0.964340369166234
1
0.991676296540518
0.995070949221755
1
1
1
1
1
0.975756371930877
1
0.999327951570756
1
1
1
0.897339149236241
1
1
1
1
1
0.989505537691792
1
1
1
1
0.984234149819603
1
1
0.994932697537838
1
1
1
0.980003916074475
0.99402394854262
1
0.973498279795588
1
1
1
1
1
1
1
0.923932776164087
1
1
0.952520932415402
1
0.998933225504678
1
1
1
1
1
1
0.964766444948425
1
1
1
1
0.994387287910651
1
1
0.989460821978615
1
1
1
1
0.998782833881241
1
0.88895792862003
0.989771166434742
1
0.912218135490778
1
1
1
0.995148369388365
0.996960109822918
0.997558639512589
0.929062474135238
1
1
1
1
1
1
1
1
1
0.923932776164087
1
1
1
1
0.998935420618423
1
1
1
0.959177276135908
1
1
0.969025451322819
1
1
1
1
0.857029671198604
1
1
1
1
1
1
0.975361399621705
1
0.984435182531395
1
1
1
0.990533408070038
1
0.942251343672151
1
1
0.949814032837119
1
1
1
0.952715465698386
1
1
1
1
1
0.932746069836659
1
1
1
1
0.988216709183849
1
0.978686745660401
0.991536793270155
1
1
1
1
0.951627234812128
0.99768877460518
1
1
1
1
1
1
1
1
1
1
1
0.994553320422736
0.993851762721644
1
1
0.998935420618423
1
1
1
1
1
0.984166714776318
0.991902145623677
1
1
1
1
1
0.991752479367331
1
0.989297064231965
0.958183236286149
1
0.999761758019328
1
1
0.991446405523058
1
0.951627234812128
1
1
1
1
1
1
1
1
1
0.994954034439859
1
0.924752260622117
1
1
0.989611167811163
0.997993461862581
1
1
1
1
1
1
1
1
1
1
1
1
0.991676296540518
0.993851762721644
1
1
1
1
1
1
1
1
1
1
0.989138527309213
1
1
1
1
1
1
1
0.985331473666155
0.927612703206878
0.839742775118411
1
1
0.951014752037439
0.993851762721644
1
1
1
1
0.998946184125688
1
1
1
1
1
1
0.977355092557959
1
0.640630907877786
1
0.989657479479213
1
1
0.999327951570756
0.920258979279685
1
1
1
0.973396395081561
0.989297064231965
0.844049492953412
1
0.964412531804503
1
0.997625624042241
1
1
1
1
0.975508440746611
0.948267295737532
1
1
1
1
0.980741070540339
1
1
1
1
1
0.922787947768646
0.998935420618423
1
0.995475277501489
1
1
1
1
1
0.982178681636941
1
0.8530758250884
1
1
0.989483996630858
0.985783657572327
0.887344419147604
1
1
1
1
1
1
1
1
1
1
1
0.983822366821248
1
1
1
1
1
0.991202147564557
1
1
1
1
1
1
1
1
1
1
1
0.995963838914496
1
1
1
0.982952420282445
1
1
1
1
1
1
1
1
1
1
1
0.997733399276304
1
0.974805709352185
0.980741070540339
0.966396593142426
1
0.927612703206878
1
1
0.900394117102423
0.916088424032409
1
1
0.988430762778505
1
0.96327013206105
1
1
1
1
0.994688812484116
1
1
0.833424447999889
1
1
1
0.997558639512589
1
1
1
1
1
1
1
0.988659207133247
1
1
1
0.948267295737532
1
0.776170631904337
1
0.965283437176474
0.805372922802665
0.991680986090857
1
0.916300236929385
1
1
0.958542525437966
1
1
1
1
1
0.998458175965188
1
1
1
1
1
1
1
1
1
1
1
1
0.99896248580557
1
1
0.998935420618423
0.990622448422571
1
0.841463635193446
0.999468062134469
0.998462171361544
1
0.967249170422945
1
1
1
1
1
0.922575932534838
1
0.99383072171783
1
1
1
1
1
1
1
1
1
0.983699614255595
1
1
1
1
0.964340369166234
1
1
0.994688812484116
1
1
1
1
0.999115608022079
0.995734506303413
1
0.97351442496207
0.98929610373488
1
1
1
1
1
1
1
1
1
1
1
1
1
1
0.930811046415903
1
1
1
1
0.951627234812128
1
1
1
1
1
1
0.978612966478132
1
0.99972743630058
0.991275121000158
1
1
0.980436460620856
1
1
1
1
1
1
0.971516841353801
1
0.98541928682962
0.997624284957151
1
0.999123457228062
1
1
1
1
1
1
0.912218135490778
1
1
1
1
1
1
1
1
1
1
1
1
1
1
1
0.97428054190734
1
1
1
0.955855316411778
1
1
1
1
0.99474434801623
0.993851762721644
0.998322087472253
1
1
1
1
1
1
1
1
0.979395121132838
1
1
1
0.998194707460194
1
1
0.933407422566246
1
1
1
1
1
1
1
1
0.999075430670848
1
1
0.999633902689023
1
0.999009565462647
1
1
1
0.975756371930877
1
1
0.993297257765494
0.997624284957151
1
1
1
0.97822103807893
1
1
1
1
1
0.991464003738765
0.970047689418152
1
0.995922118576796
1
1
1
1
0.98290938349191
1
1
1
1
0.997733399276304
0.995922118576796
0.999160777202716
1
1
1
0.988129083498878
1
1
0.933778838595217
1
1
1
1
1
1
1
1
1
1
0.8935135606725
1
0.994688812484116
1
1
1
0.988249057062244
0.99383072171783
0.997976141734893
1
1
0.97882339223399
1
0.992761516557175
1
0.981692830672617
0.997625624042241
1
1
1
1
0.994932697537838
1
1
1
1
1
1
1
1
1
1
1
1
0.978770513024918
1
1
1
1
0.991427472371898
0.948665505822893
0.997674192282091
1
1
1
1
0.930313253968169
1
1
0.967651469808669
1
1
1
1
1
1
0.997685442186784
1
1
0.994800361380915
0.992289023760342
1
1
1
0.933407422566246
0.991752479367331
1
1
1
1
1
0.994593545118205
0.997558639512589
1
0.967651469808669
1
1
1
0.8530758250884
0.999502391480877
0.991676296540518
1
1
0.774243481294026
1
0.887945721439919
1
1
0.999082972592778
1
0.979440586576559
1
1
1
1
1
0.991446405523058
1
0.752963896864921
1
0.991465346692
1
1
1
1
1
0.951627234812128
1
1
1
1
1
0.991550294877473
1
0.979176214970277
1
0.988078292860462
0.877158165479888
1
0.993851762721644
1
1
0.991529565833097
1
1
1
1
0.982178681636941
1
1
1
1
1
0.980535042081121
1
1
1
1
1
1
1
1
1
1
1
1
0.966506158953524
1
1
1
0.998322087472253
1
1
1
0.968118247190091
1
1
0.876073455451945
0.991902145623677
1
0.970047689418152
1
1
0.967917555934731
1
0.984634694832613
1
1
1
1
1
1
0.994932697537838
0.999165258489023
1
0.993851762721644
0.988667248932254
1
1
0.920884088667512
1
1
1
1
1
0.87042204363444
0.992058428899932
1
1
1
1
1
1
1
0.991536793270155
1
1
1
1
0.927612703206878
0.801991732625218
1
0.98290938349191
1
1
1
1
1
1
0.975756371930877
1
0.986327115497973
0.978612966478132
1
1
0.98676814642736
1
1
1
0.988424242666563
0.943080300927766
1
0.995860348256797
1
1
1
1
0.995961355508386
0.99182260580892
1
1
1
1
0.989570355424458
1
1
1
1
1
1
1
1
1
1
1
1
1
0.984626037897829
0.998946184125688
1
0.991851076403281
1
1
1
0.968118247190091
1
1
1
1
1
1
0.980741070540339
1
1
1
0.986327115497973
0.988314598795017
1
0.989611167811163
0.876176708081669
1
0.990622448422571
0.969025451322819
1
1
1
0.971847256030465
1
1
1
1
1
1
1
1
1
1
1
1
1
1
0.999502391480877
1
1
0.960955795997039
1
1
1
1
1
1
0.949814032837119
1
1
1
1
1
1
0.963851379315435
1
1
1
0.992586485856747
1
1
1
1
1
1
1
1
0.999432757279232
1
1
0.988738253823013
1
1
1
0.935914740377472
1
1
1
1
1
1
1
1
1
1
1
1
1
1
1
1
1
1
1
1
1
1
0.996199097818004
1
1
1
1
1
1
1
0.980003916074475
0.856333105431704
1
1
1
1
0.995288701589712
1
0.990641186946763
1
1
0.996199097818004
1
1
1
1
1
1
1
1
1
1
1
0.994553320422736
1
1
1
0.998322087472253
1
1
1
1
1
1
1
0.999809865122247
1
1
0.983129389715319
1
0.966735642305643
1
1
1
0.974266062954127
1
1
0.947136187156093
1
1
1
1
1
1
1
0.989460821978615
1
1
1
0.994120368486787
1
1
1
1
1
0.967185273918033
1
1
1
1
1
1
0.947748041866803
1
1
1
1
0.964824225078429
1
1
1
1
1
1
0.991320369201134
1
1
1
1
1
0.984234149819603
0.979634194423575
1
1
0.948267295737532
1
0.937074288303839
1
1
0.999075430670848
0.973017894011799
1
1
1
1
1
1
1
1
1
0.975756371930877
1
1
1
1
1
1
1
1
1
1
1
1
1
1
0.975416479187757
1
1
1
1
1
1
1
1
1
0.983331522106332
1
1
1
1
1
1
1
1
1
1
0.966253060622998
0.999331481772383
0.97801585188869
1
1
1
0.999211094751483
1
1
1
1
1
1
1
1
1
1
1
1
1
1
0.982178681636941
1
1
0.999376459185732
1
1
1
1
0.999502391480877
0.999376459185732
1
1
1
1
1
1
0.970047689418152
1
1
0.988424242666563
1
1
1
1
1
1
1
1
1
1
0.991427472371898
1
1
1
1
1
0.994593545118205
1
1
0.86292298670944
1
0.989582686419015
0.991902145623677
1
0.984350491388884
1
1
1
1
1
1
0.624581428395191
0.999009565462647
1
0.999761758019328
0.955855316411778
1
0.973942875415618
1
1
0.774893097730117
1
1
1
0.991427472371898
0.878848439237348
1
0.966735642305643
1
0.638676310679427
1
1
1
0.938503747306055
0.979992654153422
0.982952420282445
0.984626037897829
1
1
1
1
1
1
1
1
1
1
1
1
1
1
0.991202147564557
1
1
1
1
1
1
1
1
1
1
0.659156025684858
1
1
1
1
1
0.992058428899932
1
1
1
1
0.994530004773002
1
1
1
1
0.911309461707161
1
0.988078292860462
1
1
0.871184453917421
1
0.961122161546839
0.999467375379268
0.950764877096574
1
1
1
1
1
1
1
0.997581661664034
1
1
0.971516841353801
1
1
1
1
1
1
0.991464003738765
1
1
1
1
1
0.900394117102423
1
1
0.989297064231965
1
1
1
1
1
0.988129083498878
1
1
1
1
1
1
1
1
1
1
1
1
1
1
1
1
1
1
0.997803336203553
1
1
0.994691805487108
1
0.975744628107497
1
1
0.989483996630858
0.974805709352185
1
1
1
0.981692830672617
1
1
1
1
1
1
1
1
1
0.985331473666155
1
0.992908601946348
1
0.992058428899932
1
0.984350491388884
1
1
1
1
1
0.945648442582378
1
1
1
1
1
1
0.997993461862581
1
1
1
1
1
1
0.995747350759634
1
1
1
0.94665422989253
1
1
1
0.989657479479213
0.933407422566246
1
0.994530004773002
0.967860068000338
1
1
1
1
1
1
1
1
1
1
1
1
1
1
0.994191751461279
0.993037806684904
1
1
1
0.981692830672617
1
0.958750305668904
1
1
1
1
0.931990976411738
1
0.991752479367331
1
0.995269706225294
1
1
1
1
1
1
1
1
0.99899007182124
0.994542088606038
1
1
1
0.911968248253224
1
1
1
1
1
0.997625624042241
1
1
1
1
1
1
0.991427472371898
0.947748041866803
1
1
0.993851762721644
1
1
1
0.992908601946348
1
0.99899007182124
1
0.888057500890058
1
1
1
0.998322087472253
1
1
1
1
0.989582686419015
0.997558639512589
0.978770513024918
0.951014752037439
1
1
1
1
1
0.930994871762524
0.810964704182697
0.628077009489006
1
1
1
1
1
0.99896248580557
1
1
1
0.997884173429546
1
0.877904123603657
0.991275121000158
1
1
1
1
1
0.964262737988442
1
1
0.980741070540339
1
0.994530004773002
0.990533408070038
1
0.998983701794447
1
0.95106638578485
0.988104616165796
1
1
1
1
1
0.949058315289114
1
0.948482450854569
1
1
1
1
1
1
1
0.993684428977304
1
1
1
1
0.894092365834596
1
1
1
1
1
1
1
1
1
1
0.676354032698258
1
1
1
1
1
1
1
0.991752479367331
1
1
1
1
1
1
1
0.966644225024767
1
1
1
1
0.991172055906338
1
0.887344419147604
0.953494042405361
0.76716295525455
0.979395121132838
1
0.954566393999375
0.994530004773002
1
1
1
1
1
0.975508440746611
0.991902145623677
1
1
1
1
0.911309461707161
1
0.966644225024767
1
1
1
1
1
0.999165258489023
1
1
1
1
1
1
1
1
1
0.994530004773002
1
0.959844016474467
1
1
0.977355092557959
1
1
1
1
0.999075430670848
1
1
1
1
1
0.913986500227562
1
1
1
1
1
1
1
1
1
1
1
1
1
1
1
1
0.991433749134995
1
1
1
1
0.910710327951664
1
0.979440586576559
1
0.997733399276304
1
1
1
1
1
1
1
1
0.88633069638152
1
1
1
1
1
1
1
0.997685442186784
0.989570355424458
1
0.973942875415618
1
1
1
1
1
0.995475277501489
1
1
1
1
1
1
0.995961355508386
1
1
1
1
1
1
1
0.949814032837119
1
1
1
0.994553320422736
1
1
1
0.930074341165615
1
1
0.989582686419015
0.999502391480877
1
1
1
0.994387287910651
1
1
1
1
1
1
1
1
0.986327115497973
0.997558639512589
0.988465937209227
1
1
0.991464003738765
1
0.989483996630858
0.990641186946763
1
1
1
1
0.973556302957486
1
1
0.927919951124499
1
0.907278159696847
0.99383072171783
1
1
1
1
1
0.815010843668907
1
1
1
1
0.945648442582378
0.991902145623677
1
1
1
1
1
0.979395121132838
1
1
1
1
0.999683429170978
1
1
0.887344419147604
1
1
1
1
1
1
1
1
0.994691805487108
1
1
0.966616877242781
0.993386135696256
1
1
0.992304325253995
1
1
1
1
0.947891038714815
1
1
1
1
0.999761758019328
0.995706388283205
1
1
1
1
1
1
0.998839109931634
1
1
1
1
0.95959159573296
1
1
1
1
1
1
1
1
0.922575932534838
0.97828025776972
0.999162347904588
1
0.996904572461895
1
0.948990846976001
0.987045145261467
1
1
0.999809865122247
1
1
1
1
1
1
1
1
1
1
1
1
1
0.98041239445841
1
0.989742697270176
1
0.989657479479213
1
1
1
1
0.945648442582378
1
1
1
0.968186220141971
1
0.984634694832613
1
0.994800361380915
0.999376459185732
1
1
0.894160530996797
1
1
1
1
0.964412531804503
1
1
0.997803336203553
1
1
1
0.787160620004642
1
1
1
0.687616529596751
1
1
1
1
1
1
0.99896482149846
1
1
0.988430762778505
1
1
1
1
1
1
1
1
1
1
0.99899007182124
1
1
0.988667248932254
1
1
0.980775514138513
0.991676296540518
1
1
1
1
1
0.988314598795017
1
1
1
1
0.986901062796144
1
0.992304325253995
1
0.987045145261467
1
1
1
1
1
1
0.984350491388884
0.994553320422736
1
1
1
0.888057500890058
1
1
1
1
0.999761758019328
1
1
1
0.989138527309213
0.97351442496207
0.979440586576559
0.92397540825774
0.993386135696256
1
1
0.989657479479213
0.996904572461895
1
1
1
1
1
0.999009565462647
1
1
1
1
1
0.935914740377472
1
1
1
1
1
1
1
1
1
1
1
0.584615425720413
1
1
1
1
0.967651469808669
0.950661851036372
0.973650917856947
1
1
1
1
1
1
1
1
0.987042790534917
1
1
1
1
1
1
1
1
1
1
0.991680986090857
1
0.984626037897829
1
0.948268493601062
0.984166714776318
1
1
1
0.993613064463299
0.975508440746611
0.894092365834596
1
1
1
0.910074363198402
0.998839109931634
1
1
0.997685442186784
1
1
0.955855316411778
0.997733399276304
1
0.98504296253068
1
1
1
1
1
1
0.984201664369191
1
0.994608394383412
1
1
1
1
1
0.991433749134995
1
1
1
0.979440586576559
1
1
1
1
1
0.99904011685964
1
1
0.997674192282091
0.997814292159392
1
0.859588942011688
1
1
0.967016079988443
1
0.920839964099939
0.97860102626132
0.956243955672426
1
0.99899007182124
1
1
1
1
1
1
1
0.945648442582378
1
0.998458175965188
1
1
1
1
1
1
1
1
1
1
1
1
0.984234149819603
1
1
0.977396362162509
1
0.972493223762729
1
0.966353120829668
0.961122161546839
0.995269706225294
1
1
1
1
1
1
1
1
1
1
1
1
1
1
0.957677208047092
1
1
1
1
1
0.514336659774084
0.96091961580807
1
1
1
0.887838975475473
1
0.994608394383412
0.979634194423575
1
1
1
1
1
1
1
1
1
1
1
1
1
0.960695939362084
1
1
1
1
1
1
0.743820386273861
1
0.933829250750141
1
1
1
0.997563664746864
1
0.923846213239934
1
1
1
0.959844016474467
0.945648442582378
0.979395121132838
0.817430956565052
1
0.973396395081561
0.997581661664034
0.919591902539643
1
1
1
1
1
1
1
1
1
1
1
1
1
0.988659207133247
1
1
1
0.894092365834596
1
1
1
1
0.862519739077254
1
1
1
1
1
1
1
1
1
1
0.966353120829668
1
1
1
1
1
1
1
0.998933225504678
0.930074341165615
1
1
1
1
1
1
1
1
1
0.98997943147458
0.999600320508684
1
1
1
1
1
1
1
1
1
1
0.991550294877473
1
1
0.99899007182124
0.959823859332796
1
1
1
1
0.980910379765392
1
1
1
1
1
1
1
1
1
1
1
1
1
1
0.935017823733082
1
0.986327115497973
0.948378798885948
1
1
0.997625624042241
1
1
1
1
1
1
0.989577580486229
1
1
1
1
1
1
1
1
1
1
0.998458175965188
1
0.997553233071763
1
1
1
1
1
0.984201664369191
1
0.90578898466727
1
1
1
1
1
1
1
1
1
0.99768877460518
1
1
1
1
1
1
1
1
1
0.960695939362084
0.851693780637465
1
1
1
1
0.994542088606038
0.997791352929766
1
1
1
1
1
1
0.98290938349191
1
1
1
0.97053031033171
0.984435182531395
0.980741070540339
1
1
1
0.997624284957151
1
1
1
1
1
1
0.900174141006152
1
1
1
0.970808008251278
0.985783657572327
1
1
1
1
1
1
1
0.998462171361544
0.953630625896433
0.979176214970277
0.966644225024767
1
1
1
1
1
1
1
1
1
1
0.967651469808669
1
1
1
0.964340369166234
1
1
1
1
1
1
1
1
0.927407515730783
1
0.975445965785851
1
1
1
0.919591902539643
1
1
1
1
1
1
0.999376459185732
1
0.883836549310998
1
1
1
1
0.998322087472253
1
0.996959777850871
0.986327115497973
1
1
0.965286557066651
1
1
0.990533408070038
1
0.99904011685964
1
1
1
1
1
1
1
0.977355092557959
1
1
0.991676296540518
0.996959777850871
1
1
0.998042904251006
1
1
1
1
1
1
0.981692830672617
1
0.997624284957151
1
1
1
1
0.98290938349191
1
1
1
0.991433749134995
1
1
0.919365667493286
1
0.938740293214391
1
1
1
1
0.991202147564557
1
0.975508440746611
1
1
1
0.999160777202716
1
0.972231236955865
1
1
1
1
1
1
1
0.99896190085897
1
1
1
1
1
1
1
1
1
0.97828025776972
1
0.972074356474742
1
0.997674192282091
1
0.979574410474873
0.989742697270176
1
0.984634694832613
1
1
1
0.911416521559625
1
1
1
1
1
1
1
1
1
1
0.937619614555825
1
1
1
1
1
1
1
1
0.951627234812128
0.997625624042241
1
0.979440586576559
1
0.980741070540339
1
1
1
1
0.894092365834596
0.994800361380915
1
1
1
1
0.95106638578485
1
1
1
1
1
0.997563664746864
0.958103948366967
1
1
1
1
0.993684428977304
1
1
1
1
1
1
1
1
1
1
0.960617307969081
1
0.80707672605337
1
0.997674192282091
1
1
1
1
1
1
1
1
1
1
1
1
0.911536130435677
0.89119914975957
1
1
1
1
1
1
1
1
1
1
0.723244444464027
1
1
0.97828025776972
1
0.997976141734893
1
0.954262282044668
1
1
1
0.980535042081121
0.978873689947908
0.896247253078731
0.887603926868807
0.983129389715319
1
1
1
0.98504296253068
1
1
1
1
0.986901062796144
0.892510509910443
1
1
0.949243040679833
1
0.973556302957486
1
1
1
0.99383072171783
1
0.909080456674552
1
