x
1
1
1
1
1
1
1
1
1
1
0.912706721585386
1
1
0.965347215626427
1
1
1
0.999611034469879
0.952456292610812
1
1
1
1
1
1
1
0.851932378999791
1
1
1
0.940928798130083
0.882634219573067
0.974814729805087
1
0.944044705402752
1
1
1
1
1
0.886601657316349
0.886686115357731
1
1
1
1
1
0.433903111133374
1
1
0.992248312326386
0.853317589680144
1
0.90913376737851
1
1
0.982334794927304
0.955177767095446
1
1
1
0.985386903323485
1
1
1
0.972048023202088
1
0.898953391164526
1
1
1
0.943677984268624
0.960004663315694
0.934794925527066
1
1
1
1
1
0.896777945837233
1
1
1
1
1
1
1
1
1
1
1
0.993792676504241
1
1
1
1
1
1
1
1
1
1
1
1
1
1
1
1
1
1
1
0.964826395449494
1
1
1
1
1
1
0.854741246498265
1
1
1
1
1
1
1
1
1
1
0.826573871678187
1
1
1
1
1
1
1
1
1
1
1
0.992431254781908
1
1
1
1
1
1
1
1
1
1
1
1
1
1
1
1
0.920739554965447
1
1
1
1
1
1
1
1
1
1
1
1
1
1
1
1
0.896887325671949
1
1
1
1
1
0.89066340929694
1
1
1
1
1
1
1
1
1
1
1
0.981918397646055
1
1
1
1
1
1
1
1
1
1
1
1
1
1
1
1
1
1
1
1
1
1
1
1
1
1
0.796444625830832
1
1
1
1
1
1
1
1
1
1
1
1
1
1
1
0.973486075971005
1
0.922949155228203
1
1
0.997626889677676
1
1
1
1
1
1
1
1
1
1
0.993733181973289
0.884387972503597
1
1
1
1
1
1
0.694420350401019
1
1
1
1
0.985832708022353
0.882181844840055
1
1
1
1
1
1
1
1
1
1
1
1
1
1
1
1
1
1
1
1
1
1
1
0.867466591485173
1
1
0.970451345949099
1
1
1
1
1
1
1
1
1
1
1
0.952456292610812
1
1
1
1
1
1
1
1
1
1
1
1
1
0.974824510140944
1
0.977532387426885
1
1
1
1
1
1
1
1
1
1
1
1
1
1
1
1
1
1
1
1
1
1
1
1
0.966048493494264
1
1
1
1
1
1
1
1
1
1
1
1
1
0.934060076575098
1
1
1
0.99024870216667
1
1
1
1
1
0.888999026233249
1
1
1
1
1
1
1
1
1
1
1
0.966999630913417
1
1
1
1
1
1
1
1
0.930365380736015
1
0.994258288555054
1
1
1
1
1
1
1
1
0.722452525502361
1
1
1
0.654721123344127
1
1
1
1
1
0.906948883129252
1
1
1
0.946312046839817
1
1
1
1
1
1
1
1
1
1
1
0.658070094260662
1
1
1
1
1
1
1
1
1
0.944950040385195
1
1
1
1
1
1
0.994532546401484
1
1
1
1
0.893486402112403
1
1
1
1
1
1
1
1
1
1
1
1
1
1
1
0.895967487909836
1
1
1
1
1
1
1
0.99024870216667
1
1
1
1
0.994947551885056
1
1
1
1
1
1
1
1
1
1
0.836142576229596
1
1
1
1
0.9488977075455
1
1
1
1
1
0.885819325650539
0.974491628453767
1
1
1
0.947142423526728
1
0.828009635426768
0.928298447022229
1
1
0.983808440329328
1
0.814503930378674
1
1
1
1
1
1
1
1
1
1
1
0.984014320447875
1
1
1
1
1
1
1
0.99512363725256
1
0.575107851006244
1
1
1
1
1
1
1
0.883519617776709
1
1
1
1
1
0.927794435148685
1
1
1
1
1
0.882916295328643
1
1
1
1
1
1
1
1
1
1
0.981918397646055
1
1
1
1
1
1
1
1
1
0.582819950539781
1
1
1
1
1
1
1
1
1
1
1
1
1
0.840712004069766
1
1
1
1
1
1
1
0.898203283927812
0.818091805948593
1
1
1
1
1
0.991722327014239
1
1
1
1
1
1
1
1
1
1
1
1
1
1
1
1
1
0.761038420267002
1
1
1
0.931608268875052
1
1
0.82189845403557
1
1
1
1
1
1
1
1
1
1
0.995381089045257
0.981019663127586
1
1
1
1
0.959136651291255
1
1
1
1
1
1
1
1
1
0.895967487909836
1
1
1
1
1
1
1
1
1
1
1
1
1
1
1
1
0.99655227306812
1
1
1
1
0.998401774384476
0.934789913219182
1
1
1
1
1
1
1
1
1
1
1
1
1
0.945428707152766
1
1
1
1
1
1
0.92523279823026
1
1
0.978423403511905
1
1
1
1
1
1
1
1
0.995381089045257
1
1
1
1
1
1
1
0.984877016690618
1
0.983741732098298
1
0.549509100686201
0.972606110238018
1
0.966144846518017
1
1
1
0.916227695569903
1
1
1
0.981019663127586
1
1
1
1
1
1
0.902295467030888
0.934794925527066
0.913407160314689
1
1
1
0.994947551885056
0.953044377386783
1
1
0.937059388113869
1
1
1
1
1
0.990798922151063
0.916597350618487
1
0.933271910613467
1
1
1
1
1
1
0.8692720014353
1
1
1
1
1
1
1
1
1
0.99469968025688
1
1
1
1
0.920853984077881
1
0.856369571239298
1
1
1
1
1
0.933502546056865
1
1
1
1
1
1
1
1
0.919021631693287
1
0.8692720014353
1
1
0.969313910422418
1
1
1
1
1
1
1
1
1
1
0.997626889677676
1
1
1
1
1
1
0.990798922151063
1
1
1
0.880991289456294
1
1
1
1
1
0.7614850863972
1
1
1
1
1
0.9934730546667
1
1
1
1
1
1
1
0.615041045165204
1
1
1
1
0.882634219573067
1
1
1
1
1
1
1
1
1
1
1
1
1
1
1
1
1
1
1
1
1
1
1
1
1
1
1
1
1
1
1
1
1
1
1
1
1
0.940928798130083
1
1
1
1
1
1
0.868991653961926
1
1
1
1
1
1
0.996905338065469
1
1
1
1
1
1
0.618165288455549
1
1
1
1
1
0.993792676504241
1
1
1
0.920179854254887
0.796444625830832
1
0.993014652796178
1
1
1
0.918848337236982
1
1
1
1
1
1
1
1
1
1
1
1
1
1
1
1
0.88900665687035
1
1
1
1
0.817703833777899
1
1
1
1
1
1
1
1
1
1
1
1
1
1
1
1
1
1
1
1
1
1
0.960004663315694
1
1
1
1
1
0.857588867837621
1
1
1
1
1
1
0.981918397646055
1
1
0.959651557887943
1
1
1
1
1
1
1
1
1
1
0.877590906005804
1
1
1
1
1
1
0.830539468334841
0.898953391164526
0.933965554399454
1
1
1
1
1
1
0.979146194917739
1
1
1
0.919396119212514
1
1
0.944251424136092
1
1
1
1
0.868991653961926
1
1
1
1
1
1
1
1
1
1
1
1
1
1
1
1
1
0.863605220351869
1
0.916309654460248
1
0.996043457830805
1
1
1
1
0.919957509965115
1
0.944965123583923
1
0.969313910422418
1
1
1
1
1
1
0.941403614311882
1
1
0.832289467303498
1
1
1
1
1
1
1
0.382449985143672
1
1
1
1
1
1
0.884519189382012
0.818232544180734
1
1
1
1
1
1
1
0.996043457830805
1
1
1
1
1
1
1
1
1
1
1
1
1
1
1
1
1
0.401593375384358
1
1
1
1
1
1
1
1
1
1
1
1
1
1
1
0.879771907998921
1
0.909275117187971
1
1
1
1
1
1
1
1
1
0.907393874726095
1
1
1
1
1
1
1
1
1
1
1
1
1
1
1
1
1
1
1
0.902475798291764
1
1
1
1
1
1
1
1
1
1
0.690764405556456
1
1
1
1
0.998602649074308
1
1
1
1
1
1
1
1
1
1
1
1
1
1
0.916227695569903
1
1
1
1
1
1
0.925533840829261
1
0.887990132691845
1
1
1
1
1
1
1
0.88428710156363
1
1
1
1
1
1
1
1
1
1
1
0.994532546401484
0.932428850339453
0.883074111293554
0.952958097331095
1
1
1
0.89066340929694
1
1
1
1
1
1
1
0.996443790675928
1
0.916597350618487
1
1
1
1
1
0.935156500016897
1
1
0.984877016690618
1
1
1
1
1
1
1
1
1
1
1
1
1
1
1
1
1
0.994827117344603
1
1
1
1
1
1
1
1
1
0.986467979021283
1
1
1
1
1
1
0.658325362276695
1
1
1
1
1
1
1
1
1
1
1
1
1
1
1
1
0.930365380736015
1
1
1
1
0.992888982256431
1
1
1
0.960004663315694
1
1
0.994947551885056
1
1
1
0.923118482134642
1
1
0.985832708022353
1
1
1
0.897861984710844
1
1
0.880917467561139
1
1
1
1
1
1
1
0.919098621200646
1
1
1
0.961050845628168
1
1
1
0.993733181973289
1
1
0.889283781538201
0.915855508976653
1
1
1
1
0.931608268875052
1
1
1
0.937031141366483
1
1
1
1
1
0.880991289456294
1
0.960004663315694
0.979146194917739
1
1
1
1
1
0.848079186461894
1
1
1
1
1
0.89148774644749
1
1
1
1
1
1
1
1
1
1
1
1
1
1
0.99655227306812
1
0.828009635426768
1
1
1
1
1
0.833460097210946
0.692279910313998
1
1
1
1
1
1
1
1
1
1
0.99469968025688
1
0.931608268875052
1
0.995689857753584
1
1
0.919193818122383
1
1
1
1
0.987283602996046
0.979961620145792
1
0.945428707152766
0.944044705402752
1
1
1
1
1
1
1
1
1
1
1
1
1
1
1
1
1
1
1
1
1
1
1
1
1
0.928298447022229
1
1
0.993733181973289
0.993733181973289
1
1
0.964826395449494
1
1
1
1
1
1
1
1
1
1
1
0.881109710597368
1
0.967032236117986
1
1
1
1
1
1
1
1
0.994827117344603
1
1
1
1
1
1
1
1
1
0.978743006211924
1
0.702656706028616
1
1
1
1
1
1
1
1
1
1
1
1
1
1
1
0.923460086028346
1
1
1
0.824168191653496
0.786518736342154
1
0.981918397646055
1
1
0.994065474996334
1
1
1
0.99512363725256
1
1
0.993792676504241
0.971472188714352
1
1
1
1
1
1
1
1
1
1
1
1
1
1
1
0.882916295328643
1
0.883074111293554
1
0.867648076327315
1
1
1
1
1
1
1
1
1
1
1
0.896887325671949
1
1
1
1
1
1
1
1
0.940534523341198
0.979146194917739
1
1
1
1
1
1
0.969313910422418
1
1
1
1
1
1
0.994947551885056
1
0.994947551885056
1
1
1
1
1
1
1
0.958263533205674
1
1
1
1
1
1
1
0.887990132691845
0.886126855634017
0.870524951854796
1
1
1
0.997706073674181
1
1
1
0.979146194917739
1
1
1
1
1
1
1
1
1
1
1
1
1
1
1
1
0.955177767095446
1
1
1
1
0.49156583372262
0.929460229244212
1
1
1
1
1
1
0.978743006211924
1
0.986467979021283
1
1
1
0.944251424136092
1
0.89148774644749
1
0.972606110238018
1
1
1
1
1
1
0.903871343036223
1
1
0.979961620145792
0.975612801709787
1
1
0.859948123566497
1
1
1
1
1
1
0.863605220351869
1
1
0.918848337236982
0.903057057206234
1
1
1
1
1
0.975612801709787
1
1
0.997706073674181
1
1
1
1
0.976180072667833
1
1
1
1
1
1
0.920853984077881
0.963771918835311
1
1
1
1
0.897861984710844
1
1
1
1
1
1
1
1
1
1
1
0.996319715132896
1
1
1
1
1
1
1
1
1
1
1
1
1
1
1
1
1
1
1
0.867648076327315
1
1
0.922046248124427
0.92257622242104
1
1
1
1
1
1
1
1
1
1
1
1
1
1
1
1
1
1
0.974247110504914
1
1
0.89807911097609
1
1
1
1
1
1
1
1
1
1
1
1
0.276527099271292
1
1
1
1
1
0.813617786460036
0.873215279819361
1
1
1
1
1
0.940928798130083
1
1
1
1
0.993871291662867
1
1
0.890610095526262
1
1
1
1
1
1
1
1
1
1
1
1
1
1
0.994827117344603
1
1
1
1
1
1
1
1
1
1
0.992885115400281
0.860983820994804
1
0.995381089045257
1
1
1
1
1
1
1
1
1
1
1
1
1
1
1
1
0.996319715132896
1
1
1
1
1
1
0.928587073248414
0.920966741548474
1
1
1
1
1
0.95405502541139
1
1
1
0.961050845628168
1
1
0.747730564563673
1
1
1
1
1
1
1
1
1
1
1
1
0.506549822052548
0.927204387664115
1
1
1
0.978423403511905
1
1
1
1
1
1
1
0.99512363725256
1
1
1
1
0.979961620145792
1
1
0.981918397646055
1
0.919098621200646
1
1
1
1
1
1
1
1
0.854947468139107
1
1
0.929490077026737
1
0.930269681307492
1
1
1
1
1
1
0.78522801004611
1
1
0.981019663127586
1
1
1
1
1
0.825988568128344
1
1
1
1
0.897308219049762
1
1
1
1
1
1
1
1
1
0.992610386599014
1
1
1
1
1
0.970451345949099
1
1
0.952490904805219
1
0.91581415838479
1
1
1
1
1
1
1
1
0.978423403511905
1
1
1
1
1
1
0.954606735503885
1
1
1
1
1
0.963771918835311
1
1
1
1
1
0.93085361051337
1
1
1
1
1
1
1
1
1
1
1
1
1
1
1
1
1
0.978743006211924
1
1
1
1
1
1
1
1
1
0.967032236117986
0.672252010309579
0.996905338065469
0.960004663315694
1
1
1
1
1
1
1
0.889896369716349
1
0.976180072667833
1
1
0.918722624391642
1
1
1
0.8285957172975
1
1
1
1
0.654555915851882
1
1
1
0.859523127249266
1
1
0.972965904335364
1
1
0.987283602996046
1
1
0.969753504708229
1
1
1
1
1
1
1
1
0.870636422866705
1
1
1
1
1
1
1
1
1
1
1
0.998602649074308
1
0.963428566348457
1
1
1
1
1
1
1
1
1
1
1
1
0.825988568128344
1
1
1
1
1
1
1
1
1
1
1
1
1
0.953044377386783
1
1
1
1
1
1
1
1
1
1
1
0.8590009933229
1
1
1
1
1
1
1
1
1
1
1
1
1
1
1
1
1
1
0.99655227306812
1
1
1
1
1
1
1
1
1
1
1
0.965347215626427
1
1
0.765991572491702
0.868991653961926
1
1
1
1
1
1
0.847135067144774
1
1
0.928298447022229
1
1
1
1
1
1
1
1
1
1
1
1
0.923460086028346
1
1
1
1
0.963543633257239
0.944251424136092
1
1
1
0.922949155228203
1
0.969313910422418
1
1
1
1
1
0.932702712270038
1
1
0.867466591485173
0.994947551885056
1
1
1
1
1
1
1
1
1
1
1
1
1
1
1
1
1
1
1
1
1
1
1
1
1
1
1
0.988184258249726
1
1
1
1
1
1
1
1
1
1
1
0.995381089045257
0.929460229244212
1
1
1
1
1
1
1
1
0.994356981149569
1
1
0.959136651291255
0.59431040643907
1
1
1
0.925163822662342
1
1
1
1
1
1
1
0.982334794927304
1
1
1
1
1
0.890610095526262
1
1
1
1
1
0.860876699734567
1
1
1
1
0.910075904535938
1
1
1
1
1
1
1
1
1
0.994203501794612
0.99655227306812
1
0.968896141680611
1
0.940928798130083
1
1
1
1
1
1
1
1
1
1
1
1
1
1
1
1
1
1
1
1
1
1
1
0.9934730546667
1
0.892719555876299
0.860876699734567
1
1
0.937059388113869
1
1
1
1
1
0.996319715132896
1
1
0.944251424136092
0.919015908422731
1
1
1
1
1
1
1
1
1
1
1
1
1
1
1
1
1
1
1
1
1
1
0.981918397646055
0.994827117344603
0.934746886891894
1
0.840282994197398
0.904980899089459
1
1
1
1
1
1
1
1
1
1
1
0.925533840829261
1
1
1
1
1
1
1
1
1
1
1
1
1
1
1
1
0.922046248124427
1
1
1
1
1
1
1
1
0.993809997015939
0.993792676504241
0.810564822888267
1
1
1
1
1
1
1
1
0.905244510299054
1
1
1
1
0.959136651291255
1
1
1
1
0.969015414941491
1
1
1
0.993923835389774
1
1
1
1
1
1
1
0.984877016690618
1
1
1
1
1
1
1
1
1
1
1
1
1
1
1
1
0.778604079136393
0.985832708022353
1
1
1
1
1
0.838821928392051
1
0.951362668057023
1
1
1
1
1
1
0.99469968025688
1
1
1
1
0.975030679301108
1
1
1
1
0.976815243303597
1
1
1
1
1
1
1
1
1
1
1
1
1
1
0.969313910422418
1
1
1
1
1
1
1
1
1
1
1
1
1
1
1
1
1
1
1
1
1
0.997626889677676
1
1
1
1
1
1
1
0.992431254781908
1
0.964826395449494
1
1
1
1
1
1
1
1
1
1
1
1
1
1
0.972953005974949
1
1
1
1
0.996443790675928
1
1
1
1
1
0.976815243303597
1
1
1
1
1
1
1
1
1
1
1
1
1
1
1
0.964225731234151
1
1
1
1
1
1
1
0.994963128495604
1
1
1
1
1
1
1
0.918848337236982
1
1
1
1
1
1
1
1
0.912706721585386
1
1
0.935676206111733
1
1
1
1
1
1
1
1
1
1
0.994827117344603
0.853937143370796
1
1
1
1
1
1
1
1
0.96437664949064
1
1
1
1
1
0.919957509965115
0.919021631693287
1
1
1
1
1
1
1
1
1
0.975612801709787
0.972346332212179
1
1
1
1
1
1
1
0.872128309603753
1
0.642739802860373
1
1
1
1
1
1
0.95074392745384
1
1
0.918722624391642
1
1
0.94780552091011
0.998602649074308
1
1
1
0.913407160314689
1
1
1
1
0.960004663315694
0.885487215780194
0.865375562589504
1
1
1
1
1
0.941668140286026
1
1
1
1
0.919021631693287
1
1
1
1
1
0.880747020845313
1
1
1
0.991722327014239
1
1
1
1
0.952490904805219
1
1
1
0.827469805888526
1
0.990798922151063
1
1
1
1
1
1
1
1
1
1
1
1
0.932087057794959
0.930276352745142
1
1
1
1
1
1
1
1
1
0.912706721585386
1
1
1
0.881386007002043
1
1
1
1
1
1
1
1
1
1
1
1
1
0.991722327014239
1
1
1
0.970305492446602
1
0.969753504708229
1
1
1
1
1
1
1
1
1
1
1
1
0.904564236898975
1
0.658325362276695
1
1
1
1
1
1
1
0.979146194917739
1
1
1
1
1
1
1
1
1
1
1
1
1
1
1
0.976180072667833
1
1
1
1
1
1
1
1
1
1
0.981837721689384
1
1
0.969753504708229
1
0.927116889720722
1
1
1
1
1
1
1
1
0.974491628453767
1
1
1
1
1
1
1
1
1
1
1
1
1
1
1
0.960366583544645
1
0.658685382716705
1
1
1
1
1
0.919957509965115
1
1
0.89066340929694
1
1
1
1
1
0.935676206111733
0.959651557887943
1
0.913407160314689
1
1
1
1
1
0.801109309814039
1
1
1
1
1
1
1
1
1
1
1
1
1
1
1
1
1
1
1
1
1
1
1
1
1
0.975030679301108
1
1
1
1
1
1
0.998602649074308
1
1
1
0.771817088555105
0.852733790500136
1
1
0.944251424136092
1
1
1
1
0.549201139575799
0.942277403506036
1
1
1
1
0.539760549152878
1
1
1
1
1
1
1
1
1
0.922046248124427
0.89442480918046
1
1
1
1
1
1
1
1
1
1
1
1
1
1
1
1
1
1
1
1
1
1
1
1
1
0.979778413009662
1
1
1
1
1
1
1
1
1
1
1
1
1
0.995381089045257
1
1
0.938415099219375
0.895967487909836
0.685830848215791
1
1
1
1
1
1
0.960004663315694
0.993719767280245
0.934395844006542
1
1
1
1
0.929191216545303
1
1
1
0.425997092375863
0.99655227306812
1
1
1
1
1
1
1
1
1
1
1
1
1
1
1
1
0.997706073674181
0.922046248124427
1
1
1
1
1
1
1
1
0.880747020845313
1
1
1
1
1
0.955025892906832
1
1
1
1
1
1
1
0.971472188714352
1
1
0.687242096463965
1
1
1
1
1
1
1
1
1
1
0.720650169909078
1
1
0.947142423526728
1
1
0.830855918311864
1
1
0.940259921750226
1
1
1
0.926947953672245
0.912706721585386
0.957646173494552
1
1
1
1
1
1
1
1
1
0.718816697420353
1
1
1
1
1
0.873215279819361
1
1
1
1
1
1
1
1
1
1
1
0.963771918835311
1
0.992888982256431
1
1
1
0.993719767280245
1
1
1
1
1
1
1
1
1
0.867466591485173
1
1
1
1
1
1
1
0.930657211785599
1
1
1
1
0.886126855634017
1
0.89066340929694
1
1
1
0.974491628453767
1
1
1
1
1
0.917859514469375
1
0.996905338065469
1
0.969440807231762
1
1
1
0.995381089045257
1
0.909023312297878
1
1
1
1
1
1
1
1
1
0.960366583544645
1
1
1
1
1
1
1
1
1
1
1
1
1
1
1
1
1
1
1
1
0.968191108883315
1
1
1
1
1
1
1
1
1
1
0.885487215780194
1
1
1
1
1
1
1
1
1
1
1
1
1
1
1
1
0.624327032819247
1
1
1
1
1
1
1
1
0.671309909371209
1
1
1
1
1
0.971293964095843
1
1
1
1
0.765991572491702
0.876935897819335
1
1
1
1
1
0.927116889720722
0.931608268875052
1
1
1
1
1
1
0.928735958558169
1
1
1
0.885371750682973
1
1
1
1
1
0.511795618058577
1
1
1
1
1
1
1
1
0.887990132691845
1
1
1
1
1
1
1
1
1
1
0.944251424136092
1
1
1
1
1
1
0.881109710597368
1
1
0.992248312326386
1
1
1
1
1
1
1
1
1
1
1
1
1
1
1
1
1
1
1
1
1
1
0.918848337236982
1
0.996043457830805
0.996905338065469
1
1
1
1
0.907922426563826
1
1
1
0.818232544180734
0.925533840829261
1
1
0.929490077026737
1
1
0.998602649074308
1
1
1
1
1
1
1
0.973486075971005
1
1
1
1
1
1
1
0.813617786460036
1
1
1
1
1
1
1
1
1
1
0.594091228974159
1
1
1
1
0.939466665966568
1
1
1
1
1
1
1
1
1
1
1
1
1
1
1
1
1
1
1
0.931608268875052
0.937635491776649
1
1
1
0.922046248124427
1
1
1
1
1
0.955177767095446
1
1
1
1
1
1
1
1
1
1
1
1
1
0.934352696844603
1
1
1
1
1
1
0.995475158072746
1
1
1
1
1
1
1
1
1
0.959324745108579
1
1
1
1
0.906177458231257
1
1
1
1
1
1
1
1
1
1
1
1
1
1
1
1
1
1
1
1
1
1
1
1
1
1
1
0.996905338065469
1
0.955025892906832
1
0.961928184664586
1
1
1
0.898203283927812
1
1
1
1
1
1
1
1
1
1
1
1
1
1
1
1
1
1
0.888672357423091
1
0.876800399962238
0.894759682097617
1
1
1
0.907870338134576
1
0.867648076327315
0.62663604209057
0.971472188714352
1
1
1
1
1
1
1
0.701362966763348
0.882916295328643
0.684620436920565
0.942277403506036
1
1
1
1
1
1
0.981918397646055
1
1
1
1
1
1
1
1
1
1
1
0.955453073873406
1
1
1
0.814071368888973
1
1
1
0.920572862863255
1
1
1
0.94300022798131
1
0.840712004069766
1
0.994258288555054
0.977532387426885
1
1
1
1
1
1
1
1
1
1
1
1
1
1
1
1
1
1
1
0.920966741548474
1
1
1
1
1
1
1
1
1
1
1
1
1
1
1
1
0.985832708022353
1
1
1
1
0.992610386599014
0.936479720745067
1
1
1
1
0.993801107563861
1
1
1
1
1
1
1
1
1
1
1
1
0.937059388113869
1
0.986665306689009
1
1
1
1
1
1
0.967032236117986
1
1
1
1
1
1
1
1
1
1
1
1
1
1
1
1
1
1
1
0.877590906005804
1
1
1
1
1
1
1
1
1
1
1
1
1
1
1
0.875616786140828
1
1
1
1
1
1
1
1
1
1
1
1
0.934395844006542
1
1
1
1
1
1
1
0.852733790500136
1
1
1
1
0.974814729805087
1
1
1
1
0.996905338065469
0.937031141366483
0.926774466490114
1
0.881386007002043
1
1
1
1
1
0.991722327014239
1
1
1
1
1
1
1
0.809680110057154
1
1
1
0.996443790675928
1
1
0.905762782341964
1
1
1
1
1
1
1
1
0.913573752715937
0.934789913219182
1
1
1
1
1
1
1
1
1
1
0.940928798130083
0.93556404502147
1
1
1
1
1
0.99655227306812
1
1
1
1
1
1
0.586617184587763
1
1
1
1
1
0.871729353369128
1
1
0.998401774384476
1
1
1
1
1
1
1
1
1
0.929191216545303
1
1
1
1
1
1
1
1
1
1
1
1
1
1
1
0.89066340929694
0.856369571239298
1
1
1
1
1
1
1
1
1
1
1
1
1
0.921641342048781
1
0.89442480918046
1
1
0.984877016690618
1
1
0.998602649074308
1
1
1
1
1
1
1
1
1
1
1
1
1
1
0.996443790675928
1
1
1
1
1
0.906836258625717
1
0.997626889677676
1
1
1
1
1
1
1
1
1
1
1
1
1
1
0.912706721585386
1
1
1
0.721753769595166
1
1
1
1
1
1
1
1
1
0.942317234704754
1
1
1
1
1
1
1
1
1
1
1
0.801595605978218
1
1
1
1
1
1
1
0.903057057206234
1
1
1
1
1
1
1
1
1
1
1
1
1
1
1
1
1
1
1
1
1
1
0.877280689043331
1
1
1
1
1
1
0.851593327323866
1
0.964529115096212
1
1
1
1
1
1
1
1
1
1
0.994356981149569
1
0.996905338065469
1
1
1
0.913407160314689
0.971472188714352
1
1
1
1
1
1
0.839306766259493
1
1
1
1
1
0.95074392745384
1
0.960366583544645
1
1
1
1
1
1
1
0.978423403511905
1
1
1
1
0.82353138787016
1
1
1
0.885819325650539
1
1
1
0.933246466864715
0.904075480878523
1
1
1
1
1
1
1
1
1
1
1
1
1
1
1
1
1
1
1
1
1
0.893246607363985
0.942277403506036
1
1
1
1
1
0.80117116652781
0.881386007002043
1
1
1
1
1
1
1
1
0.884485595879226
1
1
1
1
1
1
1
1
1
1
1
1
1
1
1
1
0.944965123583923
1
0.929191216545303
1
1
1
1
1
0.972606110238018
1
1
1
1
1
1
1
1
1
1
1
1
0.93272280864764
1
1
1
1
0.960004663315694
0.960366583544645
0.882916295328643
1
1
1
1
1
0.9488977075455
1
1
1
1
1
1
1
1
1
1
1
0.969440807231762
1
1
1
1
0.994356981149569
1
1
1
1
1
1
1
1
1
1
1
1
1
1
1
1
1
1
1
1
0.925262324067707
0.985832708022353
0.945428707152766
1
1
1
1
1
1
1
1
1
1
1
0.987283602996046
1
0.944965123583923
0.976815243303597
0.786518736342154
1
1
1
1
0.646334109830911
1
1
1
1
1
1
1
0.906177458231257
0.979237960279791
1
1
1
1
1
1
1
1
1
1
0.884485595879226
1
1
1
1
1
1
1
0.787503485545943
1
1
1
1
1
1
1
0.614141250897399
1
1
0.932038106680952
1
1
1
0.998401774384476
1
1
1
1
1
0.921641342048781
1
1
1
1
0.756816704447129
1
1
1
0.979778413009662
1
1
1
0.937635491776649
1
1
1
1
1
1
1
1
1
0.564529650672059
0.902475798291764
0.899912737506407
1
1
1
1
1
1
1
1
0.868991653961926
1
1
1
1
1
1
1
0.954606735503885
1
1
0.978219270889232
1
1
1
1
1
0.882916295328643
1
1
0.89148774644749
1
1
1
1
1
1
1
1
1
1
0.975612801709787
1
1
0.996905338065469
1
1
1
1
1
1
1
1
1
1
1
1
1
1
1
1
0.894759682097617
1
1
1
0.747185585026484
1
1
1
1
1
1
1
1
1
1
1
1
1
1
1
0.949640293564162
1
0.995381089045257
1
1
0.952456292610812
1
1
1
0.875616786140828
1
1
1
1
1
0.979237960279791
1
1
1
1
1
1
1
0.813617786460036
1
1
1
1
1
1
1
1
0.890088495871225
0.00155087444569632
1
1
1
1
1
1
1
1
1
1
1
0.854545664336569
1
1
1
1
1
1
1
1
0.794647985603893
1
1
1
1
1
1
0.881386007002043
1
1
1
1
1
1
1
1
1
1
0.976815243303597
1
1
1
1
1
1
0.882916295328643
1
0.999611034469879
1
1
1
0.885819325650539
1
0.841039760924747
1
1
1
1
1
0.897308219049762
1
1
1
1
1
0.941403614311882
0.868991653961926
1
1
1
1
1
1
1
1
1
1
1
1
0.993792676504241
0.786118924310908
1
0.867466591485173
1
0.915855508976653
1
1
1
1
1
1
1
1
1
1
1
1
1
1
0.881551687647431
1
1
0.571400911287102
1
1
0.664417651183059
1
1
1
1
1
1
1
1
1
1
1
1
0.632152631301289
1
1
1
1
1
1
1
1
0.853937143370796
1
1
1
1
1
1
1
1
0.934395844006542
1
0.499131284666659
1
1
1
1
1
1
1
1
1
1
1
1
1
1
1
1
1
1
1
1
1
0.972312729139676
1
1
1
1
1
1
1
1
1
0.390518758499245
1
1
0.929191216545303
1
1
0.984877016690618
1
1
1
1
1
1
0.990798922151063
1
1
1
1
1
0.916309654460248
1
1
1
1
0.977532387426885
1
1
1
0.918848337236982
1
1
1
1
1
1
1
1
1
1
1
1
1
1
1
1
1
1
1
1
1
1
1
1
1
1
1
1
1
1
1
1
1
1
1
1
1
1
1
1
1
1
1
1
1
1
1
1
0.875254667230851
1
1
0.592686869577065
1
1
0.919957509965115
1
1
1
1
1
1
1
1
0.973178000321804
1
1
1
1
1
1
0.925163822662342
1
0.974491628453767
1
0.983741732098298
1
1
1
1
1
1
1
1
1
1
1
1
1
1
1
1
1
1
1
0.996443790675928
1
1
1
1
1
1
1
1
1
1
1
1
0.89066340929694
1
1
0.99512363725256
1
0.987283602996046
1
1
1
1
1
1
0.981837721689384
0.997626889677676
0.864082118604476
1
1
1
1
1
0.981837721689384
1
1
1
1
1
0.971293964095843
1
1
1
1
1
0.89319068244959
1
1
1
0.871729353369128
1
0.44930442197131
1
1
0.932702712270038
0.929460229244212
1
1
1
1
1
1
1
1
1
1
1
1
1
1
1
1
1
1
1
1
1
1
1
1
1
1
1
1
1
0.907922426563826
1
1
1
1
1
1
1
1
1
1
1
1
0.927204387664115
1
1
1
1
1
1
1
1
1
1
1
0.992813269094657
1
1
1
1
1
1
1
0.860983820994804
1
1
1
1
1
1
1
1
1
1
0.93085361051337
1
1
1
1
1
1
0.92257622242104
1
1
1
1
0.994827117344603
1
1
1
1
0.982334794927304
1
1
0.972965904335364
1
0.616763239999764
1
1
1
1
1
1
1
1
1
1
1
1
1
1
1
1
1
1
1
1
1
0.955453073873406
1
1
1
1
1
1
1
1
1
1
1
1
1
1
1
1
1
1
1
1
1
1
1
0.89066340929694
1
1
1
1
0.888024307843753
0.919015908422731
1
1
1
1
1
1
1
1
1
1
0.994947551885056
1
1
0.933965554399454
1
1
1
1
1
1
1
1
1
1
1
1
1
0.939466665966568
1
1
1
1
1
0.972965904335364
1
1
1
0.953044377386783
1
1
1
1
0.732884557951634
1
1
1
1
1
1
1
0.978743006211924
1
1
1
1
1
0.905762782341964
0.847624000813346
1
1
1
1
1
1
1
1
0.973895492724611
1
1
1
1
1
1
0.997626889677676
1
1
1
1
1
1
1
1
1
1
1
1
1
1
1
1
1
1
0.817904936606795
1
1
0.970635729245389
1
1
0.886299092866389
0.571442016613739
0.933246466864715
1
1
0.996319715132896
1
1
1
1
1
1
1
1
1
1
1
1
1
0.220040453067297
1
1
1
1
0.955453073873406
0.839306766259493
1
1
1
1
0.839306766259493
0.974191977065949
1
1
0.794095223519982
0.913407160314689
1
1
1
0.916309654460248
1
1
1
1
0.923060879334135
0.966048493494264
0.998401774384476
1
0.987283602996046
1
0.796444625830832
1
1
1
0.769216830922754
0.906948883129252
1
1
1
1
1
0.904196229132769
1
1
1
0.934395844006542
1
0.918722624391642
1
0.919015908422731
1
1
1
1
0.998401774384476
1
1
1
1
1
1
1
1
1
1
1
0.920572862863255
1
1
1
1
1
1
1
1
1
0.638146140979469
0.961050845628168
1
1
1
1
1
1
1
1
0.993871291662867
1
1
1
0.905762782341964
1
1
0.982334794927304
1
1
1
1
1
0.932087057794959
1
1
1
1
1
1
0.757552408980655
1
1
1
1
0.653598213506195
1
1
1
1
1
1
1
1
1
1
1
1
1
1
1
1
1
0.435684186131295
1
0.343167129664415
1
1
1
1
0.89066340929694
0.487380668535194
1
1
1
1
1
1
1
1
1
0.963771918835311
1
1
1
1
1
1
0.971069384056837
1
0.929460229244212
1
1
1
0.867772485667447
1
1
0.979961620145792
0.909023312297878
1
0.883074111293554
1
1
1
1
1
0.879003419566905
1
1
1
1
1
0.995475158072746
1
1
1
1
1
0.993014857542216
1
1
1
1
1
1
1
1
1
1
0.978219270889232
0.761255510405653
1
1
1
1
1
1
1
0.918848337236982
1
1
1
0.941668140286026
1
1
1
1
1
1
1
1
0.893081994910052
1
0.412959582923603
1
1
1
1
1
1
0.979778413009662
1
1
1
1
1
0.960366583544645
1
1
1
1
1
1
0.615840257329326
1
1
1
1
0.984877016690618
1
1
1
1
1
0.797609669335238
1
1
0.881551687647431
1
1
1
1
1
1
1
1
0.881264495288215
0.892719555876299
1
1
1
1
1
1
1
1
1
1
1
1
1
1
0.924661027744763
1
1
0.987283602996046
1
1
1
1
1
0.960004663315694
1
1
1
1
1
1
1
1
1
1
1
1
1
1
1
1
1
1
1
1
1
0.881109710597368
0.552902670843312
1
1
1
1
1
1
1
1
1
1
1
0.684844007201724
1
1
1
1
1
0.974247110504914
0.952456292610812
0.885487215780194
1
1
1
0.909023312297878
1
1
1
1
1
1
1
1
1
0.607583809461285
0.978743006211924
1
0.994963128495604
1
1
1
1
1
1
0.971293964095843
1
0.90342525939342
1
1
1
1
1
0.996905338065469
1
0.923118482134642
0.972965904335364
1
1
1
0.994532546401484
1
1
1
1
1
0.865375562589504
1
1
1
1
1
1
0.975030679301108
1
0.967032236117986
1
1
1
1
1
1
1
1
1
1
1
1
1
1
1
0.665158027611878
1
1
1
1
1
1
1
1
1
1
1
1
1
1
1
1
1
1
1
1
1
1
1
1
1
1
1
1
1
1
1
1
1
1
1
1
1
1
1
0.963820581724521
1
1
0.926947953672245
0.973178000321804
1
1
1
1
0.905109215360845
1
1
1
0.624230670610873
0.876800399962238
1
1
1
1
1
1
1
1
1
1
1
1
1
1
1
1
1
1
1
0.918938813198982
1
1
1
1
1
1
1
1
1
1
1
1
1
1
1
1
1
1
1
1
1
1
1
1
1
1
1
1
0.867648076327315
1
1
1
1
1
1
1
1
1
1
0.99469968025688
1
1
1
1
1
1
1
1
0.996443790675928
0.196618183403984
0.976810847746966
1
1
1
0.595923148447386
0.97851397845122
1
1
1
0.979778413009662
1
1
1
1
1
1
1
1
1
1
0.772541284597809
1
1
1
1
0.990798922151063
1
0.993792676504241
1
1
1
0.979237960279791
0.742111803211015
1
1
1
1
1
0.99024870216667
1
1
1
1
1
0.968047918459423
0.993871291662867
1
1
1
1
1
1
1
1
1
1
1
1
1
1
1
1
1
1
1
1
1
1
1
1
1
1
1
1
1
1
1
1
1
1
0.67806411600836
1
1
0.996319715132896
1
0.930365380736015
0.982334794927304
1
1
1
1
1
1
1
1
1
1
1
1
0.949640293564162
1
0.994013537208615
1
1
0.826311261594163
1
1
1
1
0.85285455207304
1
1
1
1
1
0.974526279412844
0.873039249545347
1
1
1
1
1
1
1
1
1
1
1
0.968047918459423
1
1
1
1
0.973486075971005
1
1
1
1
1
1
1
1
1
1
1
1
1
0.959651557887943
0.994532546401484
1
1
1
1
1
1
1
1
1
1
1
1
1
1
1
1
1
1
1
1
1
1
1
1
1
1
1
1
0.943531245623768
1
1
1
1
1
0.966144846518017
1
1
0.927116889720722
1
1
1
0.905762782341964
1
1
1
1
1
1
1
1
1
0.813821899791821
0.486709830879365
1
1
1
1
0.959287561640049
1
1
1
1
1
0.906948883129252
1
0.949640293564162
1
0.953845869781452
1
1
0.993719767280245
0.982334794927304
1
1
1
1
1
1
1
1
1
1
1
0.928735958558169
1
1
1
0.987283602996046
1
1
1
1
1
1
0.669152380951706
1
1
1
1
1
1
1
1
1
1
1
1
1
0.526796556683657
1
0.49156583372262
1
1
1
1
1
0.99024870216667
1
1
1
1
1
1
1
1
1
1
1
1
0.81433441139487
0.833460097210946
0.95405502541139
1
1
0.986467979021283
0.9934730546667
1
0.99469968025688
0.89148774644749
1
1
1
0.826573871678187
1
0.979961620145792
1
1
0.981918397646055
1
1
1
1
0.931138981253935
1
1
1
1
1
1
1
1
1
1
0.982334794927304
1
0.9934730546667
1
1
1
0.940928798130083
1
1
1
1
1
1
1
1
1
1
1
1
1
1
1
1
1
1
1
1
1
1
0.886126855634017
1
1
0.883519617776709
1
1
0.904075480878523
1
0.977532387426885
0.847624000813346
1
1
1
1
1
0.956742691736379
1
0.994258288555054
1
0.920572862863255
1
1
1
0.904564236898975
0.918848337236982
1
1
1
1
1
1
0.854545664336569
0.574683318296706
1
1
1
1
1
1
1
1
0.925262324067707
1
1
1
1
1
1
1
0.979237960279791
1
1
1
1
1
1
1
1
1
1
1
1
1
1
1
1
0.981019663127586
1
0.955933123866902
1
1
0.809481516476365
1
0.937059388113869
1
1
0.994963128495604
1
1
1
1
1
1
1
1
1
1
1
1
0.922046248124427
1
1
1
1
1
1
1
1
1
0.988184258249726
1
1
1
1
1
1
1
1
1
1
1
1
1
1
1
1
1
1
1
0.835255882925403
1
0.965347215626427
0.979778413009662
1
1
1
1
1
1
1
1
0.878582310245466
1
0.886068839157592
1
1
1
0.832289467303498
1
1
1
1
1
1
1
1
1
1
0.977532387426885
0.909023312297878
1
1
0.981019663127586
0.929191216545303
1
0.862308376056755
1
1
0.967032236117986
1
1
1
1
1
1
1
1
0.988184258249726
1
1
1
0.921641342048781
1
1
1
1
1
0.985011905927029
1
1
1
1
1
1
1
1
1
1
1
1
1
1
1
1
1
1
1
0.981019663127586
1
1
1
1
1
1
1
1
1
1
1
1
1
1
1
1
1
1
1
1
1
1
1
1
1
1
1
1
1
1
1
1
1
1
1
1
1
1
1
1
1
1
1
0.960366583544645
0.998602649074308
1
1
1
1
1
1
1
1
1
0.985386903323485
1
1
0.8962546528851
1
1
0.930368840600453
0.916309654460248
1
0.893486402112403
1
1
0.853460847993338
1
0.977532387426885
0.799178853763648
0.849391647119158
1
1
1
1
1
1
1
0.80117116652781
1
1
0.997626889677676
1
1
1
1
1
1
1
1
1
1
1
1
1
1
1
1
1
1
1
1
1
1
1
1
0.975030679301108
1
1
1
1
1
1
1
1
1
1
1
1
1
1
1
1
1
1
1
0.966048493494264
1
1
1
1
0.885371750682973
0.902303836634851
1
1
1
1
1
1
1
1
1
1
0.949640293564162
1
1
1
1
1
1
1
1
1
1
1
1
1
1
1
1
1
1
1
1
1
1
0.968047918459423
0.981837721689384
1
1
1
1
1
1
1
1
1
1
1
1
1
1
1
0.904564236898975
0.982334794927304
1
1
1
1
1
1
1
0.996043457830805
1
1
1
1
1
1
1
1
1
1
1
1
1
1
0.96222397567491
1
1
1
1
1
1
1
1
1
1
1
1
1
1
1
0.968047918459423
1
1
0.885487215780194
1
0.99469968025688
1
1
1
0.876935897819335
1
0.742111803211015
1
1
1
1
1
1
1
1
1
1
1
1
1
1
1
1
1
0.985386903323485
1
1
1
1
1
0.972965904335364
1
1
1
1
0.747185585026484
1
1
1
1
1
1
1
1
1
1
1
1
1
0.960866218549681
1
1
1
1
1
1
1
1
0.932087057794959
1
1
1
1
1
1
1
0.99512363725256
1
1
1
1
1
0.97132051542297
1
1
1
1
1
1
1
1
1
1
1
1
1
0.909023312297878
1
1
1
0.992248312326386
1
1
1
1
0.993733181973289
1
1
1
1
1
1
1
1
1
1
0.516512279901664
1
1
1
1
1
1
0.998401774384476
1
1
1
1
1
1
1
1
1
1
1
1
1
1
1
1
1
1
1
1
1
1
1
1
0.90913376737851
1
1
1
1
1
1
0.9200657392097
1
1
1
1
1
1
1
0.916309654460248
1
1
1
1
1
1
1
1
1
0.799027648562699
1
1
1
1
1
1
1
1
1
1
1
1
1
1
1
0.991774055026328
1
0.922046248124427
0.952456292610812
1
1
1
1
1
1
1
1
1
0.940371265657366
1
1
1
1
0.832470345687088
1
1
1
1
1
1
1
1
1
1
1
1
1
1
0.923060879334135
1
1
1
1
1
1
1
1
0.967032236117986
1
1
1
1
1
1
1
1
1
1
1
0.940928798130083
1
1
0.980755980110699
0.890610095526262
0.979237960279791
1
0.913407160314689
1
1
0.724065604365126
1
0.923060879334135
1
1
1
0.394434159619826
1
1
0.951362668057023
1
1
1
0.999611034469879
1
0.926947953672245
1
1
0.898953391164526
1
1
1
1
0.669152380951706
1
1
1
1
1
1
1
1
1
1
1
1
1
0.925533840829261
1
1
1
1
0.836520137521518
1
1
1
1
1
1
1
0.932758168924014
1
1
1
1
1
0.384626118900105
1
0.944965123583923
0.793493075149147
0.986054404611092
0.976810847746966
1
1
1
1
1
1
1
1
1
1
0.898953391164526
1
0.95074392745384
1
1
1
0.994827117344603
1
1
1
0.832470345687088
0.795425258882201
0.968440851564296
1
0.995381089045257
0.880806058443627
1
1
1
1
1
0.939466665966568
1
1
1
0.886426521337987
1
1
1
1
1
1
1
0.943677984268624
1
1
1
1
1
1
1
1
0.951362668057023
1
1
1
1
1
1
1
0.751954655633356
0.853165672785359
1
1
0.995532937799835
1
1
1
0.61267534539138
1
0.994947551885056
1
1
1
0.996905338065469
1
1
1
1
1
1
1
0.858460188075424
1
1
1
0.998401774384476
1
1
1
1
1
1
1
1
1
1
1
1
1
1
1
1
0.929460229244212
1
1
1
0.8284146272527
1
0.997626889677676
1
1
1
1
1
1
1
1
1
1
1
1
0.995689857753584
1
1
1
0.964225731234151
1
1
1
1
1
1
1
1
1
0.758197946369706
0.6943177392898
0.976815243303597
1
1
1
1
1
1
1
1
0.889427659362502
1
1
1
1
1
1
1
1
1
1
1
1
1
1
1
1
1
1
1
1
1
1
0.641460804893243
1
0.89148774644749
0.983741732098298
1
1
1
1
1
1
1
0.926947953672245
1
1
1
1
1
1
1
1
1
1
1
1
1
1
1
1
0.995381089045257
1
1
1
1
1
1
1
1
1
1
0.99655227306812
0.981019663127586
1
1
1
1
1
1
1
1
1
1
0.953845869781452
1
1
1
0.975030679301108
1
1
1
1
1
0.902303836634851
1
0.878582310245466
0.950224943726649
1
1
0.748980820934433
0.956729700614222
1
1
1
1
1
1
1
1
1
1
1
1
1
1
1
1
1
1
1
1
1
1
1
0.965347215626427
1
1
1
1
0.994258288555054
1
1
1
1
1
1
1
1
1
1
1
1
1
0.996043457830805
1
1
1
0.801109309814039
1
0.994203501794612
1
1
1
1
1
1
0.89148774644749
1
0.960866218549681
1
1
1
1
1
1
1
1
1
1
1
1
1
1
1
1
1
1
1
1
0.940371265657366
1
1
1
1
0.940371265657366
1
1
0.9292838410856
1
1
1
1
0.86935399832747
1
1
1
1
1
0.91830497415287
1
0.906948883129252
1
1
1
1
1
1
1
1
1
1
1
1
1
1
1
1
1
1
1
1
1
1
1
1
1
1
1
1
1
1
0.632735616014239
1
0.979146194917739
1
1
1
1
1
1
1
0.889896369716349
1
1
1
1
1
1
1
0.882634219573067
1
1
0.978743006211924
0.868991653961926
1
0.940371265657366
1
0.99469968025688
1
1
0.924661027744763
1
1
1
1
1
1
1
1
1
1
1
1
0.96437664949064
1
0.833460097210946
1
0.975612801709787
1
0.929623871011182
1
1
0.996043457830805
0.920179854254887
1
1
1
1
1
1
1
0.994065474996334
1
1
0.966999630913417
1
1
1
1
1
1
1
1
1
1
0.983741732098298
1
1
1
1
1
1
1
1
1
1
1
1
1
1
1
0.95405502541139
1
1
1
1
1
1
1
1
0.885487215780194
1
1
1
1
1
1
1
1
1
1
1
1
0.986054404611092
1
1
1
1
1
1
1
0.985832708022353
1
0.960366583544645
1
1
1
1
1
1
0.88900665687035
0.722093852316132
1
1
1
1
1
1
1
1
1
1
1
1
1
1
1
1
1
1
0.629494015593302
1
0.607362050427482
1
1
1
1
1
1
1
1
1
1
1
1
1
1
1
1
1
0.994947551885056
1
1
1
1
1
0.888672357423091
1
1
0.995701101579059
1
1
1
1
1
0.652609763629566
1
1
1
1
1
1
1
1
1
1
1
1
1
1
0.831152429972492
1
1
1
1
1
1
1
1
1
1
1
1
1
1
1
1
1
1
1
1
1
1
1
1
1
1
1
1
1
1
1
1
1
1
1
0.896887325671949
1
1
1
1
1
1
1
1
1
0.994258288555054
1
1
1
1
1
1
0.919021631693287
1
0.997626889677676
1
1
1
1
0.977532387426885
1
1
0.975030679301108
0.902498300297283
1
1
1
1
1
0.933502546056865
1
1
1
1
1
1
1
1
1
1
1
1
0.99655227306812
1
1
1
1
1
0.972953005974949
1
1
1
1
1
1
1
1
1
1
0.909023312297878
1
0.853937143370796
1
0.835433912391089
1
1
1
1
1
1
1
1
1
1
1
1
1
1
1
1
1
1
1
0.92257622242104
1
1
1
1
0.990798922151063
1
0.992979394530495
1
1
1
1
0.994827117344603
1
0.955025892906832
1
1
1
0.932702712270038
1
0.916309654460248
0.986054404611092
1
1
1
0.919193818122383
1
0.777385806231323
0.907870338134576
0.979146194917739
1
0.942277403506036
0.787519314469312
0.480994539018977
1
0.996905338065469
1
1
1
0.606287663348563
1
0.997706073674181
1
0.932702712270038
1
1
1
1
1
1
1
1
1
1
1
1
1
1
1
1
0.904564236898975
0.920966741548474
1
1
1
0.995381089045257
1
1
1
1
0.99512363725256
1
0.888024307843753
1
1
0.994203501794612
0.993792676504241
1
1
0.969015414941491
1
0.863793326793151
1
1
1
1
1
0.735867932599819
1
1
0.998602649074308
1
1
1
1
1
1
1
0.963771918835311
0.978219270889232
1
1
0.793769301317316
1
1
1
0.997626889677676
1
1
1
1
1
1
1
0.786518736342154
1
1
1
1
0.519973637894132
0.935676206111733
1
1
1
1
0.994356981149569
1
1
1
0.878582310245466
0.847624000813346
1
1
1
1
0.766519722288308
1
0.886126855634017
1
1
1
1
1
1
1
0.926719827845007
1
1
1
0.918848337236982
1
1
1
1
1
1
1
1
0.984877016690618
0.762826827125128
1
1
1
1
1
1
1
1
1
1
0.852733790500136
1
0.911235779927172
1
0.942317234704754
1
1
0.927204387664115
1
1
1
1
1
0.813821899791821
1
1
0.969753504708229
1
1
1
1
1
1
0.806300060306905
0.931608268875052
1
1
1
1
0.852868635398586
1
1
1
1
1
1
0.934746886891894
1
1
1
1
1
1
1
0.877280689043331
1
1
1
0.996043457830805
1
1
1
1
1
0.792369110885374
1
1
1
1
1
1
1
1
0.793177321465483
1
1
1
1
1
1
1
1
0.859948123566497
0.967032236117986
0.90697729550937
1
0.995701101579059
1
1
1
1
0.148087923974677
1
1
0.979778413009662
1
1
1
1
1
1
1
1
1
1
1
1
1
1
1
0.944044705402752
1
1
1
0.92523279823026
1
1
1
1
1
1
1
1
0.873215279819361
0.85285455207304
1
1
1
1
1
1
1
1
1
1
1
1
1
1
1
1
0.971472188714352
1
1
1
1
1
1
1
1
1
1
1
1
1
1
1
1
1
1
1
1
1
1
1
1
1
1
1
1
1
1
0.969753504708229
1
1
1
0.963351158061272
1
0.99024870216667
1
0.952456292610812
1
1
0.983808440329328
1
0.867747166643006
1
0.996905338065469
0.866019535531461
1
0.99512363725256
1
1
1
1
1
1
1
1
1
1
1
0.942277403506036
1
1
1
1
1
0.621391261856897
1
1
1
1
1
0.985011905927029
1
0.787234870292668
1
1
1
1
1
1
0.878582310245466
1
1
1
1
1
1
1
1
1
1
1
1
1
1
0.886068839157592
1
0.425309397583965
1
1
0.994356981149569
1
1
1
0.881386007002043
1
1
0.9200657392097
0.721753769595166
1
1
1
1
0.996319715132896
1
1
1
1
1
1
1
0.996443790675928
1
1
1
0.968896141680611
1
0.892719555876299
0.70448460445958
0.939308073745371
1
1
1
1
1
1
1
1
1
1
0.949640293564162
0.724737391130598
0.997626889677676
1
1
1
1
0.992572164317316
1
1
1
1
1
1
1
1
1
1
1
0.937635491776649
1
1
1
1
1
1
1
1
1
1
1
1
1
1
1
1
1
1
0.966048493494264
1
1
1
1
1
1
1
1
1
1
1
1
1
1
0.977532387426885
1
1
0.99655227306812
1
1
1
1
1
1
1
1
1
1
0.440811605228509
1
1
1
1
0.801109309814039
0.87470065763793
1
0.996043457830805
1
1
1
1
1
0.999611034469879
1
1
0.94300022798131
1
1
0.813617786460036
1
1
1
1
1
1
1
1
1
0.940928798130083
1
1
1
1
0.994356981149569
1
1
1
1
1
0.981837721689384
1
0.976180072667833
1
1
1
1
1
1
1
1
1
1
1
1
1
1
0.934794925527066
1
0.909023312297878
1
1
1
1
0.920572862863255
1
1
1
1
1
1
1
1
1
0.99469968025688
1
1
1
1
1
1
1
1
1
1
0.570079562378161
0.24889501259704
0.909023312297878
1
1
1
1
0.881264495288215
1
1
1
0.859354006065007
1
1
1
1
1
1
0.867772485667447
1
1
1
0.984877016690618
1
1
1
1
0.995381089045257
1
1
0.955453073873406
1
1
1
1
0.978743006211924
1
1
1
1
1
1
1
1
1
1
1
0.857588867837621
1
1
1
1
1
1
1
1
1
1
1
0.916227695569903
0.905762782341964
1
1
1
1
1
1
1
1
1
1
0.170374687948199
1
1
1
1
1
1
1
0.977532387426885
1
1
1
1
1
1
1
1
1
1
1
1
1
1
0.787519314469312
1
1
1
1
1
0.937635491776649
1
1
1
1
1
1
1
1
0.960004663315694
1
1
1
1
1
1
1
1
1
1
1
1
1
1
0.976815243303597
1
1
1
1
1
0.929460229244212
1
0.996043457830805
0.959287561640049
1
1
1
1
1
1
1
1
1
1
1
0.985386903323485
1
1
1
1
1
1
1
1
1
1
1
1
1
1
0.87012277987125
1
1
0.997706073674181
0.885487215780194
1
1
1
1
1
1
1
1
1
1
1
1
1
1
1
1
1
0.952679424859693
1
1
1
1
1
1
1
1
0.905762782341964
0.925163822662342
1
0.85285455207304
1
1
1
1
1
0.940534523341198
1
0.642136983885993
1
1
1
1
1
0.984014320447875
1
1
0.944044705402752
1
0.859948123566497
1
1
1
1
0.758878351507352
0.974491628453767
1
0.975612801709787
0.963351158061272
0.542700495795296
1
0.897861984710844
1
1
1
1
1
1
1
0.996905338065469
1
0.964529115096212
0.992610386599014
1
0.959710233908939
1
1
1
1
0.993792676504241
1
1
1
0.80117116652781
0.940928798130083
1
0.987283602996046
1
1
0.904564236898975
1
1
1
0.418972684478472
0.994258288555054
1
1
1
1
1
1
1
1
1
1
0.944489652569536
1
1
0.952490904805219
1
0.99024870216667
0.933965554399454
1
1
1
1
1
1
1
1
1
1
0.995701101579059
1
1
1
1
1
1
1
1
1
1
0.943677984268624
1
1
1
1
0.897308219049762
1
1
1
1
1
1
1
1
0.841530155916457
1
1
0.996043457830805
1
1
0.870636422866705
1
1
1
1
1
1
1
0.966144846518017
1
1
1
1
1
1
1
0.85285455207304
1
1
0.940371265657366
1
1
1
1
1
1
1
1
1
1
1
1
1
1
1
1
1
0.928587073248414
1
1
1
1
0.991818765866437
1
1
1
1
1
1
0.993733181973289
1
0.972965904335364
0.975030679301108
1
0.920739554965447
1
1
1
1
0.325005096332389
1
1
1
1
1
1
1
1
1
1
0.870524951854796
0.983741732098298
1
1
1
1
1
1
1
1
1
1
1
1
1
1
1
1
1
1
1
0.964225731234151
0.998401774384476
1
1
1
1
1
0.882916295328643
1
1
1
1
1
1
1
1
1
1
1
1
1
1
1
1
1
1
1
1
1
1
1
1
1
1
1
1
1
1
0.887990132691845
1
1
1
1
1
1
1
1
0.976810847746966
1
0.973178000321804
1
1
1
1
0.764767722225152
1
1
1
1
1
1
1
1
1
1
0.933271910613467
1
0.927204387664115
1
1
1
0.935676206111733
1
1
1
1
1
1
1
1
0.920853984077881
1
1
0.540716351020492
1
1
1
1
1
1
1
1
1
0.898953391164526
1
1
1
1
1
1
1
1
0.609931453615663
1
1
1
1
1
1
1
1
0.992610386599014
1
1
1
0.959136651291255
1
1
1
0.995701101579059
0.934395844006542
0.928587073248414
1
1
0.99024870216667
1
0.928298447022229
1
1
1
1
1
1
1
1
1
1
1
1
1
1
0.972606110238018
0.715128712157564
1
1
1
1
1
1
1
1
1
1
1
1
1
1
1
0.93085361051337
0.969313910422418
1
1
1
1
1
1
1
1
0.925533840829261
1
1
0.975612801709787
1
1
1
1
0.985386903323485
1
1
1
1
1
1
1
1
1
0.826311261594163
0.99512363725256
0.993801107563861
1
1
1
0.969313910422418
1
1
1
0.594848409924386
1
1
1
1
1
1
0.99655227306812
1
0.884485595879226
1
0.970777450798291
1
0.89148774644749
1
1
1
1
1
1
0.995381089045257
1
1
1
0.966999630913417
1
0.876146169740438
1
0.889896369716349
1
1
1
0.981918397646055
1
1
0.573471503336476
1
1
0.944950040385195
0.902303836634851
0.993923835389774
1
1
1
1
0.995381089045257
1
1
1
0.91590647731725
1
0.952456292610812
1
0.902295467030888
1
1
1
1
0.993719767280245
1
1
1
0.970305492446602
0.882634219573067
1
0.960366583544645
1
1
1
1
0.9488977075455
1
1
1
1
0.89319068244959
1
1
1
1
1
0.97132051542297
1
1
1
1
1
1
1
1
0.22636754488524
1
1
1
1
1
1
1
1
0.963428566348457
1
1
1
1
1
1
0.960004663315694
1
1
1
1
1
1
1
1
1
1
0.956694466684781
1
1
1
1
0.843503387172247
1
1
1
1
1
0.974247110504914
1
0.537394612980992
1
1
1
1
1
0.994065474996334
1
1
1
1
1
1
1
1
1
0.99469968025688
1
1
1
1
1
1
0.994013537208615
1
1
1
1
1
1
1
1
1
1
1
1
1
1
1
1
0.975612801709787
1
1
1
1
1
1
0.923460086028346
1
1
0.871735935812608
0.854741246498265
1
1
1
1
1
0.981837721689384
1
1
1
0.949640293564162
1
0.947142423526728
1
1
1
1
1
1
1
1
1
1
1
1
1
0.994065474996334
0.99512363725256
1
1
1
1
0.979778413009662
1
1
0.931715818434673
1
1
0.979961620145792
1
0.997626889677676
0.909023312297878
0.845736383564941
1
1
1
1
1
1
1
1
1
1
1
1
1
1
1
1
1
1
1
0.969015414941491
0.637861189987726
1
1
1
1
1
1
0.991722327014239
1
1
1
1
1
1
0.949640293564162
1
0.991774055026328
1
1
0.936479720745067
1
1
1
1
1
0.996905338065469
1
0.970650828142728
1
1
0.642739802860373
1
1
1
1
1
1
1
1
0.468125361770391
1
0.909023312297878
1
1
1
1
1
1
1
1
1
1
1
0.977532387426885
1
1
0.978423403511905
0.93556404502147
0.768262619038796
0.944965123583923
1
0.826311261594163
1
0.995701101579059
0.886068839157592
1
1
1
1
1
1
1
1
1
1
1
1
0.851756928495909
1
0.974247110504914
1
1
1
0.889283781538201
1
1
0.979237960279791
1
1
1
0.811664948603718
1
0.902303836634851
1
1
1
1
1
1
1
1
1
1
1
1
1
1
1
1
0.561643916699215
1
1
1
1
1
1
1
1
0.933271910613467
1
1
1
0.995689857753584
0.925533840829261
1
1
1
0.966048493494264
1
1
1
1
1
1
1
0.599579078430801
1
1
0.996043457830805
0.921766751276311
1
1
1
1
1
1
0.959136651291255
1
1
1
1
1
1
1
1
1
1
0.897861984710844
1
1
1
1
1
1
1
1
0.957731192782777
1
1
1
1
1
1
1
1
1
1
1
1
1
1
1
0.9200657392097
1
0.969313910422418
1
1
0.916597350618487
1
1
1
1
1
0.848079186461894
1
1
1
1
0.841039760924747
1
0.9294767913362
0.996443790675928
1
1
1
1
1
1
0.976810847746966
1
0.853165672785359
1
0.881386007002043
1
1
1
1
0.979778413009662
1
1
1
0.975030679301108
1
1
0.909023312297878
1
1
1
1
1
1
0.868991653961926
1
1
1
0.971472188714352
0.960366583544645
1
1
1
0.878582310245466
1
1
1
1
1
1
1
0.994963128495604
1
1
1
1
1
1
0.978423403511905
1
1
0.864082118604476
1
0.925533840829261
0.968047918459423
1
1
0.982334794927304
1
0.944251424136092
0.969475298747845
1
1
1
0.959651557887943
1
1
1
0.992572164317316
1
1
1
0.269747984757216
1
0.955408247665237
0.339841757183427
1
1
1
1
1
0.917859514469375
1
1
1
0.875616786140828
1
1
0.969313910422418
1
1
1
1
0.992854500731705
1
1
0.910582721591865
1
1
1
1
1
0.89148774644749
1
0.995701101579059
1
1
1
1
0.932038106680952
1
1
1
0.983741732098298
1
1
1
1
1
0.849391647119158
1
1
1
1
1
1
1
0.960004663315694
0.787503485545943
1
1
1
0.981918397646055
1
1
0.493146343064488
1
1
1
1
1
1
1
1
0.995701101579059
1
1
0.930365380736015
1
1
1
1
0.993014652796178
1
1
1
1
1
0.880747020845313
1
0.992854500731705
1
1
1
1
1
1
1
1
1
1
1
1
1
1
1
0.996043457830805
1
0.993923835389774
1
0.99024870216667
0.967032236117986
1
1
1
1
1
1
1
1
0.996905338065469
1
1
0.92444283622393
1
1
1
1
1
1
1
1
1
1
1
0.934395844006542
1
1
1
1
1
1
1
1
0.999611034469879
1
1
1
1
1
0.937635491776649
1
1
1
1
0.935156500016897
1
1
1
0.95405502541139
1
1
1
1
1
1
1
1
1
1
1
1
1
1
0.985832708022353
1
1
1
1
0.932702712270038
1
0.996443790675928
1
1
1
1
1
1
1
0.99655227306812
1
1
1
0.856369571239298
1
0.949607903518615
1
1
1
1
1
1
1
1
1
1
1
1
1
1
0.959710233908939
1
1
1
1
0.982334794927304
1
1
1
0.994065474996334
1
1
1
1
1
1
1
1
1
1
0.895967487909836
1
1
1
1
1
1
1
1
1
1
1
1
1
1
1
1
1
1
1
1
0.721265683937625
1
1
1
1
1
1
1
0.899912737506407
1
0.918848337236982
1
1
0.973895492724611
1
1
1
0.938664213318038
0.947142423526728
0.454453948712634
1
1
1
0.9934730546667
1
1
1
0.868991653961926
1
1
1
1
1
1
1
1
1
1
1
1
1
1
0.976810847746966
1
1
1
1
1
1
1
1
1
1
1
1
1
1
1
1
1
0.929191216545303
1
0.892719555876299
1
1
1
1
1
0.916309654460248
1
0.882916295328643
1
1
0.943677984268624
0.960004663315694
1
1
1
0.991722327014239
1
1
1
1
1
1
1
1
1
1
1
1
1
1
1
1
1
0.881551687647431
1
1
1
1
1
1
1
1
1
1
1
1
1
1
0.997626889677676
0.837241019389597
1
1
0.442399070566833
1
1
1
1
1
1
1
1
0.333952582996953
1
1
1
1
0.95405502541139
1
0.929460229244212
1
1
1
0.932852430059213
1
1
1
0.86381521180645
1
1
0.931608268875052
1
1
1
1
1
1
1
1
0.959287561640049
0.919572230834981
1
0.907870338134576
1
1
1
1
1
1
1
1
1
1
1
1
1
1
1
1
1
1
1
1
0.960004663315694
1
1
1
1
1
1
1
1
1
1
0.945428707152766
1
1
1
1
1
1
1
1
1
1
1
1
1
1
1
1
1
1
1
0.99024870216667
1
1
1
1
1
1
1
1
1
1
0.836669620937809
1
1
1
1
1
1
0.93272280864764
1
1
1
1
1
1
0.822225518001524
1
1
1
1
1
1
1
1
0.96222397567491
1
1
1
1
1
1
1
1
1
1
1
1
0.960866218549681
1
1
1
1
0.958263533205674
1
1
1
1
1
1
0.976180072667833
0.973895492724611
1
1
1
0.970650828142728
1
1
1
0.959710233908939
1
1
1
1
0.969313910422418
1
0.934746886891894
1
1
1
1
1
1
1
1
1
1
0.929191216545303
1
1
0.678994467225033
1
1
1
1
1
1
1
1
1
1
1
1
0.997626889677676
1
1
1
1
1
1
1
1
1
1
1
1
1
1
1
1
1
1
1
1
1
1
0.896777945837233
1
1
1
1
1
1
1
1
1
1
1
1
1
1
1
1
1
1
1
1
1
1
1
1
0.9488977075455
1
1
1
0.960866218549681
1
0.996319715132896
0.87012277987125
1
0.997626889677676
0.992248312326386
1
1
1
1
1
1
1
1
1
1
1
1
1
1
1
1
1
1
1
1
1
1
1
1
1
1
1
1
1
1
1
1
1
1
1
1
0.990798922151063
0.933246466864715
1
1
1
1
0.929191216545303
1
1
1
1
1
0.999611034469879
1
1
1
1
0.885253546783263
1
1
1
1
0.93272280864764
1
1
1
1
1
1
1
0.930365380736015
1
1
1
1
0.913407160314689
0.995381089045257
0.885819325650539
1
1
1
1
1
1
1
1
1
1
1
1
1
1
1
1
1
1
0.918848337236982
1
1
1
1
1
1
1
1
1
1
1
1
1
1
1
1
1
1
1
1
1
1
1
1
1
0.987283602996046
1
1
1
1
1
1
1
1
1
1
0.887990132691845
1
1
0.998401774384476
1
1
1
1
1
1
1
1
1
1
1
1
1
1
1
0.768335997837612
1
1
1
1
1
1
1
1
1
1
1
1
1
1
1
1
1
1
1
1
1
1
1
1
1
0.899912737506407
1
1
1
1
1
1
1
1
1
0.938664213318038
1
1
1
1
1
1
1
1
1
1
1
1
1
1
1
1
1
1
1
1
1
1
1
1
1
1
0.898953391164526
0.849097711821224
1
1
1
1
0.840566414472428
1
1
1
1
1
0.930466363343693
1
1
1
1
1
0.864210866664196
1
1
1
1
1
1
1
1
1
1
1
1
1
1
1
1
1
1
1
1
1
1
1
1
0.975612801709787
1
0.99655227306812
1
1
1
0.918796543970722
1
1
0.620035307039341
1
1
1
1
1
1
1
0.943531245623768
1
1
1
1
1
1
1
1
0.947088065019955
1
1
1
1
1
1
1
1
1
1
1
1
1
1
1
1
1
1
1
1
1
1
1
1
1
1
1
1
1
1
1
1
1
1
0.826311261594163
1
1
1
1
1
0.968440851564296
1
1
1
1
1
1
1
0.815955474211751
1
1
1
1
0.959651557887943
1
1
1
1
1
0.715128712157564
1
1
1
1
1
1
1
1
1
1
1
1
1
1
1
1
1
1
1
1
1
1
0.851932378999791
1
1
1
1
1
0.963543633257239
1
1
0.994947551885056
1
1
1
1
1
0.713409274196646
1
1
1
1
1
1
1
1
1
1
1
1
1
1
1
1
1
1
1
1
1
1
1
1
1
1
1
1
1
1
1
1
1
0.658906433926886
1
0.799577116999227
1
1
1
1
1
1
1
0.796444625830832
1
1
1
0.931608268875052
0.9200657392097
1
1
0.996319715132896
1
1
1
1
1
1
1
1
1
1
1
1
0.976810847746966
1
1
1
1
1
1
1
1
1
1
1
1
1
1
0.771281589740557
0.916227695569903
1
1
1
0.981019663127586
1
1
1
1
1
0.895967487909836
1
1
1
1
1
1
1
1
0.741773168868328
0.87012277987125
1
0.87470065763793
1
1
1
1
1
0.920739554965447
1
1
1
1
1
1
1
0.922046248124427
1
1
1
1
1
1
0.986665306689009
1
1
0.740403403251122
1
1
1
1
1
1
1
1
1
1
1
1
1
1
1
1
1
0.996905338065469
1
1
1
1
0.993871291662867
1
1
0.99024870216667
1
1
1
1
1
1
0.996043457830805
1
0.940371265657366
1
1
1
0.970305492446602
0.880806058443627
1
0.932668774067039
1
0.921641342048781
0.753189581985812
1
1
1
1
1
0.979961620145792
1
0.974491628453767
1
1
0.721348340334265
1
0.954606735503885
1
1
1
1
1
0.975762998686478
1
1
1
1
1
1
1
1
1
1
1
1
0.976810847746966
1
1
1
1
1
1
0.886601657316349
1
1
0.836520137521518
1
1
1
1
1
1
1
1
0.871735935812608
1
1
1
1
1
1
0.998602649074308
1
1
1
1
1
0.985386903323485
1
1
1
1
1
1
1
0.955453073873406
1
0.994827117344603
1
1
1
1
1
1
1
1
1
1
1
1
1
0.769216830922754
1
1
1
1
1
1
1
1
1
0.923460086028346
1
1
1
1
1
1
0.97851397845122
1
0.99469968025688
0.880806058443627
1
1
1
1
0.999611034469879
1
1
1
1
1
0.996443790675928
0.956729700614222
0.966144846518017
1
1
1
1
1
1
1
1
1
1
1
1
1
1
1
0.418972684478472
1
1
1
1
1
1
1
1
1
1
1
1
1
1
1
1
1
1
0.817703833777899
1
1
1
1
1
1
1
1
0.715128712157564
1
1
1
1
1
1
1
1
1
1
1
1
0.862308376056755
1
0.590194683161823
1
1
1
1
0.882634219573067
1
1
1
1
1
1
1
1
1
1
1
1
1
1
1
0.978219270889232
1
1
0.960004663315694
1
1
0.758197946369706
1
1
1
1
1
1
1
1
0.929191216545303
1
1
0.863895188751853
1
1
1
0.994356981149569
0.936479720745067
1
1
1
1
1
1
1
0.984014320447875
1
1
0.995475158072746
1
1
0.910582721591865
1
1
1
1
1
1
1
1
1
0.93272280864764
1
1
1
0.944489652569536
1
1
1
0.95074392745384
1
1
1
1
1
1
1
1
1
1
1
1
1
0.885487215780194
1
1
1
1
1
1
1
1
1
1
1
1
0.857588867837621
1
1
1
1
0.830539468334841
0.630461109281151
1
1
1
1
1
1
0.969753504708229
1
1
1
1
1
1
1
1
1
1
0.955453073873406
1
1
0.94780552091011
1
1
0.896887325671949
1
0.982334794927304
1
1
1
1
1
1
1
1
1
1
0.916227695569903
1
1
1
1
1
1
1
0.831436765184785
1
0.91590647731725
1
1
1
1
0.828009635426768
1
0.9488977075455
1
1
1
1
1
1
1
1
1
1
1
1
1
1
1
1
0.929460229244212
0.913407160314689
0.994827117344603
1
0.960866218549681
0.9200657392097
1
1
1
1
1
1
1
0.510981402420565
0.978423403511905
0.972965904335364
1
1
1
1
1
0.99024870216667
0.979237960279791
1
1
1
1
1
1
1
1
0.972965904335364
1
1
1
1
1
1
1
0.900232138660433
1
1
1
1
1
1
0.987121066960855
1
1
0.997626889677676
1
1
1
1
1
0.868991653961926
0.773657945198589
1
1
0.937059388113869
0.984014320447875
0.992610386599014
1
1
1
1
1
1
1
1
1
1
1
0.934746886891894
0.799027648562699
1
1
1
1
1
1
1
1
1
1
1
1
1
1
1
1
1
1
1
1
1
1
1
1
1
1
1
1
1
0.681590227975634
1
1
1
1
1
1
1
1
0.99469968025688
1
1
1
1
1
1
1
1
1
1
1
1
1
1
1
1
0.99024870216667
1
0.854947468139107
1
1
1
1
1
1
1
1
1
0.235014378272157
1
1
0.830539468334841
1
1
1
1
1
1
1
1
1
1
1
1
1
1
1
1
1
0.944044705402752
1
1
1
1
1
1
1
1
0.672252010309579
1
1
1
1
1
1
0.99512363725256
1
1
1
0.983808440329328
1
1
1
1
1
1
1
1
1
1
1
1
1
1
0.673154970562505
1
1
1
1
1
1
1
1
1
0.931895942832202
1
1
1
0.984573570008394
1
1
1
1
1
1
1
1
1
0.302232003828029
1
1
1
1
0.803390703824163
1
1
0.893148430107163
1
1
1
0.99024870216667
1
0.994947551885056
1
1
1
1
0.721753769595166
1
1
1
1
1
1
1
1
1
1
1
1
1
1
1
0.973178000321804
1
1
1
1
1
1
1
0.96222397567491
1
1
1
1
1
1
1
1
1
1
1
1
1
1
1
0.979237960279791
1
0.942277403506036
1
1
1
0.910582721591865
1
1
1
1
0.995475158072746
1
1
0.993014652796178
1
1
1
1
1
1
1
0.99469968025688
1
1
1
1
1
1
0.932428850339453
1
1
0.9934730546667
1
0.99512363725256
1
1
0.934395844006542
1
1
1
0.955025892906832
1
0.95405502541139
0.992982829158839
1
0.722045891406065
1
1
1
1
0.81825478025911
1
1
1
1
1
0.993792676504241
1
1
1
0.897308219049762
1
1
1
1
1
1
0.936479720745067
1
1
0.97851397845122
1
1
1
1
1
1
0.978423403511905
1
1
1
1
0.89442480918046
1
0.905109215360845
1
0.955453073873406
1
1
0.972965904335364
1
1
1
1
1
1
1
1
1
0.996905338065469
1
1
1
1
0.85285455207304
1
1
1
1
1
1
1
1
1
1
1
1
1
1
1
1
1
1
1
1
0.99024870216667
1
0.978219270889232
1
1
1
1
1
1
1
1
1
1
1
1
1
0.904075480878523
1
1
1
1
1
1
1
1
0.983741732098298
1
1
0.971472188714352
1
0.995689857753584
1
1
1
1
0.957716398435797
1
1
1
1
1
1
1
0.904980899089459
1
0.949640293564162
1
1
1
1
1
1
1
0.913573752715937
1
1
0.992888982256431
0.673480422658756
1
1
1
1
1
1
1
1
1
1
1
1
0.929191216545303
1
1
1
1
1
1
1
1
0.970305492446602
1
1
0.919957509965115
1
1
1
1
1
1
1
1
1
1
0.906548827190563
1
1
1
1
0.918722624391642
1
1
1
0.954606735503885
1
0.629494015593302
1
1
1
0.972606110238018
1
1
1
1
0.99512363725256
0.995475158072746
1
1
1
1
1
0.946849063791946
1
1
0.944965123583923
1
1
1
1
1
1
1
1
0.973178000321804
1
1
1
1
1
1
1
1
1
1
1
1
1
1
0.904075480878523
0.343377537927594
0.887990132691845
1
1
1
1
1
1
1
0.966144846518017
1
1
1
1
1
1
1
1
1
0.823274746910606
1
1
1
1
1
1
1
1
1
1
1
0.944965123583923
1
1
1
1
1
1
1
1
1
1
1
1
1
1
1
0.971472188714352
1
1
1
1
1
0.975030679301108
0.963820581724521
1
0.688920115968168
1
1
1
1
1
1
0.99469968025688
1
1
0.837241019389597
1
1
1
1
1
1
1
1
0.880991289456294
1
1
1
1
1
1
0.994203501794612
0.702256722373162
1
1
1
1
1
1
1
1
1
1
1
1
0.981837721689384
1
0.780401535884472
1
0.938664213318038
0.881386007002043
1
1
1
0.95335064217417
1
1
0.994203501794612
1
1
1
1
1
1
1
0.934794925527066
1
1
1
1
1
1
1
0.909023312297878
1
1
1
1
0.999611034469879
1
1
1
1
1
1
1
1
1
1
1
1
1
1
1
1
0.854545664336569
0.877590906005804
0.982334794927304
1
1
1
1
1
1
1
0.960004663315694
1
1
1
1
0.99655227306812
0.994258288555054
1
1
1
1
1
0.994947551885056
0.8284146272527
1
1
1
1
0.960004663315694
1
0.849446997074126
1
1
1
0.835704334466506
0.973178000321804
1
0.886126855634017
1
1
1
1
1
1
0.993014652796178
1
1
0.977532387426885
1
1
1
1
1
1
1
1
1
1
1
0.909023312297878
1
1
1
1
1
1
1
1
0.866019535531461
1
1
1
0.928224609802717
1
1
1
1
1
1
1
1
1
1
1
1
1
1
0.263934817408982
1
0.933965554399454
1
1
1
0.972312729139676
1
1
1
1
1
0.575107851006244
1
1
1
1
0.986054404611092
1
1
1
1
0.984014320447875
1
1
0.92257622242104
1
1
1
1
1
1
1
1
1
1
1
1
0.994947551885056
1
1
1
0.990798922151063
1
1
1
1
1
1
0.885819325650539
1
1
1
1
1
1
1
1
1
1
1
0.885487215780194
1
1
1
0.794993941598406
1
0.915855508976653
1
1
1
1
1
1
1
1
1
0.945428707152766
1
1
1
1
1
1
0.995381089045257
1
1
1
1
1
1
1
1
1
1
1
1
1
1
0.92257622242104
1
1
1
1
0.765991572491702
0.878716659858006
1
1
0.907922426563826
1
0.927204387664115
1
1
1
1
1
1
1
0.840712004069766
1
1
1
1
1
1
1
1
1
1
0.970635729245389
1
1
0.929490077026737
1
0.944950040385195
1
0.876800399962238
1
0.932758168924014
1
0.976180072667833
1
0.935156500016897
1
1
1
1
1
0.996043457830805
1
1
0.850030413895922
1
1
1
1
1
0.9934730546667
1
1
0.996905338065469
1
1
1
1
1
1
1
1
1
1
1
1
1
1
1
1
1
1
1
1
1
1
1
1
1
1
1
1
1
1
1
0.933965554399454
1
1
1
1
1
1
1
1
1
1
1
1
1
0.987283602996046
1
1
1
1
1
1
1
1
1
1
0.658906433926886
1
1
1
1
1
1
1
1
1
1
1
0.848531447801478
1
1
1
0.993809997015939
1
1
1
0.993792676504241
1
1
1
0.993733181973289
0.934746886891894
1
1
1
1
1
1
0.974247110504914
1
0.889283781538201
1
1
1
1
1
1
1
0.994827117344603
1
0.986665306689009
1
1
1
1
1
1
1
1
1
0.99655227306812
1
1
1
1
1
0.934746886891894
1
1
1
0.89319068244959
1
1
1
1
0.961928184664586
1
1
1
0.99655227306812
0.994258288555054
1
1
1
1
1
0.854545664336569
1
1
1
1
1
1
1
0.996319715132896
1
1
1
1
1
1
1
1
1
1
1
0.994356981149569
1
1
1
1
1
1
1
1
1
1
1
1
1
1
1
1
1
0.998602649074308
0.979237960279791
1
1
1
1
1
1
1
1
1
1
1
1
1
1
1
1
1
1
0.969313910422418
1
1
0.897861984710844
1
1
1
1
1
1
1
1
1
0.993871291662867
0.80117116652781
1
1
1
1
1
0.95405502541139
0.972965904335364
1
1
1
0.872128309603753
1
0.979778413009662
1
1
1
1
1
1
1
1
1
1
1
1
1
1
1
0.568099011362895
1
1
1
1
0.889427659362502
1
0.994947551885056
0.994356981149569
1
1
0.82189845403557
1
1
1
1
1
1
1
1
1
1
1
1
1
1
1
1
1
1
1
1
1
1
1
1
1
1
1
1
1
1
1
1
1
0.991722327014239
1
1
1
1
1
0.99024870216667
1
1
1
1
0.675899959491806
1
1
0.970305492446602
1
0.857588867837621
0.999611034469879
1
1
1
1
0.970635729245389
1
0.658325362276695
1
1
0.750614279832041
1
1
1
1
1
1
1
1
1
0.980755980110699
0.974247110504914
1
1
1
1
0.889283781538201
1
1
1
1
1
1
1
1
1
1
0.93556404502147
1
1
0.978423403511905
1
0.913407160314689
1
1
1
1
1
1
1
1
1
1
1
1
0.933246466864715
1
1
1
1
1
1
1
1
1
1
0.806300060306905
0.998401774384476
1
0.978219270889232
1
1
0.943531245623768
1
1
1
1
1
1
1
1
1
0.974191977065949
1
1
0.921641342048781
0.978219270889232
1
0.793177321465483
1
1
1
1
1
1
0.99024870216667
1
1
1
1
1
1
1
0.930368840600453
1
1
1
1
0.973486075971005
0.757556628406269
1
1
1
1
1
1
1
1
1
1
1
0.939503136509594
1
1
1
0.99655227306812
1
0.878582310245466
1
0.916309654460248
1
1
1
1
0.993801107563861
1
0.87470065763793
0.923460086028346
1
1
1
1
0.832289467303498
1
1
1
1
1
1
0.994827117344603
1
1
1
1
1
1
0.916227695569903
1
1
0.974191977065949
1
1
1
0.90697729550937
1
1
1
1
1
1
1
1
1
1
1
1
1
0.966144846518017
0.876040873170586
1
0.929396453048601
0.933502546056865
1
1
1
0.995689857753584
1
1
1
1
1
1
1
1
1
1
1
1
1
1
1
1
1
0.812061758450662
1
1
1
1
1
1
0.906948883129252
1
1
1
1
0.918848337236982
1
0.882634219573067
1
0.618291078471008
1
0.985832708022353
1
1
1
1
1
1
1
1
1
1
1
0.952456292610812
1
1
0.970305492446602
0.812242730897365
1
1
1
1
1
1
1
1
1
1
1
1
1
1
1
1
1
1
1
1
1
1
1
1
1
1
1
1
1
1
0.913407160314689
0.616513708205984
1
1
1
1
0.561643916699215
1
1
0.992888982256431
1
1
1
1
0.876146169740438
1
1
1
1
1
1
1
1
1
1
1
1
1
1
1
1
1
1
1
1
0.978423403511905
1
1
1
1
1
1
1
1
0.955025892906832
1
1
1
1
1
1
1
1
1
1
1
1
1
1
1
1
1
1
1
1
0.958263533205674
1
1
1
1
1
1
0.892719555876299
1
1
1
1
0.870676662955719
1
1
0.996319715132896
1
1
1
1
1
1
1
1
1
0.86935399832747
0.927116889720722
1
1
0.938415099219375
1
0.863605220351869
1
1
1
1
1
1
1
1
1
1
0.994532546401484
1
1
0.978743006211924
1
0.992572164317316
1
1
1
1
1
1
1
1
1
1
1
1
0.941668140286026
0.971472188714352
1
0.389315139872295
1
0.99655227306812
1
1
1
1
1
1
1
1
1
1
1
1
1
1
1
1
1
1
1
1
0.99512363725256
1
0.979237960279791
1
1
1
1
1
1
1
1
1
1
1
1
1
1
1
1
1
0.978219270889232
0.8285957172975
1
1
1
1
1
1
1
1
1
1
1
1
1
1
1
1
1
1
0.433532503354736
1
1
1
1
1
0.985386903323485
1
1
1
1
1
1
1
1
1
1
0.963428566348457
1
1
0.902295467030888
1
1
0.934395844006542
1
1
1
1
1
1
1
1
1
0.94300022798131
1
1
0.590649356881781
1
1
1
0.99024870216667
0.666778079248807
1
1
1
1
1
1
1
0.791875996585894
0.878582310245466
0.918848337236982
0.89066340929694
0.979146194917739
1
1
1
1
1
0.97132051542297
1
1
1
1
1
1
1
1
1
1
1
1
1
1
1
1
1
1
1
1
1
1
1
1
0.977532387426885
1
1
1
1
1
1
1
1
1
0.932702712270038
1
0.9488977075455
1
1
0.619439677598554
1
1
1
0.960866218549681
1
1
0.968047918459423
1
1
1
1
1
1
1
0.979237960279791
1
1
1
1
1
0.985832708022353
1
1
1
1
1
1
0.839306766259493
1
1
0.955453073873406
1
1
1
1
0.995701101579059
0.931608268875052
1
1
1
1
0.953044377386783
1
1
1
1
1
1
1
1
1
1
1
1
1
1
1
1
1
1
0.880806058443627
1
1
0.971472188714352
1
1
1
1
1
1
1
1
0.916309654460248
1
1
1
1
1
0.934395844006542
1
0.975612801709787
1
0.982334794927304
1
1
0.813821899791821
1
1
1
1
1
1
1
1
1
1
1
1
0.860876699734567
1
1
1
1
0.99512363725256
1
0.940928798130083
1
1
1
1
1
1
1
0.885487215780194
1
1
0.944965123583923
1
1
1
1
1
1
1
1
1
0.906948883129252
1
1
0.702656706028616
1
0.949607903518615
0.972965904335364
1
1
1
1
1
1
1
1
1
1
0.910582721591865
1
1
1
1
0.966999630913417
0.999611034469879
0.919021631693287
0.992563772471857
1
1
1
1
1
1
1
1
1
0.826573871678187
1
1
1
1
1
1
1
1
1
1
1
1
0.979961620145792
0.928224609802717
1
1
1
1
1
1
0.975612801709787
1
1
1
0.751954655633356
1
1
1
1
1
1
1
1
1
1
0.916248980770911
0.814071368888973
1
1
1
1
1
0.939466665966568
1
1
1
1
1
1
1
1
1
1
1
1
1
1
0.968047918459423
0.997626889677676
1
1
1
1
0.932758168924014
1
1
1
1
1
0.967032236117986
1
1
1
1
0.908364472358614
1
1
1
1
1
0.832289467303498
1
0.930276352745142
1
1
1
1
1
1
1
0.759853700005695
1
1
1
1
0.947088065019955
1
1
1
1
1
1
1
0.853165672785359
1
1
1
1
1
1
1
1
1
0.993719767280245
1
1
1
0.97132051542297
1
1
1
1
0.943531245623768
1
1
1
1
0.944950040385195
1
1
1
0.544001080923912
1
0.994947551885056
0.719356575580889
1
1
1
1
0.993871291662867
0.868367005686324
0.934794925527066
1
1
1
1
1
0.932702712270038
1
0.952490904805219
1
1
1
1
1
0.994258288555054
1
1
1
1
1
1
1
1
1
1
1
1
1
1
1
1
1
0.909023312297878
1
1
1
0.994947551885056
1
0.970650828142728
1
1
1
1
0.9200657392097
1
1
1
1
1
1
0.932087057794959
1
1
1
1
1
1
0.995475158072746
0.888672357423091
1
1
1
0.878716659858006
1
0.881386007002043
1
1
1
1
1
1
1
0.877280689043331
1
1
0.771817088555105
1
1
0.960866218549681
0.839306766259493
1
0.854562882072698
1
1
1
1
0.938415099219375
1
1
1
0.996905338065469
1
1
1
1
1
1
1
1
1
1
0.940534523341198
1
1
1
0.877590906005804
1
0.875616786140828
1
1
1
1
1
1
0.920782672326944
1
1
1
0.956742691736379
1
1
1
0.926947953672245
0.969015414941491
1
1
1
1
1
1
1
1
1
1
0.858733666168368
1
1
1
1
0.979146194917739
0.994963128495604
1
1
1
0.963428566348457
1
1
1
1
1
0.774931147874751
1
1
1
1
1
1
0.615436891419702
0.998602649074308
1
1
1
0.926947953672245
1
1
1
1
1
1
0.826288601447067
1
1
1
1
1
1
1
0.910075904535938
1
1
1
1
1
1
1
1
1
1
1
0.868994624990551
0.981837721689384
1
1
1
1
1
0.929191216545303
1
1
1
1
1
1
1
1
1
0.999611034469879
0.994947551885056
1
1
1
0.955453073873406
1
1
1
1
1
1
1
1
1
1
1
1
1
0.753352293286363
0.942277403506036
1
1
1
0.99512363725256
0.964826395449494
0.972606110238018
1
1
0.979146194917739
0.96222397567491
1
1
1
1
1
0.972953005974949
1
1
1
1
1
1
1
1
0.906948883129252
0.446720290717398
0.942277403506036
1
1
1
1
0.887990132691845
1
1
1
0.849446997074126
1
1
1
1
1
1
1
1
1
1
1
1
0.937031141366483
1
1
1
1
1
1
0.338500084108308
1
1
1
0.609523617928668
1
1
1
1
1
1
1
1
0.791875996585894
0.937059388113869
1
1
1
0.993792676504241
1
1
1
1
1
1
1
1
1
0.921641342048781
1
1
1
1
1
1
1
1
1
1
1
1
1
1
1
1
1
1
1
1
1
1
1
1
1
0.926947953672245
1
1
1
1
0.722093852316132
1
1
1
1
1
1
1
1
1
1
0.836520137521518
1
1
0.944251424136092
1
0.91581415838479
1
1
1
1
1
1
1
1
1
1
1
1
0.893081994910052
1
1
1
1
1
1
1
1
0.834111741820302
1
1
1
1
1
1
1
1
0.986872628210141
1
1
1
1
1
1
1
1
1
1
1
0.931715818434673
1
1
1
1
1
1
1
1
0.974191977065949
1
0.867466591485173
0.995701101579059
1
0.922046248124427
1
1
1
1
0.952456292610812
1
1
1
1
0.801344896792909
1
1
1
1
1
1
0.902295467030888
1
1
0.880806058443627
1
1
1
1
1
1
1
1
1
1
1
1
1
1
1
1
1
0.673480422658756
1
1
1
1
1
1
1
1
1
1
0.987283602996046
1
1
1
1
1
1
0.955025892906832
0.932428850339453
1
1
1
1
1
1
1
1
1
1
0.902295467030888
1
0.862308376056755
0.99655227306812
1
0.92523279823026
1
1
0.99302111289816
1
1
1
0.99512363725256
1
1
0.991722327014239
1
1
0.959710233908939
0.852733790500136
0.873039249545347
1
0.651578314491125
1
1
0.998602649074308
1
1
1
1
1
1
1
1
1
0.994258288555054
0.969753504708229
1
1
0.917197521742327
1
0.755424021213916
1
1
0.955177767095446
1
1
1
1
1
1
1
1
0.966999630913417
1
1
1
1
1
1
1
1
1
1
1
0.979778413009662
1
0.994963128495604
1
1
1
1
1
1
0.503494047630241
0.976810847746966
1
1
0.921766751276311
1
1
1
0.793177321465483
1
1
1
1
0.852738064227371
1
0.896310957536286
1
0.994258288555054
1
1
1
1
1
1
1
1
1
1
1
1
0.993809997015939
0.933246466864715
1
1
1
1
1
0.97851397845122
1
1
1
0.765991572491702
0.892719555876299
1
1
1
1
1
1
1
1
1
1
1
1
1
1
1
1
1
1
1
1
1
1
1
1
1
1
1
1
1
1
0.960366583544645
1
1
1
1
1
1
1
1
1
1
1
1
1
1
0.858885228405955
1
1
1
1
1
1
1
1
1
1
1
1
1
1
1
1
1
1
1
0.881109710597368
1
1
0.955177767095446
1
1
1
1
1
1
1
1
1
1
1
1
1
1
1
1
1
1
1
1
0.922046248124427
1
1
1
1
1
1
1
0.884485595879226
1
1
1
1
1
1
1
1
1
1
1
1
1
1
1
1
1
0.882181844840055
1
1
0.999611034469879
0.927204387664115
0.486855450027981
1
1
1
1
1
1
1
1
1
1
1
1
1
1
1
1
1
1
1
1
1
0.905762782341964
1
1
1
1
1
1
1
0.879003419566905
1
1
0.99655227306812
1
0.924661027744763
1
1
1
1
0.944489652569536
1
1
1
0.812061758450662
0.96437664949064
0.943531245623768
1
1
0.995701101579059
1
1
1
1
1
1
1
1
1
1
1
0.961050845628168
1
1
1
1
0.992769767525495
1
1
1
0.837241019389597
1
0.925163822662342
1
1
1
1
1
1
1
1
1
1
1
1
0.757552408980655
1
1
1
1
1
1
1
1
1
1
0.915418452478496
1
0.99512363725256
0.972965904335364
0.993801107563861
1
1
1
1
1
1
1
0.931608268875052
1
0.950224943726649
1
1
0.909975728603236
1
1
0.945428707152766
1
1
1
1
1
1
1
1
1
1
1
1
1
1
1
1
1
1
1
1
1
1
0.873039249545347
1
1
1
0.999611034469879
0.952456292610812
1
1
1
1
1
1
1
1
1
1
1
1
1
1
1
1
1
0.933965554399454
1
1
1
1
1
1
1
0.954606735503885
1
0.963543633257239
1
1
1
1
1
1
1
1
1
1
0.883151303413668
1
1
1
1
1
1
1
1
1
1
1
1
1
1
1
1
1
1
1
1
1
1
1
1
1
1
1
1
1
0.994013537208615
1
1
0.946849063791946
1
1
1
1
1
1
1
1
1
1
1
1
1
1
0.791661241048218
1
1
1
1
1
1
1
1
1
1
1
1
1
1
1
1
1
1
1
1
1
1
1
1
1
1
1
1
1
1
1
1
1
1
1
1
1
1
1
0.611473010317402
1
0.880747020845313
1
1
1
1
0.928224609802717
0.987283602996046
1
1
0.966999630913417
1
1
0.722093852316132
0.92444283622393
1
1
1
0.884485595879226
1
1
1
0.628579059539086
0.949640293564162
0.769652231221226
1
1
0.90913376737851
1
1
1
1
1
0.991774055026328
0.998401774384476
0.943531245623768
1
