x
1
1
1
1
1
1
1
1
1
1
0.986752856565574
1
1
0.984996892437752
1
1
1
0.999641133986869
0.98059505710531
1
1
1
1
1
1
1
0.933489933950331
1
1
1
0.995191650025483
0.925153885565965
0.992138127392979
1
0.954762854091764
0.990756308111973
1
1
1
1
0.974144279901219
0.980267981054452
1
1
1
1
1
0.775599554853525
1
1
0.950791272019721
0.932500525083706
1
1
1
1
0.991178387291607
0.978436286732082
1
1
1
0.993853137639549
1
1
1
1
1
0.977283880794645
1
1
1
0.99541942739859
0.972263798042424
0.978778643971934
1
1
1
1
1
0.983415849072638
1
1
1
1
1
1
1
1
1
1
1
0.999535971348667
1
0.987456937018607
1
1
1
1
0.967021551716691
1
1
1
1
1
1
1
1
1
1
1
1
0.994011992689402
1
1
1
1
1
1
0.964263018793393
1
1
0.993788571348731
0.922184042290573
0.997252509328204
1
1
1
1
1
0.946759467998648
1
1
1
1
1
1
1
1
1
1
1
0.999479256910809
0.995983866041779
1
1
1
1
0.983991790613078
1
1
1
1
1
1
1
1
1
1
0.97173418653297
1
1
1
1
1
1
0.99808439470344
1
0.935809701629397
1
1
1
0.98118019400095
1
1
1
0.965133413711365
1
1
1
1
1
1
1
1
1
1
1
1
1
1
1
1
1
0.972263798042424
0.964263018793393
1
1
1
0.967847057462427
1
1
1
1
1
0.995912845251657
1
1
1
1
1
1
1
1
1
1
1
1
1
1
1
0.947903769787256
1
1
1
1
1
1
1
1
1
1
1
1
0.965633175873993
1
1
1
1
1
1
1
1
1
1
1
1
0.959774046330845
1
1
1
1
1
0.99948037234616
1
1
1
0.999602515245844
1
1
1
0.848351711275737
1
1
1
1
1
0.964109384492812
1
1
1
1
0.997428849406666
1
0.996051187726418
0.937753791894042
1
1
1
0.993257136218258
1
1
1
1
1
1
1
1
1
1
1
0.965133413711365
1
1
0.984996892437752
1
1
1
1
1
1
1
1
0.937753791894042
1
1
1
1
1
1
1
1
1
1
1
1
1
1
1
1
0.988808408070548
1
1
0.982207782692395
1
1
1
1
1
0.995192540137897
1
1
1
1
1
1
1
1
1
1
1
1
1
1
1
1
1
0.979177903152104
1
1
1
0.972447367486333
1
1
1
1
1
1
1
1
1
0.974658669047096
1
1
1
0.988604439064811
0.971536524304738
1
1
1
1
0.967036709933981
1
1
1
1
1
1
1
1
1
1
0.948465903128039
0.949346267016493
1
1
1
1
1
1
1
1
1
1
1
0.995784451088196
1
1
1
1
1
1
1
1
1
1
1
1
0.997664903117722
1
1
1
1
1
1
1
1
0.943031044981336
1
1
1
1
1
1
1
1
1
1
1
0.858685877430423
1
1
1
0.997886556938408
1
1
1
0.991132810156535
1
0.998353561159551
1
0.992451379877157
1
0.960897248336
1
1
0.99808439470344
1
1
1
1
1
1
1
0.993788571348731
1
1
1
1
1
1
1
1
1
1
1
1
1
0.985594815016328
1
1
1
1
1
1
0.997121120998534
1
1
1
1
0.999602515245844
1
1
0.993853137639549
1
1
1
1
1
0.960922453977757
1
0.986713478808015
1
1
1
0.992451379877157
0.970761115681759
1
1
1
1
0.935809701629397
0.968489423943802
1
1
1
0.999479256910809
1
1
1
0.992106903030238
1
0.918175556806139
0.995784451088196
1
0.971035393656925
1
1
1
1
1
1
1
1
1
1
1
1
1
1
1
1
1
1
1
1
1
0.985594815016328
1
1
1
1
1
1
1
1
1
1
1
1
1
1
1
1
1
1
1
0.959226846804372
1
1
1
1
0.990952947011501
1
1
1
1
1
0.992276113853106
1
1
1
1
1
1
1
1
1
0.885910659443194
1
0.996411025433208
1
1
1
1
1
1
1
0.997263689313211
1
1
1
0.954594798513083
0.961908558716713
1
1
1
1
1
1
1
0.971148982455483
1
1
1
1
1
1
1
1
1
1
1
0.967847057462427
1
1
1
1
1
1
1
1
1
1
1
0.947903769787256
1
1
1
0.989168640185884
1
1
1
1
1
1
1
1
1
1
1
1
1
0.999586011453966
1
1
1
1
1
0.995385370906465
1
1
1
1
1
1
1
0.99119726063303
0.991178387291607
0.977158202291084
0.994887131853304
1
1
1
1
1
1
1
1
1
1
1
1
1
1
1
1
1
1
1
1
0.991178387291607
1
1
1
1
1
1
1
1
1
1
1
1
1
1
0.988419913765291
1
1
0.949346267016493
1
1
1
0.990952947011501
1
1
0.998602408711177
1
1
1
1
1
1
1
1
0.99963346728007
1
1
1
1
1
1
1
0.997121120998534
1
0.995971188729883
1
0.94094526974228
0.973426375685928
1
0.997841202298023
1
1
1
1
1
1
1
0.987456937018607
1
0.944234119088796
0.984996892437752
1
1
1
0.965768149626897
0.977898194676641
0.964263018793393
1
1
1
0.99963346728007
0.996106127614953
1
1
0.961687112098741
1
1
1
1
1
0.983530167677886
0.991361329935629
1
0.995252945542679
1
0.995017709696717
1
1
1
1
0.95286144678294
1
1
1
1
1
1
1
1
1
0.99808439470344
1
1
1
1
0.97076773059697
1
1
0.954861211057416
1
1
1
1
1
1
1
1
0.97173418653297
1
1
1
1
0.972263798042424
1
0.959774046330845
1
1
0.970761115681759
1
1
0.974144279901219
1
1
1
1
1
1
1
0.99808439470344
1
1
1
1
1
1
1
1
1
1
1
1
1
1
0.950791272019721
1
0.986458824174113
1
1
1
0.993788571348731
1
0.999637280485365
0.986368295898732
0.972687574593101
1
1
1
1
1
0.966268401374252
1
1
1
1
0.987653620705405
1
1
1
1
1
1
1
1
1
1
1
1
1
1
1
1
1
1
1
1
1
0.961908558716713
1
1
1
1
1
1
1
1
1
1
1
1
1
0.997657719811831
1
0.973426375685928
1
1
1
1
1
1
0.954427153741643
1
1
1
1
1
1
0.999565728770058
0.965768149626897
1
1
1
1
1
1
1
1
1
1
1
0.999637280485365
1
1
1
0.960897248336
1
1
0.999565728770058
1
1
1
0.935809701629397
1
1
1
0.995964854834116
0.974144279901219
1
1
1
1
1
1
1
1
1
1
1
0.918175556806139
1
1
1
1
0.944234119088796
1
0.997669501873726
1
1
0.98771290093342
1
1
1
1
1
1
1
1
1
1
1
1
1
0.959314113619633
0.954504671441833
1
1
1
1
1
1
1
1
0.956566119196729
1
1
1
1
1
1
1
1
1
0.993341858336322
1
1
1
0.992451379877157
1
1
1
1
1
1
0.963686581363036
1
1
1
1
1
1
1
0.935809701629397
0.995784451088196
0.997548221224362
1
1
1
1
1
0.998755459164681
0.936385867090999
1
1
1
1
1
0.995385370906465
1
0.990255787692372
1
1
0.965133413711365
1
1
1
1
1
0.993947604975405
1
1
1
1
1
1
1
1
1
1
1
0.90674086361233
1
1
0.999479256910809
1
1
1
1
1
0.978778643971934
1
0.994859243629295
0.972687574593101
0.98083909795873
1
1
1
1
1
1
1
1
1
0.937753791894042
1
1
1
1
0.999817559342027
1
1
0.955061140352086
1
1
1
1
1
1
1
0.988037042653422
1
1
1
1
1
1
1
1
1
1
1
1
1
1
1
1
1
1
1
1
1
1
1
1
0.961687112098741
0.929961162666365
1
1
1
1
1
1
1
1
1
1
1
1
1
1
1
0.993015639894003
1
1
1
1
1
1
1
1
1
1
1
0.990952947011501
1
1
1
1
0.990952947011501
1
1
1
1
1
0.948559209308887
1
1
1
1
1
1
1
1
1
1
1
1
1
1
1
1
1
1
1
0.982255875697799
0.993840942453093
1
1
1
1
1
1
1
1
1
1
0.716286656099733
1
1
1
1
1
1
1
0.960922453977757
1
1
1
1
1
1
0.954957826934827
1
0.969079748988127
1
1
1
1
1
1
1
0.97373329992465
1
1
1
1
1
1
1
1
0.997886556938408
1
1
1
1
1
0.927593999376914
0.992138127392979
1
1
0.969079748988127
1
0.999535971348667
1
1
1
1
1
0.99963346728007
1
0.99280912182702
1
1
1
1
1
0.942758964609871
1
1
0.993918387389965
1
1
1
1
1
1
1
1
1
1
1
1
1
1
1
1
1
0.999535971348667
1
1
1
1
1
1
1
1
1
1
1
1
1
1
1
1
0.814842737609027
1
0.985897045953099
0.957337796580786
1
1
1
1
1
1
1
1
1
1
1
1
1
0.971536524304738
1
1
1
1
1
1
1
1
1
1
1
0.997428849406666
1
1
1
0.995949370659123
0.984103834081816
1
0.993840942453093
1
1
1
0.990756308111973
1
1
1
1
1
1
1
0.997841202298023
1
0.942100100254127
0.993341858336322
1
1
1
0.972687574593101
1
1
1
0.997664903117722
1
1
0.968885767452699
1
1
1
0.989255777306771
1
0.961687112098741
1
1
1
0.994235159881988
1
1
1
1
1
0.937753791894042
1
1
0.996927104974432
1
1
1
1
1
1
1
1
0.96811823977534
1
1
0.93089900206609
1
1
0.997841202298023
1
1
1
1
1
1
1
1
1
1
1
1
1
1
1
1
1
1
1
0.982255875697799
0.959561348790988
1
1
1
0.937658689165065
1
1
1
1
1
1
1
1
1
1
0.995066600560477
1
1
0.98083909795873
1
1
1
1
0.992451379877157
0.99119726063303
1
1
0.964263018793393
1
1
1
1
1
1
1
1
1
1
1
1
1
1
1
1
1
1
1
1
1
1
1
1
1
1
1
0.960897248336
1
1
1
1
1
1
1
1
1
1
1
1
0.927593999376914
1
1
1
1
1
0.997658009451755
1
1
1
1
1
1
1
1
0.999609755336589
1
1
1
1
1
0.964564442838954
1
1
1
0.996051187726418
1
0.978437631421505
1
1
1
1
1
1
1
1
0.964564442838954
1
1
1
1
0.976816221384094
1
0.98059505710531
1
1
1
0.941814210488156
0.978437631421505
1
0.975228967877355
0.975864133278215
1
1
1
1
1
0.999636560257866
1
1
1
0.996933729309681
1
1
1
1
1
1
1
1
1
1
0.978895508271345
1
1
1
1
0.965112591339949
1
0.97189452751195
1
0.961246742072497
0.981424529811769
1
1
1
1
1
1
1
1
1
1
1
1
0.99326452456305
1
1
1
1
1
1
1
0.997859500740268
1
1
1
1
1
1
0.980430027157927
1
1
1
1
1
1
0.999554479339036
1
1
1
1
1
1
1
1
1
1
1
1
1
1
1
1
1
0.960922453977757
0.99288681583356
0.955077016014346
1
1
1
0.997924367533778
0.954427153741643
1
1
0.996927104974432
1
1
1
1
1
1
1
1
1
1
1
1
1
1
1
1
0.997687397597406
1
1
1
1
0.840360769528693
1
1
1
1
0.97076773059697
1
1
1
1
0.899695117422336
1
1
1
0.995784451088196
1
1
1
0.973426375685928
1
1
1
1
1
1
0.977228549690653
1
1
1
0.997121120998534
1
1
1
1
1
1
1
1
1
1
1
1
0.983530167677886
1
1
1
1
1
1
1
1
1
0.985302780062429
1
1
1
1
0.987456937018607
1
0.962704537194096
1
0.997924367533778
1
1
1
1
1
1
1
0.943521200639873
1
1
0.977633937587012
1
1
1
0.999479256910809
1
1
1
1
1
0.99985539596693
1
1
1
1
1
1
1
1
1
1
1
1
1
1
1
1
1
1
1
0.929492037827138
1
1
1
1
0.955876974445025
1
1
1
1
1
1
1
1
1
0.993788571348731
1
1
1
1
0.983991790613078
1
1
0.992641792434709
1
1
0.962352073451249
1
1
1
1
1
1
1
1
1
1
1
1
1
1
1
1
1
1
1
0.968885767452699
1
1
1
1
1
0.995191650025483
1
1
1
1
0.99808439470344
1
1
0.944195668597715
0.976816221384094
1
1
1
1
1
1
0.996051187726418
1
1
1
1
1
1
0.999411636065696
1
1
1
1
1
0.999565728770058
1
1
1
1
1
0.934823148608244
1
0.999641133986869
1
1
0.997373427279736
1
1
1
1
1
1
1
1
1
1
1
1
1
0.99808439470344
1
0.987456937018607
1
1
1
1
1
1
1
0.992009625878901
1
1
1
0.970761115681759
1
1
1
1
1
0.977158202291084
0.707458050639029
1
1
1
1
1
1
1
1
0.985302780062429
0.983530167677886
1
0.99948037234616
1
0.976816221384094
0.974144279901219
1
1
0.997886556938408
1
1
1
1
1
1
1
1
1
1
1
1
0.993918387389965
0.979561730283951
1
0.990255787692372
1
0.995444168920108
1
1
1
1
1
0.984761461167937
1
1
1
1
0.84216847284721
0.99547030094832
1
0.993257136218258
1
1
1
1
1
0.967847057462427
1
1
1
1
0.982098203482264
1
1
1
1
1
0.992106903030238
1
1
1
0.992009625878901
1
1
0.935809701629397
1
1
0.9972873561998
1
1
1
1
1
1
1
1
0.974779714891503
1
1
1
0.957851841554546
1
0.995838009723856
1
1
1
1
1
1
1
1
1
1
1
1
1
1
1
0.97076773059697
1
1
1
1
1
0.997373427279736
1
1
1
1
1
1
1
0.996411025433208
1
1
1
1
1
1
1
1
0.997548221224362
1
1
1
1
1
1
0.990645686658016
1
1
1
1
1
1
1
1
1
0.997863761495993
0.974673954758115
1
1
1
1
1
1
1
1
1
0.825821475560202
1
1
1
1
0.97189452751195
1
0.995949370659123
1
0.992171409607799
1
1
1
1
1
1
0.993840942453093
1
0.963018155120438
1
0.96444086596744
0.997924367533778
1
0.997664903117722
0.996411025433208
1
1
0.997560272954757
1
1
1
1
1
1
1
1
0.963686581363036
1
0.960897248336
1
1
1
1
1
1
1
1
1
0.999535971348667
1
0.998927893327753
1
1
1
1
1
1
1
1
1
0.966605992793578
0.961687112098741
1
0.944234119088796
1
1
1
1
0.994821051932109
1
1
1
1
0.978778643971934
0.951781499845616
1
0.99808439470344
0.995983866041779
1
1
1
1
0.976742373876526
1
1
1
1
1
1
0.911079070638682
0.96811823977534
1
1
1
1
1
1
1
1
1
1
1
1
1
1
1
1
1
1
1
1
1
1
1
1
0.98083909795873
1
1
1
1
0.997859500740268
1
1
1
0.961908558716713
1
1
1
1
1
1
1
1
1
0.989598441744739
1
1
1
1
0.944195668597715
1
1
1
1
1
1
1
0.975228967877355
1
1
1
1
0.986562917721307
1
0.964564442838954
1
1
0.954861211057416
0.825821475560202
1
1
1
1
1
1
0.968871849191708
1
1
1
1
1
1
1
1
1
1
1
1
1
1
1
1
1
1
1
1
1
1
1
1
1
1
1
1
1
1
0.987127907350516
1
1
1
1
1
1
0.988037042653422
1
1
1
0.978436286732082
1
0.999641133986869
1
1
1
1
1
0.943521200639873
1
1
1
1
1
1
0.971360501138128
0.94921763265672
0.992451379877157
1
1
1
0.996554031935184
1
1
1
1
1
1
0.992138127392979
1
1
1
1
1
0.943053289058302
1
1
1
1
1
1
1
1
1
1
0.962352073451249
1
1
1
1
1
1
1
1
1
1
1
1
1
1
0.973426375685928
0.92244739864589
1
1
1
1
0.996051187726418
1
1
1
1
1
1
1
1
1
1
1
1
1
1
1
1
1
0.999797197078294
1
1
0.956566119196729
1
1
0.961687112098741
1
1
1
1
1
1
1
1
0.995385370906465
1
1
1
1
1
1
1
1
1
1
1
1
1
1
1
1
1
1
1
1
0.972761532495449
1
1
0.979164907460559
0.999602515245844
0.96758021106983
1
0.943521200639873
0.97373329992465
1
1
0.970761115681759
1
1
1
1
1
1
1
1
0.969439734463186
1
1
1
1
1
1
1
1
1
0.995784451088196
1
1
1
1
1
1
0.96811823977534
1
1
1
1
1
1
1
1
1
1
0.977016639094244
1
0.928963197532407
1
1
1
1
1
0.993572126672022
1
1
0.994603235693179
1
1
1
1
1
1
1
1
1
1
1
0.999479256910809
1
1
1
1
1
1
1
0.99326452456305
1
1
1
1
1
1
1
1
1
1
1
1
0.99948037234616
1
1
1
0.938289191114041
0.99119726063303
1
1
1
1
1
1
1
0.995838111458789
1
1
0.99119726063303
1
1
1
0.999637280485365
1
0.98083909795873
1
1
0.988604439064811
1
1
1
1
0.997841202298023
1
1
1
1
1
1
1
0.99716256258709
0.999817559342027
1
1
1
1
1
1
1
1
0.954957826934827
1
0.990756308111973
1
1
1
1
1
1
1
1
1
1
1
1
1
1
1
1
1
0.999411636065696
1
1
1
1
1
1
0.999817559342027
1
0.978436286732082
1
1
1
1
1
1
1
1
1
1
1
1
1
1
0.971131869075915
1
1
1
1
1
1
0.970761115681759
1
1
1
0.997841202298023
1
1
1
1
1
1
1
1
1
1
1
1
1
1
1
1
0.965133413711365
1
1
0.952316664670485
1
1
1
0.977898194676641
1
1
1
1
1
1
1
0.976823564113507
1
1
1
1
1
1
1
1
1
1
0.984996892437752
1
1
1
1
1
1
0.996411025433208
1
1
1
0.954861211057416
0.999411636065696
1
1
1
0.997863761495993
1
1
1
1
1
0.997894033634192
1
1
1
1
1
1
0.960897248336
1
1
1
1
1
1
1
1
1
1
0.989621274604706
1
0.993918387389965
1
1
1
1
1
0.987458772011847
1
1
1
1
1
1
1
1
1
1
1
1
1
0.956566119196729
1
0.997664903117722
1
1
1
0.976823564113507
1
1
1
1
0.970761115681759
0.929492037827138
1
1
1
1
1
1
0.995252945542679
1
1
1
1
0.98059505710531
1
1
1
1
1
0.94191848682704
0.947112914128748
1
1
0.937658689165065
1
1
1
1
1
1
0.99808439470344
1
0.950984467054246
0.91945310202984
0.949346267016493
1
0.994672131625889
1
1
1
1
1
1
1
1
1
1
0.989849234108238
0.971131869075915
1
1
1
1
1
1
1
1
1
1
1
1
1
0.985897045953099
1
1
1
1
0.999788292287278
1
1
1
1
1
1
1
1
0.963686581363036
1
1
1
1
1
0.998630254675436
1
1
1
1
1
1
1
1
0.831543051984457
1
1
1
0.971592898924031
1
0.929724252859058
1
1
1
0.955876974445025
0.994859243629295
1
1
0.997700873193322
1
1
1
1
1
1
1
1
0.985302780062429
1
1
1
1
0.999817559342027
1
1
1
1
1
0.993840942453093
1
0.997768027472379
1
1
1
1
1
0.991361329935629
1
0.997924367533778
1
0.983530167677886
1
1
1
0.961687112098741
1
1
1
1
0.993918387389965
1
1
1
1
1
1
0.954762854091764
1
1
1
0.995912845251657
1
1
1
1
1
0.925363983722237
0.959447361060411
1
1
1
1
1
0.96444086596744
1
1
0.952316664670485
1
1
1
1
1
0.97076773059697
1
1
1
1
1
1
1
1
0.940660145318965
1
1
1
1
1
0.948559209308887
0.98118019400095
1
1
1
1
1
1
1
1
1
1
1
1
1
1
0.997481518556339
1
1
1
1
1
1
1
1
1
0.98118019400095
0.997428849406666
1
1
1
1
0.979561730283951
1
1
0.995784451088196
1
1
1
1
0.880135562061094
1
1
0.902421930185667
1
0.819407200810604
0.922662796080558
1
1
1
1
0.999636560257866
1
1
0.981424529811769
1
1
1
1
1
1
1
1
1
1
0.995991897824883
0.964564442838954
1
1
1
1
1
1
1
1
1
1
1
1
1
0.976823564113507
1
1
0.997658009451755
0.968904704214629
0.999767054650206
0.995192540137897
1
0.971131869075915
1
1
1
0.938289191114041
1
1
1
1
0.997481518556339
1
1
1
0.954594798513083
0.982098203482264
1
1
1
1
1
1
1
1
0.952316664670485
1
1
1
1
0.953663573535923
1
1
1
1
0.999636560257866
1
1
1
0.974658669047096
1
1
1
1
1
1
1
1
1
0.936385867090999
1
1
1
0.967847057462427
1
1
1
1
1
1
1
1
0.934823148608244
1
1
1
1
1
1
1
0.920134795443695
1
0.999411636065696
1
1
1
0.997440103195658
1
0.98118019400095
1
1
1
1
1
1
1
1
1
1
1
1
1
1
0.995385370906465
1
1
0.929492037827138
1
1
0.994024995087019
1
1
1
1
1
0.934823148608244
1
1
1
1
1
1
1
1
1
0.989849234108238
0.977898194676641
0.972204316597043
1
1
1
1
1
1
1
1
0.963664316181609
1
1
1
1
1
1
0.997886556938408
1
0.99948037234616
1
1
1
1
1
1
1
0.986752856565574
1
1
1
1
1
0.937658689165065
1
1
1
1
1
1
0.998353561159551
1
1
1
1
1
0.992106903030238
1
0.937658689165065
1
0.996554031935184
1
0.992451379877157
1
1
1
1
1
1
0.95286144678294
0.99963346728007
1
0.992138127392979
1
1
1
0.99948037234616
1
1
1
1
1
1
1
1
1
1
1
1
1
1
1
1
1
1
1
1
1
1
1
1
1
1
1
0.939220939962616
1
1
1
1
0.992138127392979
1
0.885322722059467
1
1
1
1
1
1
1
1
1
1
0.98083909795873
1
1
1
1
1
1
0.993947604975405
1
1
1
1
0.997863761495993
1
0.992138127392979
1
1
1
1
1
1
1
1
1
1
1
1
1
1
1
0.992138127392979
1
1
1
1
1
0.943053289058302
1
1
1
1
1
1
0.961687112098741
1
1
1
1
1
1
0.993947604975405
1
1
1
0.957342716494124
0.971294427985944
1
1
1
1
0.986016589834719
1
1
1
1
1
1
1
1
0.968181387339247
1
1
1
1
1
1
1
1
0.987311076122978
1
0.994821051932109
1
1
1
1
1
1
1
1
1
0.996413764552025
1
1
1
1
1
1
0.993840942453093
1
1
1
1
1
1
1
1
1
1
0.965327238618866
1
1
1
1
0.964564442838954
1
0.997664903117722
1
1
1
1
1
0.977898194676641
1
1
1
0.980737765224285
0.985343335470441
1
1
0.973426375685928
1
1
0.997481518556339
1
1
1
1
1
1
1
0.988671258622667
1
1
1
0.988604439064811
1
1
1
1
1
1
1
1
0.986562917721307
1
1
1
1
1
0.97752971510859
1
1
0.995385370906465
1
0.992794597507615
1
1
1
1
1
1
1
1
0.972121972532948
1
1
1
1
0.997859500740268
1
1
1
1
1
0.990952947011501
1
1
1
1
0.937658689165065
1
1
1
1
1
0.978436286732082
1
1
1
1
1
1
1
1
1
1
1
1
1
0.99589098135536
1
1
1
1
1
1
0.995748224728108
1
1
1
1
1
1
1
1
1
0.996554031935184
1
1
1
0.792547557876912
0.954596940875544
1
1
1
1
0.999641133986869
1
1
0.965133413711365
1
0.933489933950331
1
1
1
0.988569478526705
1
1
1
1
1
1
1
1
1
1
1
1
0.956566119196729
0.997481518556339
1
1
1
0.997841202298023
1
1
1
0.904348452719647
1
1
1
1
0.97173418653297
1
1
0.980633486072788
1
1
0.841277722528854
1
0.999609755336589
1
1
0.990645686658016
1
1
0.955235008640812
1
0.970556386557047
1
1
1
1
0.944195668597715
1
0.954762854091764
0.965409659112369
0.985302780062429
1
1
1
0.970560894234816
1
1
1
0.848351711275737
1
1
0.971360501138128
1
1
1
1
1
1
1
0.988023421169165
1
1
1
1
1
1
1
1
1
1
0.970761115681759
1
1
1
1
1
1
1
1
1
1
1
1
1
1
1
0.993788571348731
0.99690696647523
1
1
1
1
1
1
1
1
1
1
1
0.999817559342027
1
0.986752856565574
1
1
1
1
1
0.960897248336
1
1
1
1
1
1
1
1
1
1
1
1
1
0.997841202298023
1
0.997886556938408
0.991178387291607
1
1
1
1
0.97189452751195
0.997585291237203
1
1
1
1
0.999647526561115
1
1
1
1
1
1
1
1
1
1
1
1
0.960897248336
1
0.985877190173837
1
1
1
1
1
1
0.996554031935184
1
1
1
0.961908558716713
1
1
0.972204316597043
1
1
1
0.992451379877157
1
1
1
0.996411025433208
1
0.846103378822124
1
1
1
1
1
1
1
1
1
1
0.949237606614151
1
1
0.99119726063303
1
1
1
1
0.935809701629397
1
1
1
1
1
1
1
0.965633175873993
1
1
1
1
0.954329398912149
1
1
1
1
1
1
1
0.968181387339247
1
1
1
1
0.990645686658016
1
1
1
0.954594798513083
0.99963346728007
0.998410872513331
0.994011992689402
1
0.965010176901495
1
1
1
1
1
1
0.974779714891503
1
1
1
1
1
0.999602515245844
0.741962837944397
1
1
1
1
1
1
0.991132810156535
0.91945310202984
1
1
1
1
1
1
1
1
1
1
0.915010283528841
0.955235008640812
1
1
1
1
1
1
1
0.993934431631497
0.996106127614953
1
1
1
1
1
0.999411636065696
1
1
1
1
1
1
0.814842737609027
1
1
1
1
1
0.961246742072497
1
1
1
1
1
1
1
0.995385370906465
1
1
1
1
0.967036709933981
1
1
1
1
1
1
1
1
1
1
1
1
1
1
1
1
1
1
1
1
0.994026632766497
1
1
1
1
1
1
0.954329398912149
1
1
1
1
0.938366857243297
1
1
0.996561913320846
1
1
0.999479256910809
1
1
1
1
1
1
1
1
1
1
1
1
1
1
0.999602515245844
1
1
1
1
1
0.972204316597043
1
0.999636560257866
1
1
1
1
1
1
1
1
1
1
1
1
1
0.904348452719647
1
1
1
1
0.978031418948488
1
1
1
1
1
1
1
1
1
0.99541942739859
1
0.969650063915592
1
1
0.997993156365605
1
1
1
1
1
1
1
0.973494663477153
1
1
1
0.995838009723856
1
1
0.972078408851678
1
1
1
1
1
1
1
1
1
1
1
1
1
1
1
1
0.965633175873993
1
1
1
1
1
0.93614187091311
1
1
1
0.968477316082425
1
1
0.963686581363036
1
0.997263689313211
1
1
1
1
1
0.955876974445025
1
1
0.980222507826036
1
0.999602515245844
1
0.999479256910809
1
1
1
1
0.996933729309681
1
1
1
1
1
1
0.967021551716691
1
1
1
1
1
0.994603235693179
1
0.973426375685928
1
1
0.997121120998534
1
1
1
1
1
1
1
1
1
1
1
1
1
0.938366857243297
1
1
1
0.975228967877355
1
1
1
1
1
1
1
1
1
1
1
1
1
1
1
1
1
1
1
1
1
1
1
0.994821051932109
1
1
1
1
1
0.982488817840421
1
1
1
1
1
1
1
1
1
1
1
1
1
0.988604439064811
1
1
1
1
1
1
1
1
1
1
1
1
0.996034866064618
1
0.989255777306771
0.918175556806139
1
1
1
0.999788292287278
1
0.99119726063303
1
1
1
1
1
1
0.991178387291607
1
1
1
1
1
1
1
1
1
0.976216159011159
0.978163499893331
0.943053289058302
1
1
1
1
1
0.960897248336
0.998353561159551
1
1
1
1
1
0.948180961067824
0.999602515245844
1
1
1
0.99326452456305
1
1
1
1
0.999554479339036
1
1
1
1
1
1
0.993788571348731
1
0.902576140826391
1
1
1
1
1
1
1
1
0.999535971348667
1
1
1
1
0.977633937587012
1
1
0.999609755336589
0.997894033634192
1
0.99963346728007
1
1
1
1
1
0.993918387389965
1
0.974658669047096
0.997373427279736
1
1
1
1
1
1
1
1
0.991178387291607
1
1
1
1
0.976984182510991
0.987456937018607
1
1
1
1
1
1
1
1
0.758187416169178
1
1
1
1
1
1
1
1
1
0.974085231935075
1
1
0.999637280485365
1
1
1
1
0.962418122711377
1
1
0.995991897824883
1
1
1
0.997121120998534
1
1
1
0.99541942739859
1
0.96444086596744
1
1
1
1
0.965929208035244
1
1
1
1
1
1
1
1
1
1
1
1
1
1
1
0.994011992689402
1
1
0.955235008640812
0.988671258622667
0.955235008640812
1
1
1
1
0.982205621801972
1
1
0.968519253926725
1
0.910172655923668
1
1
1
1
1
0.995784451088196
0.997886556938408
1
1
1
1
1
1
1
1
1
1
1
1
1
1
1
1
0.998755459164681
1
1
1
1
0.992641792434709
1
1
1
0.994859243629295
1
1
1
1
1
1
1
1
1
1
1
0.943053289058302
1
1
1
1
1
1
1
0.963697023740142
1
1
1
1
0.996051187726418
1
1
1
1
1
1
1
1
0.997993156365605
0.995066600560477
1
1
0.999637280485365
1
1
1
1
1
1
0.947112914128748
0.926609869847525
1
1
1
1
1
0.968519253926725
1
1
0.999641133986869
1
1
1
1
1
1
0.969079748988127
1
1
1
1
1
0.977633937587012
0.944656037164563
1
1
1
1
1
1
1
0.944727036364803
1
1
1
0.965010176901495
0.971131869075915
1
1
1
1
1
1
0.96811823977534
1
1
1
1
1
1
1
0.964564442838954
1
1
1
1
1
1
1
1
1
1
0.986368295898732
1
1
1
1
1
1
0.97189452751195
1
0.999554479339036
1
1
1
1
1
1
1
1
1
1
1
0.988037042653422
1
1
1
1
1
1
0.942100100254127
1
1
1
1
0.978031418948488
1
1
1
1
1
1
1
0.999586011453966
0.934962689363109
1
0.942100100254127
1
1
0.989621274604706
1
1
1
1
0.992641792434709
1
1
1
1
1
1
1
0.994024995087019
0.984113190068541
1
1
0.965409659112369
1
1
0.991423929760551
1
1
1
1
0.999565728770058
1
1
1
1
1
1
1
1
1
1
1
1
1
1
1
0.940755080562456
0.978031418948488
1
1
1
1
1
1
1
0.999641133986869
0.979147583764927
1
1
1
1
1
1
1
1
0.990952947011501
1
1
1
1
0.96811823977534
1
1
1
1
1
1
1
1
1
1
1
1
1
1
0.995192540137897
1
1
1
1
1
1
1
0.954596940875544
1
1
0.987456937018607
1
1
1
1
1
1
0.949237606614151
1
1
1
1
1
0.976823564113507
1
1
1
1
1
1
1
1
0.929492037827138
1
1
1
0.995838009723856
1
1
1
1
1
1
1
1
1
0.972204316597043
1
1
0.990756308111973
1
1
1
1
1
0.999637280485365
1
1
1
1
1
1
1
1
0.988419913765291
1
1
1
1
0.984761461167937
1
1
1
1
1
1
1
1
1
1
1
1
1
1
0.834776935225236
1
0.937658689165065
1
1
1
1
0.999647526561115
1
1
1
0.995444168920108
1
1
1
1
1
1
1
0.959314113619633
1
0.99119726063303
1
1
1
1
1
1
1
1
1
1
1
1
1
1
0.97189452751195
0.993015639894003
1
1
1
1
1
0.999609755336589
1
1
1
1
1
1
1
1
1
1
0.955077016014346
1
0.965133413711365
1
1
1
1
0.993853137639549
1
1
1
1
1
0.997924367533778
1
0.99948037234616
1
0.99948037234616
1
0.97189452751195
0.993015639894003
1
0.997373427279736
1
0.99589098135536
1
1
1
1
1
1
1
1
0.998332468001338
1
1
1
1
0.935809701629397
1
1
1
1
0.96758021106983
0.992276113853106
1
1
1
0.999479256910809
1
1
1
1
1
1
1
1
1
1
1
1
1
1
1
1
1
1
1
1
1
1
1
1
1
1
1
1
0.976816221384094
1
1
0.929492037827138
1
1
1
1
1
1
0.98118019400095
1
1
1
1
1
1
1
0.976938510132741
1
1
1
0.99808439470344
1
1
1
1
1
1
1
0.954504671441833
1
1
1
1
1
1
1
1
1
1
0.995385370906465
1
1
1
1
1
1
1
1
1
1
1
0.999637280485365
1
0.956566119196729
1
1
1
1
1
1
1
0.975432965128304
1
1
1
1
1
1
1
1
1
1
1
1
0.957851841554546
1
1
1
1
1
1
1
1
1
1
1
1
1
1
1
1
1
1
1
1
1
1
1
1
0.999535971348667
1
1
1
1
1
1
1
0.959300145387385
1
1
1
1
0.972394907084256
0.995792885861553
1
1
1
1
1
1
0.985707846090745
1
1
1
0.999641133986869
1
1
0.995838009723856
1
1
1
1
1
1
1
1
1
1
1
1
1
0.99716256258709
1
1
1
1
1
0.997863761495993
1
1
1
0.995192540137897
1
1
1
1
0.697670560021347
0.937658689165065
1
1
1
1
1
1
1
1
1
1
1
1
1
0.963686581363036
1
1
1
1
1
1
0.822860383770073
1
0.995991897824883
1
1
1
1
1
1
0.999609755336589
1
1
1
1
1
1
1
1
1
1
0.979177903152104
1
1
1
1
1
1
1
1
1
1
0.997121120998534
1
1
1
0.824740589996862
1
1
1
0.999565728770058
1
1
1
1
1
1
1
1
1
1
0.980737765224285
1
1
1
1
1
1
1
0.961687112098741
1
1
1
1
1
0.974673954758115
1
1
1
0.87989862194367
0.949346267016493
1
1
1
0.964564442838954
1
1
1
1
1
0.995991897824883
0.992641792434709
1
0.993840942453093
1
0.93614187091311
0.949346267016493
1
1
1
0.929492037827138
1
1
1
1
1
0.961687112098741
1
1
1
0.960922453977757
1
1
1
0.993934431631497
1
1
1
1
0.993840942453093
1
1
1
1
1
1
1
0.982488817840421
1
1
1
1
1
1
1
1
1
1
1
1
1
0.801409289298096
0.995192540137897
1
1
1
1
1
1
0.997548221224362
0.861428501759831
1
1
1
1
0.995316024546639
1
1
0.993853137639549
0.706583486194904
0.987458772011847
1
0.993894036383417
1
1
0.910174349962229
0.96463463246549
1
1
1
1
0.973206316129495
1
1
1
0.785996627109672
1
1
1
1
1
1
1
1
1
1
0.972899243705392
1
0.883891959122553
1
1
1
0.929278072400698
1
0.943000469618678
1
0.963857698682365
1
1
1
0.927884949316517
0.985171747179254
0.757308030259337
1
1
1
1
1
1
1
1
1
0.996927104974432
1
1
1
1
1
1
1
1
1
1
1
1
1
1
1
0.987456937018607
1
1
0.948180961067824
1
1
1
1
1
1
1
1
1
0.952316664670485
1
0.993934431631497
1
1
0.999636560257866
1
1
0.999554479339036
1
1
1
1
1
1
1
1
1
1
0.990645686658016
0.949475306157964
0.95286144678294
1
1
1
1
1
1
0.964263018793393
1
1
1
0.971131869075915
1
1
1
1
1
1
1
1
0.937753791894042
1
0.964605532575555
1
1
1
1
1
1
0.997263689313211
1
1
1
1
0.948180961067824
1
0.994953338577274
1
1
1
1
1
1
0.859201134606315
1
1
1
0.992451379877157
0.985302780062429
1
1
1
1
1
1
1
0.97189452751195
1
1
1
1
1
1
1
1
1
0.950244522443259
1
1
1
1
1
1
1
1
1
1
1
1
1
1
0.969079748988127
1
1
1
1
1
0.969297491956737
0.940660145318965
1
0.960897248336
1
1
1
0.96463463246549
1
1
1
1
1
1
1
1
1
1
1
1
1
1
1
1
1
0.992794597507615
0.854479027720256
1
1
1
1
1
1
1
1
1
1
1
1
1
1
1
1
1
1
0.98118019400095
0.956566119196729
1
1
1
0.942100100254127
1
1
1
1
1
1
1
1
1
1
1
1
1
1
1
1
1
1
1
0.99119726063303
1
0.966166706409933
1
1
1
1
1
0.999817559342027
1
0.994859243629295
0.997859500740268
1
1
1
1
1
1
0.935809701629397
1
1
0.986752856565574
1
1
1
1
1
1
0.98771290093342
1
1
1
1
1
1
1
1
1
1
1
1
0.992138127392979
1
1
1
1
1
1
0.960897248336
1
1
1
1
1
1
1
1
1
1
1
1
1
1
1
1
1
1
1
1
1
0.99280912182702
1
0.967310724694982
1
1
1
1
1
1
1
1
1
1
1
1
1
0.997658009451755
1
0.970761115681759
0.961908558716713
0.99690696647523
1
1
1
1
0.967036709933981
1
1
1
0.982645242371238
0.949560029101315
1
1
1
1
1
1
1
0.801016171467375
0.99288681583356
1
1
1
1
1
1
1
1
1
1
0.997252509328204
1
1
1
1
1
0.960922453977757
1
1
1
0.993788571348731
1
1
1
1
1
1
1
1
1
1
1
1
1
1
1
1
1
1
0.954762854091764
0.972394907084256
1
1
1
0.950244522443259
1
1
1
1
0.97076773059697
1
1
0.98059505710531
1
1
1
1
1
1
0.999411636065696
0.754330259545991
1
1
1
1
0.891603307822704
0.954596940875544
1
1
1
0.997373427279736
0.99985539596693
1
1
1
1
1
1
1
1
1
1
1
1
1
1
0.959638545652991
1
0.999762332823457
1
1
1
0.997548221224362
0.969297491956737
1
1
1
1
1
0.992138127392979
1
1
1
1
1
1
0.999586011453966
1
1
1
1
1
0.994821051932109
1
1
1
1
1
1
1
1
1
1
1
1
1
1
1
1
1
1
1
1
1
1
1
1
1
1
1
1
1
1
1
1
1
1
0.98771290093342
1
1
1
1
1
1
1
1
1
1
1
0.995838009723856
0.982205621801972
1
0.989255777306771
1
1
1
1
1
1
0.964263018793393
0.964263018793393
1
1
1
1
1
0.98771290093342
0.93614187091311
1
1
1
1
1
1
1
1
1
1
1
0.998602408711177
1
1
1
1
0.971294427985944
1
1
1
1
1
0.977898194676641
1
1
0.999535971348667
1
1
1
1
1
1
1
1
1
1
1
1
1
1
1
1
1
0.976742373876526
1
1
1
0.937108132161559
0.997560272954757
1
1
1
1
1
1
1
1
1
1
1
1
1
1
1
1
1
1
1
1
0.949346267016493
1
1
1
0.99280912182702
1
1
1
0.999762332823457
1
1
1
0.972121972532948
1
1
0.986743828326538
1
1
1
1
0.997440103195658
0.975228967877355
1
1
1
1
1
0.825821475560202
1
1
0.945772027960747
1
1
0.999479256910809
1
1
1
1
1
1
1
1
1
1
1
1
0.978163499893331
1
1
1
0.98771290093342
1
1
1
1
0.993788571348731
0.983991790613078
1
1
1
1
1
1
1
1
1
1
1
1
1
1
1
1
0.947777076699514
1
1
1
1
1
0.987456937018607
1
0.973100443194149
1
1
1
1
1
1
1
1
1
1
1
1
0.975228967877355
0.997440103195658
1
1
0.997664903117722
1
0.997664903117722
0.957662212615068
1
1
1
0.946759467998648
1
0.997548221224362
1
0.997924367533778
1
1
1
1
1
1
1
1
1
1
1
1
1
1
1
1
1
1
1
1
1
1
0.995838009723856
1
1
1
1
1
1
0.959638545652991
1
1
1
1
1
1
0.948180961067824
1
1
1
1
1
1
1
1
0.98858076030139
1
1
1
1
1
0.972447367486333
1
0.988604439064811
1
1
1
1
1
1
0.998927893327753
1
1
1
1
1
1
1
0.948180961067824
1
1
1
1
1
1
1
0.956566119196729
1
1
1
1
1
1
1
1
1
0.976938510132741
1
1
1
1
1
0.959774046330845
1
0.99326452456305
1
1
1
1
1
1
1
1
1
0.979177903152104
1
1
1
1
1
1
1
1
0.996554031935184
1
1
0.925153885565965
1
1
1
1
0.992276113853106
0.98771290093342
0.971112870800852
1
1
1
1
1
1
1
1
1
1
0.967847057462427
1
1
1
1
1
1
1
1
1
0.955876974445025
0.957662212615068
1
1
1
1
1
1
1
1
1
1
1
1
0.999535971348667
1
1
1
1
1
1
1
1
0.997658009451755
1
1
1
1
0.99963346728007
1
0.964605532575555
1
0.979354343594789
1
1
1
1
1
0.937753791894042
1
1
1
1
1
1
1
1
0.976816221384094
1
1
1
1
1
0.99119726063303
0.957851841554546
1
1
1
1
0.988808408070548
1
1
1
1
1
1
1
1
0.945641634279936
1
1
1
1
1
1
1
1
1
1
1
1
1
1
1
0.992138127392979
1
1
1
0.985594815016328
0.959300145387385
1
0.87102505307663
1
1
0.966193366220667
1
0.993572126672022
1
0.992451379877157
0.999602515245844
1
0.992985130534322
1
1
0.948937659217749
1
1
1
1
1
1
1
1
1
1
1
1
1
1
1
1
1
1
1
1
1
1
1
0.999586011453966
1
1
1
1
0.917820425669265
1
1
1
1
1
1
1
1
1
1
1
1
1
1
1
1
1
1
1
1
1
1
1
1
1
0.998353561159551
0.965633175873993
1
1
1
1
0.968885767452699
1
0.993840942453093
0.982075907415753
1
1
1
0.978436286732082
1
1
1
1
0.88495639435018
1
1
0.999479256910809
1
0.807747515091046
1
1
1
0.992276113853106
1
1
1
1
1
1
1
1
1
1
0.949346267016493
1
1
1
1
1
1
1
0.99326452456305
1
1
1
0.973299051170158
1
1
1
1
1
0.990952947011501
1
1
1
1
1
1
1
1
1
1
1
1
1
1
0.948180961067824
0.971536524304738
1
1
1
1
1
1
1
1
1
1
0.954427153741643
1
1
1
1
1
0.997894033634192
1
1
1
1
1
1
1
1
0.972263798042424
1
0.965327238618866
1
1
1
1
1
0.997263689313211
0.997886556938408
1
1
1
1
1
1
0.954427153741643
1
1
1
1
1
1
1
1
0.984113190068541
1
1
1
1
1
1
1
1
0.99808439470344
1
1
1
1
1
1
1
1
1
1
0.976823564113507
1
1
1
1
1
1
1
1
1
1
1
1
1
1
1
1
1
0.961952267527127
0.991178387291607
0.996933729309681
1
1
0.965633175873993
1
1
1
1
1
0.988671258622667
1
0.974390791174426
1
1
1
1
1
0.972121972532948
1
1
1
1
1
1
1
1
1
1
0.994024995087019
0.992138127392979
0.996933729309681
1
1
1
1
0.985302780062429
0.956018639285581
0.990952947011501
1
0.956566119196729
1
1
1
1
1
1
1
1
1
1
0.814842737609027
1
1
1
1
1
1
1
1
1
1
1
1
0.895099922817863
1
1
1
1
1
1
1
1
1
1
1
0.970556386557047
1
0.997121120998534
1
1
1
0.984113190068541
1
1
0.993788571348731
1
1
1
1
1
1
0.968181387339247
1
1
1
0.995316024546639
1
1
1
1
0.997428849406666
1
1
1
1
1
1
1
1
1
1
1
1
1
1
1
1
1
1
1
1
1
1
1
1
1
1
1
1
1
1
1
0.974779714891503
1
1
1
1
1
1
1
1
1
1
1
1
1
1
1
1
1
0.988693236359245
1
1
1
1
1
1
1
0.965633175873993
0.931051607839169
1
1
1
1
0.99948037234616
1
1
1
0.975989641570972
1
0.998927893327753
1
1
1
0.964263018793393
1
1
1
1
0.997481518556339
1
1
1
1
0.997841202298023
1
0.952316664670485
0.970761115681759
1
1
1
1
1
1
1
1
1
0.990952947011501
1
1
1
1
1
1
1
1
1
1
1
1
1
0.997886556938408
1
1
1
1
1
1
1
1
1
0.97076773059697
1
1
1
1
1
1
1
1
1
1
1
1
1
1
1
1
1
1
1
1
0.944195668597715
0.997121120998534
1
0.964564442838954
1
1
0.985709329679933
1
0.992106903030238
1
1
1
0.776093810280334
1
1
0.971131869075915
1
1
1
0.999817559342027
1
0.969079748988127
1
1
1
1
1
1
1
0.966193366220667
1
1
1
1
1
1
1
1
1
1
1
1
1
0.938366857243297
1
0.998755459164681
1
1
1
1
1
1
1
1
1
1
0.995983866041779
1
1
1
1
0.972121972532948
0.755087555099538
1
0.998410872513331
1
1
0.99690696647523
1
0.954762854091764
0.950095750961935
1
1
1
1
1
1
1
1
1
1
1
1
1
1
1
1
1
1
0.936696974021275
0.964051010339549
0.848351711275737
1
0.936385867090999
1
1
0.983415849072638
1
1
0.991132810156535
1
1
1
0.987127907350516
1
1
1
1
1
1
1
0.996034866064618
1
1
1
1
0.965133413711365
1
1
1
0.997920701620999
0.967021551716691
1
1
1
1
1
1
1
0.929492037827138
1
1
0.998353561159551
1
1
1
0.967021551716691
1
0.999636560257866
1
0.962352073451249
1
0.999565728770058
1
1
1
1
1
1
1
0.858685877430423
1
1
1
0.994026632766497
1
1
1
1
1
1
1
1
1
1
1
1
1
1
1
1
0.98083909795873
1
0.995838009723856
1
0.959917264693864
1
0.999767054650206
1
1
1
1
1
0.987678823894759
1
1
1
1
1
1
0.993572126672022
1
1
1
1
1
1
1
1
1
1
1
1
1
1
0.97752971510859
1
1
1
1
1
1
1
1
1
0.984915944968476
1
1
1
1
1
1
1
1
1
1
1
1
1
1
1
1
0.999647526561115
1
1
1
1
1
0.790319839621186
1
0.93089900206609
0.993840942453093
1
1
1
1
0.997428849406666
1
1
0.954427153741643
1
1
1
1
1
1
0.966966014125882
1
1
1
1
1
1
0.961687112098741
0.957662212615068
1
1
1
1
1
1
1
1
1
1
1
1
0.999602515245844
0.99119726063303
1
1
1
1
1
1
1
1
1
1
1
1
0.948180961067824
1
0.993788571348731
1
0.999602515245844
1
1
1
0.983415849072638
0.952316664670485
0.985897045953099
0.985343335470441
1
0.938366857243297
0.895762889580932
1
1
1
1
1
1
1
1
1
1
1
1
0.999636560257866
1
1
1
1
1
1
1
1
1
0.998602408711177
1
0.988808408070548
1
1
1
1
0.992641792434709
1
1
0.967847057462427
1
1
1
1
1
1
1
1
1
1
0.999636560257866
1
0.999647526561115
1
1
1
0.999479256910809
1
1
1
1
1
0.993387099350274
0.964263018793393
1
0.99589098135536
1
1
1
1
1
1
1
1
1
0.990645686658016
1
0.961377455918284
1
1
1
1
1
1
1
1
1
1
1
1
1
0.970761115681759
1
1
1
1
1
1
0.960922453977757
0.982205621801972
1
1
1
1
1
0.972121972532948
1
1
1
1
1
1
1
1
1
1
1
1
1
1
1
1
0.971131869075915
1
1
1
1
1
1
1
0.972447367486333
1
1
1
1
0.987456937018607
1
1
0.958884016954308
1
0.997263689313211
1
1
1
1
1
1
1
0.825821475560202
1
1
1
1
1
1
1
0.993894036383417
1
1
0.988604439064811
0.942100100254127
1
0.96444086596744
1
0.999535971348667
1
1
0.952316664670485
1
1
1
1
1
1
1
1
1
1
1
1
1
1
0.978615371697896
0.965633175873993
0.993840942453093
1
1
1
1
0.99808439470344
0.975228967877355
1
1
1
1
1
1
1
0.999641133986869
1
1
1
1
1
1
1
1
1
1
1
1
1
0.990645686658016
1
1
1
1
1
1
1
1
1
1
1
1
1
0.963664316181609
1
0.972263798042424
1
1
1
1
1
1
1
1
1
1
1
1
1
1
1
1
1
1
1
1
0.993015639894003
1
1
1
1
1
1
1
1
0.992451379877157
0.982488817840421
1
1
1
1
1
1
1
0.977158202291084
0.982488817840421
1
1
1
1
1
1
1
1
1
1
1
0.955077016014346
0.994887131853304
1
1
1
1
1
0.89273149736201
1
1
1
1
1
1
1
1
1
1
1
1
1
1
1
1
1
1
1
1
1
1
1
1
1
1
1
1
0.999411636065696
1
1
1
1
1
0.905057237275135
1
1
1
1
1
1
1
1
1
1
1
0.994026632766497
1
1
0.983530167677886
1
1
1
1
1
1
0.949237606614151
1
1
1
1
1
1
1
0.990952947011501
1
1
1
1
1
1
1
0.969438501856131
1
1
1
1
1
1
1
1
1
1
1
1
1
0.993853137639549
1
1
1
0.929492037827138
1
1
1
1
1
1
1
1
1
1
1
0.972204316597043
1
0.997428849406666
1
0.977898194676641
1
1
1
1
0.999817559342027
0.993840942453093
0.977898194676641
0.969439734463186
1
1
1
1
0.99541942739859
1
1
1
1
1
1
0.992138127392979
1
0.993947604975405
0.995991897824883
1
0.973426375685928
1
1
1
1
1
1
1
1
1
1
1
0.997859500740268
1
1
1
1
1
0.967847057462427
1
0.993121222064875
1
1
0.971210247105191
1
1
1
1
1
1
1
1
0.982207782692395
1
1
1
1
1
1
1
1
1
0.985215505696308
0.938366857243297
1
1
1
0.964263018793393
1
1
1
1
1
1
0.999788292287278
1
0.96758021106983
1
1
1
1
1
0.947112914128748
0.998630254675436
0.975864133278215
1
1
0.990255787692372
1
0.938289191114041
0.963664316181609
0.998755459164681
1
0.997894033634192
0.923005916619187
0.968477316082425
1
1
1
0.980222507826036
1
1
1
0.997924367533778
1
0.971536524304738
1
1
1
1
0.944195668597715
1
1
1
1
1
1
1
1
1
1
1
0.957342716494124
0.980430027157927
1
1
1
0.997664903117722
1
0.985343335470441
0.993947604975405
1
1
0.97752971510859
0.972394907084256
1
1
0.999767054650206
0.997428849406666
1
1
0.996927104974432
1
0.957342716494124
1
1
1
1
1
1
1
0.999411636065696
1
1
0.999636560257866
1
1
1
1
1
1
0.993840942453093
1
1
0.97462618031934
1
1
1
0.999554479339036
1
1
1
1
1
1
1
0.967386399182006
1
1
1
1
0.885910659443194
0.99547030094832
1
1
1
1
0.999637280485365
1
1
1
0.949237606614151
0.979147583764927
1
0.994603235693179
1
1
0.942432803461788
1
0.989621274604706
1
1
1
1
1
1
1
0.921348392298695
1
1
1
0.93089900206609
1
1
1
1
0.968181387339247
1
1
1
1
0.927749031466919
1
0.964665732130767
1
1
1
1
0.998807937086183
1
1
1
0.965133413711365
1
1
1
1
1
0.893256847233498
0.98059505710531
1
1
1
1
1
0.911963078075299
1
1
0.997924367533778
1
1
1
1
1
1
1
0.992276113853106
1
1
1
1
0.959300145387385
1
1
1
1
0.997373427279736
1
0.97189452751195
1
1
0.979354343594789
0.808318068782829
1
1
1
1
1
1
1
1
1
1
1
1
1
0.897125663785932
0.995912845251657
1
1
1
1
0.993788571348731
1
1
0.978437631421505
1
1
1
0.996933729309681
1
1
1
1
1
0.996554031935184
1
1
1
1
1
1
1
1
1
1
0.984996892437752
1
1
1
1
1
1
1
1
0.987813619747961
1
1
1
0.995832732422305
1
1
0.965633175873993
1
1
1
0.987307416766582
1
1
1
1
1
1
1
1
0.968489423943802
0.947112914128748
1
1
1
1
1
1
1
1
1
1
1
1
1
1
1
1
0.998602408711177
1
1
1
1
1
1
1
1
1
1
1
1
1
1
1
1
1
1
1
0.971131869075915
1
1
1
1
1
1
1
1
1
1
1
1
1
1
0.984996892437752
1
1
1
0.98118019400095
0.972355942037594
1
0.993947604975405
1
1
1
0.999565728770058
0.957342716494124
1
1
1
1
1
1
1
1
1
1
1
1
1
1
1
1
1
1
1
1
1
1
1
1
1
0.942419428674089
1
0.925523795076155
1
1
1
1
1
1
1
1
0.995838111458789
1
0.988604439064811
1
1
1
1
1
1
1
0.999647526561115
1
1
1
1
0.964930297780005
1
1
1
1
1
1
0.947112914128748
1
1
1
0.982098203482264
1
1
1
0.985877190173837
1
1
0.969079748988127
1
1
1
1
1
1
1
1
1
0.988604439064811
1
0.944234119088796
0.960661331733722
1
1
1
1
1
1
0.99541942739859
1
1
1
1
0.937658689165065
0.947765652335475
1
0.994953338577274
0.991132810156535
1
1
1
0.926609869847525
1
0.975517183369614
1
0.984113190068541
1
1
1
1
0.999411636065696
1
0.995912845251657
1
1
1
1
0.987458772011847
1
1
1
1
1
1
1
1
1
1
1
1
1
0.994859243629295
1
1
1
1
1
1
1
1
0.83092959496357
1
1
1
1
1
0.98771290093342
1
1
0.99963346728007
1
1
1
1
1
1
1
0.993934431631497
1
1
0.966077887894204
1
1
1
1
1
0.968519253926725
1
0.99948037234616
0.978778643971934
1
1
1
1
0.999647526561115
1
1
1
1
1
1
1
1
0.956566119196729
1
1
1
1
1
1
0.973426375685928
1
1
1
1
0.999586011453966
1
1
1
1
1
0.984996892437752
1
1
1
1
1
1
1
1
1
1
1
1
1
1
1
1
0.98059505710531
1
1
1
1
1
1
0.987678823894759
1
0.955876974445025
0.980737765224285
1
1
0.988604439064811
1
1
1
0.999586011453966
1
1
1
1
1
0.944234119088796
1
1
1
1
0.964051010339549
0.927859657973257
0.965133413711365
1
1
1
1
0.991361329935629
1
1
1
0.987678823894759
1
1
1
1
1
1
1
1
1
1
1
1
1
1
1
0.999636560257866
1
1
0.977898194676641
1
1
1
1
1
1
1
1
1
1
1
1
0.999586011453966
1
0.994821051932109
1
0.961246742072497
1
1
1
1
1
1
1
1
0.972263798042424
1
1
0.96811823977534
0.991361329935629
1
1
1
1
1
1
0.971592898924031
1
1
0.956566119196729
0.942396222752401
1
1
1
1
1
1
1
0.994026632766497
1
1
1
1
1
1
1
1
1
1
0.976816221384094
1
1
1
0.965929208035244
0.995748224728108
1
1
1
1
0.995784451088196
1
1
1
1
1
1
1
0.995991897824883
1
1
1
1
1
1
1
1
1
0.972394907084256
0.986368295898732
1
0.983530167677886
1
1
1
1
1
1
1
1
0.980430027157927
1
1
0.997886556938408
1
1
1
1
0.997863761495993
1
1
1
1
1
1
0.99326452456305
0.996933729309681
1
1
1
1
1
1
1
1
1
1
1
1
1
1
1
1
0.984996892437752
1
1
1
1
1
1
1
1
1
1
1
1
1
1
1
1
1
1
0.917820425669265
1
1
1
0.942758964609871
1
1
1
1
0.992732212337286
0.984113190068541
1
1
0.995066600560477
0.975517183369614
1
1
1
0.996034866064618
0.920521479420014
1
0.993853137639549
1
1
1
1
1
1
1
1
1
0.948180961067824
1
1
1
1
0.982098203482264
1
1
0.992641792434709
1
1
1
1
1
1
1
1
1
1
1
0.999535971348667
1
1
0.959226846804372
1
0.972121972532948
1
1
1
1
1
1
0.902737746446117
1
1
1
1
0.993918387389965
1
0.998927893327753
0.965992914617845
1
1
1
0.92244739864589
0.99326452456305
1
1
1
1
1
0.980737765224285
1
1
1
1
1
1
1
0.966966014125882
1
0.992138127392979
0.978163499893331
1
0.969079748988127
1
1
1
1
1
1
1
1
1
1
1
1
1
1
1
1
1
0.98771290093342
1
0.972121972532948
1
1
1
1
0.988037042653422
1
1
1
1
1
1
1
1
0.91945310202984
1
1
1
1
1
1
1
0.969439734463186
1
1
1
1
1
1
1
0.87989862194367
1
1
1
1
1
0.985897045953099
1
0.992451379877157
0.976816221384094
1
1
1
1
1
1
1
1
1
0.994235159881988
1
1
1
1
1
1
0.993572126672022
1
1
1
1
1
1
1
1
1
1
1
1
1
1
1
0.993918387389965
1
0.966966014125882
1
1
1
1
0.83092959496357
1
1
1
1
1
1
1
1
1
1
0.970245325882846
0.99326452456305
1
1
1
1
1
1
1
1
1
1
1
1
1
1
1
1
1
1
1
0.997560272954757
0.997121120998534
1
1
1
1
1
0.981383052293741
1
1
1
1
1
1
1
1
1
1
1
1
1
1
1
0.994026632766497
1
1
1
1
1
1
1
1
1
1
1
0.951781499845616
1
0.96758021106983
1
1
1
1
1
1
1
1
1
1
1
1
1
1
1
1
1
0.997859500740268
1
1
1
1
1
1
0.994953338577274
1
1
0.997341578462059
1
0.990952947011501
1
1
1
0.995191650025483
1
1
1
1
1
1
1
1
1
1
1
1
1
0.947112914128748
1
1
1
1
1
1
1
1
1
1
1
1
1
1
1
1
1
1
1
1
1
1
1
1
1
0.944195668597715
1
1
1
0.997657719811831
1
0.977228549690653
1
0.999411636065696
0.982205621801972
0.994603235693179
1
1
0.987456937018607
1
0.990756308111973
1
0.98771290093342
1
1
1
1
1
0.995802351054683
1
1
1
1
1
1
1
0.971125445150697
1
1
1
1
1
1
1
1
1
1
1
1
1
1
1
0.995191650025483
0.972204316597043
1
1
1
1
1
1
1
1
0.987458772011847
1
1
1
1
1
0.92119220741796
1
0.987456937018607
1
1
1
1
1
1
1
1
1
0.979268897899639
0.999479256910809
0.99808439470344
1
1
1
0.960897248336
0.997263689313211
1
1
1
0.943053289058302
1
1
1
1
1
0.999637280485365
1
0.96811823977534
1
0.988604439064811
1
0.956566119196729
1
1
1
1
1
1
0.99963346728007
1
1
1
0.961246742072497
1
0.959774046330845
1
1
1
0.999586011453966
0.974658669047096
0.990952947011501
1
1
0.967021551716691
1
1
0.997920701620999
0.959226846804372
0.999817559342027
1
1
1
1
0.99963346728007
1
1
1
0.998332468001338
1
0.987559476802456
1
1
1
1
1
1
0.999554479339036
1
1
0.993947604975405
0.96811823977534
0.992171409607799
0.979664215970019
0.995191650025483
1
1
1
1
1
1
0.83092959496357
1
1
0.954427153741643
1
1
1
1
1
1
0.973299051170158
1
1
1
1
1
1
1
0.940368352267718
1
1
1
1
1
1
0.994011992689402
1
0.997658009451755
0.954427153741643
1
1
1
1
1
0.980633486072788
1
1
1
1
1
1
1
1
1
1
1
1
1
1
1
0.961908558716713
1
1
1
1
1
0.992138127392979
1
0.852297670785962
1
1
1
1
1
0.99963346728007
1
1
0.965992914617845
1
1
1
0.988802842058957
1
1
0.997481518556339
1
1
1
1
1
1
1
1
1
1
1
1
1
1
1
1
1
1
1
1
1
1
0.997121120998534
0.997121120998534
1
1
1
1
1
1
1
1
1
1
0.957662212615068
1
1
1
1
1
1
1
1
1
0.982205621801972
1
1
1
1
1
1
1
1
1
1
1
0.861428501759831
1
1
1
0.999647526561115
1
1
0.993257136218258
1
1
0.997560272954757
1
1
1
1
1
0.992641792434709
1
0.99808439470344
0.961908558716713
0.935476961270872
1
1
1
1
1
1
1
1
1
1
1
1
1
1
1
1
1
1
1
1
0.947765652335475
1
1
1
0.980267981054452
1
0.860762460879614
0.969079748988127
1
1
0.972394907084256
1
0.858685877430423
1
0.96811823977534
1
1
1
1
1
1
1
1
0.992106903030238
1
0.999554479339036
1
0.981640759433693
0.994026632766497
1
0.975989641570972
1
1
1
1
0.993840942453093
1
1
1
0.780425623394006
1
0.960922453977757
1
1
1
1
1
1
1
1
1
1
1
1
1
1
0.996927104974432
0.995983866041779
0.925237606255229
0.972687574593101
1
0.948559209308887
1
0.997428849406666
1
1
1
1
1
1
1
0.979164907460559
1
1
1
0.98858076030139
0.942432803461788
0.962352073451249
1
0.994026632766497
1
1
1
0.969439734463186
1
0.971125445150697
1
1
1
1
1
1
0.943053289058302
1
1
1
1
1
1
1
1
1
1
1
1
0.997252509328204
1
1
1
1
0.975228967877355
0.967036709933981
1
1
1
1
1
0.982412757034491
0.99589098135536
1
1
1
0.993572126672022
0.968221400138385
1
1
1
1
1
1
1
1
1
0.923570299257971
1
0.959447361060411
1
1
0.999411636065696
1
1
1
0.974959730917374
1
1
1
1
1
1
1
1
1
1
1
1
1
1
0.950791272019721
1
1
0.952316664670485
1
1
1
1
1
0.995838009723856
1
1
1
0.996927104974432
1
1
1
1
1
1
1
1
0.997664903117722
1
0.93089900206609
0.960897248336
1
0.98083909795873
1
1
1
1
1
1
0.983530167677886
1
0.955876974445025
1
1
1
1
1
1
1
0.997481518556339
1
1
1
1
0.960897248336
1
0.992641792434709
1
0.96463463246549
1
0.965633175873993
1
1
1
1
0.997859500740268
1
1
1
0.997121120998534
1
1
0.968181387339247
1
1
0.992171409607799
0.963168426825912
1
1
0.960922453977757
1
1
1
1
0.994821051932109
1
1
1
0.964263018793393
1
1
1
1
1
1
1
1
1
1
1
1
1
1
0.997863761495993
1
1
1
1
0.968489423943802
0.997859500740268
1
1
1
1
0.995784451088196
1
1
1
1
1
1
1
1
1
1
1
1
0.768449651522694
1
0.83092959496357
0.685555945393696
1
1
1
1
1
0.90674086361233
1
1
1
0.954762854091764
1
1
0.972263798042424
1
1
1
1
1
1
1
0.992732212337286
1
1
1
1
1
0.982207782692395
1
0.999554479339036
1
1
1
1
0.994222621388303
1
1
0.995949370659123
1
1
1
1
1
1
0.967847057462427
1
1
1
1
1
1
1
0.961687112098741
1
1
1
1
0.96444086596744
1
1
0.971148982455483
0.929492037827138
1
1
0.96444086596744
1
1
1
1
1
1
1
0.971592898924031
1
1
1
1
0.999636560257866
1
1
1
0.999554479339036
1
0.954594798513083
1
0.997428849406666
1
1
1
1
1
1
1
1
1
1
1
1
1
0.971131869075915
1
0.999535971348667
1
1
0.979177903152104
1
0.998755459164681
1
1
1
1
1
1
1
1
0.997428849406666
1
1
0.974658669047096
1
1
1
1
1
1
1
0.963686581363036
1
1
1
1
1
0.96811823977534
0.951039179116474
1
1
1
1
1
0.997664903117722
1
1
1
0.993918387389965
1
1
1
1
1
1
0.968489423943802
1
1
1
0.987307416766582
1
1
1
1
0.942100100254127
1
1
1
1
0.995385370906465
1
1
1
1
1
1
1
1
1
0.968871849191708
1
0.999762332823457
1
1
1
1
1
1
1
0.997481518556339
1
1
1
1
1
0.994235159881988
1
0.978778643971934
1
1
1
1
1
1
1
1
1
1
1
1
1
1
1
1
1
0.987456937018607
1
1
1
0.997481518556339
1
1
1
0.950984467054246
1
1
1
1
1
1
0.978895508271345
1
1
1
1
1
1
1
0.98059505710531
1
1
0.999554479339036
1
1
1
1
1
1
1
1
1
0.969500642562755
1
1
1
1
1
1
1
0.957342716494124
1
1
1
1
1
0.989255777306771
1
1
1
0.995784451088196
1
1
1
1
1
1
0.993840942453093
1
0.969079748988127
1
1
0.999411636065696
0.99808439470344
1
1
1
1
1
1
1
1
1
1
1
1
1
1
0.997121120998534
0.988604439064811
1
1
1
1
1
1
1
1
1
1
1
1
1
1
1
0.985302780062429
1
1
1
1
0.964564442838954
0.999817559342027
1
1
1
0.972687574593101
0.98083909795873
0.991132810156535
1
1
0.965133413711365
1
1
1
1
1
1
1
1
1
1
1
1
1
1
1
1
1
0.959226846804372
1
1
1
1
1
1
1
1
1
1
1
1
0.994222621388303
1
1
0.935476961270872
1
1
1
1
1
0.919279500402349
1
1
0.99985539596693
1
1
0.680568142375468
1
1
1
1
0.980430027157927
1
1
1
1
1
1
1
1
1
1
1
1
1
1
1
1
1
1
1
1
0.994821051932109
0.997924367533778
1
1
0.983415849072638
1
1
1
0.9415320236377
1
1
1
1
1
1
1
1
1
1
1
1
1
1
1
1
0.978778643971934
1
1
1
1
1
1
1
1
1
1
0.987127907350516
1
1
1
1
1
1
1
1
1
1
1
1
1
1
1
1
1
1
1
0.996051187726418
1
1
1
1
1
1
1
1
1
1
1
1
1
1
1
1
1
0.991772733223266
1
1
1
1
1
1
0.975864133278215
1
1
1
1
1
1
0.99280912182702
1
0.995991897824883
1
1
1
1
1
1
1
1
1
1
1
1
0.994672131625889
1
1
1
1
0.993341858336322
1
1
1
1
1
0.964564442838954
0.991178387291607
0.994235159881988
1
1
1
0.937108132161559
1
1
1
0.994235159881988
1
1
1
1
1
1
0.944195668597715
1
1
1
1
1
1
1
1
1
1
1
0.996554031935184
1
0.841277722528854
1
1
1
1
1
1
1
1
1
1
1
0.947903769787256
0.999636560257866
1
1
1
1
1
1
0.995838111458789
1
1
0.997481518556339
1
1
1
1
1
1
1
1
1
1
1
1
0.968871849191708
1
0.996554031935184
1
1
1
1
1
1
1
1
1
1
1
1
1
1
0.994603235693179
1
1
1
1
1
1
1
1
1
1
1
0.994024995087019
1
1
1
1
1
0.951781499845616
0.965010176901495
1
1
1
1
1
1
0.995792885861553
0.995252945542679
1
0.959314113619633
1
1
1
1
1
1
1
1
1
1
1
1
1
1
1
0.99948037234616
1
1
1
1
1
1
1
1
1
0.965633175873993
0.987559476802456
1
1
1
1
0.97173418653297
1
1
1
1
1
0.99808439470344
0.945641634279936
1
1
0.995802351054683
0.774285408857355
1
0.965633175873993
1
1
0.955235008640812
1
1
1
1
1
1
1
0.971536524304738
1
1
0.960897248336
1
0.947112914128748
0.999637280485365
1
1
1
1
1
1
1
1
1
1
1
1
0.977729784861684
0.993918387389965
1
1
1
1
1
1
1
0.937658689165065
0.965929208035244
1
1
1
1
0.980513854398668
1
1
1
1
1
1
1
1
1
1
1
1
0.966966014125882
1
1
1
1
1
1
1
1
1
1
0.954095018826442
1
1
1
1
0.959300145387385
1
1
0.992451379877157
1
1
1
1
1
1
1
1
1
1
0.995949370659123
1
1
1
1
0.977016639094244
1
1
1
1
1
1
1
0.997924367533778
1
1
1
1
1
1
1
1
1
1
1
0.988604439064811
1
1
1
1
1
0.981383052293741
1
1
1
1
1
1
1
1
1
1
1
1
1
0.999602515245844
1
1
0.972204316597043
1
0.986458824174113
0.974779714891503
1
0.999565728770058
1
1
1
1
1
1
1
1
1
1
1
1
1
0.99119726063303
1
0.917340519887082
1
1
1
1
0.96811823977534
1
1
1
1
1
0.994024995087019
1
1
1
0.929278072400698
1
1
0.999535971348667
1
1
1
0.992985130534322
1
1
1
1
1
1
1
1
1
1
1
1
1
1
0.992451379877157
1
1
1
1
0.99119726063303
0.974390791174426
1
1
1
0.956566119196729
0.957851841554546
1
0.988604439064811
0.87989862194367
1
1
1
1
1
1
0.997920701620999
0.977228549690653
0.972204316597043
1
1
1
1
0.967847057462427
1
1
0.954596940875544
1
1
1
1
1
1
0.936385867090999
1
1
1
1
1
1
1
1
1
1
1
1
1
1
1
1
1
1
1
1
1
1
1
1
1
1
1
0.925523795076155
1
1
1
1
1
1
1
1
0.999479256910809
1
1
1
1
0.982813965436531
0.97076773059697
1
1
1
1
1
1
1
0.99963346728007
1
0.972355942037594
1
1
0.954762854091764
1
1
1
1
1
0.973426375685928
1
1
1
1
1
1
1
1
1
1
1
1
1
0.90674086361233
1
1
1
1
1
1
1
1
1
1
1
1
1
1
0.961749162035854
1
1
1
0.977898194676641
0.997700873193322
0.997560272954757
1
1
1
1
1
1
1
1
1
1
1
1
1
1
1
1
1
1
1
1
1
1
1
1
1
1
0.98083909795873
1
1
0.985877190173837
1
1
1
1
1
1
1
1
1
1
1
0.990952947011501
0.960897248336
0.925363983722237
1
1
1
1
1
1
1
1
1
1
1
1
1
1
1
0.99808439470344
1
1
1
1
1
1
0.992171409607799
1
1
1
1
1
1
1
1
0.995838009723856
1
1
1
1
1
1
1
1
0.981894747651314
1
1
1
1
1
1
1
1
1
0.904348452719647
1
1
1
1
1
1
1
0.976938510132741
1
1
0.96444086596744
1
1
1
1
0.936385867090999
1
1
0.988693236359245
1
1
1
0.985160183773296
1
1
0.86275428777967
1
1
1
1
1
1
1
1
1
0.970761115681759
1
0.968519253926725
1
1
1
0.937753791894042
1
0.999411636065696
1
1
1
1
0.999535971348667
1
1
0.992138127392979
1
1
1
1
1
1
1
1
0.98059505710531
1
1
1
0.96811823977534
0.969079748988127
1
0.972121972532948
1
0.972263798042424
1
1
1
0.995784451088196
1
1
0.994026632766497
1
0.99690696647523
1
1
0.940035758702894
1
0.995191650025483
1
0.88495639435018
1
1
1
1
1
1
1
1
1
1
0.972687574593101
1
1
1
1
1
1
1
1
1
1
1
1
0.980513854398668
1
1
0.949237606614151
1
1
1
1
1
1
1
1
0.961908558716713
1
1
1
1
1
1
1
1
0.999411636065696
1
1
1
1
1
1
1
1
1
1
1
1
1
0.999479256910809
1
1
1
1
1
1
1
1
1
1
1
1
1
0.99028641728752
1
1
1
0.966389418058906
1
1
1
1
0.992106903030238
0.976816221384094
1
1
0.944234119088796
1
1
0.97189452751195
0.970560894234816
1
1
1
1
1
1
1
1
1
0.976938510132741
1
1
1
0.999535971348667
0.99560387107254
0.998602408711177
1
1
1
0.996106127614953
1
1
1
1
1
1
1
1
1
1
1
0.697670560021347
1
1
1
1
1
1
1
1
1
1
1
0.995983866041779
1
1
1
1
1
1
0.955077016014346
1
1
1
1
1
1
1
0.997859500740268
0.978437631421505
0.993840942453093
1
1
1
1
1
0.97076773059697
1
1
0.976216159011159
1
0.977067194453957
1
1
0.770977722548466
1
1
1
1
1
1
1
1
1
1
1
0.974658669047096
1
1
1
1
1
1
1
1
0.993387099350274
1
1
0.98118019400095
1
1
0.945772027960747
1
1
1
1
1
1
1
1
0.954596940875544
1
1
0.969439734463186
0.970761115681759
1
1
1
1
0.972687574593101
1
1
1
1
1
1
1
1
1
1
1
1
0.990756308111973
1
1
1
1
1
1
1
1
1
0.99280912182702
1
1
1
0.980430027157927
1
1
1
0.993934431631497
1
1
1
1
1
1
1
1
1
1
1
1
1
0.965633175873993
1
1
1
1
1
1
1
1
1
1
1
1
0.929492037827138
1
0.997382025143971
1
1
1
1
1
1
1
1
1
1
0.997841202298023
1
0.99808439470344
1
1
1
1
1
1
1
1
1
1
1
0.995252945542679
1
1
0.965768149626897
1
0.990645686658016
1
1
1
0.98059505710531
1
1
1
1
1
1
0.985171747179254
0.950244522443259
1
0.976823564113507
1
1
1
1
1
1
0.973426375685928
1
1
1
1
0.978615371697896
1
0.980633486072788
1
1
1
1
1
1
1
1
1
1
1
1
1
1
0.992138127392979
1
0.990952947011501
0.949237606614151
0.999535971348667
1
0.995838111458789
1
1
1
1
1
1
1
1
1
0.985302780062429
1
0.996933729309681
1
1
1
1
0.992641792434709
1
1
1
1
0.987456937018607
1
1
1
1
0.997560272954757
0.99948037234616
1
1
1
1
1
1
1
1
1
1
1
1
1
1
1
1
0.999479256910809
1
1
1
1
1
1
0.970836343533838
1
1
0.978778643971934
1
0.985707846090745
1
1
1
1
1
1
1
1
1
1
1
0.965992914617845
1
1
1
1
1
1
1
1
1
1
1
1
1
1
1
0.98771290093342
1
1
1
1
1
1
1
1
1
1
1
1
1
1
0.922184042290573
1
1
1
1
1
1
1
1
0.999637280485365
0.944054443786191
1
1
1
1
1
1
1
1
1
1
1
1
1
1
1
1
1
0.957662212615068
1
1
1
1
1
1
1
1
1
1
1
1
0.94191848682704
1
1
1
1
1
1
1
1
1
1
0.976816221384094
1
1
1
1
1
0.93089900206609
0.93089900206609
1
1
1
1
1
1
1
1
0.969297491956737
1
0.976816221384094
1
1
1
1
1
1
1
1
0.978163499893331
1
1
1
1
1
1
1
1
1
1
1
1
1
1
1
1
1
1
1
1
1
1
1
1
0.979177903152104
1
1
0.994821051932109
0.972687574593101
1
1
1
1
1
1
1
1
1
0.719423681442585
1
1
1
1
0.973299051170158
1
1
1
1
1
1
1
1
0.999411636065696
1
1
1
1
0.972761532495449
1
1
1
1
1
1
0.976742373876526
1
1
1
0.997768027472379
0.992138127392979
1
1
1
1
1
1
1
1
0.971210247105191
1
1
0.994859243629295
1
1
1
1
1
1
1
1
1
1
1
1
1
1
1
0.994026632766497
1
0.994821051932109
1
1
1
1
1
1
1
1
0.995912845251657
1
1
0.997664903117722
1
1
1
0.949237606614151
1
1
1
1
1
1
1
1
1
1
0.995838009723856
1
1
0.997664903117722
1
0.999647526561115
1
0.938366857243297
0.952316664670485
1
1
1
0.948180961067824
1
0.990255787692372
1
1
1
1
1
1
1
0.987319249335761
1
1
1
1
1
0.99963346728007
1
1
1
1
1
1
1
0.999637280485365
1
1
0.994011992689402
0.944195668597715
1
0.975238788100192
1
1
1
1
1
1
1
1
1
1
1
0.968551836020119
1
0.957851841554546
1
0.96444086596744
0.900615352030276
1
0.997658009451755
1
1
1
1
1
0.993788571348731
1
1
1
1
1
1
0.937658689165065
1
0.935809701629397
1
1
1
1
1
1
1
1
1
1
1
1
1
1
1
1
0.987813619747961
1
1
1
1
1
0.994026632766497
1
1
1
1
1
1
1
1
1
1
1
1
1
1
1
1
1
1
1
1
1
1
0.988604439064811
1
1
1
1
1
1
1
1
1
1
1
1
1
1
1
1
1
1
1
0.942100100254127
1
1
1
1
1
1
1
0.988419913765291
0.97373329992465
1
0.999636560257866
0.978031418948488
0.956566119196729
1
1
1
1
0.986368295898732
1
1
1
1
1
1
1
1
1
1
1
1
1
1
1
0.987311076122978
1
0.944195668597715
0.970761115681759
1
1
1
1
1
1
1
1
1
1
0.954117627033919
0.996051187726418
1
1
1
0.97189452751195
1
1
0.968181387339247
0.995912845251657
1
0.882445339035198
1
1
1
0.993257136218258
1
1
1
1
1
1
1
1
1
1
1
0.994222621388303
1
0.970761115681759
0.994222621388303
1
0.997548221224362
1
1
1
1
1
1
0.990645686658016
1
1
1
1
1
1
1
1
1
1
1
1
1
1
0.976984182510991
1
1
1
1
1
1
1
1
0.935809701629397
0.997859500740268
1
0.957851841554546
1
1
1
1
1
0.951911084088325
1
0.938049608406079
1
1
1
1
1
1
1
1
1
1
1
1
1
1
1
1
1
1
1
0.996927104974432
0.790105707599974
1
1
1
1
1
1
0.997863761495993
1
0.984761461167937
1
1
1
0.992451379877157
0.997263689313211
1
0.841277722528854
1
1
1
1
1
1
0.999762332823457
1
1
0.909426916404926
1
1
1
1
1
1
1
1
0.933489933950331
1
1
0.995066600560477
1
1
1
0.99948037234616
0.876403910909906
1
1
1
1
1
1
0.995991897824883
1
1
1
1
1
0.984996892437752
1
0.834776935225236
0.974144279901219
1
1
1
1
1
1
1
1
0.999411636065696
1
1
0.953663573535923
1
1
1
1
0.990255787692372
1
0.99690696647523
1
1
1
1
1
1
1
0.995684736509244
1
1
0.999817559342027
1
1
1
1
1
1
1
1
1
1
1
1
1
1
1
1
1
1
0.993840942453093
1
1
1
1
1
1
1
0.975228967877355
0.935809701629397
1
1
1
0.997664903117722
1
1
1
1
1
1
0.99948037234616
1
1
1
1
1
0.976816221384094
1
1
1
1
0.998927893327753
1
0.990645686658016
1
0.992106903030238
0.99948037234616
1
0.999609755336589
0.987307416766582
1
1
1
1
1
0.99326452456305
1
1
1
1
1
1
1
0.997886556938408
1
1
1
0.969079748988127
1
1
1
1
1
1
1
0.985171747179254
0.965112591339949
1
1
1
0.950244522443259
1
1
1
1
1
1
0.999636560257866
1
1
1
1
1
0.995192540137897
1
0.759111312030294
1
0.995784451088196
0.999647526561115
1
1
0.970835207912817
1
1
1
0.99690696647523
0.979164907460559
1
1
0.997669501873726
1
1
0.988808408070548
1
1
1
0.987307416766582
0.971717337153656
1
1
0.954596940875544
1
1
1
1
1
1
1
0.977067194453957
1
1
1
1
0.999479256910809
1
1
1
0.929492037827138
1
0.975864133278215
1
1
1
0.959300145387385
0.968221400138385
1
1
1
1
1
1
1
1
1
1
1
0.983530167677886
1
1
1
1
1
0.96444086596744
1
1
1
1
1
1
1
1
1
0.990820926630929
1
1
1
1
1
0.965633175873993
0.997428849406666
1
1
1
1
1
1
1
1
1
1
1
1
1
1
0.976938510132741
1
0.983415849072638
1
1
1
1
1
1
1
1
1
1
1
1
1
1
1
1
1
1
1
1
1
1
1
1
1
1
1
0.992138127392979
1
1
0.995912845251657
1
0.995846437752971
1
1
1
1
0.94810672708591
0.990645686658016
1
1
1
1
0.978437631421505
1
1
1
1
1
0.981424529811769
0.999411636065696
1
1
1
1
0.999788292287278
1
1
0.999565728770058
1
1
1
1
1
1
1
0.997894033634192
1
0.969297491956737
1
1
1
0.972447367486333
1
1
1
1
1
1
1
1
1
1
1
1
1
1
1
1
1
1
1
1
1
1
0.972687574593101
1
1
1
1
1
0.997664903117722
1
1
0.992985130534322
1
1
0.972263798042424
1
1
1
1
1
1
1
1
1
1
1
1
1
1
1
1
1
1
1
1
1
1
1
1
1
1
0.995748224728108
1
1
1
1
1
0.971294427985944
1
1
1
1
1
1
0.995971188729883
1
0.954957826934827
1
1
1
1
1
1
1
0.999762332823457
1
0.987813619747961
1
1
1
1
1
1
1
1
1
0.999586011453966
1
1
1
1
1
0.971294427985944
1
1
1
0.967847057462427
1
1
1
1
0.997658009451755
1
1
1
0.997481518556339
1
1
1
1
1
1
0.985897045953099
1
1
1
1
1
1
0.949346267016493
0.999767054650206
1
1
1
1
1
1
1
1
1
1
1
0.999479256910809
1
1
1
1
0.992641792434709
1
1
0.954329398912149
1
1
1
1
0.995191650025483
1
1
1
1
1
1
1
1
0.998602408711177
1
1
1
1
1
1
1
1
1
1
1
1
1
1
1
1
1
1
1
1
1
1
0.950791272019721
1
1
1
1
1
0.999535971348667
0.974085231935075
1
1
1
1
1
1
0.997863761495993
1
1
1
1
1
1
1
1
1
1
1
1
1
1
1
1
1
1
1
1
1
1
1
1
1
1
1
1
0.999641133986869
0.999479256910809
1
1
0.951150472611393
1
1
1
1
1
1
1
1
1
1
1
1
1
1
1
1
1
1
1
0.988604439064811
1
1
0.968489423943802
0.964564442838954
1
1
1
1
1
1
1
1
1
0.969079748988127
1
1
1
0.97092644897651
1
0.997121120998534
1
1
0.951911084088325
1
1
1
1
1
1
1
0.999535971348667
1
1
1
1
0.991178387291607
1
0.891603307822704
1
0.997373427279736
0.970108941585425
1
1
1
1
0.936385867090999
1
1
1
1
0.982292574231207
1
1
0.993947604975405
1
0.976216159011159
0.942758964609871
1
1
1
1
1
1
1
1
0.927593999376914
0.93089900206609
0.997993156365605
1
1
0.997560272954757
1
0.956566119196729
1
1
1
1
1
1
1
1
1
1
1
1
0.990952947011501
1
1
1
1
1
0.992451379877157
1
1
1
1
0.93614187091311
1
1
1
1
1
1
1
0.968181387339247
1
1
1
1
1
1
1
0.987456937018607
1
1
1
0.987456937018607
1
0.972355942037594
1
1
1
1
1
0.987319249335761
0.993853137639549
1
1
1
1
1
1
1
1
1
1
1
1
0.972394907084256
1
1
1
1
1
1
1
1
1
0.992641792434709
1
1
0.994821051932109
1
1
0.997548221224362
0.999641133986869
1
1
1
1
1
0.968885767452699
1
1
0.997428849406666
1
0.952316664670485
0.976216159011159
1
1
1
1
0.93614187091311
1
1
1
1
1
1
0.99948037234616
1
1
1
1
1
1
1
1
1
0.992641792434709
1
1
1
0.957851841554546
1
1
1
1
1
1
1
1
1
1
1
1
1
0.997440103195658
1
1
0.995784451088196
0.99560387107254
1
1
1
1
1
1
1
1
1
1
1
1
1
1
1
1
1
1
1
1
1
0.954117627033919
1
1
1
1
1
1
1
1
1
1
1
0.96463463246549
0.999817559342027
1
1
0.961617391326577
1
0.99326452456305
1
1
1
1
1
1
1
1
1
1
1
0.975228967877355
1
1
1
0.965929208035244
1
1
1
1
1
1
1
1
1
0.99948037234616
1
1
1
1
1
1
1
1
1
1
1
1
1
1
1
1
1
1
1
1
0.959638545652991
0.860127822781684
1
1
1
1
0.969500642562755
1
1
0.999767054650206
1
1
1
1
0.942758964609871
1
1
1
1
1
1
1
1
1
1
1
1
1
1
1
1
1
1
1
1
0.984996892437752
1
1
0.996106127614953
1
0.953663573535923
1
1
1
1
1
1
0.944234119088796
1
1
1
1
1
1
1
1
1
1
1
0.993788571348731
1
1
1
1
1
0.997585291237203
1
1
1
1
1
1
1
1
1
1
1
0.954861211057416
1
1
1
1
1
1
1
1
1
0.971035393656925
1
1
1
0.954762854091764
1
1
0.997687397597406
0.999602515245844
0.948006981906723
1
1
1
1
1
1
1
1
1
1
1
1
0.953663573535923
0.994026632766497
1
1
1
1
1
1
1
1
1
1
1
1
1
1
0.995017709696717
0.996933729309681
1
0.779519302529218
1
0.999647526561115
1
1
1
1
0.948180961067824
1
1
1
1
1
1
1
0.88495639435018
1
1
1
1
0.995784451088196
1
1
1
1
0.991178387291607
1
1
1
1
1
1
1
1
1
1
1
1
1
0.935809701629397
1
1
1
0.997121120998534
0.987545352722713
1
0.997481518556339
1
1
1
1
1
1
1
1
0.991178387291607
1
0.958060283071801
0.980430027157927
1
1
1
1
0.717856816441108
1
1
1
1
1
1
1
1
1
1
1
1
1
1
1
1
0.998927893327753
1
1
0.965133413711365
1
1
0.960922453977757
1
1
1
1
1
1
1
1
1
1
1
1
0.833944899997167
1
1
1
1
1
1
0.977633937587012
1
1
1
1
0.999479256910809
0.987678823894759
0.949237606614151
0.954762854091764
1
1
1
1
1
1
1
0.996411025433208
1
1
1
1
1
1
1
1
1
1
1
1
1
1
1
1
1
1
0.851281721746396
1
1
1
1
1
0.993788571348731
1
1
1
1
1
1
1
1
1
1
1
1
1
1
1
1
1
1
0.995846437752971
1
1
0.997859500740268
1
1
1
1
1
1
1
1
1
1
1
1
1
1
1
1
1
1
1
1
0.962704537194096
1
1
0.980633486072788
1
1
1
1
0.99808439470344
0.972263798042424
1
1
1
1
0.972687574593101
1
1
1
1
1
1
1
1
1
1
1
1
1
1
1
1
1
1
1
1
1
1
0.965112591339949
1
1
1
1
1
1
1
1
1
1
1
1
0.997428849406666
0.965133413711365
1
1
1
0.995971188729883
1
1
0.94191848682704
1
1
1
1
0.979561730283951
1
1
1
1
1
1
0.983530167677886
0.949237606614151
1
1
1
1
1
1
0.995912845251657
1
1
1
1
1
1
0.997894033634192
0.949237606614151
1
1
0.994222621388303
1
1
1
1
1
1
1
1
1
0.93089900206609
1
1
0.977729784861684
1
0.996034866064618
0.984996892437752
1
1
1
1
1
0.937108132161559
1
1
1
1
1
1
1
0.968871849191708
1
0.983530167677886
1
0.972204316597043
0.99963346728007
1
1
1
1
1
1
1
1
1
0.950513591248969
1
1
1
1
0.971717337153656
1
1
1
1
1
1
1
0.987456937018607
0.974609309969673
1
1
1
1
1
1
0.99690696647523
1
1
1
0.895099922817863
1
0.954329398912149
1
1
1
1
1
1
1
1
0.954596940875544
1
1
1
1
1
0.999609755336589
0.950791272019721
1
0.86481804295466
1
1
1
1
1
1
1
1
1
1
1
1
1
0.999817559342027
0.925523795076155
1
1
1
0.993572126672022
1
1
1
1
1
0.998755459164681
1
1
1
0.994672131625889
0.989168640185884
1
1
1
1
1
0.973845173770665
1
0.995802351054683
1
1
1
1
1
1
1
0.975864133278215
1
1
1
1
0.967036709933981
1
1
1
1
1
1
1
0.983530167677886
1
1
0.952809085395368
1
1
1
1
1
0.959300145387385
0.99808439470344
1
1
1
1
1
1
1
1
0.976938510132741
1
1
1
1
0.994672131625889
1
0.969439734463186
0.936696974021275
0.953246756444531
1
0.999535971348667
0.993121222064875
1
1
1
1
1
1
0.98118019400095
0.992985130534322
1
1
1
1
0.97189452751195
1
0.975238788100192
1
1
1
1
1
0.990645686658016
1
1
1
1
0.997263689313211
1
1
1
1
1
1
1
1
1
0.993572126672022
1
1
1
1
1
1
1
1
1
1
0.993201229534155
1
1
0.979164907460559
1
1
1
1
1
1
1
1
1
1
1
1
1
0.995191650025483
0.991132810156535
1
1
1
1
1
0.96463463246549
1
1
1
1
1
1
1
0.947460532168819
1
1
0.971125445150697
1
1
1
1
1
0.984178129835664
1
1
1
1
1
1
1
1
0.999647526561115
1
1
1
1
1
1
1
1
1
1
0.995949370659123
1
1
1
0.936385867090999
1
0.947112914128748
1
1
1
1
1
1
0.997894033634192
0.965010176901495
1
1
0.997658009451755
1
1
1
0.954427153741643
1
1
1
1
1
0.943053289058302
1
1
1
1
1
0.99288681583356
1
1
1
1
1
0.98059505710531
1
1
1
1
0.971592898924031
1
1
0.982255875697799
0.997428849406666
0.971035393656925
1
1
1
1
1
1
1
0.999602515245844
1
1
1
1
0.997121120998534
1
1
1
1
1
0.949346267016493
1
1
1
1
1
1
1
0.968885767452699
1
1
1
1
1
1
1
1
1
1
1
0.942758964609871
0.997924367533778
1
1
1
1
1
1
1
1
1
1
1
1
1
1
0.991282661722124
0.999641133986869
1
1
0.999479256910809
1
0.980430027157927
1
1
1
1
1
1
1
1
1
1
1
1
1
0.950095750961935
0.995385370906465
1
1
1
0.999641133986869
0.995528004761443
1
1
1
0.997263689313211
0.996106127614953
1
1
1
1
1
0.971717337153656
1
1
1
1
1
1
0.957662212615068
1
0.983530167677886
1
1
1
1
1
1
0.965133413711365
1
1
1
1
1
0.960922453977757
1
1
1
1
1
0.973299051170158
1
1
0.997428849406666
1
1
1
1
1
1
1
1
0.697670560021347
1
0.954861211057416
1
1
1
1
1
1
1
1
1
1
0.925153885565965
1
1
1
1
0.997481518556339
1
1
1
1
1
1
1
1
1
1
1
1
1
1
0.99948037234616
1
1
1
1
1
1
1
1
1
0.963686581363036
1
1
1
0.995784451088196
1
1
1
1
1
0.995912845251657
0.937658689165065
1
1
1
1
1
1
1
1
1
1
1
1
1
0.969079748988127
0.994222621388303
1
0.966946690603711
1
0.994603235693179
1
1
1
0.733906415937599
1
1
1
1
1
1
0.933556058943241
1
1
1
0.975864133278215
1
1
1
1
1
1
1
1
0.743335043060533
1
0.99560387107254
1
0.98083909795873
1
1
0.97373329992465
1
0.976578072643369
0.954117627033919
1
1
1
1
1
1
1
1
0.949346267016493
1
0.9972873561998
1
1
1
1
1
1
0.981590014048721
1
0.996561913320846
1
1
0.999479256910809
0.954427153741643
0.954329398912149
1
1
1
0.997307432827284
0.979164907460559
1
1
1
1
0.917820425669265
0.992276113853106
1
1
1
1
1
0.961908558716713
1
1
0.965133413711365
1
1
1
1
1
1
0.959300145387385
1
1
1
1
1
1
1
1
1
1
0.974085231935075
0.949346267016493
1
1
1
1
1
1
1
1
1
0.993840942453093
1
1
1
1
1
1
1
1
1
1
1
1
1
1
1
1
1
1
1
1
0.952316664670485
0.99808439470344
1
1
1
1
0.999411636065696
1
1
1
0.99948037234616
1
1
0.936385867090999
1
1
1
0.937658689165065
1
1
0.984613262857618
0.982205621801972
1
0.999602515245844
1
1
1
1
1
1
1
1
1
1
0.985302780062429
1
1
0.95286144678294
1
0.965929208035244
1
1
0.997920701620999
0.780914515035315
0.949560029101315
1
1
1
0.974144279901219
1
1
0.954762854091764
1
1
1
1
1
1
1
1
1
1
1
0.997263689313211
1
0.970761115681759
1
1
1
1
1
1
0.807711248984889
0.992451379877157
0.962617053824195
1
0.995964854834116
1
1
1
0.977729784861684
1
1
1
0.97189452751195
0.983991790613078
0.961246742072497
1
1
1
1
1
1
1
1
1
1
1
1
1
1
1
1
0.970761115681759
1
1
1
1
1
1
1
1
1
1
1
1
1
1
1
1
1
1
1
1
1
1
1
1
1
1
1
1
1
1
1
1
1
1
1
1
1
1
1
1
1
0.971360501138128
1
1
0.999411636065696
1
1
1
0.99808439470344
1
1
1
0.990645686658016
1
1
1
1
1
1
1
1
1
1
1
1
1
1
1
1
0.982412757034491
1
1
1
1
1
1
0.955235008640812
1
1
0.997687397597406
1
1
1
1
1
1
1
1
1
0.995991897824883
1
1
1
1
1
1
1
1
1
1
1
1
1
1
0.965112591339949
1
1
1
1
1
1
1
1
1
1
1
1
1
1
1
1
1
1
1
1
1
0.954957826934827
1
1
1
1
0.901239679721973
1
1
1
1
1
1
1
1
1
1
1
0.971717337153656
1
1
1
1
0.961687112098741
1
1
1
1
1
1
1
1
1
1
1
1
0.984178129835664
1
1
1
1
0.983991790613078
1
1
1
1
1
1
1
1
0.94191848682704
0.973426375685928
1
1
0.893256847233498
0.997481518556339
1
1
1
1
0.997428849406666
1
1
1
1
1
1
1
1
1
1
1
0.997481518556339
1
1
1
0.900615352030276
1
0.968871849191708
1
1
1
0.967036709933981
1
1
1
1
1
1
1
1
0.970108941585425
1
1
1
1
1
1
0.961687112098741
1
1
1
0.9972873561998
1
1
0.996933729309681
0.99948037234616
1
1
1
1
1
1
1
0.976216159011159
0.994235159881988
0.969439734463186
1
0.991178387291607
0.972204316597043
1
1
0.977633937587012
1
1
1
1
1
1
1
1
1
1
1
1
1
1
1
1
1
0.971360501138128
1
1
1
1
0.937753791894042
1
1
1
0.999788292287278
1
1
1
1
1
1
1
1
0.989621274604706
1
1
1
1
1
1
1
1
1
1
1
1
1
1
1
1
1
0.993257136218258
1
0.970560894234816
1
1
1
0.995191650025483
0.96463463246549
1
0.968181387339247
1
1
1
0.946759467998648
1
1
1
1
1
1
0.964564442838954
1
1
1
0.978615371697896
1
1
1
1
1
1
1
1
1
1
1
0.93089900206609
1
1
1
1
1
1
0.977633937587012
1
1
0.993572126672022
1
1
0.995846437752971
1
0.997428849406666
1
1
1
1
1
1
1
1
1
0.943025074759554
1
1
0.985594815016328
1
1
1
1
0.997859500740268
1
1
1
1
0.895762889580932
1
1
1
1
1
0.99948037234616
1
1
1
1
1
1
1
1
0.865379433057928
1
1
1
1
1
1
1
1
1
1
1
1
1
1
0.995191650025483
1
1
1
0.944234119088796
0.993918387389965
1
1
0.959638545652991
0.997382025143971
1
1
0.995949370659123
1
1
0.929492037827138
0.959300145387385
1
0.902737746446117
1
0.848468575128582
0.979147583764927
0.934282394965747
1
1
0.976938510132741
1
1
1
1
1
0.998602408711177
0.995971188729883
0.967036709933981
1
