x
1
1
1
0.991702286260959
1
1
1
1
1
1
1
1
1
0.996676731795204
1
1
1
1
1
1
1
1
1
1
1
1
0.998306839315867
1
1
1
1
1
1
1
0.99928989651305
0.99646371335298
1
0.999779894081477
1
1
1
0.836598427774417
0.999988203315364
1
1
1
1
1
1
1
1
0.923902584256144
1
0.895380432348772
1
1
1
0.999938515076135
1
1
1
0.971104137211312
1
0.950523345655782
1
1
1
0.999474993212585
1
1
1
0.999962130775802
1
1
1
1
1
1
1
0.938844758704351
1
1
1
0.998513370477193
1
1
1
1
1
1
1
1
1
1
0.999619456784745
1
0.999901766700276
1
0.930973952774764
1
1
1
1
1
1
1
0.999983190686924
1
1
1
1
1
1
1
1
1
1
1
0.945393354123302
1
0.999901766700276
0.999681104866581
1
1
1
1
0.656741117677879
0.999925857549678
1
0.998786928257025
1
1
1
1
1
1
1
0.991756694868909
1
1
1
1
1
1
0.932813254639329
1
1
1
1
0.999834991906695
1
1
1
1
1
0.999952555860846
1
1
0.895380432348772
1
1
1
1
1
1
1
1
1
0.999909372975134
1
1
1
1
1
1
1
1
1
1
1
1
1
0.962369207055262
1
1
1
1
1
1
1
1
0.962731170653502
1
1
0.999161414112515
1
0.999663564327379
1
1
1
0.999837245330467
1
0.999893784112728
0.999969930517949
0.999978913737273
1
0.985017298293598
0.981724391153556
1
1
1
1
1
1
1
1
0.999779894081477
0.998721913341782
1
1
0.813769153169946
1
1
1
1
1
1
1
1
1
0.999861776418061
0.999987491696227
1
0.945393354123302
0.999926326836144
1
1
1
1
1
1
1
1
1
1
1
1
1
1
1
1
1
1
0.999480280250259
1
1
1
1
1
1
0.994448014719876
1
1
1
0.992582466978862
0.996998093950811
0.998289351783181
1
1
1
1
1
1
1
0.907858404423962
1
1
1
0.99998156096753
0.99997391919377
1
1
1
1
1
1
0.97811247109266
1
0.976260976656147
1
0.948565050392705
1
1
0.997858889872806
1
0.999975209965414
1
1
1
1
1
1
1
1
1
0.96018513615484
1
1
1
1
1
1
1
1
1
1
1
0.999931115949465
1
0.995689498599963
1
1
1
1
0.991702286260959
1
0.992082593815635
1
1
1
1
1
1
1
1
1
1
1
1
1
0.992082593815635
1
1
1
1
1
0.99270618649143
1
1
1
0.988213263990505
1
1
1
0.998083916206718
1
1
1
1
1
0.999962130775802
1
1
1
0.971600803838405
0.938844758704351
1
1
0.999876729819308
1
0.913015700527571
0.999999112485572
1
1
1
1
1
1
1
1
1
1
0.999161414112515
1
1
1
1
1
1
1
1
0.999190126517879
1
1
1
1
1
1
1
0.999796962682453
1
1
0.999902499572301
1
1
0.991609849685252
0.994931785844791
1
1
1
1
1
1
1
1
1
0.781597950760774
1
1
1
1
1
1
1
1
1
1
1
1
1
1
1
1
1
1
0.93812573061653
0.97030584773707
1
0.999949867952678
1
0.999654251520729
1
1
1
1
1
1
1
1
1
0.924168674931836
1
1
0.996998093950811
1
1
1
1
0.982440719289568
1
1
1
1
1
0.99985823933045
1
0.95026696809015
0.978258002919512
1
1
1
1
1
1
0.991702967936428
1
1
0.992582466978862
1
1
0.991609849685252
1
0.972704209125318
1
1
1
1
1
1
1
1
1
1
1
0.971600803838405
0.999638945867789
1
1
1
1
0.99918414605855
0.869066977358104
0.974399690344214
1
1
1
1
1
0.984892013766403
0.985628197699133
1
0.981572677335992
0.997089187953458
1
1
1
1
1
1
1
0.999999264494316
0.999998985637468
1
1
1
0.999969930517949
1
1
1
1
1
1
1
1
1
0.999619456784745
0.932813254639329
1
1
1
1
1
1
1
0.974801919732476
1
1
0.995689498599963
1
1
0.904729636491085
1
1
1
1
1
1
1
1
1
1
0.999517964420099
1
1
1
1
1
0.999767805931456
0.999999264494316
1
1
1
1
1
1
1
0.991609849685252
1
1
0.999681104866581
1
1
1
1
1
1
1
1
1
1
1
0.997855667178478
0.999691055865638
1
1
1
1
1
1
1
0.922722033887107
1
1
1
1
1
0.953538645292167
1
1
1
1
1
1
1
1
1
1
1
1
1
1
1
1
1
1
1
1
1
1
1
1
0.849126742864221
1
1
1
1
1
0.99974090958933
1
1
1
1
1
0.999833297942457
1
1
1
1
0.990723350746917
1
1
1
1
1
0.835006867107509
1
1
0.999681104866581
0.997970017510411
1
1
1
1
1
0.985017298293598
0.982440719289568
1
1
1
1
1
0.999796962682453
1
1
0.930973952774764
1
1
1
0.99995784393486
1
1
0.997395080172297
1
1
1
1
0.999926326836144
1
1
1
1
1
1
1
1
0.998964088724918
1
1
1
0.995099421623309
0.948844092535539
1
1
1
1
0.996242762649568
0.998137864680737
1
1
1
1
1
1
1
1
1
1
1
1
1
1
1
0.999891919679319
1
1
1
0.999456542221184
1
1
0.999988203315364
1
1
1
0.999357922692071
1
1
1
0.999833297942457
0.983540427478909
0.999744675301321
0.999989961472073
1
1
1
1
1
0.99928989651305
0.895380432348772
1
0.999931115949465
1
0.999957080101019
1
1
1
1
0.989095821309257
1
1
0.999663422592661
0.999597048963059
0.974801919732476
1
1
1
0.979801997501792
1
1
1
1
1
1
0.999988416048678
1
1
1
1
1
1
1
1
1
1
1
1
0.999975209965414
1
1
1
1
1
1
1
0.999995680704874
0.999926326836144
1
1
0.950399810000259
1
1
1
0.999779894081477
1
1
0.99824110710976
1
1
0.999697681681906
1
1
0.95197079231807
1
0.982440719289568
1
1
0.981401789657129
1
1
1
1
1
0.999998808401427
1
1
1
0.959870607851553
1
0.994092093296527
1
0.998306839315867
1
1
0.992082593815635
1
1
0.999888685630908
1
1
0.999785813011131
1
1
1
0.996676731795204
1
1
1
0.989095821309257
1
1
0.999953007481348
0.999999643983573
1
0.99793877012262
1
0.975798773004072
1
1
1
1
1
1
0.982440719289568
1
1
0.999904404133308
0.981724391153556
1
1
1
1
1
1
1
1
0.999974176126624
1
0.999597627959179
0.992082593815635
1
1
1
0.999999264494316
1
1
0.981724391153556
1
0.999375283688042
1
1
1
1
1
1
1
1
1
1
0.999926326836144
1
0.999519328534197
1
1
1
1
1
1
1
0.999375283688042
1
1
1
1
1
0.950804813877517
1
1
1
1
1
1
1
1
1
0.962369207055262
0.998705151743577
1
1
1
1
1
0.969271394448909
1
1
1
0.999949867952678
0.963926823430864
1
1
1
1
1
1
1
0.999931115949465
1
1
1
1
1
1
0.999904404133308
1
0.997794838151756
1
0.999969930517949
1
1
0.999663564327379
1
1
1
1
1
1
0.99998834340074
1
1
1
1
1
1
1
0.849126742864221
1
1
0.999591522914961
1
1
1
1
1
0.999474993212585
0.983540427478909
1
1
1
1
1
0.96018513615484
1
1
0.983570992740171
1
1
1
0.987041539458271
1
0.999998808401427
0.999785813011131
1
1
1
0.947684615584728
1
1
0.923152781309701
1
1
1
0.841323162805542
0.999161414112515
0.999976793610196
1
1
1
1
1
1
0.997215035658902
0.968938194350636
1
1
0.993038894012534
1
1
0.990971888545834
0.999931115949465
0.960862821336292
0.999861776418061
1
0.957605180860412
1
1
1
1
0.994092093296527
0.991440204998619
1
1
1
1
0.999861776418061
1
1
1
1
1
1
0.843059708381351
1
1
1
1
1
0.999999264494316
1
1
0.97647094747813
1
1
0.999975108481274
0.999517964420099
1
0.983540427478909
1
1
1
1
0.930641568474758
1
1
0.93946268298371
0.995099421623309
1
1
1
1
1
1
0.878457188427935
1
1
1
1
1
1
0.835006867107509
1
1
1
1
1
0.999893784112728
1
0.999779894081477
1
1
1
1
1
0.999551371284639
1
1
1
1
1
1
1
1
1
1
1
0.999591522914961
0.991472526587141
0.99978317189208
1
1
1
1
1
1
1
1
1
1
1
1
0.981401789657129
1
1
0.99999944162529
1
1
1
1
1
1
1
1
1
1
0.99953097111429
1
1
1
1
0.999849504653578
1
1
1
1
0.999663422592661
0.907858404423962
1
1
1
1
0.999785813011131
1
1
1
0.990670429346883
1
0.981724391153556
1
1
1
0.999901766700276
1
1
0.991702286260959
1
0.976733571667201
0.979542578968865
1
1
1
1
1
0.981724391153556
1
1
0.981724391153556
1
0.921080703155136
1
1
1
1
1
1
1
1
1
1
1
1
1
1
0.871112546210735
1
0.962731170653502
1
0.999868117248622
1
1
1
0.999796962682453
0.999999112485572
0.895380432348772
1
1
1
1
1
1
1
1
0.996242762649568
1
1
1
1
0.924168674931836
0.815277961202888
0.999663564327379
1
0.999998736700143
0.950523345655782
1
1
1
1
1
1
1
1
1
1
1
1
1
1
1
0.99945720655026
1
1
1
1
1
1
1
0.893679193338173
1
1
1
1
1
1
1
1
1
1
1
0.993252928482291
1
1
1
1
1
1
1
1
1
1
1
1
1
0.999142654286906
1
1
1
0.765967863738248
1
1
1
1
1
1
1
1
1
0.999551371284639
1
1
1
1
1
1
0.938844758704351
0.998083916206718
1
1
1
1
1
1
1
0.971730526801363
1
1
1
1
1
1
0.999959537504031
1
1
0.972704209125318
1
1
1
0.999916111789918
0.999904404133308
1
0.800064510044987
1
1
1
0.99997391919377
0.999988203315364
1
0.962731170653502
0.999937396160571
1
1
1
0.99270618649143
1
1
1
1
1
1
1
0.96018513615484
1
1
0.935563471328092
1
0.971730526801363
1
1
1
0.995266259019162
1
1
1
1
1
0.860259172034946
1
0.971730526801363
0.999989961472073
1
1
1
1
1
0.868965099378243
1
1
0.999799831720753
1
1
0.980212074970972
1
1
1
1
1
1
1
0.991756694868909
1
1
1
1
1
1
1
1
1
1
0.999998758978914
1
1
1
1
1
0.989095821309257
1
1
0.947684615584728
0.999663422592661
1
1
1
1
1
1
1
0.999517964420099
1
0.999959537504031
1
1
1
1
1
1
1
1
0.999654251520729
1
1
0.999372630175903
1
1
1
1
1
1
1
1
1
1
1
1
1
1
1
1
1
0.986084124012185
1
0.999998736700143
1
1
1
1
1
0.97770720855093
1
1
1
1
0.96018513615484
1
1
1
1
1
1
1
0.999999264494316
1
0.789024769582393
1
1
1
0.999976247714055
1
0.995570779782092
1
1
0.999133877508248
1
0.999563400467269
0.940219722140835
1
1
1
1
1
1
1
1
0.969271394448909
1
1
1
0.999654251520729
1
0.999838767316469
1
1
1
1
1
1
0.997622397128474
1
1
0.986868813208643
1
1
1
0.999638945867789
1
0.96018513615484
1
1
1
1
0.99984935930982
1
0.999849504653578
1
1
1
1
1
1
1
1
1
1
0.999987491696227
1
1
1
1
1
1
1
1
1
1
0.849126742864221
1
1
1
1
0.999322535333242
1
1
1
0.992793601603039
0.99945608037838
1
1
0.999931115949465
1
1
1
1
1
1
1
0.953538645292167
1
1
1
1
1
1
1
1
0.99995784393486
0.999988954875511
1
0.999901766700276
1
1
0.995099421623309
1
0.999517964420099
0.995570779782092
1
1
1
1
1
1
1
1
0.999663422592661
1
1
1
1
1
1
0.999993724401856
1
1
1
1
0.999654251520729
1
1
0.999519328534197
0.999962635878926
0.923902584256144
1
0.999965600748036
1
1
1
0.993252928482291
1
1
1
1
1
1
0.991609849685252
1
1
1
1
1
1
1
1
1
1
1
0.97811247109266
1
1
1
1
0.89660392886008
1
1
1
1
1
1
1
0.996998093950811
0.998721913341782
0.977427568215158
1
1
1
0.991440204998619
1
0.999739038892402
1
0.992130226007723
1
1
1
1
1
1
0.999570463727935
0.999998808401427
1
0.982993206457413
0.976679587070349
1
1
1
0.995099421623309
1
1
1
1
1
0.907858404423962
0.992582466978862
0.993252928482291
0.936390689377829
1
1
1
1
1
1
1
1
1
0.999987491696227
1
1
1
1
0.999891919679319
1
0.96652832406136
1
1
1
1
1
0.995689498599963
1
1
1
0.769335689143037
0.999916111789918
1
0.998964088724918
1
1
1
1
0.996275592115457
1
1
1
1
1
1
0.994695095197186
1
1
1
1
1
0.986868813208643
1
1
0.999938273405256
1
1
1
1
1
1
1
1
0.999226939507153
1
1
0.999519328534197
1
0.841323162805542
1
1
1
1
1
1
1
1
1
1
1
1
0.991756694868909
1
1
1
0.981401789657129
0.999681104866581
1
1
0.882762939496869
1
1
1
1
1
1
1
1
1
1
1
1
0.999485559375469
1
1
1
1
1
0.98791440897957
1
1
1
1
1
1
0.999974176126624
1
0.968938194350636
1
0.999833297942457
1
1
1
0.914904194524334
1
0.999779894081477
1
1
1
1
1
0.999681104866581
1
0.999998884149311
1
1
1
1
1
0.991756694868909
1
1
1
1
1
1
1
1
1
1
1
1
1
1
0.993252928482291
1
1
1
0.999998985637468
1
1
1
1
1
1
1
0.991702286260959
1
1
1
1
0.999891919679319
1
1
1
0.992082593815635
1
1
1
0.999935851215092
1
1
1
0.999767805931456
1
1
1
0.99995784393486
1
0.843734510369467
0.557819107212508
1
1
1
1
1
1
1
1
1
0.932791441085719
1
1
0.993957437402162
1
1
1
1
0.999994479114156
1
1
1
1
1
1
1
1
1
1
1
1
0.999959092082839
0.999407972842283
1
0.999849504653578
1
0.999940995311708
1
1
1
1
1
0.999911051824888
1
1
0.93390717477519
1
1
1
0.999946700923309
0.999974176126624
1
1
1
1
1
1
0.907858404423962
1
0.999959092082839
0.976679587070349
0.963926823430864
1
1
1
1
0.981572677335992
1
1
1
1
1
1
1
0.945393354123302
1
1
0.999944791510195
1
1
1
1
1
0.99997391919377
1
1
0.998612793825161
1
1
1
1
1
0.999978913737273
1
1
1
1
1
1
1
1
1
1
0.989095821309257
1
1
1
1
1
1
1
1
1
1
0.999988203315364
1
1
1
1
1
1
1
0.999783010078169
1
1
0.999999112485572
1
1
0.999663422592661
1
1
0.999681104866581
1
1
1
1
1
0.999975209965414
0.976679587070349
1
1
1
1
1
1
1
1
1
0.995570779782092
0.941392769596496
1
1
1
1
0.997622397128474
1
1
1
1
0.999810825788205
1
0.976679587070349
1
1
0.916293530493254
0.999779894081477
0.986084124012185
1
1
1
1
1
1
1
1
0.991702967936428
1
0.738404635692868
1
0.999591522914961
1
1
1
1
1
1
0.999989961472073
0.999999112485572
1
1
1
1
1
1
1
0.99945608037838
1
0.99582673199115
1
0.992582466978862
1
1
1
0.999946700923309
1
1
1
1
1
1
1
1
0.999810049691685
1
1
1
0.999999112485572
1
1
0.997697277704197
0.99953097111429
0.985017298293598
0.997794838151756
1
1
1
1
1
1
1
1
1
1
1
1
1
0.999995680704874
1
1
1
1
0.913015700527571
0.999904404133308
1
1
1
1
1
0.808545269638199
0.999799831720753
1
1
1
1
1
1
1
1
1
1
1
1
1
1
1
1
1
1
0.981724391153556
1
1
1
1
1
0.960862821336292
0.999160150754275
1
1
1
0.999994479114156
1
1
0.999911842062667
0.950523345655782
1
1
1
1
1
1
1
1
1
1
1
1
1
1
0.9193888419272
1
1
1
1
1
1
1
0.99582673199115
1
1
1
1
0.967863490416664
1
0.932791441085719
1
1
0.919889726813343
0.931593676002989
0.999591522914961
0.999859309470015
1
1
1
1
0.999322535333242
0.992793601603039
1
0.999799831720753
1
1
1
1
1
1
1
1
1
1
1
1
1
1
1
1
1
1
1
1
1
0.99971795420516
1
1
1
1
1
0.998612793825161
0.841323162805542
1
1
1
1
1
0.999901959566037
1
1
1
0.999982529424892
1
1
0.999849504653578
1
1
1
1
1
1
1
1
1
0.994166135468562
1
0.99998156096753
0.950829028903377
0.979542578968865
1
1
1
0.997215035658902
1
1
1
0.999999871802233
1
1
0.991702967936428
1
1
1
1
1
0.99891658247738
1
1
0.999563400467269
1
1
0.945393354123302
1
1
1
1
0.882762939496869
1
1
0.999938273405256
1
1
1
1
1
1
1
1
1
1
1
0.990723350746917
0.99691053701136
0.899174689014377
1
1
1
1
1
1
0.999586065453736
1
1
1
1
1
1
1
0.985017298293598
1
1
1
1
0.999142654286906
0.981724391153556
1
1
0.901859098883862
0.940219722140835
1
1
0.99582673199115
1
1
1
1
1
1
1
1
0.999975209965414
1
1
1
1
1
1
1
1
1
1
1
1
1
1
1
1
1
1
0.855950522272764
1
1
1
0.999563400467269
1
1
0.930641568474758
1
0.808545269638199
1
1
0.999998736700143
1
1
1
1
1
1
1
0.981401789657129
1
0.919889726813343
1
0.991609849685252
1
1
1
0.999969222607035
1
0.999779894081477
0.999999643983573
0.999976793610196
1
1
1
1
1
1
1
1
1
1
1
1
1
1
1
1
1
0.749199489132776
1
0.749199489132776
1
1
1
1
1
1
0.950399810000259
1
0.999975209965414
1
1
0.999978913737273
1
1
1
1
0.999988954875511
1
1
0.999142654286906
1
1
1
1
1
1
1
1
0.987041539458271
1
0.995099421623309
1
1
1
1
1
1
0.991609849685252
1
1
1
1
0.991702286260959
0.999691055865638
1
0.971132069234669
0.999663564327379
1
1
1
1
0.985017298293598
1
1
0.999940995311708
1
0.989095821309257
0.999663564327379
1
1
1
1
1
0.982046852730807
1
1
0.999663564327379
1
1
1
1
1
1
1
0.999663564327379
1
0.999952555860846
1
1
0.974801919732476
1
1
1
0.993252928482291
1
1
0.971730526801363
1
1
0.998688152124497
1
1
1
1
1
1
1
1
1
1
1
1
1
1
1
1
1
1
1
1
1
0.999999112485572
0.982440719289568
1
0.996275592115457
1
1
1
0.99997253947446
0.982440719289568
0.992582466978862
1
1
1
1
1
1
1
1
1
1
1
1
0.999982529424892
1
1
1
1
1
1
1
1
1
1
0.999988203315364
1
1
1
1
1
1
1
1
1
1
1
1
1
1
0.99947361702989
0.999994479114156
1
1
1
0.948565050392705
1
0.999586065453736
0.999973709942849
1
1
1
1
1
1
1
0.999984729372846
1
0.992983600328552
1
1
1
1
1
1
1
0.999322535333242
1
0.999991219026457
0.990971888545834
1
1
1
1
1
1
1
1
1
0.998289351783181
1
1
1
1
1
1
1
1
1
1
0.999973709942849
1
1
1
1
1
1
1
1
1
0.999551371284639
1
1
1
1
1
1
0.979542578968865
1
1
0.999654251520729
1
0.999893784112728
1
1
1
0.998688152124497
1
0.950515987830297
1
1
1
1
1
1
0.994166135468562
1
1
1
1
1
0.999949867952678
1
1
1
1
0.999226939507153
1
1
1
1
0.962369207055262
0.999372630175903
1
1
1
1
1
1
0.979801997501792
1
1
1
0.999551371284639
0.99582673199115
1
1
1
1
1
0.981572677335992
1
1
1
0.999407972842283
1
1
1
1
0.967863490416664
1
1
1
0.815277961202888
1
0.959870607851553
1
1
1
1
1
1
1
1
0.985017298293598
1
1
0.999893784112728
0.999919496832706
1
1
1
1
1
1
0.992082593815635
1
1
1
1
1
1
1
1
1
1
1
1
1
1
1
1
1
1
0.992582466978862
1
1
0.999407972842283
0.999978913737273
1
1
0.962731170653502
1
0.99947361702989
1
0.997622397128474
1
1
1
1
1
1
0.922122306288003
0.990723350746917
1
1
1
1
0.996110309971384
1
1
1
0.843734510369467
1
1
1
1
1
1
1
1
1
1
1
1
0.99947361702989
1
1
1
1
1
1
0.979542578968865
1
1
1
0.982993206457413
1
1
0.981401789657129
1
1
1
0.995570779782092
0.999950654152037
1
0.999994479114156
1
0.945393354123302
0.999796962682453
0.99984935930982
1
1
1
1
1
1
0.987041539458271
1
1
1
1
1
1
0.999474993212585
1
1
1
1
1
1
1
1
0.992130226007723
0.810984985901587
0.961182692959972
1
1
1
1
1
0.967805914276295
1
1
0.999357922692071
1
1
1
1
1
0.999992620735311
0.979801997501792
1
0.992793601603039
1
1
1
1
0.999944791510195
0.977427568215158
1
1
0.999944791510195
1
1
1
1
1
1
1
1
1
1
1
1
1
1
1
1
1
1
1
1
1
1
1
1
1
1
1
1
0.982046852730807
1
1
1
0.999785813011131
1
0.999597627959179
1
1
0.999997345472785
1
1
0.999796962682453
1
1
1
0.999926326836144
0.995988971342065
1
1
0.995368919232829
1
0.994092093296527
1
1
1
1
0.999142654286906
0.962731170653502
1
0.999407972842283
0.869066977358104
1
1
1
1
1
1
1
0.99051422993195
0.999901352813252
1
1
1
1
1
1
1
1
1
1
0.981724391153556
1
1
0.980212074970972
1
1
0.999988954875511
1
1
0.999965600748036
1
1
1
1
1
0.999888685630908
1
0.999834991906695
0.999946700923309
0.999619456784745
1
1
1
0.999956197234227
0.841323162805542
0.955669878252387
1
1
1
1
1
0.999931115949465
0.999555465579847
1
1
1
1
1
1
1
1
1
1
0.988312058188491
1
1
1
0.999597048963059
0.99270618649143
1
1
0.999944791510195
0.993252928482291
1
1
1
1
1
0.999597627959179
1
1
0.995689498599963
0.950523345655782
1
1
1
1
1
1
1
1
0.99835774678884
1
1
1
1
1
1
1
0.99957071137313
1
1
1
1
1
0.99999272518432
1
0.99582673199115
1
1
0.99978317189208
0.999916692109878
0.999796962682453
1
1
1
1
1
1
0.99277155007696
1
1
0.999988416048678
1
1
0.992793601603039
1
1
0.999937396160571
1
1
0.992582466978862
0.99945608037838
0.999001491653277
0.849126742864221
1
1
1
1
1
1
1
1
1
0.984892013766403
1
0.99953097111429
1
1
1
1
1
1
1
1
1
1
1
1
0.999938515076135
1
1
0.999987491696227
0.995099421623309
1
1
1
1
1
1
1
1
1
1
1
1
1
1
1
1
1
1
1
1
1
1
1
1
1
1
1
0.974801919732476
1
1
1
1
0.999998884149311
1
1
1
1
1
1
0.99727019335594
0.998513370477193
1
1
0.999681104866581
1
1
1
1
1
1
1
1
1
1
1
1
0.999619456784745
1
1
0.999974176126624
1
1
1
1
1
1
1
1
1
1
1
1
1
1
1
0.967660933821702
1
0.999931115949465
1
1
0.996998093950811
1
0.684514049500706
1
1
1
1
1
0.999619456784745
1
1
0.999372630175903
1
0.97647094747813
1
0.99997391919377
1
1
1
1
1
1
1
1
1
0.99999272518432
1
1
1
1
1
0.953253054316436
1
1
1
0.986229443620337
1
0.956209947217726
1
1
1
1
1
1
1
1
1
1
1
0.9193888419272
1
1
1
0.999998758978914
1
0.999739038892402
0.971730526801363
1
1
1
1
0.997191822536141
1
1
1
1
1
0.999480280250259
0.914904194524334
1
1
1
1
0.942617780241444
1
1
1
1
1
1
1
0.999938515076135
0.962731170653502
1
1
1
1
1
1
1
1
1
1
0.999974176126624
1
1
1
1
1
0.999938273405256
0.999950654152037
0.991609849685252
1
0.99646371335298
1
1
1
1
1
1
1
1
0.995099421623309
1
1
1
1
1
1
1
1
0.998650663403201
1
0.986084124012185
1
1
0.959870607851553
1
1
1
1
1
1
0.999926326836144
1
1
1
1
1
0.999160150754275
1
1
0.999988416048678
1
1
1
1
1
1
1
1
1
1
0.999872915817869
1
1
1
1
1
1
1
1
1
1
1
1
0.998650663403201
1
1
1
1
1
0.943264923820038
1
1
0.995514568462773
1
0.999931663691132
1
1
1
1
1
1
1
1
0.999959537504031
1
1
1
0.999893784112728
1
1
1
1
1
1
1
0.990723350746917
1
1
1
1
1
1
0.999142654286906
1
1
0.999982529424892
1
1
1
1
1
1
1
0.999924713160635
1
1
0.999998985637468
1
1
0.999944791510195
1
1
1
1
0.99981338286731
1
0.993038894012534
1
1
1
1
1
1
1
1
1
0.998610637319396
1
1
0.992082593815635
1
1
1
1
1
1
1
1
1
1
1
1
1
1
1
0.95197079231807
1
1
1
0.999998736700143
0.994092093296527
1
1
0.999901766700276
1
1
1
1
1
1
0.998083916206718
0.914904194524334
0.999861776418061
0.997215035658902
1
0.999796962682453
1
1
1
1
1
0.994092093296527
1
1
1
1
1
1
1
1
1
1
1
0.999783010078169
1
1
0.999931663691132
1
1
1
1
1
1
1
1
1
1
0.999987491696227
1
1
1
1
1
1
1
1
1
1
1
1
1
1
1
1
0.999946700923309
1
0.999696753558422
1
1
1
0.992082593815635
1
1
1
1
1
1
1
1
1
1
0.998628717954917
0.999796962682453
1
1
0.981385252020602
0.99997253947446
1
1
1
1
0.99835774678884
1
0.999891919679319
0.999663564327379
1
1
1
1
1
1
1
1
1
1
1
1
0.995099421623309
1
1
1
1
1
1
1
1
1
1
1
1
1
0.841323162805542
1
1
1
1
1
1
1
0.999999264494316
0.99947361702989
0.974399690344214
1
1
1
1
1
0.999937396160571
1
1
1
1
1
1
1
1
1
1
1
1
1
1
1
1
1
1
1
1
1
1
1
1
1
1
1
1
1
1
0.968938194350636
1
1
0.964686125746109
1
1
1
0.974399690344214
1
1
1
1
1
0.999863850057029
0.996275592115457
1
0.999597627959179
1
1
1
1
1
1
1
0.999161414112515
1
1
1
1
1
1
1
1
1
0.985017298293598
1
1
1
1
1
1
1
1
1
1
0.984747539126673
1
1
1
1
1
0.99984935930982
1
0.994459699747047
1
1
1
1
0.971600803838405
1
1
0.935563471328092
0.99835774678884
1
0.986084124012185
1
1
0.999474993212585
1
1
1
1
1
0.947684615584728
0.998650663403201
1
1
1
1
1
1
1
1
1
0.999962130775802
1
0.994092093296527
1
0.999950654152037
0.999888685630908
1
1
0.992582466978862
1
1
1
1
1
1
1
1
1
1
1
1
1
1
1
1
0.999975209965414
1
1
1
1
0.999663422592661
1
1
1
1
1
1
1
1
1
1
1
1
1
1
1
1
1
0.971104137211312
1
1
1
0.999586065453736
0.995514568462773
1
1
1
1
0.998964088724918
1
1
1
1
1
1
1
1
1
1
0.999999264494316
1
1
1
1
0.984747539126673
0.999226939507153
1
1
0.999909372975134
0.982993206457413
1
1
1
1
1
1
0.968938194350636
1
1
0.99953097111429
1
0.998289351783181
1
1
0.971600803838405
1
1
1
1
1
1
1
1
0.905044863356219
1
1
1
1
1
0.999998758978914
1
0.999998884149311
1
1
1
0.999998736700143
1
1
0.999591522914961
1
1
0.999926326836144
1
1
0.999785813011131
1
1
1
1
1
1
1
1
0.999779894081477
0.997527712720724
0.914904194524334
1
1
1
0.999868117248622
1
1
1
1
1
1
1
1
1
0.999959537504031
1
0.829723011736305
1
0.999916692109878
0.995266259019162
1
1
1
1
1
1
1
1
1
1
0.999796962682453
0.994166135468562
1
1
0.932813254639329
0.999849504653578
1
1
1
1
1
1
1
0.983540427478909
1
0.972767414050075
1
1
1
1
1
1
1
1
1
1
1
1
0.999998985637468
1
1
1
1
1
1
1
1
1
1
1
1
1
1
1
1
1
1
1
1
1
1
1
1
0.940219722140835
1
1
1
1
1
1
1
1
1
1
1
0.999998758978914
1
0.995514568462773
1
0.990971888545834
1
1
0.979542578968865
1
1
1
1
1
1
1
0.999991219026457
1
1
1
1
1
0.93812573061653
1
1
1
0.964686125746109
0.998964088724918
1
1
1
0.962731170653502
1
1
0.999926326836144
0.999834991906695
1
0.978698205568241
0.993252928482291
1
1
1
1
1
1
1
1
1
1
1
0.999976793610196
1
1
1
0.991756694868909
1
0.976733571667201
0.999372630175903
0.998610637319396
1
1
1
0.999911051824888
1
1
1
0.950523345655782
1
1
1
1
1
1
1
1
1
1
1
1
1
1
1
0.999563400467269
0.985323171036788
1
0.967863490416664
0.841323162805542
1
1
1
1
0.995514568462773
0.999891919679319
1
1
1
1
1
0.982440719289568
1
1
1
1
1
0.999924713160635
1
1
1
1
1
0.999974176126624
1
0.999796962682453
1
1
1
0.994092093296527
1
0.99997253947446
1
1
1
1
0.999796962682453
1
1
1
1
0.992082593815635
1
1
0.999959092082839
1
1
1
0.950523345655782
0.992582466978862
1
0.99978317189208
1
1
0.971104137211312
1
0.99793877012262
1
1
1
1
1
1
1
1
1
1
1
0.905044863356219
0.982993206457413
0.999570463727935
1
1
1
0.990723350746917
1
1
1
1
1
1
1
0.974399690344214
1
1
1
1
1
1
1
1
0.64998952258871
1
1
1
1
0.999654251520729
1
1
1
0.971600803838405
1
1
0.994092093296527
1
0.992082593815635
1
1
1
1
1
1
1
1
1
1
1
1
0.999480280250259
0.984892013766403
1
1
1
1
1
1
1
1
1
1
0.984919346512085
1
1
1
1
1
1
1
0.995266259019162
1
0.964686125746109
1
1
1
1
0.813769153169946
1
1
1
1
1
1
1
1
1
1
1
0.99997391919377
1
0.995099421623309
1
0.99997253947446
1
0.878457188427935
0.999976247714055
0.999480280250259
1
1
1
1
0.999931115949465
1
0.999926326836144
0.984747539126673
1
1
0.912526303794284
1
1
1
1
1
0.999978913737273
1
1
0.999833297942457
1
1
1
1
1
0.938844758704351
1
1
1
1
1
1
1
1
0.999989961472073
1
0.999779894081477
1
1
0.972704209125318
1
0.991702286260959
1
1
1
1
1
1
1
1
1
0.982440719289568
1
1
1
0.916293530493254
1
1
1
1
1
1
1
0.900982613423242
1
1
1
0.999335938032808
0.996998093950811
1
1
0.997622397128474
1
1
1
0.999904404133308
1
0.999957080101019
0.999965600748036
0.962731170653502
1
1
1
1
1
1
1
1
1
0.99954503872123
0.999998808401427
1
1
1
1
0.962731170653502
1
1
1
1
1
1
0.975798773004072
1
1
1
1
1
1
0.999998808401427
1
0.905044863356219
0.999656153679042
1
1
1
0.999998808401427
1
1
1
0.800064510044987
1
1
1
0.969271394448909
0.986229443620337
1
1
1
1
1
1
0.953538645292167
0.832328746251491
1
1
1
1
1
1
0.969271394448909
1
0.989095821309257
1
1
1
1
1
1
1
1
0.995570779782092
1
1
1
1
1
1
0.999663601061392
1
1
1
1
1
1
1
0.907858404423962
1
1
1
1
1
0.999901959566037
1
1
1
1
1
0.914904194524334
1
1
1
1
1
0.999859935244279
1
1
1
1
1
0.999916692109878
1
1
0.998950267577406
1
0.947684615584728
1
1
0.999962635878926
1
0.881688107852558
1
1
0.999706931488774
1
1
1
1
1
1
1
0.981428571712403
0.916293530493254
1
1
0.964633153518495
1
1
0.999925857549678
1
1
0.999551371284639
1
1
1
1
0.99981338286731
1
0.999833297942457
1
1
0.909012341282777
1
1
1
1
1
1
1
0.745709561791854
1
1
1
1
0.999407972842283
1
1
1
1
0.953538645292167
1
0.887758637384943
1
1
0.962369207055262
1
1
1
1
1
1
1
0.754908620615546
1
1
1
1
1
1
1
1
1
1
0.999820311274712
1
1
1
1
0.999995680704874
1
1
1
1
1
0.999969222607035
1
0.998612793825161
0.999926326836144
1
0.99974090958933
1
1
0.999796962682453
1
1
1
1
1
1
0.999969222607035
1
1
0.940219722140835
1
1
1
1
1
1
1
1
0.980212074970972
0.999904404133308
1
1
1
1
1
1
1
1
1
1
1
1
1
1
1
1
1
1
0.991702286260959
1
1
1
1
0.999998808401427
1
0.962369207055262
1
1
1
1
0.913015700527571
1
0.999998884149311
1
1
1
1
1
1
0.99981338286731
1
1
1
1
1
1
0.983540427478909
1
1
0.999796962682453
0.974781258539562
1
1
1
1
1
1
1
1
1
1
0.999940995311708
1
0.85903903946478
1
1
1
1
1
1
1
0.999783010078169
1
0.979542578968865
1
1
1
1
1
1
1
1
1
1
1
1
0.998946043884712
0.97109993249935
1
1
1
0.999973709942849
0.999931115949465
1
1
1
1
1
1
1
1
1
1
1
1
0.999998808401427
1
1
1
1
1
0.999681104866581
1
1
1
1
1
0.99947361702989
0.99591319106937
1
0.999226939507153
1
1
0.998946043884712
1
0.999586065453736
0.999991219026457
0.999909372975134
0.999937396160571
1
1
1
0.99974090958933
1
1
1
1
0.999984729372846
1
1
1
0.980212074970972
1
1
0.946290423381755
1
1
1
0.99582673199115
1
1
1
1
1
1
1
1
1
1
1
1
1
1
1
1
1
1
1
1
1
1
1
1
1
1
1
1
1
0.999767805931456
1
0.999969222607035
0.99582673199115
1
1
0.999597048963059
1
1
0.99981338286731
1
1
1
0.962369207055262
1
1
1
1
1
1
1
0.998826639065362
1
1
1
1
1
1
1
1
1
1
1
0.883664276209868
1
1
1
1
1
1
1
1
1
1
0.999976793610196
1
1
1
1
1
1
1
0.962369207055262
1
1
0.99997391919377
1
1
1
1
1
1
1
1
0.997215035658902
1
0.930973952774764
1
1
1
1
1
1
1
1
1
1
1
1
0.999335938032808
1
1
0.989095821309257
1
1
1
1
1
1
1
1
1
1
1
1
1
1
1
1
1
1
0.999779894081477
1
1
1
1
1
0.999998985637468
1
1
1
1
0.953538645292167
1
1
1
1
0.938844758704351
0.991440204998619
1
1
1
0.999142654286906
0.986868813208643
1
0.999480280250259
1
0.999952555860846
1
1
1
1
0.990971888545834
1
0.992582466978862
1
1
1
1
1
1
1
1
1
1
1
0.99646371335298
1
1
1
1
0.999909372975134
0.997215035658902
0.996275592115457
1
1
0.984919346512085
1
1
1
1
1
1
1
1
1
1
1
0.999926326836144
0.979542578968865
1
0.999834991906695
1
1
1
0.985628197699133
1
1
1
1
1
1
1
0.996672989142913
1
1
0.991609849685252
1
1
1
1
1
1
1
1
1
1
1
1
1
1
1
1
1
1
1
1
1
1
1
1
1
1
0.993252928482291
1
1
1
0.895380432348772
0.967892632417974
0.999767805931456
1
1
1
1
1
1
1
1
1
1
1
1
1
0.999988948357627
1
0.999796962682453
0.999699177985722
1
1
1
1
1
0.94813141127207
1
0.999909372975134
1
1
0.941392769596496
1
1
1
0.999795487937363
0.99928989651305
1
1
1
0.940219722140835
1
1
1
1
0.974801919732476
0.987205393655975
1
1
0.99974090958933
0.986868813208643
1
0.999226939507153
1
1
0.999868117248622
0.999739038892402
0.999893784112728
1
1
1
1
1
1
0.999999264494316
1
1
1
0.99073671842002
1
1
1
1
1
1
1
1
1
1
1
1
1
1
0.999919496832706
1
1
1
0.999951465855726
1
1
1
0.892410133430566
1
1
1
1
1
0.994148739146053
0.999957080101019
1
1
1
1
1
0.999969222607035
1
0.941710183021311
1
1
0.999861776418061
1
0.985628197699133
1
1
1
0.946292100797413
0.998380087104281
1
0.999895149964613
1
1
0.987716446311891
0.932791441085719
0.999901766700276
1
1
1
1
1
0.999998884149311
1
0.996439654139996
0.794548187559308
1
1
1
1
1
1
0.991609849685252
1
1
1
0.99981338286731
0.570792763592647
1
1
1
0.738404635692868
1
0.844757426238694
0.549406702189134
1
0.531020165714068
1
1
0.512806623693835
0.962731170653502
0.999495808449212
1
1
1
1
1
1
0.999551371284639
1
1
0.999998733537597
1
1
1
1
1
1
0.999833297942457
1
1
1
1
1
0.99073671842002
1
1
1
0.99945608037838
1
0.9193888419272
1
1
1
1
1
0.892410133430566
1
0.999861776418061
1
0.99945608037838
1
0.990971888545834
1
1
1
1
1
1
0.992082593815635
1
1
0.999926326836144
1
1
1
1
1
1
0.996998093950811
1
1
0.981401789657129
1
0.999663422592661
1
1
1
0.999901352813252
1
1
1
0.999937396160571
1
1
1
1
1
1
1
1
0.813769153169946
1
0.945590281157889
1
1
1
1
1
1
1
0.999904404133308
1
1
1
0.960735075862151
0.999973709942849
0.999997345472785
1
1
1
1
1
0.999807591790885
0.626333652959406
1
1
1
0.976679587070349
0.999988203315364
0.97030584773707
1
1
1
1
1
1
1
1
1
1
1
1
1
1
1
1
1
1
1
1
0.991702967936428
1
1
1
1
1
1
1
1
1
1
0.999357922692071
1
1
0.971600803838405
1
1
1
0.997970565003135
1
0.99953097111429
1
1
1
0.992793601603039
1
1
1
1
1
1
1
1
1
1
0.999909372975134
1
0.998289351783181
1
1
0.999973709942849
1
0.999919511799397
1
1
1
1
1
1
1
1
1
1
1
1
1
0.992082593815635
1
1
1
1
0.971104137211312
0.967805914276295
0.969271394448909
1
1
0.999999643983573
0.953538645292167
1
1
0.995099421623309
1
1
1
1
1
1
1
1
1
1
1
1
1
1
1
1
1
1
1
1
1
1
1
1
1
1
0.999969930517949
0.995689498599963
1
1
1
1
1
1
1
1
1
0.999480280250259
1
1
1
1
1
1
1
1
1
1
1
1
1
0.999926326836144
1
1
1
1
1
1
1
1
1
1
0.999944187296994
0.991756694868909
1
1
1
1
1
1
1
1
1
1
1
1
1
1
1
1
1
1
1
1
1
1
0.999962635878926
0.998688152124497
0.971749117025905
1
1
1
0.93946268298371
0.999969222607035
1
1
1
0.999663422592661
1
1
1
0.999586065453736
0.999987491696227
0.995099421623309
1
0.968938194350636
1
1
1
1
1
1
1
0.989095821309257
1
0.961182692959972
1
1
1
1
1
1
0.999779894081477
1
0.865614909780809
0.97030584773707
1
0.999999871802233
1
1
1
1
1
1
1
1
1
1
1
1
1
1
1
1
1
0.999904404133308
0.974399690344214
1
1
1
1
1
1
1
1
1
1
0.708123386795864
1
1
1
1
1
1
1
0.999161414112515
0.999872915817869
1
1
1
0.857508102093436
1
1
1
1
0.994166135468562
1
1
0.988486487633265
1
1
1
1
1
1
1
0.999573814485609
1
0.992082593815635
1
0.991702286260959
1
0.999335938032808
1
1
1
0.995570779782092
1
1
1
1
1
1
1
1
1
1
0.999883149848996
1
1
1
1
0.945393354123302
1
1
1
1
1
1
0.999820311274712
1
1
0.995099421623309
1
1
0.971104137211312
1
1
1
1
1
0.999991219026457
1
1
1
1
1
0.99978317189208
0.991440204998619
1
1
1
0.999620093980636
1
1
1
1
0.986868813208643
1
1
1
0.999998758978914
1
1
1
1
1
1
1
1
1
1
1
1
1
1
1
0.956209947217726
0.999796962682453
1
1
1
0.999480280250259
0.987041539458271
1
1
1
1
0.976679587070349
1
1
1
0.991609849685252
1
1
0.997089187953458
1
1
1
1
1
0.820004640411003
1
1
1
0.951930742631345
0.999226939507153
1
1
1
1
1
1
0.997970565003135
1
1
1
0.999916692109878
1
1
1
1
1
0.999901766700276
1
1
1
1
1
1
0.924168674931836
0.994459699747047
1
1
1
1
1
1
0.998083916206718
1
1
1
1
1
0.999949867952678
1
1
1
1
1
1
1
0.997622397128474
1
1
1
1
0.999570463727935
1
0.999785813011131
1
1
1
1
1
1
1
1
1
0.995099421623309
1
1
1
1
1
1
1
0.959870607851553
1
1
0.999988203315364
1
1
0.969271394448909
0.999619456784745
1
1
1
1
1
1
1
1
1
0.999861776418061
0.985323171036788
1
1
0.9997287066943
1
1
1
1
0.996676731795204
1
1
0.999551371284639
0.999893784112728
0.932791441085719
1
0.942617780241444
0.999924295181605
1
0.769335689143037
1
1
1
0.999891919679319
1
1
1
1
1
1
1
1
1
0.999619456784745
1
0.991440204998619
1
1
1
1
1
1
1
1
0.999663564327379
1
0.999765390478572
1
1
1
1
1
1
0.991756694868909
1
1
1
1
1
1
0.621867721749245
1
0.999663542306291
1
1
0.991609849685252
1
1
0.972704209125318
1
1
1
0.99982869667176
1
1
1
0.982440719289568
1
1
1
1
0.843734510369467
0.999859935244279
1
1
1
0.813769153169946
1
1
1
0.951930742631345
1
1
1
1
1
1
1
0.995689498599963
1
1
1
1
1
0.999963759110653
1
1
1
1
1
1
1
1
1
1
0.976679587070349
1
1
1
1
1
0.993038894012534
0.991609849685252
1
1
0.999952555860846
1
1
1
1
1
1
1
1
0.999480280250259
0.999001491653277
1
1
1
1
1
1
1
1
0.999924713160635
1
1
1
1
1
1
1
0.996998093950811
0.950523345655782
1
1
1
1
1
0.998610637319396
1
0.972704209125318
0.982440719289568
0.999951465855726
1
1
1
0.99891658247738
0.999226939507153
1
1
1
1
0.999796962682453
1
0.999474993212585
1
0.999987491696227
1
1
0.96018513615484
1
1
1
0.999952555860846
0.913015700527571
1
1
1
1
1
0.999795295178934
1
1
1
1
1
1
1
1
1
1
1
1
1
1
1
1
1
1
1
0.999998736700143
0.995689498599963
1
1
0.981385252020602
1
0.988486487633265
1
1
0.962369207055262
0.972704209125318
0.749199489132776
1
1
1
1
1
1
1
1
1
1
0.976260976656147
1
1
1
0.999991219026457
1
0.999952555860846
1
1
1
1
1
1
1
1
1
1
0.999999112485572
1
1
1
1
1
1
1
0.999796962682453
1
1
1
1
1
1
0.995570779782092
0.997858889872806
1
1
1
1
1
1
0.904871076947384
1
1
1
0.96155555096483
1
1
1
0.999164922191491
1
0.999931115949465
1
1
1
1
1
0.999551371284639
0.97647094747813
1
1
0.999799831720753
1
1
1
1
1
0.968938194350636
1
1
1
1
0.999969222607035
1
1
1
1
1
1
1
0.999999643983573
1
1
0.999767805931456
1
1
1
1
1
0.712620535821663
1
1
1
0.99978317189208
1
0.999833297942457
1
1
1
0.991752972446203
0.962731170653502
1
0.999863475480812
0.986868813208643
1
0.949561753398383
1
1
1
0.974399690344214
1
1
1
1
1
1
1
1
1
1
1
1
1
1
0.992582466978862
1
1
1
1
0.999994479114156
1
1
1
1
1
1
0.984919346512085
1
1
1
1
1
1
1
0.999888685630908
1
1
1
1
1
0.999922365884326
1
1
0.999974176126624
1
1
1
1
1
1
1
1
1
1
0.971600803838405
1
1
0.781961876095912
1
1
0.989410544156263
0.999474993212585
1
0.914904194524334
1
1
0.99824110710976
1
0.999654251520729
1
0.999597627959179
1
1
0.986229443620337
1
1
1
1
0.999876729819308
1
1
1
1
0.987326603659815
1
1
1
0.988486487633265
1
1
1
1
0.999980060694164
0.999891919679319
1
1
1
1
0.932791441085719
1
1
1
1
1
1
1
1
1
1
1
1
1
1
1
1
1
0.999517964420099
1
1
1
1
1
1
1
1
1
0.999975108481274
1
1
1
1
0.948844092535539
0.948844092535539
0.999891919679319
1
1
1
1
1
0.999663564327379
1
1
1
0.953538645292167
1
1
1
0.999834991906695
1
0.994166135468562
1
1
1
1
0.999597627959179
1
1
1
0.999591522914961
1
1
1
1
0.982993206457413
1
1
0.995570779782092
0.999987712829776
1
1
1
1
1
1
0.947684615584728
1
1
1
1
1
1
0.999895149964613
1
0.930641568474758
0.99974090958933
1
1
1
1
1
1
1
1
1
1
1
0.999706931488774
1
1
1
1
1
1
0.999474993212585
1
1
1
0.999995680704874
1
1
0.993252928482291
1
1
1
0.871112546210735
1
1
1
1
1
1
1
1
0.997858889872806
1
1
0.999226939507153
1
1
1
1
1
0.916293530493254
1
1
1
1
1
1
1
1
1
1
1
1
1
1
1
1
1
1
0.993126620675702
0.971600803838405
1
1
1
1
1
1
1
1
1
0.999226939507153
1
1
1
1
1
1
1
0.999825089063468
0.980212074970972
1
1
1
1
1
0.979801997501792
1
1
1
1
1
1
1
1
0.969755015198971
1
1
1
1
1
0.950523345655782
1
1
1
1
1
0.890256285929142
1
0.979542578968865
1
1
1
1
0.991756694868909
1
0.974399690344214
1
1
1
1
1
0.999999871802233
1
1
1
1
0.999919511799397
1
1
1
1
1
1
1
0.986084124012185
1
1
1
0.998083916206718
1
1
1
0.999882812087351
1
1
1
1
1
1
0.976679587070349
1
1
1
1
1
1
1
1
1
1
1
1
1
1
1
1
1
1
1
1
1
1
0.999901766700276
1
0.935563471328092
1
1
1
1
1
1
0.999849504653578
1
1
0.993252928482291
1
1
1
1
0.999901352813252
1
1
1
1
1
1
1
1
0.99981338286731
0.99304187270885
1
0.998610637319396
0.991756694868909
1
1
0.940219722140835
0.869066977358104
1
1
1
1
1
1
1
1
0.995689498599963
1
1
1
1
1
1
1
0.99981338286731
1
1
1
1
0.999849504653578
0.999909372975134
1
0.999697681681906
1
0.96155555096483
0.991609849685252
1
1
0.999474993212585
1
1
1
1
0.996242762649568
1
1
1
1
1
1
1
0.999931115949465
1
0.999974176126624
1
1
0.999931115949465
1
1
1
1
1
1
1
1
1
1
1
1
1
0.999976793610196
1
1
0.95923245238366
1
1
1
0.99928989651305
1
1
0.943264923820038
1
0.999931663691132
1
1
1
0.901876032980774
1
1
0.999982529424892
1
1
1
1
1
1
1
1
0.936390689377829
1
1
1
1
0.99983467687016
1
1
0.981401789657129
1
1
1
1
1
1
1
1
1
1
0.998380087104281
0.993038894012534
0.995689498599963
1
1
0.969271394448909
1
1
1
0.999796962682453
1
1
1
0.999957080101019
1
0.999586065453736
1
1
0.99270618649143
0.531934406968925
1
0.985323171036788
0.859760861031949
0.999987712829776
1
1
0.999474993212585
0.996666929895426
1
1
0.999937396160571
1
1
1
1
0.959870607851553
1
0.991440204998619
1
1
0.999619456784745
1
1
1
1
0.971132069234669
0.769335689143037
1
0.684514049500706
1
0.950523345655782
1
1
1
0.999663422592661
1
0.99646371335298
1
1
1
1
1
1
0.999998736700143
1
1
1
1
0.99270618649143
1
1
1
1
0.99945608037838
0.999926326836144
1
1
0.999938515076135
0.999944187296994
1
0.936390689377829
1
1
1
1
1
0.932791441085719
1
1
0.999949867952678
1
1
1
0.956501225566128
1
1
1
0.998688152124497
1
1
1
1
1
0.981385252020602
1
1
0.999999643983573
0.999863475480812
1
0.998964088724918
1
0.999833297942457
1
1
1
0.875680424184006
1
1
1
1
1
1
1
1
1
1
1
1
1
1
0.991440204998619
1
0.999810049691685
0.999654251520729
1
1
1
1
1
1
1
1
1
1
1
1
1
0.998206196975167
0.99051422993195
1
1
0.999989961472073
1
1
1
1
1
1
1
0.982440719289568
1
0.996625250929111
0.999880999111676
0.999987712829776
1
1
1
1
1
1
1
0.992082593815635
0.998964088724918
1
1
1
1
1
1
1
1
1
1
0.936390689377829
1
1
1
1
1
1
1
1
1
1
1
1
0.999796962682453
0.999901352813252
0.972704209125318
1
1
0.99981338286731
1
1
1
1
0.962731170653502
1
1
0.999779894081477
1
1
1
0.935563471328092
1
1
1
1
0.999998884149311
1
0.999697681681906
0.959870607851553
1
1
0.999619456784745
1
1
1
1
1
1
1
1
1
1
0.991702967936428
1
1
1
1
1
1
1
0.985628197699133
0.585280114036442
1
0.997527712720724
1
0.999322535333242
0.983540427478909
1
1
1
1
1
1
0.97464506820934
0.947684615584728
0.936390689377829
0.875680424184006
1
1
1
0.999975108481274
1
1
0.998612793825161
1
1
1
1
1
1
1
1
1
1
1
1
1
1
1
0.985017298293598
1
1
1
1
1
1
1
1
0.999796962682453
0.971104137211312
1
1
0.968938194350636
1
1
1
1
1
1
1
0.995099421623309
1
1
1
1
1
1
0.93946268298371
1
1
1
1
1
0.99978317189208
1
1
0.999226939507153
1
0.989410544156263
1
1
1
0.996998093950811
1
1
1
1
1
1
1
1
1
1
1
0.997622397128474
1
1
1
1
0.99582673199115
1
1
1
1
0.964686125746109
0.999893784112728
1
0.99051422993195
1
1
1
0.999407972842283
0.947684615584728
1
1
1
0.999904404133308
1
0.986084124012185
1
0.999474993212585
1
1
1
1
1
1
1
1
1
1
1
1
1
0.998083916206718
1
1
1
1
1
1
1
1
0.998650663403201
1
1
1
1
1
1
1
0.917731922720141
1
0.999988203315364
0.99971795420516
1
1
1
1
1
0.99997391919377
1
1
1
1
1
1
1
1
0.999911051824888
1
1
0.999663564327379
0.962731170653502
1
1
1
1
1
1
1
1
1
1
1
1
1
0.999938273405256
1
1
1
1
0.895380432348772
0.995514568462773
1
0.95197079231807
1
0.999959092082839
1
0.999963759110653
0.999909372975134
0.999904404133308
1
0.97647094747813
0.99997391919377
1
1
1
1
1
1
1
1
1
1
1
1
1
1
1
1
1
1
1
1
1
1
1
1
1
1
1
1
1
1
1
1
1
1
1
0.999943058271513
1
1
1
1
1
1
0.999901766700276
1
1
0.951930742631345
1
1
1
1
1
1
1
1
1
1
1
1
0.99999272518432
1
0.989095821309257
1
1
1
1
1
1
0.984892013766403
1
1
1
1
1
1
1
1
0.95923245238366
0.999998884149311
1
1
1
1
1
1
1
0.991756694868909
1
1
0.997970017510411
1
1
1
1
1
1
0.765967863738248
0.999999112485572
0.992176562156446
1
0.999663422592661
1
1
1
1
1
1
0.992082593815635
1
1
1
1
1
0.999142654286906
0.999901766700276
1
1
0.999861776418061
0.987041539458271
1
1
1
0.999976247714055
1
1
1
1
1
1
1
1
1
1
0.981724391153556
1
1
1
1
0.994092093296527
1
1
1
1
0.999783010078169
1
1
1
1
1
1
1
1
1
1
1
1
1
0.999142654286906
1
1
1
0.999638945867789
1
1
1
1
1
1
1
0.938844758704351
1
1
1
1
1
1
1
1
1
1
1
1
0.999924295181605
0.974399690344214
1
1
1
0.980212074970972
0.999785813011131
1
1
0.995099421623309
0.999654251520729
1
1
1
1
0.999926326836144
1
1
1
1
1
0.964686125746109
1
1
0.999706931488774
1
1
1
0.96018513615484
0.93812573061653
1
1
1
1
0.998206196975167
1
1
1
1
1
1
0.999783010078169
1
1
0.99051422993195
1
0.999976793610196
1
1
1
1
1
1
1
1
1
1
0.999952555860846
0.999987491696227
1
1
1
1
1
0.948565050392705
1
0.953253054316436
1
0.992793601603039
0.955831992959182
1
1
1
1
1
1
1
0.999938273405256
0.980212074970972
1
1
1
1
1
1
1
1
1
1
0.998289351783181
1
1
1
0.959870607851553
1
1
1
1
1
1
1
1
0.99073671842002
1
1
1
0.999190126517879
1
0.999226939507153
1
0.99727019335594
0.999563400467269
1
0.971730526801363
1
0.999951465855726
0.9193888419272
1
0.960735075862151
0.999973709942849
0.997970565003135
0.935825572317877
1
1
0.99981338286731
0.999901352813252
1
0.765967863738248
1
1
1
0.930641568474758
1
1
1
1
0.999480280250259
1
0.999663422592661
1
1
1
1
1
1
1
0.999975209965414
1
1
1
0.994092093296527
1
1
1
0.999901766700276
0.875680424184006
1
0.992582466978862
1
1
1
1
1
1
1
1
0.999916692109878
1
1
1
1
1
1
1
1
0.995634135987218
0.999551371284639
1
1
1
1
1
0.999931663691132
1
1
1
1
0.999654251520729
1
1
1
1
1
1
1
1
1
1
1
1
1
0.999999112485572
1
1
1
1
1
0.847149310944471
1
1
1
1
0.997622397128474
1
0.981401789657129
1
1
1
0.962731170653502
1
0.995514568462773
0.999357922692071
0.960735075862151
0.997191822536141
1
0.972596435946264
1
1
0.999998985637468
0.999909372975134
1
1
1
0.832328746251491
1
1
1
0.999226939507153
1
1
1
1
0.999597627959179
1
1
1
0.971104137211312
0.998425456491217
1
0.919992524498184
0.999591522914961
1
1
1
1
0.999999643983573
1
1
0.953538645292167
1
0.998826639065362
1
0.999959537504031
1
0.943264923820038
1
1
1
0.990971888545834
1
1
0.998950267577406
1
1
1
1
1
1
0.985017298293598
1
1
0.907858404423962
0.999638945867789
1
1
1
1
0.947684615584728
1
1
1
1
0.99591319106937
1
1
1
1
1
1
1
1
1
0.813769153169946
1
1
1
1
0.992582466978862
1
1
1
1
0.712620535821663
0.99998156096753
1
1
1
1
1
1
1
0.999831830438702
1
1
1
1
1
1
1
1
0.916293530493254
0.999988203315364
0.998612793825161
1
1
1
1
1
1
1
1
1
1
1
1
1
1
1
1
1
0.999999643983573
0.999895149964613
1
1
1
0.97109993249935
1
1
0.999226939507153
1
1
1
0.999591522914961
1
1
1
1
0.999999112485572
1
1
1
1
1
1
1
1
1
1
1
1
1
1
1
1
1
1
0.999904404133308
1
1
0.995689498599963
1
1
1
1
1
1
1
1
0.999988416048678
1
1
1
0.986868813208643
0.999914577490324
1
1
1
0.995099421623309
1
1
1
0.999619456784745
1
1
1
0.999999643983573
1
1
1
1
1
1
0.999834991906695
1
0.99999272518432
1
0.999959092082839
1
0.97647094747813
0.956209947217726
1
0.994166135468562
1
0.999357922692071
1
1
0.9193888419272
1
1
1
1
1
1
1
1
0.999142654286906
1
1
1
1
1
1
1
1
1
1
1
1
1
1
1
0.999952555860846
1
0.99999648133098
0.998306839315867
1
1
1
1
1
1
0.999597048963059
1
0.999949867952678
1
1
1
1
1
1
0.999998736700143
1
1
1
1
0.999901766700276
0.999951465855726
1
1
1
1
1
1
1
1
0.99928989651305
1
1
0.999555465579847
0.953253054316436
1
1
1
0.999951465855726
1
1
1
1
1
1
1
1
1
0.988682097794016
1
0.994695095197186
0.999681104866581
1
0.841323162805542
1
0.935563471328092
1
1
1
1
0.999926326836144
0.999975108481274
1
1
1
1
0.999357922692071
0.93975138274329
1
0.995514568462773
0.999931663691132
1
1
1
0.996625250929111
0.999952555860846
0.999838767316469
0.999909372975134
1
1
0.99998834340074
1
1
1
1
0.990971888545834
1
1
1
1
0.998903822956533
1
1
0.936390689377829
1
1
1
1
1
1
1
1
1
1
0.987205393655975
1
0.982046852730807
1
1
1
0.999999871802233
1
1
0.619711463715644
1
1
1
1
1
0.971104137211312
1
1
1
1
1
1
1
1
1
1
1
1
1
0.964633153518495
1
0.985017298293598
0.572605329640081
1
0.860259172034946
1
0.998083916206718
1
1
1
1
1
1
1
1
1
0.978698205568241
1
1
1
1
0.998083916206718
1
0.999663422592661
1
1
1
0.999998884149311
1
0.992130226007723
1
1
1
1
1
1
1
0.99999944162529
1
1
0.999987491696227
1
1
1
1
1
1
1
1
1
1
1
1
1
1
1
1
0.971730526801363
1
1
1
1
1
1
1
1
0.841323162805542
0.962582819365195
1
1
0.999783010078169
1
1
1
1
1
1
1
1
0.996275592115457
1
1
1
1
1
1
0.908514452312627
0.948565050392705
0.999901766700276
1
1
1
1
1
0.999834991906695
1
0.999901959566037
0.999957080101019
1
1
1
1
1
0.924168674931836
1
1
1
0.982993206457413
1
1
1
1
1
1
1
1
1
1
1
0.996275592115457
1
1
1
1
1
1
1
1
1
0.986868813208643
0.997089187953458
1
1
1
1
1
0.999861776418061
1
1
1
1
1
1
1
0.953538645292167
0.97770720855093
1
1
1
0.999931115949465
1
1
0.999190126517879
0.999796962682453
1
0.999161414112515
0.840060294786717
1
1
1
1
1
1
1
0.999654251520729
1
1
1
0.999725838936783
0.992082593815635
1
1
1
1
0.994092093296527
0.999638945867789
1
1
1
0.820004640411003
0.993038894012534
1
0.999931115949465
1
1
0.998897093734355
1
1
1
1
1
1
0.990723350746917
1
1
1
1
1
1
1
1
1
1
0.930641568474758
0.997215035658902
1
0.969271394448909
1
1
0.999989961472073
1
0.932791441085719
1
1
1
0.999517964420099
1
1
1
1
1
1
1
1
1
1
1
1
1
1
0.999663564327379
0.999987491696227
1
0.992582466978862
1
0.997697277704197
0.999563400467269
1
1
1
1
1
1
1
1
0.749199489132776
1
1
0.996676731795204
0.999372630175903
1
1
0.999901766700276
1
0.999916692109878
1
1
1
1
1
1
1
1
1
1
1
1
0.995418338503425
1
1
1
0.998513370477193
1
1
1
1
0.999916111789918
0.999480280250259
1
1
1
0.999863475480812
1
1
1
1
1
0.754908620615546
0.99974090958933
1
1
1
1
0.999949867952678
1
1
0.999474993212585
1
0.938844758704351
1
1
1
1
1
0.971104137211312
1
1
0.997215035658902
0.974781258539562
1
1
1
1
1
1
1
1
0.999998884149311
1
1
1
0.99073671842002
1
0.988682097794016
1
1
1
1
1
1
1
1
0.999902499572301
0.995514568462773
1
0.999706931488774
1
0.999998733537597
1
1
1
0.999999264494316
1
0.999891919679319
1
1
1
1
1
1
1
1
1
1
0.999638945867789
1
1
0.999837855919644
1
1
1
1
0.999375283688042
1
1
1
1
1
1
1
1
1
1
0.999901766700276
1
1
1
1
1
1
0.974399690344214
0.999969222607035
0.984919346512085
1
1
1
1
0.975798773004072
1
1
1
1
1
1
1
1
0.975798773004072
1
1
1
1
1
1
1
0.959750271125531
1
1
1
1
1
0.999998733537597
1
1
0.869066977358104
1
1
1
1
0.999161414112515
1
0.999959092082839
0.96018513615484
1
0.99997391919377
1
1
1
1
1
1
1
1
1
1
1
1
0.993252928482291
1
0.999987984923193
1
1
1
1
1
0.875680424184006
1
1
1
1
1
1
1
1
0.997215035658902
0.972704209125318
1
1
1
1
1
1
1
0.999998736700143
1
1
1
1
1
0.999916692109878
1
1
1
0.923902584256144
0.999654251520729
1
1
1
1
1
1
0.999779894081477
1
1
1
0.992582466978862
1
0.999919511799397
1
1
1
1
1
1
0.998610637319396
0.999783010078169
1
1
1
1
1
1
1
1
1
1
1
1
1
1
1
1
1
1
1
1
1
1
0.999555465579847
1
1
1
1
1
1
0.999785813011131
1
1
1
1
1
1
0.947684615584728
1
1
1
1
1
1
1
0.981401789657129
0.971600803838405
1
0.971104137211312
1
1
1
1
0.851994360596933
1
1
1
1
1
1
1
1
1
1
0.999956197234227
1
0.999555465579847
1
1
1
0.998897093734355
1
1
1
1
1
1
1
1
1
1
1
1
1
0.999739038892402
1
1
1
1
1
1
1
1
1
1
1
1
1
1
1
1
0.906078079286762
1
1
1
0.99998834340074
1
1
1
1
0.9193888419272
1
1
1
1
0.991702286260959
1
1
1
1
0.995514568462773
1
0.999916692109878
0.999706931488774
1
1
1
0.976679587070349
1
1
1
0.999926326836144
0.999833297942457
1
1
1
1
1
1
1
0.999974176126624
0.950515987830297
1
0.999586065453736
1
1
0.999834991906695
1
1
1
1
1
0.99998834340074
1
1
1
1
0.990723350746917
0.999591522914961
1
1
1
1
1
1
0.991702286260959
1
0.998380087104281
1
1
0.971104137211312
1
1
1
1
1
1
1
1
1
0.999555465579847
1
1
1
1
0.813769153169946
1
1
1
1
1
1
1
1
1
0.744115030079268
0.99908303212437
1
1
1
1
1
1
1
0.962731170653502
1
1
1
0.959870607851553
1
1
1
1
1
1
1
1
1
1
0.999474993212585
0.999551371284639
0.99945720655026
1
0.999844349082939
1
1
0.999995680704874
1
1
1
1
1
1
0.999940995311708
0.999190126517879
1
1
1
1
1
1
1
1
1
1
1
1
1
1
1
1
1
1
1
1
1
0.991440204998619
0.999375283688042
1
1
1
1
1
1
1
0.988486487633265
1
0.619711463715644
1
1
0.999924295181605
1
1
1
1
1
1
1
1
0.999859309470015
1
1
1
1
1
1
1
1
1
1
1
0.999909372975134
0.999937396160571
1
0.999994479114156
0.948565050392705
0.999926326836144
1
1
1
1
1
1
1
1
1
1
1
1
1
1
1
0.999994479114156
1
1
1
1
0.999357922692071
0.999893784112728
0.999901766700276
1
1
1
0.979542578968865
1
0.992983600328552
1
1
1
1
0.99981338286731
1
1
1
1
1
1
1
0.999876729819308
1
1
1
1
1
0.999916692109878
1
1
1
0.999133877508248
1
1
1
1
1
1
1
1
1
1
1
1
1
1
1
0.987041539458271
0.987041539458271
0.955831992959182
1
1
1
1
0.971104137211312
1
1
1
1
0.932791441085719
1
1
1
1
0.99981338286731
1
1
1
1
1
1
0.991440204998619
1
1
0.999861776418061
1
1
1
1
1
0.995634135987218
0.999901825101688
0.999998985637468
1
1
1
1
1
1
1
1
0.99591319106937
1
1
0.981428571712403
1
1
0.972704209125318
1
1
0.999407972842283
0.815277961202888
0.999916692109878
1
1
1
1
1
1
1
1
0.999998758978914
1
1
1
1
1
1
1
1
1
0.999994479114156
0.628146798906113
1
1
1
0.996102142222928
1
0.646059272636559
1
1
1
1
1
0.99304187270885
1
0.957605180860412
1
0.99947361702989
1
0.999998808401427
0.999940995311708
0.999563400467269
1
1
0.97770720855093
1
1
1
1
0.987041539458271
1
0.963280643159971
1
1
0.999586065453736
1
0.972704209125318
1
1
1
0.987714221424879
1
0.968938194350636
1
1
1
1
1
0.981724391153556
1
1
0.959750271125531
0.989095821309257
1
0.976679587070349
1
1
0.997215035658902
0.998206196975167
0.835006867107509
0.999975108481274
0.999619456784745
0.881688107852558
1
1
0.98791440897957
1
1
1
1
1
0.994695095197186
0.999517964420099
0.942617780241444
1
1
0.97770720855093
1
0.959750271125531
1
0.971104137211312
1
1
1
0.869066977358104
0.99971795420516
0.999838767316469
1
0.999916692109878
0.994092093296527
1
1
1
0.960735075862151
0.999697681681906
1
1
1
1
1
1
1
1
1
1
1
0.999992620735311
1
1
0.999999871802233
1
0.96018513615484
0.998612793825161
0.999969222607035
1
1
1
1
0.959750271125531
0.978698205568241
1
1
1
1
1
1
1
1
0.987205393655975
1
1
1
1
1
1
1
1
1
1
1
1
1
1
1
1
1
1
1
1
1
1
1
1
1
1
1
1
1
1
1
1
0.947684615584728
1
1
1
1
1
0.993038894012534
1
1
1
1
1
0.995099421623309
1
1
1
1
1
1
1
1
0.999161414112515
0.971730526801363
0.992582466978862
0.97647094747813
1
1
0.97770720855093
1
1
1
0.999161414112515
1
0.923902584256144
1
1
0.999998884149311
1
0.813769153169946
1
0.999937396160571
1
1
1
1
1
1
1
1
0.999861776418061
1
1
1
1
0.99998156096753
1
1
0.995570779782092
1
1
1
0.999654251520729
1
0.999999871802233
0.999691055865638
1
1
0.967372490959906
0.990670429346883
1
0.999161414112515
0.962731170653502
1
0.986868813208643
1
1
0.99998156096753
1
1
1
0.936390689377829
1
0.99981338286731
1
1
1
1
1
0.97647094747813
1
1
1
1
1
1
1
1
1
1
1
1
0.997858889872806
1
1
0.999654251520729
1
0.999988416048678
0.999663564327379
1
1
1
1
1
1
0.992582466978862
1
1
0.999999643983573
1
1
1
0.99691053701136
0.488309297215626
1
1
1
1
1
0.998705151743577
1
1
1
1
1
1
0.999849504653578
1
1
1
1
1
1
1
0.999924713160635
1
1
1
1
1
0.969271394448909
1
1
1
1
1
1
0.986084124012185
1
1
1
0.996998093950811
1
1
0.904729636491085
1
1
1
0.999998736700143
1
1
1
1
0.999697681681906
1
0.99953097111429
0.95197079231807
1
1
1
0.960862821336292
0.994695095197186
1
1
1
1
1
1
1
1
1
1
1
1
1
1
1
1
1
1
1
1
0.996275592115457
1
1
1
0.99835774678884
1
1
1
1
1
1
1
1
1
1
1
1
1
1
1
0.981428571712403
1
1
1
1
1
1
0.997215035658902
1
1
1
1
0.982440719289568
1
1
1
1
1
1
0.998206196975167
0.999901766700276
1
1
1
1
1
1
0.999357922692071
1
0.981724391153556
1
0.947684615584728
0.999946700923309
0.999519328534197
0.998113842956403
1
1
1
1
1
1
1
1
1
0.999654251520729
1
0.999978913737273
1
1
1
1
0.959750271125531
0.971104137211312
1
1
0.999638945867789
1
1
1
1
1
1
1
1
1
1
1
1
1
1
0.976679587070349
1
1
1
1
1
1
1
1
1
1
1
1
1
1
1
1
1
0.895380432348772
0.93390717477519
1
1
1
1
1
1
1
0.999375283688042
1
0.999779894081477
1
1
1
1
1
1
0.999975108481274
1
1
1
1
1
1
1
0.999999643983573
1
1
1
0.997089187953458
1
1
1
1
1
1
0.999586065453736
0.841323162805542
1
1
1
1
1
1
1
1
1
1
1
0.989095821309257
1
1
1
1
1
1
1
1
0.999729183899991
0.97464506820934
1
1
1
1
1
1
0.938844758704351
1
0.959870607851553
1
1
1
1
1
1
0.999987984923193
0.990723350746917
1
0.999952555860846
1
1
1
1
0.974399690344214
1
1
1
1
1
1
1
1
1
1
1
1
0.999944791510195
1
1
1
1
1
1
1
0.987041539458271
1
1
1
1
1
1
1
1
1
1
1
0.0540055946144399
0.999909372975134
0.999133877508248
1
0.843734510369467
0.999991219026457
1
1
1
1
0.999161414112515
1
0.99908303212437
1
1
1
1
0.985628197699133
1
1
1
1
1
1
1
1
1
1
1
1
1
1
1
1
1
1
1
1
0.999001491653277
1
1
1
1
1
1
1
1
1
1
1
1
0.998206196975167
1
1
0.789024769582393
0.999978913737273
1
0.999595059016646
1
1
0.999950268757284
1
1
1
0.999407972842283
1
0.917458971577247
1
1
1
1
0.999517964420099
1
1
1
1
1
0.999957080101019
1
1
1
0.914904194524334
1
1
0.999767805931456
0.991702286260959
1
1
0.999991475596276
1
0.99981338286731
1
0.995514568462773
1
1
1
0.938844758704351
1
1
1
1
1
1
1
1
1
1
1
0.994092093296527
1
1
0.999999871802233
1
1
1
1
1
1
1
1
1
1
1
1
1
1
1
1
0.998964088724918
1
1
1
1
0.999998808401427
1
1
1
1
1
1
1
1
1
1
0.940219722140835
1
1
1
1
1
1
1
1
1
1
1
0.998083916206718
1
1
0.999901352813252
1
1
1
1
1
1
0.97030584773707
1
1
1
1
1
0.936390689377829
0.93946268298371
1
1
0.981724391153556
0.999974176126624
1
1
0.985628197699133
1
1
1
1
1
1
1
1
1
1
1
1
1
1
0.978698205568241
1
0.999663422592661
1
1
0.997395080172297
1
0.999909372975134
1
1
1
0.959870607851553
0.999681104866581
0.985323171036788
0.99997391919377
1
1
0.999160150754275
1
1
1
0.99051422993195
1
1
0.999796962682453
1
1
1
1
1
1
1
1
1
1
1
1
1
1
1
1
1
1
1
1
1
1
1
1
1
1
1
1
1
0.99727019335594
1
1
1
1
1
0.995099421623309
1
1
1
1
1
0.996275592115457
1
1
1
1
1
1
1
1
0.999975209965414
0.999859309470015
1
1
1
0.999988954875511
1
1
1
1
1
1
1
1
1
1
1
1
1
1
0.999974176126624
1
0.997622397128474
1
1
1
1
1
0.999767805931456
1
1
1
0.97811247109266
1
1
1
1
1
1
0.999901352813252
1
1
1
1
1
1
0.995514568462773
0.97811247109266
1
0.924168674931836
1
1
0.998083916206718
0.999999264494316
1
1
1
1
1
1
1
1
1
1
1
1
1
1
1
1
1
1
1
1
1
1
1
1
1
1
0.999909372975134
0.967863490416664
1
1
1
1
1
1
1
1
1
1
1
1
0.980212074970972
1
1
1
1
1
0.999785813011131
1
1
1
1
0.914904194524334
0.991609849685252
1
1
0.999931115949465
1
1
0.93812573061653
1
1
1
1
1
0.999998985637468
1
1
1
0.999938273405256
1
0.950515987830297
1
1
1
1
1
1
0.999161414112515
1
0.999519328534197
0.820004640411003
1
1
1
1
1
1
1
1
1
0.994092093296527
1
1
1
1
1
1
1
0.998826639065362
1
1
1
1
1
1
0.999597627959179
1
1
1
1
1
1
1
1
1
1
1
1
1
0.992082593815635
1
1
0.999872915817869
1
1
1
1
1
0.985323171036788
1
1
1
1
0.967660933821702
1
1
1
1
1
0.998721913341782
1
1
1
1
0.999779894081477
0.999916692109878
1
1
1
1
1
1
1
0.999681104866581
1
1
1
1
1
1
1
1
1
1
1
1
1
1
1
0.99995784393486
1
1
1
1
1
1
0.96018513615484
1
0.962582819365195
0.935563471328092
1
1
1
1
1
1
1
1
1
1
0.999988416048678
1
0.998083916206718
1
1
1
0.999901352813252
0.996005188848357
1
1
1
1
1
1
1
1
1
1
0.99997253947446
1
1
0.994092093296527
0.781597950760774
1
1
1
1
1
0.999969222607035
0.996998093950811
0.95923245238366
0.999859309470015
1
1
1
1
1
1
1
1
1
1
1
1
1
1
1
0.991756694868909
1
0.999706931488774
1
1
1
0.949561753398383
0.999901352813252
0.998721913341782
1
1
1
1
1
1
0.967372490959906
1
1
1
1
0.999638945867789
1
1
1
1
1
1
1
0.899174689014377
0.99997391919377
1
0.999909372975134
1
1
1
1
1
1
1
1
1
0.967805914276295
0.991609849685252
1
0.97109993249935
1
1
1
1
1
1
1
1
1
1
1
1
1
1
1
1
1
1
0.977427568215158
1
1
1
1
1
1
1
1
1
0.999901766700276
1
1
0.994607645081442
0.953253054316436
0.999997345472785
0.99971795420516
1
1
1
1
1
1
1
1
0.950515987830297
0.999551371284639
1
0.999372630175903
1
1
1
1
1
1
1
1
1
0.99998834340074
0.948565050392705
1
1
1
1
1
1
1
1
0.999164922191491
1
1
0.999739038892402
1
1
0.998826639065362
1
1
1
0.999999112485572
1
1
1
1
1
1
1
1
0.999517964420099
0.996676731795204
0.999987712829776
1
1
1
1
1
1
1
1
1
1
1
1
1
1
1
1
1
1
1
1
1
0.991756694868909
1
0.992582466978862
1
1
1
0.971749117025905
1
0.999922365884326
1
1
1
1
1
1
1
0.998306839315867
1
1
1
1
1
0.860259172034946
0.99998156096753
1
1
1
1
0.999998808401427
1
1
1
1
1
1
1
1
0.971600803838405
1
0.999938273405256
1
1
1
1
1
0.999888685630908
1
1
1
1
0.992582466978862
1
1
1
0.992130226007723
1
1
0.987041539458271
1
1
1
1
1
1
1
1
1
1
1
0.99971795420516
1
1
0.77736601222306
0.995988971342065
1
0.953538645292167
1
1
1
1
1
0.998721913341782
1
1
0.999697681681906
1
1
1
1
0.994459699747047
1
1
1
1
1
1
1
0.97030584773707
1
1
1
1
1
1
0.985017298293598
1
0.967372490959906
1
1
0.999591522914961
1
0.999924295181605
1
1
1
0.99968582630888
1
1
0.99998834340074
1
1
1
1
1
1
0.999891919679319
1
1
1
1
1
1
1
1
1
1
1
1
0.999375283688042
0.999597627959179
1
0.99995784393486
1
1
0.999047054272402
1
1
0.993038894012534
1
1
0.999654251520729
1
0.999663564327379
1
1
0.996110309971384
1
0.999992620735311
1
1
1
1
1
1
1
1
1
1
1
1
0.999981127630154
1
1
1
1
1
0.987041539458271
1
1
1
1
1
1
0.999859935244279
1
1
0.999161414112515
1
1
1
1
1
1
1
1
0.976260976656147
1
1
1
1
1
1
1
1
1
1
1
1
1
1
1
1
1
1
1
1
0.982046852730807
1
1
1
1
1
1
1
1
0.994092093296527
1
0.99971795420516
0.991609849685252
1
1
1
0.999902499572301
1
1
1
0.998571318644831
1
1
1
0.998425456491217
1
1
1
1
0.997970017510411
1
1
0.999190126517879
0.999133877508248
1
1
1
1
1
0.999969222607035
1
1
1
1
1
1
0.985017298293598
1
0.99051422993195
0.995570779782092
1
1
1
0.998206196975167
1
1
0.999859309470015
1
0.999619456784745
1
1
1
1
1
1
0.726676161697734
1
1
1
1
1
0.999563400467269
1
1
1
1
1
0.986084124012185
1
1
1
1
1
1
1
0.999938273405256
1
1
1
1
1
1
0.999989961472073
1
1
1
1
1
1
1
1
1
1
1
1
0.999859935244279
0.962731170653502
1
1
1
1
1
1
0.999888685630908
1
1
1
1
1
1
1
1
1
1
1
1
1
1
1
0.999783010078169
1
0.999916692109878
1
1
1
1
0.999586065453736
1
1
1
1
1
1
1
0.893679193338173
1
1
1
0.99953097111429
1
1
1
0.97811247109266
1
1
1
1
1
1
1
0.999938515076135
1
1
0.999992620735311
1
1
0.974801919732476
1
1
1
0.999931115949465
1
1
1
1
1
1
1
0.981401789657129
1
0.99953097111429
1
1
1
1
0.999142654286906
0.983540427478909
1
1
1
1
1
1
0.999779894081477
1
1
1
1
0.999372630175903
1
1
1
1
1
1
1
1
0.997622397128474
1
1
1
0.93390717477519
1
1
1
1
0.997970017510411
1
0.99997391919377
1
1
0.999785813011131
1
1
0.997858889872806
1
1
1
1
1
1
1
1
1
1
0.999517964420099
1
1
0.989410544156263
1
1
1
1
0.972704209125318
1
1
1
0.999697681681906
1
1
1
1
1
1
0.999357922692071
1
1
1
1
1
0.999517964420099
1
0.999619025861173
0.991609849685252
0.995514568462773
1
1
1
0.999001491653277
0.999868117248622
1
1
1
1
1
1
1
1
1
1
1
1
1
1
1
1
0.999681104866581
1
0.962369207055262
1
1
1
0.97811247109266
0.964686125746109
1
1
1
1
1
1
1
0.987524364810935
0.999988203315364
0.999998733537597
0.999988203315364
1
1
1
1
0.982993206457413
0.971600803838405
0.999619456784745
0.981401789657129
1
1
1
1
1
1
0.999989961472073
1
1
1
1
1
0.999965600748036
0.97464506820934
0.999914577490324
1
1
1
1
1
0.982440719289568
0.997527712720724
1
1
1
1
0.999597048963059
1
1
1
1
0.849126742864221
1
1
0.96018513615484
0.981428571712403
0.914904194524334
1
0.992082593815635
1
1
1
1
1
1
1
1
1
1
0.999838767316469
0.997089187953458
0.948844092535539
1
1
0.999998758978914
1
1
0.992082593815635
1
1
1
1
1
1
1
1
1
1
1
1
1
1
1
1
1
1
1
1
1
0.887024718158823
1
0.999999643983573
1
1
1
1
1
1
1
0.999829645303998
1
1
1
1
1
1
1
0.999940321640529
1
1
0.994092093296527
1
1
1
1
0.999833297942457
1
0.999739038892402
1
1
1
1
1
1
1
1
1
1
1
0.851994360596933
0.95026696809015
1
1
1
1
1
1
1
1
1
1
0.96018513615484
1
1
1
1
0.992582466978862
1
0.999226939507153
1
1
0.999956197234227
1
1
1
1
0.999551371284639
1
1
1
1
1
1
1
1
1
1
1
1
1
1
1
1
1
1
1
1
1
1
1
1
1
1
0.99996138839518
1
1
1
1
1
1
1
1
1
0.999995680704874
1
1
0.999975209965414
0.984919346512085
1
1
1
1
1
1
1
0.999697681681906
1
1
1
1
1
1
0.997775090309407
1
1
1
1
1
1
1
0.995099421623309
1
1
0.999785813011131
0.868965099378243
1
0.955669878252387
1
1
1
1
1
1
0.935563471328092
1
1
1
0.99270618649143
0.987041539458271
1
1
1
0.999833297942457
1
1
1
1
1
0.947684615584728
0.999519328534197
1
1
1
1
1
0.999226939507153
1
1
1
1
1
1
1
1
1
1
0.999663564327379
1
1
1
1
1
0.999916111789918
1
1
1
1
1
1
1
1
1
1
1
0.951930742631345
1
0.999938273405256
1
1
1
1
1
1
1
1
0.990723350746917
1
1
1
1
1
1
1
0.950523345655782
1
0.999859309470015
1
0.99073671842002
1
0.962369207055262
1
1
1
1
1
1
1
0.999983190686924
1
1
1
1
1
1
1
1
1
0.96155555096483
1
1
1
1
0.99981338286731
1
0.97811247109266
0.960735075862151
1
0.999133877508248
1
1
1
1
1
1
0.99591319106937
1
1
1
0.999994479114156
0.99945720655026
1
0.999133877508248
1
1
0.972767414050075
1
0.999988954875511
1
1
1
1
1
1
1
1
1
1
1
1
0.994459699747047
1
1
1
0.982440719289568
1
0.986868813208643
1
1
1
1
1
1
1
1
1
1
1
1
1
1
0.999861776418061
1
1
1
0.999959092082839
1
1
1
1
0.991702286260959
1
1
1
1
1
1
0.999931115949465
1
0.988213263990505
1
1
1
1
1
1
1
1
0.972704209125318
1
1
0.99947361702989
1
0.999969930517949
1
1
0.99971795420516
1
1
1
0.999916692109878
1
1
1
1
1
0.895380432348772
1
1
1
1
1
1
1
1
1
0.893679193338173
0.895380432348772
1
1
1
0.932791441085719
0.989095821309257
0.99999944162529
1
1
1
1
1
1
1
1
1
0.923152781309701
1
0.999969222607035
1
1
1
1
1
0.99981338286731
0.947684615584728
1
1
0.962369207055262
1
1
1
1
1
1
1
1
1
1
0.849126742864221
0.99974090958933
1
1
1
0.9193888419272
1
1
0.968938194350636
1
0.989095821309257
0.654275648071707
1
1
1
1
1
1
1
1
1
0.999976793610196
1
1
1
1
1
1
1
0.99582673199115
0.999962130775802
1
0.999654251520729
1
1
1
1
1
1
1
1
1
1
1
1
0.997970017510411
1
1
1
1
1
1
1
1
0.998826639065362
0.929530287026013
1
1
1
0.983540427478909
1
1
1
0.999474993212585
0.995689498599963
1
0.923152781309701
1
1
1
1
1
0.757041518865215
1
1
1
1
1
1
0.999859309470015
1
1
1
1
1
1
0.999987984923193
1
1
1
1
0.999987491696227
1
1
1
0.999663542306291
1
1
1
0.995099421623309
1
0.899174689014377
0.999987712829776
1
0.999951465855726
1
1
1
1
1
0.999901766700276
0.999795487937363
1
1
1
1
1
1
1
1
1
0.778813403428751
1
1
1
1
0.999619456784745
1
1
1
0.843059708381351
1
1
0.985323171036788
1
1
1
1
0.996672989142913
1
1
0.981724391153556
1
1
1
1
1
1
1
1
1
0.998610637319396
1
1
0.999859935244279
1
0.93390717477519
1
1
1
0.999931663691132
1
0.999988416048678
1
1
1
0.895380432348772
1
1
1
1
1
1
0.971104137211312
0.979801997501792
1
1
1
1
0.994459699747047
0.999904404133308
1
1
1
1
1
1
1
1
1
1
1
0.982440719289568
0.992082593815635
1
1
0.999551371284639
1
1
1
1
1
1
1
1
1
1
1
1
0.992082593815635
1
0.982046852730807
0.999161414112515
1
0.999952555860846
1
1
1
1
0.947684615584728
1
1
1
1
1
1
1
1
1
0.962369207055262
1
0.999988948357627
1
1
1
0.999597048963059
0.972704209125318
1
0.97030584773707
1
1
1
0.999517964420099
1
1
1
1
1
0.996998093950811
0.991609849685252
1
1
1
1
1
1
0.99999272518432
1
1
1
0.976260976656147
1
1
1
1
1
1
1
0.99945608037838
0.930641568474758
0.978258002919512
1
1
0.843734510369467
0.993252928482291
1
1
1
1
1
1
1
1
1
1
1
0.995266259019162
1
1
1
0.999975209965414
1
0.982993206457413
0.999998985637468
1
1
1
1
0.999654251520729
1
1
0.984747539126673
0.999965600748036
1
0.994092093296527
0.996242762649568
1
1
1
0.99953097111429
1
1
1
1
0.99998834340074
0.999779894081477
1
1
1
1
1
0.953253054316436
0.999999112485572
1
1
1
1
1
1
1
0.932791441085719
1
1
1
1
0.999987491696227
0.950523345655782
0.904729636491085
1
1
1
1
1
1
1
1
1
1
1
0.999739038892402
1
1
1
0.996625250929111
1
1
1
1
1
1
1
1
1
1
1
1
1
1
1
1
1
0.99918414605855
1
1
1
1
1
1
1
1
1
1
1
1
1
0.938844758704351
0.991702286260959
0.998650663403201
1
0.999001491653277
1
1
0.999837245330467
0.999922365884326
1
1
0.988486487633265
1
0.960862821336292
1
1
1
1
0.983540427478909
1
1
1
1
1
1
0.991609849685252
1
1
1
1
1
1
0.999706931488774
0.989095821309257
1
0.999976793610196
1
0.999940995311708
1
0.859760861031949
1
1
0.999829645303998
0.972704209125318
1
1
1
1
0.99984935930982
1
1
1
1
1
1
1
1
1
1
1
1
1
1
1
1
1
1
0.999551371284639
1
1
1
1
1
0.999807591790885
1
1
1
0.899174689014377
1
1
1
1
1
1
1
1
1
1
1
1
1
1
1
1
1
0.999992620735311
1
1
1
1
1
1
1
0.994695095197186
1
1
1
1
1
0.999681104866581
1
0.986084124012185
1
1
1
1
0.981401789657129
1
1
1
1
1
1
1
1
1
1
0.97030584773707
1
1
1
1
1
1
1
1
1
1
1
0.999976793610196
1
0.999999264494316
0.995570779782092
1
1
0.948844092535539
1
1
1
1
1
1
1
1
0.99824110710976
0.999926326836144
1
0.982440719289568
1
1
1
1
1
1
1
1
1
1
1
1
1
1
1
0.992082593815635
1
1
1
1
1
1
1
1
1
1
0.999407972842283
0.843059708381351
1
1
1
0.995570779782092
0.997622397128474
0.992582466978862
1
1
0.974399690344214
1
1
1
1
1
0.945393354123302
1
1
1
0.999909372975134
1
1
0.936390689377829
1
1
1
1
1
1
1
1
0.999999112485572
1
1
0.999563400467269
1
1
0.993252928482291
1
1
1
1
1
0.999519328534197
0.991609849685252
1
1
1
0.999978913737273
1
1
1
1
1
0.987041539458271
0.996998093950811
1
0.996242762649568
1
1
1
1
1
1
1
0.999969222607035
1
0.994092093296527
0.99999648133098
0.999663422592661
1
1
1
0.982046852730807
1
1
1
1
1
1
0.999931663691132
1
1
1
1
0.971730526801363
1
0.999902499572301
1
1
1
1
1
0.964686125746109
1
0.993252928482291
1
1
0.999160150754275
1
0.999988203315364
1
0.989095821309257
0.992082593815635
1
1
1
1
1
1
1
1
1
1
1
1
1
1
0.999142654286906
1
1
0.998721913341782
1
1
1
1
0.974399690344214
0.997794838151756
1
1
1
1
1
0.97030584773707
1
1
0.999375283688042
1
1
1
1
1
1
0.994695095197186
1
1
0.982440719289568
0.999654251520729
1
1
0.869066977358104
1
0.999901766700276
1
1
1
1
1
0.983540427478909
1
1
0.957605180860412
1
1
1
1
0.999999264494316
0.996998093950811
1
1
0.998786928257025
1
0.67925891284263
1
1
1
1
0.999161414112515
1
1
1
1
1
1
1
0.997045356707865
1
0.99999272518432
1
1
1
1
1
0.948565050392705
1
1
1
1
0.984892013766403
1
1
0.999975209965414
1
1
0.998903822956533
1
0.992582466978862
1
1
0.986868813208643
1
1
1
1
1
1
1
1
0.999987491696227
1
0.999474993212585
1
1
1
1
1
1
1
1
1
1
1
1
0.960862821336292
1
1
1
0.992582466978862
1
1
1
0.998964088724918
1
1
0.997697277704197
1
1
0.972704209125318
1
1
0.999837855919644
1
0.999375283688042
1
1
1
1
1
1
0.994695095197186
0.974399690344214
1
0.991609849685252
1
0.982993206457413
1
0.946195536018198
1
1
0.997622397128474
1
1
0.956209947217726
1
1
1
1
1
1
0.999901766700276
1
1
1
1
1
1
0.998946043884712
0.878457188427935
1
0.999796962682453
1
1
1
1
1
1
0.999891919679319
1
0.981401789657129
1
1
1
0.999663564327379
1
1
1
0.999517964420099
0.999474993212585
1
0.882762939496869
1
1
1
1
1
0.999943058271513
1
1
1
1
0.93946268298371
1
1
1
1
1
1
1
1
1
1
1
1
1
0.999691055865638
0.999998758978914
1
0.999654251520729
1
1
1
0.998826639065362
1
1
1
1
1
1
0.983540427478909
1
1
1
1
1
1
0.999988954875511
0.99938100594624
1
1
1
1
1
1
0.99051422993195
1
1
1
1
1
1
1
1
1
1
1
1
1
1
0.999998758978914
1
1
0.95026696809015
1
1
1
1
1
1
1
1
1
1
1
0.940219722140835
1
0.999888685630908
1
0.999624903726654
1
0.991702967936428
1
1
1
1
1
1
1
1
0.999999264494316
1
1
1
1
1
0.999597627959179
0.829723011736305
1
1
0.999142654286906
1
1
1
1
1
1
1
1
1
1
1
1
1
1
1
1
1
1
1
1
1
1
1
1
1
1
1
0.999161414112515
1
1
1
1
1
1
1
0.999638945867789
1
1
0.996275592115457
1
1
1
1
1
1
1
1
1
1
1
0.981401789657129
0.996275592115457
1
1
1
1
1
1
1
1
1
1
0.999998733537597
1
1
0.999969930517949
1
0.905044863356219
1
1
1
0.99908303212437
1
1
0.999322226083443
1
1
1
1
1
1
1
0.999998733537597
1
1
1
0.999833297942457
0.971104137211312
1
1
1
1
0.999938515076135
1
1
1
1
1
1
0.843734510369467
1
1
1
1
0.998289351783181
1
0.999909372975134
1
0.99918414605855
1
1
1
1
1
1
1
1
0.999407972842283
0.951930742631345
1
1
0.999937396160571
1
0.820004640411003
1
1
1
0.999901959566037
1
1
1
1
1
1
1
1
0.905044863356219
0.982993206457413
1
1
1
1
1
1
1
1
1
1
1
1
1
1
0.993126620675702
0.999991219026457
1
1
1
1
1
1
1
1
1
1
1
1
1
1
1
1
0.953253054316436
1
1
0.895380432348772
0.999999112485572
1
1
1
1
1
1
1
1
1
1
1
1
1
1
1
1
0.984919346512085
1
1
1
1
1
1
0.999783010078169
0.971132069234669
1
1
0.999999871802233
1
1
1
1
1
1
1
1
1
0.999620093980636
1
1
1
1
1
0.994931785844791
1
1
1
1
1
0.982993206457413
1
1
1
1
1
0.999779894081477
1
1
1
1
1
1
1
1
1
1
1
1
1
1
1
0.999998985637468
1
1
1
1
1
1
1
1
1
1
1
1
0.922722033887107
1
0.905044863356219
1
0.835223045102248
1
1
1
1
0.99928989651305
0.932791441085719
0.999691055865638
0.999991219026457
1
1
1
1
1
0.999706931488774
1
1
1
1
1
1
1
0.967805914276295
1
1
1
1
1
1
1
1
1
1
0.994448014719876
1
1
1
1
1
0.99974090958933
1
1
1
1
0.998083916206718
1
1
1
1
0.99908303212437
1
0.999591522914961
1
1
1
1
0.999519328534197
0.981401789657129
0.999937396160571
1
1
1
1
1
1
1
1
1
1
0.999891919679319
1
1
1
1
1
1
0.971600803838405
1
1
1
1
1
0.936280519161273
1
1
0.964686125746109
1
1
1
1
1
0.999849504653578
1
1
1
1
1
1
1
1
1
1
1
1
1
1
1
1
1
1
0.999901766700276
1
1
0.999893784112728
1
0.976260976656147
1
1
0.999988954875511
1
1
1
1
0.991702286260959
1
1
1
0.999739038892402
1
1
1
1
1
1
1
0.996998093950811
1
0.982993206457413
1
0.953538645292167
0.998628717954917
1
1
1
1
1
1
1
1
1
1
1
0.93390717477519
0.999901352813252
0.99971795420516
1
1
1
1
0.999001491653277
0.999973709942849
1
1
0.930641568474758
1
1
1
1
1
1
0.989095821309257
0.986084124012185
1
1
1
1
1
0.999859309470015
1
1
1
1
1
1
1
1
1
1
1
1
1
0.99997391919377
1
0.875680424184006
1
1
1
1
1
1
1
1
0.999931115949465
0.99918414605855
1
0.999767805931456
1
1
1
1
1
0.999998884149311
0.989095821309257
1
1
1
0.996625250929111
1
1
1
1
1
1
1
1
1
1
1
1
0.974399690344214
0.998628717954917
1
1
0.999916692109878
1
1
1
0.971600803838405
1
1
1
0.955669878252387
1
0.976260976656147
1
0.991609849685252
1
1
1
1
0.999987491696227
0.996275592115457
0.950399810000259
0.95026696809015
1
1
0.999999264494316
1
1
0.99646371335298
0.506091646303951
1
1
1
1
1
1
0.999551371284639
1
1
1
1
1
0.901859098883862
0.999988954875511
1
0.820004640411003
1
1
1
0.988682097794016
1
1
0.99981338286731
1
0.981401789657129
0.997858889872806
1
1
1
0.999944791510195
0.999591522914961
1
1
1
1
1
0.998705151743577
1
0.999963759110653
1
1
1
1
1
1
1
0.997488413296857
1
1
1
1
0.895380432348772
1
1
1
1
1
1
1
1
1
1
0.999544765210188
1
1
1
1
1
0.962731170653502
1
0.992082593815635
1
1
0.99974090958933
1
1
1
1
0.893679193338173
1
1
1
1
1
1
1
0.786351354703958
0.906078079286762
0.93390717477519
1
1
0.991702286260959
1
1
1
1
0.999190126517879
0.999638945867789
1
1
1
1
1
0.924168674931836
1
0.913015700527571
1
1
1
1
1
1
1
1
1
1
0.997858889872806
1
1
1
1
0.99981338286731
1
1
1
1
0.999975108481274
1
1
0.99945608037838
1
1
1
1
1
0.998380087104281
1
0.981385252020602
1
1
0.999943058271513
1
1
1
1
0.999474993212585
1
0.969755015198971
1
1
1
1
1
1
0.999988416048678
0.972596435946264
1
1
1
0.999935851215092
1
0.999226939507153
1
1
1
1
1
1
1
1
1
1
0.946195536018198
1
1
0.999949867952678
0.999799255485929
1
1
1
0.999893784112728
0.829723011736305
1
0.999949867952678
1
1
0.981724391153556
1
1
1
1
1
1
1
1
1
1
1
0.999987984923193
1
1
1
0.99945608037838
1
1
1
1
1
1
1
1
0.999974176126624
1
1
1
1
0.999999871802233
1
1
1
0.995570779782092
1
1
1
1
0.998946043884712
1
0.989095821309257
1
0.999893784112728
1
1
1
1
0.972704209125318
0.999586065453736
0.999987712829776
0.999591522914961
1
1
1
0.999987712829776
0.999001491653277
1
1
1
1
0.712620535821663
0.999991219026457
1
1
1
1
1
0.939864191464272
1
1
1
1
0.999375283688042
1
1
1
1
1
1
0.93390717477519
1
1
1
1
1
1
1
1
1
1
1
1
1
0.999555465579847
1
1
0.985017298293598
1
1
0.998513370477193
1
1
1
1
1
1
0.905044863356219
1
0.997855667178478
1
1
1
1
0.999916692109878
1
0.999868117248622
1
1
1
1
1
0.999555465579847
1
1
1
1
1
1
1
1
1
1
1
1
1
0.972767414050075
1
0.991756694868909
1
0.999779894081477
1
0.999956197234227
1
1
1
0.996676731795204
0.999962130775802
1
1
1
1
1
1
1
1
1
1
1
1
0.999901352813252
1
1
0.636432310022126
1
1
1
1
1
0.999799831720753
1
1
1
0.995418338503425
1
1
1
1
0.999586065453736
1
1
0.99524487474158
1
1
1
1
1
1
1
1
1
1
1
0.542139371124134
1
0.892410133430566
1
0.999818934774104
1
1
1
1
1
1
0.996275592115457
1
0.967372490959906
0.999517964420099
1
1
1
1
1
1
1
1
1
1
1
1
1
0.999591522914961
1
1
0.999962130775802
0.999654251520729
1
1
1
1
1
0.999691055865638
1
1
1
1
1
1
0.996275592115457
1
0.999997345472785
1
1
1
1
1
0.999978913737273
0.999799831720753
1
1
1
1
0.976733571667201
1
1
1
1
0.996275592115457
1
1
1
0.948565050392705
0.999995680704874
0.999372630175903
1
0.99591319106937
0.990723350746917
1
1
0.99981338286731
0.999809574402076
1
1
1
1
0.999998985637468
1
0.997646279336581
1
1
1
0.99968582630888
1
1
1
1
1
1
1
1
1
1
0.99995784393486
0.570792763592647
0.99953097111429
1
1
0.999335938032808
1
0.890256285929142
0.998628717954917
1
1
1
1
1
1
1
1
0.945393354123302
1
1
1
1
1
1
1
1
0.931593676002989
1
0.991702967936428
1
0.999357922692071
1
0.999597627959179
0.953538645292167
1
1
1
0.990723350746917
0.999943058271513
0.935563471328092
1
1
1
0.999935851215092
0.999555465579847
0.999563400467269
1
0.983540427478909
1
1
0.999519328534197
0.992582466978862
1
0.948565050392705
1
1
1
1
1
1
1
1
0.99997391919377
1
1
1
1
1
0.994166135468562
1
1
1
1
1
1
1
1
1
0.999998736700143
1
1
0.991756694868909
0.999663564327379
1
1
1
1
0.989410544156263
1
0.97464506820934
1
1
1
1
1
1
1
1
1
1
1
0.999597627959179
1
1
1
0.981401789657129
1
1
1
1
1
1
1
1
1
1
0.994459699747047
1
1
0.999962130775802
0.999357922692071
0.997488413296857
1
1
1
0.999893784112728
1
1
1
1
1
1
1
1
1
1
1
1
1
1
1
1
0.99727019335594
1
1
0.993126620675702
0.494143207292417
0.778813403428751
1
1
1
0.953253054316436
1
1
0.936390689377829
1
1
1
1
1
1
1
1
1
1
1
1
1
1
1
1
1
1
1
1
1
0.999663564327379
0.978258002919512
1
0.999944791510195
1
0.999938273405256
1
0.999880999111676
1
1
1
0.999663601061392
1
0.999226939507153
1
1
0.971600803838405
0.999969222607035
1
1
1
0.999938273405256
1
1
1
1
1
1
1
1
0.999591522914961
1
0.981724391153556
1
1
1
1
1
1
1
0.999883149848996
0.999322226083443
1
1
1
1
1
1
1
1
1
1
0.999790157875647
1
1
1
1
1
1
1
0.999663422592661
0.951930742631345
1
1
1
1
1
1
1
1
1
1
0.993038894012534
1
1
1
1
1
1
1
1
1
1
0.999706931488774
1
1
0.999663422592661
0.999940321640529
1
1
1
1
0.999739038892402
1
1
1
1
1
1
1
0.99945720655026
1
1
1
1
1
1
0.999991475596276
1
0.999785813011131
0.999944791510195
1
0.992082593815635
1
1
1
1
1
1
1
0.988682097794016
1
1
1
1
1
1
1
1
1
1
0.999357922692071
1
1
1
1
1
1
1
0.984747539126673
1
0.999863475480812
1
1
1
1
1
1
1
1
1
0.999952555860846
1
1
1
1
1
0.998513370477193
1
1
1
1
1
1
1
1
1
0.999931115949465
1
1
1
1
1
1
0.999944791510195
0.999779894081477
1
1
1
0.960862821336292
1
0.986868813208643
1
1
0.999924713160635
1
1
1
1
1
1
1
0.904729636491085
1
1
1
1
1
1
1
1
1
0.982046852730807
1
1
1
0.997794838151756
0.990723350746917
0.998650663403201
1
0.99304187270885
1
1
1
1
1
1
1
1
1
1
1
1
0.999959537504031
1
1
1
1
1
1
1
1
1
1
1
1
1
1
0.913015700527571
1
1
1
1
1
1
0.999586065453736
1
1
1
1
1
1
1
1
0.999638945867789
1
1
1
1
1
1
1
1
0.999998985637468
1
1
1
1
1
1
0.960862821336292
0.984919346512085
0.999160150754275
1
1
0.999697681681906
1
1
0.967863490416664
1
1
0.999999264494316
1
1
1
0.999796962682453
1
1
1
1
1
1
1
1
1
1
0.992130226007723
1
1
0.769335689143037
1
0.860259172034946
0.99971795420516
1
1
1
0.988486487633265
1
0.999591522914961
1
1
1
0.999998758978914
1
0.990670429346883
1
1
1
1
1
1
1
0.99999944162529
1
0.992130226007723
1
0.893679193338173
1
1
1
1
1
0.997089187953458
1
1
1
0.999916692109878
1
0.999973709942849
0.99918414605855
1
1
1
1
1
0.914534901809101
1
1
1
1
1
1
0.99928989651305
1
1
1
0.963926823430864
1
1
1
1
1
1
1
1
1
0.999904404133308
1
0.940219722140835
1
0.999861776418061
1
1
1
0.988486487633265
0.999133877508248
1
1
0.999959537504031
1
1
1
1
1
1
1
1
1
1
1
1
1
1
1
1
1
0.936280519161273
1
0.999799831720753
1
1
0.997215035658902
1
1
0.998903822956533
1
1
1
0.999969222607035
1
1
1
1
1
1
1
1
1
1
1
1
0.909012341282777
0.851994360596933
1
1
1
1
1
1
1
1
1
1
0.999646148899923
1
0.849126742864221
0.999992620735311
1
1
1
1
0.987041539458271
1
1
0.945393354123302
0.999987984923193
0.999576678554801
1
0.988682097794016
1
1
0.980212074970972
1
1
0.99113926815601
1
0.99920879548689
1
0.99524487474158
1
1
1
1
1
1
1
1
0.997215035658902
0.991702967936428
0.913015700527571
1
