x
1
1
1
1
1
1
1
1
1
1
0.996160280936611
1
1
1
1
1
0.999347315009039
1
0.995099852905191
1
1
1
1
1
1
1
0.995341240950521
1
1
1
1
0.881224962296147
1
1
0.986017761712628
1
1
1
1
1
0.930280168807911
0.985473760644823
0.984542531252437
1
1
1
1
0.989115744623757
1
1
0.999999999999985
0.96480607655998
1
0.973077752380833
1
1
0.99852038258316
0.972234908043094
1
1
1
0.998563551505807
1
0.99108408893659
1
1
1
1
1
1
1
0.968436828479984
1
1
1
1
1
1
1
1
1
1
1
1
1
1
1
1
1
1
1
1
1
0.995763088761125
1
1
1
1
1
1
1
1
1
1
1
1
0.955224432917658
1
1
1
1
1
1
1
1
1
1
1
1
1
1
0.997666668941947
1
0.981854033467152
1
1
1
0.802153779077164
1
0.983775898474203
1
1
1
1
1
1
0.99224274403403
1
1
1
1
1
1
0.999366162157961
0.823939583770835
1
1
0.993238801251198
1
0.999301713340495
1
1
1
1
1
1
1
1
0.984971935226833
1
1
1
1
1
1
1
0.999840949266273
0.98977342438934
1
1
1
1
1
1
1
0.993238801251198
1
1
1
1
1
1
0.997999333396351
1
1
1
1
0.999442740165524
1
1
1
1
1
0.995042623184677
0.987775936477312
1
0.995795222299208
1
0.992642929913995
1
0.959651216984004
1
1
1
0.968122055684763
1
0.999301713340495
0.999339803226304
1
1
1
1
1
1
1
1
0.999347315009039
0.991975476865292
1
1
0.986306497144157
1
1
1
1
1
0.997406081612783
1
1
1
0.999327591891217
1
1
1
1
1
0.989120016271528
1
1
1
1
1
1
1
1
1
1
1
1
1
1
1
1
0.995070586099073
1
1
1
1
1
1
1
1
1
1
1
1
1
1
1
1
1
1
1
1
1
1
1
1
1
0.999574622471738
1
1
1
1
1
1
0.976671998826284
1
0.992863541466058
1
1
1
1
1
1
0.999999999999994
1
0.997099291061831
1
1
1
1
1
1
1
0.99280597529963
1
1
1
1
1
1
1
1
1
1
1
0.999500228017359
1
0.987787221693156
1
0.998221452731026
1
1
0.998995587581513
1
1
1
1
1
1
1
1
1
1
1
1
1
1
1
1
1
1
1
1
1
0.986868115086892
1
1
1
0.99026565678584
1
1
1
1
1
1
1
1
1
0.968079953313854
1
1
1
0.995997324337052
1
1
1
0.894984591167653
1
0.985921011803386
0.99110893791007
0.884664023031027
0.997666668941947
1
1
1
1
1
1
1
1
1
1
1
1
1
1
1
1
1
1
1
0.997504837775532
1
1
1
1
1
0.999339803226304
1
1
1
1
1
1
1
1
1
1
1
1
1
1
1
1
0.985458918642138
1
1
1
1
1
1
1
1
1
1
1
0.92723500880263
1
1
1
0.983611483745584
1
1
0.989866513748438
0.926608069399516
1
0.954916835367982
1
0.997406081612783
1
1
1
1
1
1
1
1
1
1
1
1
0.997406081612783
1
1
1
1
0.999500228017359
1
1
1
1
1
0.770638963704834
1
0.988132304229106
0.839732410472063
1
1
1
1
1
1
0.997908697888944
1
1
1
1
1
1
1
1
0.995131453032108
1
1
1
1
1
1
0.939082612691252
1
1
1
0.998221452731026
0.997358748298338
1
1
1
1
1
1
0.997298903837268
1
1
1
0.987474064375643
1
1
1
1
0.99703622432596
0.999999999999994
1
0.969650463819395
1
1
1
1
1
1
0.993173057845196
1
1
1
0.968436828479984
1
1
1
1
1
1
1
1
1
1
0.947410909690612
1
1
1
1
1
1
1
1
1
1
0.996093131408062
1
1
1
1
1
1
1
1
0.984878723662736
1
1
1
1
0.993889483478274
0.994949548073474
1
1
0.999442740165524
1
1
0.993905920827863
0.995631783532852
0.999999999999999
1
1
1
1
1
1
1
1
1
1
1
1
1
1
1
1
0.975239017413341
1
1
1
0.979916900394544
0.995551217200774
1
1
1
1
1
1
0.980874323155
0.731230071970866
1
1
1
1
1
1
1
1
1
1
1
0.993926726195038
1
1
1
1
1
1
1
1
1
1
1
1
1
1
1
0.995099852905191
1
1
0.988597891101906
1
1
1
1
1
1
1
1
1
1
1
1
1
1
1
1
0.981854033467152
1
1
1
1
1
1
1
1
1
0.96480607655998
0.962483433617453
1
1
1
1
0.999301713340495
1
1
1
1
1
1
0.999355525423144
1
1
1
1
1
1
0.975732699968105
1
0.971337120517777
0.936812446650971
1
1
1
1
1
1
1
1
1
1
1
1
1
1
1
1
0.995361117599162
1
0.992783921621264
1
0.995099852905191
1
1
1
1
1
1
1
1
1
1
1
1
1
1
1
1
1
1
1
0.997406081612783
1
1
1
0.909711778206297
0.990193980888815
1
0.999999999999996
1
1
1
0.99108408893659
1
1
1
1
1
1
1
1
1
1
0.998289790311492
1
0.986814903465469
0.989878874567118
1
0.999380925180878
1
0.952115084831447
1
1
0.996936624740639
1
0.999301713340495
1
1
0.991298542154484
0.985798867912928
0.943469615299953
1
0.966284422251239
1
1
1
1
1
1
0.995852830156295
0.995042623184677
1
1
1
1
1
1
1
1
1
1
1
1
1
0.987101861296025
1
0.992412664031361
0.991276385871542
1
1
1
1
1
1
1
1
0.995096621292407
1
1
1
0.998985818022948
0.995243358230073
1
0.983382225820146
1
1
0.996822573221081
1
1
0.896236944398018
1
1
1
1
0.999355525423144
1
1
1
1
1
0.997646657845745
1
0.998995587581513
1
0.996385800657217
1
1
1
1
1
1
1
0.920186710093363
1
1
1
1
0.998993106192485
1
1
1
0.984542531252437
0.999999999999992
1
1
1
1
1
0.857540086184468
0.995131453032108
1
1
1
1
1
1
1
1
1
1
0.999048194236217
1
1
1
0.999380925180878
1
1
1
1
1
1
1
1
0.975673511951
1
1
1
1
1
1
1
1
1
0.998050000055216
1
0.993926726195038
1
1
1
1
1
0.992380188632226
1
1
1
1
1
1
1
1
1
1
1
1
1
1
1
1
1
1
1
1
1
1
1
1
1
1
1
1
1
1
0.998449406426586
0.988593566811412
1
1
1
1
1
0.990970781881935
1
1
1
1
0.844449297458889
1
1
1
1
1
1
1
1
1
1
1
0.988597891101906
1
1
1
1
0.988132304229106
1
1
1
1
0.995795222299208
0.99999999999998
1
1
1
1
1
1
1
1
1
1
1
1
1
1
1
1
0.998818950938513
1
1
1
1
1
0.97448292074301
0.999301713340495
1
1
1
1
1
1
1
1
0.999999999999989
1
1
1
0.995795222299208
1
0.99110893791007
0.999731226765985
1
1
1
1
1
1
1
1
1
1
0.96480607655998
0.98977342438934
0.977050508303053
1
1
1
1
1
1
0.99157717704475
0.994563900561029
1
1
0.977050508303053
1
1
0.963317826216548
0.999048194236217
0.998818950938513
0.999301713340495
1
1
1
1
1
1
1
0.999999999999994
1
1
1
1
1
1
1
1
1
1
1
0.99224274403403
1
1
1
1
1
0.995131453032108
1
0.971337120517777
0.949780273984396
1
0.992205988654815
1
1
1
0.999355525423144
1
1
1
1
0.991932416188892
1
1
1
1
1
1
1
1
0.986214576234522
1
0.666875714221216
1
1
1
1
1
1
1
0.932316407605847
1
1
1
1
0.999347315009039
1
1
1
0.999301713340495
1
0.998449406426586
1
1
1
1
1
1
1
1
1
1
1
1
1
0.9962606753
1
0.994797506271885
1
1
1
1
1
1
1
1
1
1
1
1
0.998050000055216
1
1
0.996279908710485
0.997436106839653
1
1
1
1
1
1
1
1
1
0.992399346907714
1
1
1
1
1
1
1
1
1
1
1
1
1
1
1
0.999500228017359
1
1
1
0.908422404360259
1
1
1
1
1
1
1
1
1
1
1
0.999129938388349
1
1
1
1
1
1
1
1
1
1
0.709872695402964
1
1
1
1
1
1
1
0.996279456932556
1
1
1
1
1
1
1
1
1
1
0.943260494649185
1
1
1
0.99925501970569
0.996279908710485
0.973077752380833
1
1
1
1
1
1
1
1
1
1
1
1
0.963911335138637
1
0.985084402740489
0.995818841038677
1
1
0.992779554020345
1
1
1
1
1
1
1
1
1
0.985153713583083
1
1
1
1
1
0.98822625780336
1
1
1
1
1
1
1
0.991059858991812
1
1
1
1
1
1
1
1
1
1
1
1
1
1
1
1
1
1
1
1
1
1
1
1
1
1
1
0.745784109485297
1
1
1
0.91210948295196
1
1
1
1
1
1
1
0.995631783532852
1
1
1
1
1
1
0.98982417912884
1
1
1
1
1
1
1
1
0.995533692691002
1
1
1
1
1
1
0.999999999999998
0.966763580108487
1
0.997298903837268
1
1
1
1
1
1
1
1
1
1
0.999380925180878
1
1
0.99108408893659
0.976671998826284
1
1
1
0.992205988654815
1
1
1
1
1
1
0.991276385871542
1
1
1
1
1
0.995099852905191
1
1
1
0.968827058118026
1
1
1
1
1
0.958239433435868
1
0.992268711783661
1
1
1
1
1
1
0.989358424280995
1
1
0.99775339666163
1
1
0.997202333917825
1
1
0.983611483745584
1
1
1
1
1
1
1
1
1
1
1
1
1
0.850462847273173
0.992287130436418
0.992928176171377
1
1
1
0.843580030147151
0.881309417117909
0.999380925180878
1
1
0.99775339666163
0.991298542154484
1
1
1
1
1
1
1
1
1
1
1
1
0.992746012643658
1
1
1
1
0.995997324337052
1
1
1
0.991548344824562
1
1
1
1
1
1
1
1
1
1
1
1
1
1
1
1
1
0.979303872583394
1
0.992287130436418
1
1
1
1
1
1
1
0.995042623184677
1
1
0.995162383247277
1
1
1
1
1
1
1
0.994465658011297
1
0.983379595417372
0.995825192901185
1
1
0.954104974488803
1
1
1
1
0.997043871883125
1
0.99699090168925
0.995361117599162
1
0.995131453032108
1
1
1
1
1
1
0.996385800657217
1
1
1
0.996280861319873
1
1
1
1
1
1
0.99110893791007
1
1
1
0.91210948295196
0.993011757528402
1
1
0.999999999999973
1
1
1
1
1
1
0.983695642777388
1
1
1
1
1
1
1
1
0.99925501970569
1
1
1
1
1
1
1
1
1
1
1
1
1
1
1
1
1
1
1
1
0.995070586099073
1
1
1
0.986814903465469
1
1
1
0.999731226765985
1
1
1
1
1
1
1
1
1
0.997666668941947
0.993689680454378
1
1
1
1
1
0.975732699968105
1
1
1
1
1
1
1
1
1
1
1
1
1
1
1
1
1
0.998172791343591
1
1
1
1
1
1
1
1
0.994674300907624
1
1
0.997298903837268
1
1
0.997099291061831
0.942161882669624
1
1
0.986868115086892
1
0.984899183599852
1
1
1
0.978498368770265
1
1
1
1
1
1
0.994301913818059
1
1
1
1
1
1
1
0.80042061982923
1
0.93267257126784
1
1
1
1
1
0.994561850194999
1
1
1
1
1
1
1
1
1
1
1
1
1
1
0.991548344824562
1
0.963824032201515
1
1
1
1
1
1
0.973077752380833
0.994593952173758
1
0.997406081612783
1
1
1
1
1
1
1
1
1
1
0.958239433435868
1
1
0.988970882214202
1
1
1
1
1
1
1
1
1
0.984899183599852
1
1
1
1
1
1
0.780364888087126
1
0.996093131408062
1
1
0.984531169646645
1
1
1
1
1
1
1
0.985223981021992
0.995042623184677
1
1
1
1
1
1
1
1
1
1
0.993011757528402
1
1
1
1
1
1
1
1
1
1
1
1
1
1
1
1
1
1
1
0.994301913818059
0.995384773814099
1
1
1
1
1
1
1
1
1
1
1
1
1
1
1
1
0.9888781895057
1
0.999366162157961
0.997908697888944
1
1
0.990039128778699
1
1
1
1
1
1
1
1
1
1
1
1
0.549603194970105
1
1
1
1
1
0.922142594549805
0.991276385871542
1
1
1
1
1
0.977050508303053
1
0.99108408893659
1
1
1
1
1
0.989120016271528
1
0.999840949266273
1
1
1
1
1
1
1
0.997646657845745
1
1
0.97298281752253
1
1
1
1
1
1
1
1
1
1
1
1
1
1
1
1
1
1
0.996093131408062
1
1
1
1
1
1
1
1
1
1
0.999048194236217
1
1
1
1
0.996874219259324
1
1
1
1
1
0.993320712816429
1
0.939082612691252
1
1
1
1
1
1
1
0.989792153552657
1
1
0.9628586004778
1
1
1
1
1
1
1
1
1
1
1
1
0.948776393946521
0.995099852905191
1
1
1
1
1
1
1
1
1
1
1
1
1
1
1
1
0.997298903837268
1
0.984971935226833
0.98568936309314
1
0.971226541632926
1
1
1
1
1
0.894637271776589
1
1
1
1
1
1
0.996279908710485
0.992380188632226
1
1
1
1
1
0.995384773814099
1
1
0.997232531906645
0.996874219259324
1
1
1
1
1
0.880683568731196
0.999999999999985
1
1
1
1
1
1
0.993212326785252
1
1
0.959953287038679
1
1
1
0.991932416188892
1
1
1
1
0.973077752380833
0.983611483745584
1
1
0.989178633046855
1
0.963911335138637
1
1
1
1
1
1
1
1
0.984899183599852
1
0.999006682506636
1
0.991709438705678
1
1
1
1
1
1
1
1
0.999999999999999
1
1
1
1
1
0.976377370551408
1
0.999129938388349
1
1
0.991102999891509
1
1
1
1
1
1
1
1
1
1
1
1
1
1
1
1
1
1
1
1
1
1
1
0.899103186119853
1
0.998818950938513
1
1
1
1
1
1
1
0.74353100354326
1
1
1
1
1
0.998978025991838
0.95105980264018
1
1
1
1
1
1
0.895947636203054
1
0.997504837775532
1
0.982506855100976
1
0.995519680635639
0.98408744419864
1
1
1
1
1
0.975222607244328
1
1
1
1
1
1
1
1
1
1
0.992323725814729
1
1
1
1
1
0.994797506271885
1
1
1
1
1
0.984285662592026
1
1
1
1
1
1
1
1
1
1
1
0.999442740165524
1
1
1
1
1
1
1
1
1
1
1
1
1
1
1
1
1
1
1
1
1
1
1
1
1
1
1
1
1
1
1
1
1
1
1
1
1
1
1
1
1
1
1
1
1
1
0.999840949266273
1
1
1
1
1
0.992380142919424
0.970844838226703
1
1
1
0.984285662592026
1
1
0.823939583770835
0.994563900561029
1
1
1
1
1
1
1
1
1
0.954104974488803
1
1
1
1
0.990396323669513
1
1
1
1
1
1
1
1
1
1
1
1
0.90748401778334
0.990193980888815
1
1
1
1
1
1
0.998606203280633
1
1
0.998606203280633
1
0.990631893483342
0.91210948295196
1
1
1
1
1
1
1
1
1
1
1
1
1
1
1
1
1
1
1
1
1
1
1
0.993500730748829
1
1
1
1
1
1
0.987066780542742
1
0.985742919379151
1
1
1
1
1
1
1
0.989137564128777
1
1
1
1
1
1
1
0.972247368916716
1
1
1
1
1
1
0.98457578247858
0.597401128158114
0.997264246079435
1
1
0.99773914004186
0.98390613553108
1
1
1
0.995131453032108
1
1
0.996594669292528
1
1
1
1
1
1
1
1
0.99699090168925
1
1
0.985878688005147
1
1
1
1
1
1
1
1
1
1
1
1
1
1
1
1
1
0.997908697888944
1
0.979790979596668
1
1
1
1
1
1
1
1
0.994465658011297
1
1
1
1
1
1
1
0.999380925180878
1
1
1
1
1
0.999366162157961
1
1
1
0.98977342438934
1
1
1
1
1
1
1
1
1
1
1
1
0.976670545751578
1
1
1
1
1
1
1
1
1
1
1
1
0.999355525423144
1
1
1
1
0.88318931721064
1
1
1
1
0.993889483478274
1
0.98982417912884
1
0.976258295600917
0.996180486269247
1
0.994797506271885
0.995533692691002
1
1
1
1
1
1
0.998995068221683
1
0.983999107609842
1
1
1
1
1
1
1
0.99925501970569
1
0.976109229594874
1
1
1
1
1
1
0.992779554020345
0.999380925180878
1
1
1
1
1
1
1
1
1
0.983072958813838
1
1
1
1
1
1
1
0.986868115086892
1
1
0.963893061713924
1
1
0.979790979596668
1
1
1
1
0.975222607244328
1
1
1
1
1
1
1
1
1
1
1
0.998221452731026
1
1
1
1
1
1
1
1
1
1
1
1
1
0.999327591891217
0.998289790311492
1
0.980195280363789
0.971337120517777
1
1
1
1
0.999040428849776
0.978354197901483
1
0.941106657739114
1
0.999574622471738
0.999129938388349
1
1
1
1
1
0.995099852905191
1
0.995631783532852
0.997666668941947
1
1
1
1
1
1
1
1
1
1
1
1
1
1
1
1
1
1
1
1
1
1
0.989611029903553
1
1
1
0.995099852905191
1
1
1
1
1
1
1
1
1
1
1
1
1
1
1
1
1
0.994236664505643
0.999000659472237
0.993011757528402
1
1
1
1
1
0.999339803226304
1
1
1
1
1
1
1
1
1
1
1
1
0.999574622471738
1
1
1
1
1
1
1
1
1
1
1
1
1
1
1
1
1
1
1
1
1
1
1
1
1
1
0.999999999999996
0.993408972521362
1
1
1
0.993499739327295
1
1
1
1
1
1
1
1
1
1
1
0.992412664031361
0.952940281317368
1
1
1
1
1
1
1
0.995070586099073
1
0.976713671516049
0.974750859707792
1
1
1
1
1
1
1
1
1
0.989412315979319
1
0.930280168807911
1
1
1
1
1
1
1
1
1
1
1
1
1
1
1
0.997436106839653
1
1
0.998172791343591
1
1
1
0.999404341667389
1
1
1
0.999999999999985
1
1
1
1
1
1
1
0.983617586923766
1
1
1
1
1
1
1
1
0.999999999999994
1
1
1
1
0.991191846508275
0.953224839120837
1
1
1
1
1
1
1
1
1
1
0.990433953649783
1
1
1
1
1
1
0.958413734123381
1
1
1
0.994797506271885
0.995355681821858
1
1
1
1
1
1
0.991876309235721
1
1
0.990464610536032
1
1
1
1
0.992822327958343
1
1
1
0.982364821763056
0.999999999999995
1
1
0.999999999999989
1
1
1
1
1
1
1
1
1
0.999840949266273
1
1
1
1
1
1
1
1
1
1
1
0.993879147146548
1
1
1
0.995361117599162
1
1
1
1
1
1
1
1
1
1
1
1
1
0.993499739327295
1
1
1
0.995384773814099
1
1
1
1
1
1
1
1
1
1
1
0.977578147819302
1
1
0.993879147146548
1
0.951758219825783
1
1
1
1
1
1
1
0.999999999999999
0.999999999999999
1
1
1
1
1
1
1
0.985465217733892
1
1
1
1
1
1
1
1
1
1
0.997406081612783
1
1
1
1
1
1
0.975641943518316
1
1
0.98408744419864
1
0.986127290076109
0.998050000055216
1
1
0.995162383247277
1
1
1
1
1
1
1
1
1
1
1
0.987775936477312
1
1
1
1
1
1
1
1
0.990193980888815
1
1
1
1
1
1
1
0.997436106839653
1
1
0.99775339666163
1
1
1
1
1
1
0.95674669290818
1
0.996385800657217
1
1
1
1
1
1
1
1
0.985779947269311
1
1
1
1
1
1
1
0.999840949266273
1
1
1
1
1
1
1
1
0.994301913818059
1
1
1
1
1
0.995964322956673
1
1
1
1
1
0.992399346907714
1
1
1
1
0.866225572635075
0.993238801251198
1
1
0.974750859707792
1
1
1
1
0.972014040552488
1
1
1
1
1
1
1
1
1
1
1
1
1
1
0.994236664505643
0.99108408893659
1
1
1
1
1
1
1
1
0.975732699968105
0.997871256272717
1
1
1
1
1
1
1
1
1
1
0.999500228017359
1
1
1
1
1
1
0.787928195803989
1
0.979303872583394
1
0.931432266332354
1
1
1
0.99999999999998
1
0.999791412117089
0.991350589587447
0.993500730748829
1
1
1
1
0.99351960515593
1
1
1
1
1
1
0.999442740165524
0.9962606753
1
0.997099291061831
1
1
1
1
0.98705996169207
1
1
1
0.950468188260882
1
1
1
1
1
1
1
1
1
1
1
1
1
1
0.979402283047611
1
1
0.978498368770265
1
1
1
1
1
1
1
1
1
1
1
1
1
1
0.997646657845745
0.995070586099073
1
1
1
1
1
1
1
0.982987410424569
1
1
0.899222870859895
1
0.994593952173758
1
0.999442740165524
1
1
1
1
1
1
0.983333354685124
1
1
0.975673511951
1
1
0.991076440387275
1
1
1
1
1
1
0.988942207843866
0.907030794945963
0.985605388134357
1
1
1
1
1
1
1
1
1
1
1
0.995355681821858
1
1
1
0.992198945062211
1
1
1
1
0.992783921621264
1
1
1
1
1
1
0.986394273602793
1
1
1
1
1
1
1
1
1
1
1
1
1
1
1
1
1
1
1
1
1
1
0.999999999999997
1
1
1
1
1
1
1
0.99235301538376
1
0.993408972521362
0.99699090168925
0.995763088761125
1
1
1
1
1
0.976444388617216
0.994674300907624
1
1
0.997232531906645
1
1
1
1
1
0.997099291061831
1
1
1
1
1
1
0.994797506271885
1
1
0.975673511951
1
1
1
1
1
1
1
1
1
1
1
1
1
1
1
0.978385848405977
1
0.999442740165524
1
1
0.998878155571051
1
0.961568885996586
1
1
1
1
1
1
1
1
1
1
1
1
1
1
1
1
1
1
1
1
1
1
1
0.994797506271885
1
1
1
0.997646657845745
1
1
1
1
0.971226541632926
1
0.848729364835708
1
1
1
1
1
0.995763088761125
1
1
1
1
1
0.990631893483342
0.951422962517224
1
1
1
1
1
1
1
1
1
1
0.979323347144747
1
0.987474064375643
1
1
1
1
0.990508917737256
1
1
1
1
0.937652630662687
1
1
1
1
0.999380925180878
1
1
0.985779947269311
0.992642929913995
1
1
1
1
1
1
1
1
1
1
0.999999999999994
1
1
1
1
1
1
0.999999999999996
1
1
1
1
1
1
1
1
1
0.995773645799778
1
1
1
1
1
1
0.851923812038114
1
1
1
0.991407324674147
1
0.971150756475931
1
1
1
1
1
1
1
1
1
1
0.995162383247277
1
1
1
1
1
1
1
0.987474064375643
1
1
1
1
1
1
1
1
1
1
1
1
1
1
0.997264246079435
1
0.997504837775532
1
1
1
1
1
1
0.997750973532378
1
1
1
1
1
0.864789305759187
1
1
0.979790979596668
1
0.975044123541322
1
1
1
1
1
1
1
1
1
1
1
1
0.999355525423144
1
1
1
1
1
1
1
0.992380188632226
1
1
1
0.993926726195038
1
1
1
1
1
0.959953287038679
1
1
1
1
1
1
1
0.943469615299953
1
1
1
1
0.998606203280633
0.989137564128777
1
1
1
0.993905920827863
0.999402497558359
1
0.977050508303053
1
1
1
1
1
1
1
1
1
1
1
1
1
0.608589771468699
1
1
1
1
1
1
1
1
0.928473143576378
1
1
1
1
1
0.841441556464205
1
1
1
1
1
1
1
1
1
1
1
1
1
1
0.999791412117089
1
0.999791412117089
0.984542531252437
1
0.99925501970569
1
0.980260749831667
1
1
1
1
1
1
1
0.994395348890608
1
1
0.851511727643512
1
1
1
1
0.997298903837268
1
1
1
1
1
0.942161882669624
1
1
1
0.984878723662736
1
0.990970781881935
0.788314769081517
1
1
1
1
1
1
1
1
1
0.98982417912884
1
0.98457578247858
1
0.999656135980318
1
1
1
1
0.994949548073474
0.82712348886688
1
0.999351894619195
1
1
1
1
1
1
1
1
0.949780273984396
1
1
1
0.880683568731196
1
1
1
0.925094276955001
1
1
1
0.932365463484813
1
0.99351960515593
1
1
0.997666668941947
1
1
1
1
1
1
1
1
1
1
1
1
1
0.993879147146548
1
1
1
1
1
1
1
1
1
1
1
1
0.9805018710529
1
1
1
1
1
1
0.994880184969108
0.994301913818059
0.975239017413341
0.997406081612783
1
1
1
1
0.98698937226566
0.941106657739114
1
1
1
1
1
1
0.999731226765985
1
1
1
1
1
1
1
1
1
1
0.994395348890608
1
1
1
1
1
1
1
1
0.976899415111557
1
1
1
1
1
1
0.998818950938513
1
1
1
1
1
1
1
1
1
0.751101720635773
1
1
0.988855718921001
1
1
1
1
0.992287130436418
1
1
1
1
1
0.999129938388349
1
1
1
1
0.997202333917825
1
0.999217234736032
1
1
1
1
1
0.990798873057583
1
1
1
1
0.992642929913995
1
1
1
1
1
0.866225572635075
1
1
1
1
1
1
0.997908697888944
1
1
0.990447845955312
1
1
0.951422962517224
0.957444437501165
1
0.986814903465469
1
1
1
1
1
0.993074077226007
0.988183095801347
1
1
1
1
1
1
1
1
1
0.966272547104272
1
1
1
0.967250389430201
0.974108159363481
1
1
1
1
1
1
1
0.997043871883125
1
1
0.968211597470013
1
1
1
1
1
1
1
1
0.992380188632226
0.970035355258151
1
1
1
1
1
1
1
1
1
1
1
1
0.969432014836029
1
1
1
1
1
0.985596317731034
1
1
0.971337120517777
1
1
1
0.997646657845745
0.976670545751578
1
1
1
1
0.90748401778334
1
1
1
1
1
0.994465658011297
1
1
1
1
0.994301913818059
1
1
1
1
1
0.986127290076109
1
1
1
0.995997324337052
1
1
1
1
1
1
0.993499739327295
1
1
0.995355681821858
1
0.984797483165899
1
1
0.998221452731026
1
1
1
1
1
1
1
1
0.99413223468852
1
1
1
1
1
0.994373240179026
1
0.994797506271885
1
1
1
0.999999999999999
1
1
1
1
1
1
1
1
1
1
1
1
1
1
1
1
1
0.999339803226304
0.982296304427371
1
1
1
1
0.850462847273173
1
1
1
1
1
1
1
1
1
0.986868115086892
1
0.987226345652793
1
1
0.975732699968105
1
1
1
1
1
1
0.957677581548335
1
1
1
0.999731226765985
0.977050508303053
1
1
1
1
1
1
1
1
1
1
1
0.999731226765985
1
0.993446972337206
1
1
1
1
1
0.98977342438934
1
1
0.992287130436418
1
1
0.987226345652793
0.993905920827863
1
1
0.703912646131134
1
1
0.998289790311492
1
0.984542531252437
1
1
1
1
1
0.984458824247503
1
1
0.991076440387275
1
1
1
1
1
1
1
0.991548344824562
0.978961061750344
1
1
1
1
1
1
0.999999999999989
1
1
1
0.997646657845745
1
0.970743197397193
1
0.977578147819302
1
1
1
1
1
1
1
0.98408744419864
1
1
0.981862606716826
1
1
1
1
1
1
1
1
1
0.996822573221081
0.990559816941477
1
1
1
1
1
1
1
1
1
1
1
1
1
1
1
1
1
1
1
1
1
0.995096621292407
1
1
1
1
1
1
0.840419627266394
0.985878688005147
1
1
1
1
1
1
1
1
1
1
1
1
0.995771436237649
1
1
1
1
1
1
1
1
1
1
1
0.991150482463502
1
1
0.985231978576908
0.99351960515593
1
1
1
1
1
0.99570184348197
1
1
1
1
1
1
0.997298903837268
1
1
1
1
1
1
1
1
1
0.949780273984396
0.978415732896021
0.990791070949473
1
1
1
1
1
1
0.962483433617453
1
1
1
1
1
0.993879147146548
1
0.99346918245114
1
1
1
1
0.997504837775532
1
1
1
0.993074077226007
1
1
1
1
1
0.997666668941947
1
1
1
1
1
1
1
1
1
1
1
1
1
1
1
1
1
1
1
1
1
1
1
1
1
1
1
0.991917719119439
0.999006212073305
0.967500113066741
1
1
1
1
1
1
0.969432014836029
1
1
1
1
0.995820841957635
1
1
0.987353529257217
0.996594669292528
1
1
1
1
1
1
1
1
0.769329188870714
1
0.979402283047611
1
1
1
1
1
1
1
1
1
1
1
1
1
1
1
1
1
1
0.95105980264018
1
1
1
1
1
1
1
1
1
0.99243859264049
1
1
1
1
0.986306497144157
1
1
1
0.975763091577547
1
1
1
0.973088592133606
1
1
1
0.999404341667389
1
1
1
1
1
1
1
0.984878723662736
1
0.999656135980318
1
1
1
1
1
0.979402283047611
1
1
0.974065241382409
1
1
1
1
1
1
0.982987410424569
1
1
1
1
1
1
1
0.990631893483342
1
1
0.997871256272717
1
1
1
1
1
1
1
0.998978025991838
1
1
1
1
0.999339803226304
1
0.967500113066741
1
1
1
1
1
1
1
0.999656135980318
1
1
1
1
1
1
1
0.908422404360259
1
1
1
1
1
1
1
0.990447845955312
0.998221452731026
1
1
1
1
1
1
1
1
1
0.964061875216647
1
1
1
1
1
1
1
1
1
0.985798867912928
1
0.994465658011297
1
1
1
0.971337120517777
1
1
1
1
1
1
1
1
1
1
1
1
1
1
0.994130609606032
1
0.990447845955312
0.708226064611824
1
1
1
0.998172791343591
1
1
1
1
1
1
1
1
0.936812446650971
1
1
1
1
1
1
0.992863541466058
0.979843686091825
1
1
1
1
1
1
1
0.977864586205847
0.999366162157961
1
1
1
1
1
1
1
1
0.985465217733892
1
1
1
1
1
1
1
1
1
1
1
1
1
1
0.985386580034004
1
1
1
1
1
1
1
1
1
1
1
0.997028280074376
0.993926726195038
1
1
1
1
1
1
1
1
1
1
1
1
1
0.880683568731196
1
1
1
0.994949548073474
0.968186632550805
1
1
1
1
1
1
1
1
1
1
1
1
0.95674669290818
0.984878723662736
1
1
1
1
1
0.862459152129514
1
1
1
1
1
1
1
1
1
0.995997324337052
1
1
0.841557046318627
1
1
1
1
1
1
1
0.983775898474203
1
1
1
1
1
1
1
1
1
1
1
0.791537922997321
1
1
0.995243358230073
1
1
1
0.994949548073474
1
1
1
0.98787545245418
0.997099291061831
1
0.995131453032108
1
1
1
1
1
1
1
1
1
1
1
0.994958020236999
0.986868115086892
1
1
1
1
0.822245559540515
1
1
1
1
1
1
1
1
1
1
1
1
0.991191846508275
1
1
1
1
1
1
1
1
1
1
0.998563551505807
1
1
1
1
1
1
1
0.976109229594874
1
1
1
1
1
1
1
1
1
1
1
1
0.934284630058423
1
1
0.999339803226304
1
1
1
1
0.998606203280633
1
0.995533692691002
1
1
1
1
1
1
0.993905920827863
1
1
0.999999999999995
1
1
1
1
1
1
1
1
1
1
1
0.980576234079381
1
0.999327591891217
0.751101720635773
1
1
0.99475213271792
1
1
1
1
1
1
1
0.956208470811677
0.999129938388349
0.691729395542558
1
1
1
1
1
1
1
1
1
1
1
1
1
1
1
1
1
1
1
1
1
1
0.98982417912884
0.985153713583083
1
1
1
1
0.999006682506636
1
1
1
1
1
1
1
1
1
1
1
0.980376076946076
0.994797506271885
0.990245589172677
1
1
1
1
1
1
1
1
1
1
1
1
1
0.986127290076109
1
1
1
0.968186632550805
0.994301913818059
1
1
1
1
1
1
0.997504837775532
1
1
1
1
1
0.994563900561029
1
1
1
0.91210948295196
1
0.814279355151523
1
1
0.996160280936611
0.997436106839653
1
1
1
1
1
1
1
1
1
1
0.980504250213026
1
1
1
1
1
1
1
0.99110893791007
1
1
1
1
1
1
1
0.987775936477312
1
1
1
1
1
1
1
1
0.986127290076109
1
1
0.998978713415947
1
1
1
0.995533692691002
1
1
1
1
1
1
1
0.991975476865292
1
1
1
1
1
1
1
1
1
1
1
0.99610140559151
1
1
1
1
1
1
1
1
1
1
0.970743197397193
1
1
1
1
1
1
0.995096621292407
1
1
1
0.999006212073305
1
1
0.990970781881935
1
1
0.997504837775532
1
1
1
1
0.839732410472063
1
1
1
1
1
1
1
1
1
1
1
1
1
1
1
0.999731226765985
1
1
1
1
1
0.995042623184677
1
1
1
1
1
1
1
1
1
1
1
1
1
1
1
1
1
1
0.994797506271885
1
1
1
1
0.991828610291046
1
1
1
1
1
1
1
1
1
1
0.999134263700705
1
1
1
1
1
1
1
1
0.992380188632226
0.997436106839653
1
1
1
1
1
1
1
1
1
1
1
1
0.999999999999996
1
1
1
1
1
1
1
1
1
1
1
1
1
1
1
1
1
1
1
0.999380925180878
1
1
0.997343794278284
1
0.999656135980318
1
1
1
0.909878323872545
0.992073407997986
1
1
1
1
1
1
0.969889801478407
1
0.969332861354574
1
1
1
1
1
1
1
1
1
1
1
1
1
1
1
1
1
1
1
1
1
1
1
1
1
0.985742919379151
1
1
1
1
1
0.996180486269247
0.70814269291974
0.99280597529963
1
1
1
1
1
1
1
1
1
1
1
1
1
1
1
0.999301713340495
1
1
1
1
1
0.995042623184677
1
1
1
1
1
0.809799666698299
0.991917719119439
1
1
1
0.98977342438934
1
1
1
1
1
1
1
1
0.960798188963582
0.975732699968105
1
1
0.995795222299208
1
0.976302511198079
0.991876309235721
1
1
1
1
0.999114966662912
1
1
1
1
0.995825192901185
1
0.994301913818059
1
0.997099291061831
1
1
1
0.99418375439242
1
1
1
1
1
1
1
1
1
1
1
1
0.900121753828412
1
1
1
0.925094276955001
1
1
1
0.996791089928623
1
1
1
1
1
1
0.957463959085488
1
1
1
1
1
1
0.995795222299208
1
1
1
1
1
0.985153713583083
1
1
0.997232531906645
1
0.988990381992485
1
0.923377558681429
1
0.955373846024167
0.914966501035422
0.986017761712628
1
1
1
0.908923536804397
1
1
0.993905920827863
1
0.632162134273981
1
1
1
1
1
1
1
1
1
1
1
0.999366162157961
0.971162004613727
1
1
1
1
1
0.743421590583951
1
0.544819040021904
1
1
1
1
0.979402283047611
0.999999999999973
1
1
1
1
1
1
0.999999999999999
1
1
1
1
1
1
1
1
1
1
1
1
1
1
1
1
1
1
1
1
1
1
1
1
1
1
1
0.98822625780336
1
0.999656135980318
1
0.988855718921001
1
0.978415732896021
1
1
1
1
1
1
1
1
1
1
1
1
1
1
1
1
1
0.984748357642785
0.995852830156295
1
1
0.994593952173758
1
1
1
1
1
1
1
1
1
1
1
1
1
1
1
1
0.987226345652793
1
1
1
1
1
1
1
1
0.984899183599852
1
1
1
1
1
0.977578147819302
0.975673511951
1
1
1
1
1
0.845883362163016
0.952940281317368
1
1
1
0.991917719119439
1
1
1
1
1
1
1
1
0.907030794945963
1
1
1
1
1
1
1
1
0.968186632550805
0.980376076946076
1
1
1
0.995997324337052
1
1
1
1
1
1
1
1
1
1
1
1
1
0.971337120517777
1
1
0.766183947444369
1
1
0.998818950938513
0.999355525423144
1
1
1
1
1
1
1
1
1
1
1
1
1
1
1
1
1
1
0.970743197397193
1
1
1
1
1
1
1
1
1
1
1
1
1
1
1
1
1
1
1
1
0.998878155571051
1
0.991548344824562
1
1
1
1
1
1
1
1
1
1
1
1
1
1
1
1
0.997436106839653
1
1
1
1
1
1
0.997232531906645
1
1
1
1
1
1
1
1
1
0.989792153552657
0.981862606716826
1
1
1
1
1
1
0.91210948295196
1
1
1
1
1
1
1
1
1
1
1
1
1
1
1
1
1
1
1
1
1
1
0.997298903837268
1
1
1
1
0.856730718947411
1
0.995825192901185
1
1
1
1
1
1
0.999575860253055
1
1
1
1
1
1
1
1
1
1
1
1
1
1
1
1
1
1
1
1
1
1
1
0.995818841038677
1
1
1
1
1
0.993689680454378
0.996093131408062
1
1
0.992779554020345
0.997908697888944
1
1
1
1
0.990447845955312
1
0.99925501970569
1
1
0.989496276435288
1
1
1
1
1
0.999500228017359
1
0.723595488941304
1
1
0.996279908710485
1
1
1
1
0.995631783532852
1
1
1
0.99418375439242
1
1
1
1
1
0.99775339666163
1
1
1
0.995997324337052
1
1
1
1
1
1
1
1
1
1
1
1
1
1
1
1
1
1
1
0.996160280936611
1
0.999380925180878
1
1
1
1
1
1
1
1
1
0.99243859264049
1
1
1
1
1
1
1
1
0.997264246079435
1
1
0.998050000055216
1
0.997043871883125
1
1
1
1
1
1
1
1
1
1
1
1
1
1
0.845883362163016
0.999500228017359
1
1
1
0.990970781881935
1
1
0.999366162157961
1
1
1
0.77186551103985
1
1
1
1
1
1
1
1
1
1
1
0.981862606716826
1
1
1
1
1
1
1
1
1
1
0.650300852150239
1
1
1
1
0.999840949266273
1
1
1
0.994301913818059
1
1
1
1
1
1
1
1
1
1
1
1
1
1
1
0.895947636203054
0.998995587581513
1
1
1
1
0.995795222299208
1
1
1
1
0.996594669292528
1
1
0.999500228017359
1
1
1
1
1
1
0.99026565678584
1
1
1
1
1
1
1
0.997871256272717
1
1
1
1
1
0.991917719119439
0.988593566811412
1
1
1
1
1
1
1
1
1
1
1
1
1
1
1
1
1
0.991828610291046
1
1
1
1
0.995243358230073
1
0.999442740165524
1
1
1
1
1
1
1
1
1
1
1
1
1
1
1
1
1
1
0.98531005941062
1
1
1
0.994674300907624
1
1
1
1
1
1
1
1
1
1
1
1
0.991407324674147
1
1
1
1
1
0.985465217733892
1
1
1
0.997646657845745
1
1
0.939831493222755
1
1
1
1
1
1
0.999000659472237
1
1
0.989422798612968
0.999999999999984
1
1
1
1
0.999999999999999
0.997999333396351
1
1
0.999327591891217
1
0.997202333917825
1
0.995384773814099
1
1
1
1
1
0.997504837775532
1
1
1
1
1
1
1
1
1
0.998606203280633
1
0.999999999999998
1
1
1
1
1
1
1
1
0.995763088761125
0.997099291061831
1
1
1
1
1
1
1
1
1
1
1
1
1
1
0.734562348384422
1
0.802799155786284
1
1
1
1
1
0.998563551505807
1
0.803229714093086
1
0.965676901018809
1
1
1
1
1
1
1
1
0.99703622432596
0.842773814235816
1
0.985465217733892
1
0.859914707226305
1
1
1
0.986046219687471
1
1
1
1
1
1
1
0.989593432318346
1
0.999347315009039
1
1
1
1
1
1
1
1
1
1
1
1
1
1
0.997180965416078
1
1
1
0.999999999999973
1
0.975673511951
1
1
1
1
1
1
1
1
1
1
1
1
1
0.991011736815966
1
1
1
1
1
1
1
1
1
1
1
0.94896515679831
1
1
1
1
0.997264246079435
1
1
1
1
1
1
0.994880184969108
1
0.997264246079435
0.999347315009039
1
1
1
1
0.907030794945963
0.985808852450576
1
1
1
1
1
1
1
1
0.983611483745584
1
1
1
1
1
1
1
1
1
1
1
1
0.998449406426586
0.991276385871542
1
0.996594669292528
1
1
1
1
1
1
1
1
1
0.969332861354574
1
1
1
1
1
1
0.997298903837268
1
0.989593432318346
1
1
0.882515726109734
1
0.997436106839653
1
1
0.998449406426586
0.997406081612783
1
1
1
1
1
1
1
1
1
1
1
0.928473143576378
1
1
1
0.99157717704475
1
1
1
1
1
0.991943054328203
1
1
1
1
1
1
1
1
1
1
1
1
1
1
0.999574622471738
1
1
1
1
0.988834637172284
1
1
0.985465217733892
1
1
1
1
1
1
0.759198984579853
1
0.986017761712628
1
1
1
1
1
0.976456403258041
1
0.999301713340495
1
1
1
1
1
0.994465658011297
1
1
1
0.989005759157728
1
1
0.997406081612783
0.995096621292407
1
0.993238801251198
1
1
0.989593432318346
1
1
1
1
1
1
1
1
0.99703622432596
1
1
1
1
1
1
1
1
1
1
1
1
1
1
1
1
1
1
1
1
1
0.999791412117089
0.965676901018809
0.999442740165524
1
1
1
1
1
1
1
1
0.997232531906645
1
1
0.71041974783951
1
1
1
1
1
1
1
1
1
1
1
1
1
0.984899183599852
1
1
1
1
1
1
1
1
1
1
1
1
1
1
0.947910549442883
1
1
1
1
1
0.882515726109734
1
1
0.975673511951
1
1
1
1
1
1
1
1
1
1
1
1
1
0.991565150824363
0.99918898246335
1
0.959953287038679
0.994241271091665
1
0.99389730607416
1
1
0.987139359140532
1
0.996280861319873
0.915919451521248
0.9888781895057
1
1
1
1
1
1
1
0.999999999999973
1
1
1
1
0.909434665228997
1
1
1
1
1
1
1
1
1
0.999129938388349
1
1
1
1
1
1
1
1
1
1
1
1
1
1
1
1
0.981315978818155
1
1
1
1
1
1
1
1
1
1
1
1
1
1
1
0.989792153552657
1
1
1
1
0.990791070949473
0.98698937226566
1
1
1
1
1
1
0.997264246079435
1
1
1
1
1
1
1
0.999327591891217
1
1
1
1
1
1
0.992955290831686
1
1
1
1
1
1
1
1
1
1
1
0.993408972521362
0.98408744419864
1
0.893840253191482
1
1
1
1
0.993238801251198
1
1
1
1
1
1
1
1
1
0.998563551505807
1
1
1
1
1
1
1
1
1
1
1
1
1
1
1
1
1
1
1
1
1
1
0.966272547104272
1
1
1
1
1
1
1
1
1
1
1
1
1
0.990798873057583
0.99573207799549
0.984542531252437
1
1
0.991076440387275
1
1
1
1
1
0.990508917737256
1
0.878408038147163
1
1
1
1
0.993689680454378
1
1
1
1
1
1
1
1
1
1
1
1
0.995964322956673
1
1
1
1
1
0.987787221693156
0.822245559540515
0.994561850194999
1
1
0.94747272825653
1
1
1
1
1
1
0.999999999999942
1
1
0.757213356812561
1
1
1
1
1
1
1
1
1
1
1
1
1
1
1
1
1
1
0.989485469945422
1
1
1
1
1
1
1
1
1
1
1
0.97293971745073
1
1
0.999336926599355
1
1
1
1
1
1
1
1
1
1
0.936474187659113
1
1
1
1
1
1
1
0.968079953313854
1
1
1
1
1
1
1
0.818968063727762
1
1
1
1
0.996874219259324
1
0.997908697888944
1
1
1
1
1
1
1
1
1
1
1
1
1
1
1
1
1
1
1
1
1
1
1
1
0.985081472853312
1
1
1
1
1
1
1
1
1
1
1
1
1
1
0.985808852450576
1
1
1
1
1
1
1
1
0.999840949266273
0.864789305759187
1
0.989593432318346
1
1
1
1
1
1
1
1
1
1
1
1
1
0.978498368770265
1
0.928473143576378
0.949780273984396
1
1
1
1
0.999366162157961
1
1
1
1
0.992746012643658
1
1
0.997436106839653
1
0.966763580108487
1
1
1
1
1
1
1
1
0.999999999999996
1
1
1
1
1
0.940495018442592
1
1
1
1
1
1
1
1
0.98408744419864
1
1
1
1
1
1
1
1
1
1
1
1
1
1
1
1
0.996594669292528
1
1
1
1
1
1
1
1
1
1
0.688350088702805
1
1
0.941106657739114
1
0.995131453032108
1
1
1
1
1
1
0.995361117599162
1
1
1
1
0.906861680383374
1
1
0.999442740165524
1
1
1
1
1
0.995698917814317
1
1
1
1
0.983617586923766
0.976109229594874
1
1
1
0.985808852450576
1
1
1
0.999327591891217
1
1
1
0.992205988654815
1
0.99699090168925
1
1
0.983233167327515
1
1
0.979303872583394
0.973493187821125
0.975763091577547
0.971337120517777
1
1
1
1
1
1
1
1
1
1
0.986046219687471
1
1
1
1
0.994797506271885
1
1
1
1
1
1
1
1
1
0.99235301538376
1
1
0.993879147146548
1
1
1
1
1
1
1
1
1
0.993500730748829
1
1
1
1
0.983233167327515
1
1
1
1
1
1
1
1
0.962483433617453
1
1
0.990798873057583
1
1
1
1
0.955373846024167
0.994241271091665
1
1
0.9817167638361
1
1
1
0.823939583770835
1
1
1
1
1
1
1
1
1
1
0.993905920827863
1
0.994797506271885
1
1
1
1
1
1
1
1
1
1
1
1
1
1
1
1
1
1
1
1
1
0.98568936309314
1
0.976377370551408
1
0.825525778695104
0.997406081612783
1
0.991350589587447
1
1
1
1
0.923377558681429
1
1
1
1
0.99918898246335
1
0.952115084831447
0.966272547104272
1
1
1
1
1
1
1
1
1
1
0.999000659472237
1
0.978385848405977
1
0.99157717704475
1
1
1
1
1
1
1
1
1
1
1
1
1
1
1
1
1
0.999656135980318
1
0.991341234410532
1
1
1
1
1
1
1
1
1
1
1
0.822173560160462
1
0.997871256272717
1
1
1
0.999656135980318
1
1
1
1
0.997099291061831
1
1
0.999276798187406
1
1
1
1
1
1
1
1
0.998606203280633
1
0.992485186553082
1
1
1
0.995631783532852
1
1
1
1
1
1
1
1
1
1
0.971337120517777
1
1
1
1
1
1
1
1
0.942443447443907
1
0.972247368916716
1
0.991011736815966
1
0.995820841957635
1
1
1
1
1
1
0.996279456932556
0.97448292074301
0.900177671304569
1
0.989412315979319
0.950916394249167
1
1
1
1
1
1
1
1
1
1
1
1
1
1
1
1
1
1
1
0.99918898246335
1
0.999500228017359
1
1
0.996093131408062
1
1
1
1
0.997298903837268
1
1
0.979402283047611
1
1
1
1
1
1
1
1
1
1
1
1
1
1
0.993970339928622
1
1
1
1
1
0.994797506271885
1
1
0.986053751841048
1
0.976671998826284
1
1
1
0.996635164881559
1
1
1
1
1
1
1
1
1
1
1
1
1
1
1
1
0.995099852905191
1
1
1
1
0.992730457820979
0.999366162157961
1
0.968436828479984
1
1
1
0.998289790311492
0.991828610291046
1
1
1
1
1
0.992205988654815
1
0.990433953649783
1
1
1
1
1
1
1
1
1
1
1
1
1
0.998978713415947
1
1
1
1
1
1
1
1
0.986040040299024
1
1
1
1
0.999129938388349
0.999999999999989
1
0.7582859762972
1
0.99157717704475
0.994130609606032
1
1
1
1
1
0.999442740165524
1
1
1
1
1
1
1
1
0.92782366479951
1
1
0.997343794278284
1
1
0.992263387826475
1
1
1
1
0.989011142297909
1
1
1
1
0.994593952173758
1
1
1
1
1
1
0.990682112670893
0.965764307659925
1
0.838319717700367
0.991850505419415
0.996874219259324
1
0.953224839120837
1
1
1
0.992746012643658
0.993011757528402
1
1
1
1
1
1
1
1
1
0.91210948295196
1
1
1
1
1
1
1
1
1
1
0.997298903837268
1
1
1
1
1
1
1
1
1
1
1
1
1
1
1
0.993320712816429
1
1
1
1
1
1
1
1
1
1
1
0.991011736815966
1
1
1
1
1
1
1
1
1
0.996093131408062
1
0.998050000055216
1
1
1
1
1
0.997264246079435
0.930280168807911
0.963911335138637
1
1
1
1
1
1
0.991943054328203
1
1
1
1
1
1
1
1
1
1
1
1
0.980218185675609
1
1
1
1
1
1
0.975105135950004
0.994236664505643
1
1
0.996290698504877
1
1
1
1
1
1
1
1
1
1
1
1
1
1
1
1
0.999347315009039
0.997343794278284
1
1
1
1
1
1
1
1
1
1
1
1
1
1
0.999355525423144
1
1
1
1
1
1
1
1
1
0.997908697888944
1
1
1
1
1
1
1
1
1
0.994241271091665
1
1
1
1
1
1
1
0.997999333396351
1
1
1
1
1
1
1
0.988118873472478
1
1
1
1
1
1
1
0.995763088761125
1
1
1
1
0.990245589172677
0.997406081612783
1
1
1
1
0.999574622471738
1
1
1
1
1
1
1
1
1
1
0.99475213271792
1
1
1
0.997999333396351
1
1
0.995795222299208
1
1
0.997298903837268
0.99243859264049
1
1
1
1
1
1
1
1
1
1
1
1
0.998563551505807
1
0.992380188632226
0.992205988654815
1
1
1
1
1
1
1
1
0.971226541632926
1
1
1
1
1
1
1
1
1
1
1
1
0.930280168807911
1
1
1
1
1
0.976671998826284
1
0.947910549442883
1
1
1
0.992412664031361
1
1
1
1
1
1
1
1
0.995099852905191
0.99026565678584
0.99338493172267
1
1
1
0.996385800657217
1
1
1
1
1
1
1
1
1
1
1
1
0.992783921621264
1
1
0.996093131408062
0.995341240950521
0.998172791343591
1
0.995099852905191
1
1
0.996160280936611
0.98408744419864
0.990508917737256
0.965764307659925
1
0.787928195803989
1
1
1
1
1
1
1
0.98408744419864
1
0.991011736815966
1
1
1
1
1
1
1
1
1
1
1
1
1
1
1
1
0.989120016271528
1
1
1
1
1
1
1
0.977050508303053
1
1
0.862459152129514
0.992783921621264
1
1
1
1
1
1
1
1
0.990791070949473
1
1
1
1
1
1
0.998606203280633
1
1
1
1
1
1
1
1
1
0.98390613553108
1
1
1
1
1
1
1
1
1
1
1
1
1
1
0.995131453032108
0.857540086184468
1
1
1
1
1
1
1
1
1
1
1
1
1
1
0.991191846508275
0.988772222788263
1
1
1
0.991011736815966
0.984078082553254
1
0.954104974488803
1
1
1
1
1
1
1
0.963429426436649
1
1
1
0.98977342438934
1
1
1
1
1
1
1
1
1
1
1
0.761549368370064
1
1
1
1
0.982987410424569
0.99110893791007
1
1
0.992955290831686
1
1
1
1
1
0.894780742344979
1
1
1
0.968122055684763
1
1
0.981366233266438
1
1
0.975582679370294
1
1
1
0.998978025991838
1
1
0.99034544379387
0.995825192901185
1
1
1
1
1
1
1
1
1
0.996093131408062
1
1
1
1
0.991548344824562
0.931661704235674
1
1
1
0.99224274403403
1
1
1
1
1
1
1
1
1
0.947690257859103
0.968804652554422
1
1
1
1
0.997180965416078
1
1
1
1
1
1
0.984542531252437
1
1
1
1
0.991932416188892
0.984285662592026
0.995096621292407
1
1
0.994593952173758
1
1
1
0.649550990029323
1
1
1
1
1
1
1
1
1
1
0.991102999891509
1
1
1
1
0.942161882669624
1
1
0.91210948295196
1
1
1
0.99475213271792
1
1
1
1
1
1
1
1
0.989412315979319
1
1
1
1
1
1
1
1
1
1
1
1
1
1
1
1
1
0.984899183599852
1
1
1
1
1
1
1
1
0.990193980888815
1
1
1
0.998050000055216
0.945547631683789
1
1
1
1
1
0.955716322232651
1
0.991346524214416
1
1
1
0.996279908710485
1
1
1
1
0.984899183599852
1
0.999574622471738
1
0.994880184969108
1
0.997298903837268
1
0.997436106839653
0.866225572635075
1
1
1
0.988682907625305
1
1
1
1
1
1
1
1
1
1
1
1
1
1
1
1
1
1
1
1
1
1
1
1
1
1
1
1
1
1
1
1
1
1
1
1
1
0.985596317731034
1
0.957444437501165
1
0.995818841038677
1
1
1
1
0.999999999999999
1
1
1
1
1
0.881846125999865
1
0.690958975358532
1
1
1
1
1
1
1
1
1
0.992263387826475
0.843580030147151
1
1
1
1
1
1
0.993238801251198
1
1
1
1
1
1
0.989792153552657
1
1
0.997264246079435
1
1
1
1
1
1
1
1
1
0.979303872583394
1
1
1
1
1
0.965025755158608
1
1
1
1
1
1
1
1
0.965676901018809
1
0.995070586099073
0.99925501970569
1
1
1
1
1
0.976109229594874
1
1
1
1
0.990657185097971
1
1
1
1
1
1
1
1
1
1
1
1
1
0.964061875216647
1
1
1
1
1
1
1
1
0.929015746920885
1
1
1
1
1
1
1
1
1
1
1
1
1
1
1
1
0.97386349281608
1
1
1
1
1
0.666400157500078
1
0.975740550495993
0.928473143576378
0.999574622471738
1
0.992380142919424
1
1
1
1
1
0.991917719119439
1
0.985779947269311
1
1
1
1
1
0.993212326785252
0.993689680454378
1
1
1
1
1
1
1
1
1
1
1
1
1
0.991102999891509
1
1
0.980274542158272
1
0.999336926599355
1
1
1
1
1
1
1
1
1
1
1
1
1
1
0.995042623184677
1
1
1
1
1
1
1
1
0.880683568731196
1
1
1
1
1
1
1
1
0.994465658011297
1
1
1
1
0.880683568731196
1
1
1
1
1
0.724793506098536
1
1
1
1
1
0.94896515679831
1
0.99918898246335
1
1
0.975732699968105
1
1
1
1
1
0.990631893483342
1
1
1
1
1
1
1
1
1
1
1
1
1
1
1
1
0.996594669292528
1
1
1
1
1
1
1
1
1
0.987474064375643
1
0.991076440387275
1
1
1
0.999366162157961
1
1
1
1
0.998818950938513
1
1
1
0.968186632550805
1
1
1
0.999656135980318
1
1
1
0.999731226765985
1
1
0.590861598471324
1
1
1
1
1
1
1
0.996594669292528
1
1
1
0.805300115351226
1
1
0.99918898246335
1
1
1
0.993962810527338
1
1
1
0.996460529614911
0.976377370551408
1
0.99918898246335
1
1
0.965490532716499
1
1
1
1
1
1
0.976109229594874
0.968827058118026
0.998818950938513
1
1
1
1
1
1
0.992454191102692
1
0.98698937226566
0.999999999999996
1
1
1
1
0.978498368770265
1
0.993212326785252
1
1
1
0.997999333396351
1
1
0.987787221693156
1
1
1
1
0.989593432318346
1
1
1
1
1
1
1
1
1
1
1
1
0.994465658011297
1
1
1
1
1
1
1
1
0.972247368916716
1
1
0.986394273602793
0.994241271091665
1
1
1
1
1
1
1
1
1
1
1
1
1
1
1
1
1
0.957677581548335
1
1
1
0.983871885018226
1
1
1
1
1
0.991932416188892
1
0.985912008177771
0.953972382478836
1
1
1
1
0.999999999999992
0.794532401612132
1
1
1
1
1
1
0.95674669290818
1
1
0.986127290076109
1
0.995070586099073
1
1
1
1
0.965192525675223
0.998563551505807
1
1
1
0.808472688275672
1
1
1
1
1
1
1
0.999301713340495
1
1
1
0.976899415111557
0.98698937226566
1
1
1
1
1
1
1
1
0.966708628749608
1
0.943260494649185
1
1
1
1
0.99157717704475
1
1
1
1
0.951487188751793
0.991917719119439
1
1
1
1
1
0.939082612691252
1
1
1
1
0.997999333396351
1
1
1
1
0.998563551505807
1
1
1
1
1
1
1
1
1
1
1
1
1
1
1
1
1
1
1
1
0.997666668941947
1
0.97298281752253
1
1
1
1
0.886051537500281
1
1
1
1
1
1
1
1
0.939082612691252
1
1
1
1
1
1
1
1
1
1
1
1
1
0.986394273602793
1
0.851511727643512
0.983749033725353
1
1
1
1
1
1
1
0.98568936309314
1
1
0.999327591891217
1
1
1
1
1
1
1
1
1
1
1
1
1
0.971150756475931
1
1
1
1
1
0.985912393469257
1
1
1
1
1
1
1
1
0.999999999999999
1
1
0.992822327958343
1
1
1
1
0.950103241493697
1
1
1
1
1
1
1
1
1
1
1
0.997666668941947
1
1
1
1
1
1
0.999355525423144
1
1
1
1
1
1
0.97386349281608
1
1
1
1
1
0.976713671516049
1
1
1
1
1
1
0.99773914004186
1
1
1
1
1
1
1
1
1
1
1
1
1
1
1
1
1
1
1
1
1
1
1
0.999339803226304
1
1
1
0.926608069399516
1
0.995070586099073
0.979402283047611
1
1
1
1
1
1
1
0.999404341667389
1
1
1
1
1
1
1
1
1
1
1
1
1
1
1
0.977050508303053
1
1
1
1
0.998818950938513
1
1
1
1
1
1
1
1
1
1
1
1
0.963317826216548
1
1
1
1
0.997202333917825
1
1
1
1
0.999656135980318
1
1
0.97448292074301
1
1
1
1
1
1
1
1
0.816285639155564
1
1
1
1
1
1
1
1
1
1
1
1
1
1
1
1
1
1
0.992380188632226
1
1
0.996280861319873
1
0.934284630058423
1
0.997406081612783
1
1
1
1
1
1
1
1
1
1
1
1
0.963317826216548
0.955224432917658
1
1
1
1
0.998995587581513
1
1
1
1
1
1
1
1
0.845883362163016
1
0.970743197397193
1
1
1
1
1
1
1
0.999574622471738
1
0.991320696824245
1
1
0.991917719119439
1
1
1
1
1
1
1
1
1
0.949780273984396
1
1
1
1
0.977513131981233
1
1
1
1
1
1
0.980274542158272
1
1
0.979104050652915
0.97293971745073
1
1
1
1
1
1
1
0.989011142297909
1
1
1
1
1
1
1
1
1
1
1
1
1
1
1
1
0.990278398182582
1
0.937652630662687
1
1
0.968827058118026
0.9962606753
1
1
0.780364888087126
1
1
0.950179774012181
0.985315388586066
1
1
1
1
1
1
1
1
1
1
1
0.997436106839653
1
0.988855718921001
1
1
1
1
1
1
1
0.965419543174122
0.991828610291046
0.966763580108487
0.860218648785346
0.978415732896021
1
1
1
1
0.997999333396351
1
1
1
1
0.996279456932556
1
1
1
1
1
0.998878155571051
0.995519965292628
1
1
1
1
1
1
1
1
1
1
1
1
1
1
1
1
1
1
1
1
1
0.999589752886038
1
1
1
1
1
1
1
1
1
1
1
1
0.976899415111557
1
1
1
1
0.998289790311492
0.999574622471738
1
1
1
1
1
1
0.992517094095792
1
1
1
1
1
1
1
1
0.992783921621264
1
1
1
0.888058929690396
1
1
1
1
1
1
1
1
1
0.991407324674147
1
1
1
1
1
1
1
1
1
1
1
1
1
1
1
0.999129938388349
1
0.732408598374573
1
1
1
1
1
0.995533692691002
1
1
0.993499739327295
0.996385800657217
1
1
1
1
0.999731226765985
1
1
1
1
0.988523044196987
1
0.981854033467152
1
1
1
1
1
1
1
1
1
0.869838866641858
1
1
1
1
1
1
0.977578147819302
1
1
0.981862606716826
1
1
1
0.991346524214416
1
0.998563551505807
1
1
0.998289790311492
0.987583929011907
1
1
1
1
1
1
1
1
1
0.994373240179026
1
1
1
1
1
1
1
1
1
0.978498368770265
0.969429510619769
1
1
1
0.989036303794309
1
0.954852261816625
0.994405062500659
1
1
1
1
1
1
1
1
0.98408744419864
1
1
0.936812446650971
0.991150482463502
1
1
0.910356486780762
1
1
1
1
1
1
0.864789305759187
1
1
1
1
0.998563551505807
1
1
1
1
1
0.99775339666163
1
1
1
1
1
0.99918898246335
1
1
1
1
1
0.997071638761794
1
1
0.986394273602793
0.96094474481582
0.973898952219012
0.954335494805163
0.994465658011297
1
1
1
1
1
1
1
1
1
0.999366162157961
0.994395348890608
1
1
1
1
0.994938900183402
0.983617586923766
1
0.998221452731026
1
1
1
0.992198945062211
0.995131453032108
1
0.996594669292528
1
1
0.994373240179026
0.980259213977704
1
0.990631893483342
1
1
1
1
1
1
1
1
1
1
1
1
0.992380188632226
1
1
1
1
0.995243358230073
1
1
1
0.986127290076109
1
1
0.991276385871542
0.932321574807487
1
1
1
0.954335494805163
1
1
1
1
0.951091835118861
1
1
1
1
1
1
1
1
1
1
1
0.956208470811677
1
1
1
1
1
1
1
1
1
1
1
1
1
1
1
1
1
0.980576234079381
1
1
0.979402283047611
1
1
1
1
1
0.965490532716499
1
1
1
0.975763091577547
1
1
1
1
1
1
1
1
1
1
1
1
1
1
1
1
0.908481086542481
1
1
1
0.986214576234522
1
0.984263927367604
1
1
0.994465658011297
1
1
1
0.945890438110107
1
1
1
1
1
1
1
0.997264246079435
0.999840949266273
0.98977342438934
1
0.986017761712628
1
1
1
1
0.996093131408062
1
1
1
0.999336926599355
1
0.994465658011297
0.993238801251198
1
1
1
1
0.999574622471738
1
0.992863541466058
1
1
1
0.978498368770265
0.984531169646645
1
1
1
0.991876309235721
1
0.999791412117089
1
1
1
1
1
0.992485186553082
1
1
1
1
1
1
1
1
1
1
1
0.995852830156295
1
1
1
1
1
0.976670545751578
0.998221452731026
1
1
1
1
1
1
1
1
1
0.99699090168925
1
0.698015649614062
1
1
1
1
1
1
1
1
0.981046805840391
1
1
1
0.991876309235721
1
1
1
1
1
1
1
1
1
1
1
1
1
1
1
1
0.991876309235721
1
1
1
1
0.994301913818059
1
0.971150756475931
1
1
0.992205988654815
0.999129938388349
1
1
0.900177671304569
1
1
0.9888781895057
1
1
1
1
1
0.992399346907714
0.999380925180878
0.992323725814729
1
1
1
1
0.992395327651408
0.999840949266273
1
0.920367820456593
0.993212326785252
1
1
1
1
1
1
1
1
1
1
0.99773914004186
1
1
1
1
1
1
1
1
1
1
1
1
1
1
1
0.999380925180878
1
1
1
1
1
1
1
1
0.983233167327515
1
1
1
1
1
1
0.951854276480205
0.99852038258316
1
1
1
1
1
0.999048194236217
1
1
1
1
1
1
0.95187849919206
1
1
1
1
1
1
1
0.992642929913995
1
1
1
1
0.998606203280633
1
0.978658628771367
1
1
1
1
1
1
1
1
1
0.999336926599355
1
1
1
1
1
1
0.987139359140532
1
1
1
1
1
1
1
1
0.998289790311492
1
1
1
1
0.992380188632226
1
1
1
1
0.971337120517777
1
1
1
1
0.990396323669513
1
1
1
1
0.958239433435868
1
1
1
1
1
1
1
0.985395497951708
0.991876309235721
1
0.968079953313854
1
1
1
1
1
0.993238801251198
1
0.998995068221683
1
1
1
1
1
1
0.999999999999992
1
1
1
1
0.971337120517777
1
1
1
1
1
1
0.97386349281608
0.976318884690187
1
1
1
1
1
1
0.96480607655998
1
1
1
1
1
1
1
0.996822573221081
1
1
1
0.999347315009039
1
1
1
1
1
1
1
1
1
1
1
1
1
1
1
1
1
1
1
1
1
0.969332861354574
1
1
1
0.95187849919206
0.963293656462099
0.999999999999983
1
1
1
1
1
0.998563551505807
1
1
1
1
1
1
1
1
1
1
1
1
0.985779947269311
1
1
1
0.997180965416078
1
1
1
1
0.997666668941947
1
1
1
1
1
1
1
1
1
1
0.966168715949831
1
0.988183095801347
1
1
0.999999999999996
1
1
1
1
0.988834637172284
1
0.991361126848799
1
1
0.951762774301359
1
1
1
1
0.993238801251198
1
1
1
1
1
1
1
1
1
1
1
1
1
1
1
1
1
1
1
1
1
1
1
1
1
1
1
1
1
1
1
1
1
1
0.963317826216548
1
0.751140023504982
1
1
0.681905681233921
1
1
1
1
1
0.681924503882449
1
1
1
1
1
1
0.995355681821858
1
1
1
0.951762774301359
1
1
1
0.990508917737256
1
1
0.996936624740639
1
1
1
1
1
0.999656135980318
1
0.975673511951
0.999999999999999
0.932365463484813
1
1
1
1
1
0.61215606060792
1
1
1
1
1
1
1
1
1
1
1
0.99108408893659
1
1
1
1
1
1
1
1
1
1
1
1
1
1
1
1
1
1
1
1
1
1
1
1
1
1
1
1
1
1
1
1
1
1
1
0.996594669292528
1
1
1
1
1
1
1
1
1
1
0.990970781881935
1
1
1
1
1
1
0.934284630058423
1
1
1
1
0.994130609606032
1
1
1
1
1
1
1
1
1
1
0.992205988654815
1
1
1
1
1
1
1
1
1
1
1
1
1
1
1
1
1
1
1
1
1
0.994949548073474
0.994373240179026
1
1
1
1
1
1
1
1
1
1
1
1
1
1
1
1
1
1
1
1
1
1
1
1
1
1
1
1
0.993911604936119
1
1
1
1
1
1
1
1
1
1
1
1
1
1
0.981046805840391
1
1
1
1
1
1
1
0.956208470811677
1
1
1
1
1
1
1
1
1
1
1
1
0.976670545751578
0.998172791343591
1
0.990508917737256
1
1
0.971337120517777
1
1
1
1
1
1
1
1
1
1
1
1
1
0.963317826216548
1
1
1
1
1
1
1
1
1
1
1
1
1
1
0.993163941470885
1
1
0.985153713583083
0.986214576234522
1
1
1
1
1
1
0.963293656462099
1
1
0.991932416188892
1
1
0.999366162157961
0.996279908710485
1
1
1
1
1
1
1
1
1
1
1
1
1
1
1
1
1
1
1
1
1
0.988834637172284
0.997436106839653
1
1
1
1
0.990840410736095
1
1
1
1
1
1
0.99703622432596
1
1
0.95674669290818
0.979104050652915
1
1
1
1
1
0.864789305759187
1
0.999327591891217
1
1
1
1
0.991932416188892
1
1
1
0.999731226765985
0.986207760363022
1
1
1
1
1
1
1
0.994301913818059
1
0.992380188632226
1
1
0.999731226765985
0.910750240377245
0.997666668941947
1
1
1
1
1
0.991876309235721
1
0.992642929913995
1
1
1
0.999656135980318
1
0.881019804318225
1
1
1
1
1
1
0.999048194236217
0.99157717704475
0.993011757528402
1
1
1
1
1
1
1
1
1
1
0.993238801251198
1
1
1
0.936620898490904
1
1
1
1
1
1
1
1
1
1
1
1
0.97293971745073
1
1
1
1
1
0.954335494805163
1
1
1
1
1
1
1
1
1
1
0.996180486269247
1
0.982987410424569
1
1
0.998985818022948
1
1
1
1
1
1
1
1
1
1
1
1
1
1
1
1
1
1
1
1
1
1
1
1
1
1
1
1
1
1
1
1
1
0.923377558681429
0.90748401778334
1
1
1
1
1
1
1
0.999040428849776
1
1
1
1
1
1
1
0.997071638761794
1
1
1
1
1
1
0.993238801251198
1
1
1
1
1
1
1
1
1
0.97325306895052
1
1
1
1
1
1
1
0.900121753828412
0.994236664505643
1
1
1
1
1
1
1
1
1
1
1
1
0.997504837775532
1
1
1
1
1
1
1
1
1
0.990433953649783
0.990682112670893
1
1
0.851511727643512
1
1
1
0.894637271776589
1
1
0.933284859583165
1
1
1
1
1
1
1
1
1
1
0.999731226765985
1
1
1
1
1
0.998289790311492
1
1
1
1
1
1
1
1
1
1
1
1
1
1
1
1
1
1
1
1
1
1
1
1
1
1
1
1
1
1
1
1
1
0.952110565747665
1
1
1
1
1
1
1
0.850462847273173
1
1
1
1
1
1
1
1
1
1
1
0.995155407987214
1
1
1
1
1
1
1
0.987474064375643
1
1
1
1
1
1
1
1
1
1
1
1
1
0.996460529614911
1
1
0.991341234410532
1
1
0.973077752380833
1
1
1
1
1
1
1
1
1
1
1
1
1
1
1
1
0.994301913818059
1
1
1
1
1
1
1
1
1
1
1
1
1
1
1
1
1
1
1
1
1
1
1
1
1
1
1
0.881007088229682
1
1
1
1
1
1
1
0.993970339928622
1
1
1
0.995243358230073
0.992399346907714
0.996460529614911
0.999999999999994
1
1
1
1
1
1
0.989005759157728
1
1
1
1
1
1
0.99573207799549
1
1
1
1
1
1
1
0.947910549442883
1
1
1
0.999336926599355
1
1
0.903014537088506
1
0.99418375439242
1
1
0.996280861319873
1
1
1
1
1
1
1
1
1
1
1
0.994797506271885
1
1
0.982553387332732
0.991198430414803
1
0.992863541466058
1
1
1
1
1
0.99201614193997
1
1
0.995042623184677
1
1
1
1
0.995384773814099
1
1
1
1
1
1
0.87941040684585
0.943469615299953
1
0.950954857720099
1
1
1
1
1
1
0.980195280363789
1
1
0.997436106839653
1
1
1
1
1
1
1
1
1
1
1
1
1
0.991298542154484
1
0.996594669292528
1
1
1
1
1
1
1
1
1
1
1
1
0.992955290831686
0.99235301538376
1
1
1
1
1
1
1
0.976377370551408
1
1
0.991917719119439
1
0.996874219259324
1
1
0.950916394249167
1
0.99418375439242
1
0.894984591167653
1
1
1
0.798121971362673
1
1
1
1
1
1
0.954335494805163
1
1
1
1
1
1
1
1
1
1
1
1
1
1
1
1
1
1
0.990791070949473
1
1
1
1
1
1
1
1
1
1
1
1
1
1
1
1
1
1
0.997504837775532
1
1
1
1
1
1
1
0.997436106839653
1
1
1
1
1
1
1
1
1
1
0.995131453032108
1
1
1
1
1
1
1
1
0.995519965292628
1
1
1
0.954801056020125
1
0.995533692691002
1
1
0.981366233266438
1
0.997646657845745
0.907030794945963
1
1
1
0.991828610291046
1
1
1
1
1
1
1
1
1
0.999339803226304
1
0.975732699968105
0.975222607244328
1
1
1
0.971150756475931
1
1
0.993500730748829
1
0.999999999999999
1
1
1
1
1
1
1
1
1
1
1
1
1
1
1
1
1
1
1
1
1
1
1
1
1
1
1
1
1
1
1
1
1
1
1
0.997666668941947
0.99110893791007
1
1
1
1
0.999999999999994
1
1
1
1
0.884296381064148
1
1
0.77147853012502
1
1
1
1
0.922142594549805
0.999006682506636
1
1
0.999731226765985
1
1
0.989792153552657
1
1
1
1
1
1
1
1
0.995997324337052
1
1
0.996822573221081
1
1
0.981573404822228
0.996279908710485
1
1
1
1
1
1
1
0.991407324674147
1
1
1
0.992746012643658
1
1
1
0.976671998826284
0.971150756475931
1
1
1
1
1
1
1
1
1
1
1
1
0.908422404360259
1
1
1
0.999609564546103
1
1
1
1
1
1
1
0.999380925180878
1
1
0.999351894619195
1
1
0.96428523879206
1
0.999339803226304
1
1
1
1
1
1
0.999339803226304
1
1
1
1
0.996385800657217
1
1
1
0.994593952173758
1
1
1
1
1
1
1
1
0.98670277077981
1
1
1
1
1
0.851511727643512
0.999355525423144
1
1
0.998993106192485
1
1
0.981862606716826
1
1
1
1
1
1
1
1
1
1
0.994561850194999
1
1
0.976671998826284
1
1
1
1
1
0.995070586099073
1
1
0.998449406426586
1
1
1
1
1
1
1
0.986547190687588
1
1
1
1
1
1
0.983054967384383
1
1
1
1
1
1
1
1
0.997999333396351
1
1
1
1
1
1
1
0.999404341667389
1
1
1
1
1
1
0.996874219259324
1
0.998818950938513
0.991191846508275
1
1
1
1
1
1
1
1
1
1
1
0.947066902690864
1
1
0.984899183599852
1
1
1
1
1
0.997908697888944
0.994301913818059
1
1
0.997666668941947
1
1
1
1
1
1
1
1
1
1
0.967500113066741
1
1
1
1
1
1
1
0.999791412117089
1
1
1
1
1
0.985798867912928
1
1
1
0.993926726195038
0.981366233266438
1
1
0.99475213271792
0.934152954613427
1
1
1
1
1
1
1
1
1
1
1
1
0.990791070949473
0.866225572635075
0.987474064375643
1
1
1
1
1
1
1
1
1
1
1
1
1
0.997180965416078
1
1
1
1
0.989807549755219
1
1
1
1
1
1
1
1
1
0.98787545245418
1
0.995495980745685
1
0.994395348890608
1
1
1
1
1
0.76446192687002
1
1
1
1
1
1
1
0.932374922247897
1
1
1
1
1
1
1
0.99852038258316
1
1
1
1
1
1
1
1
1
1
1
0.548742816737199
1
0.947690257859103
0.994958020236999
1
1
1
1
1
1
1
1
1
1
0.993320712816429
1
1
1
1
1
1
0.986017761712628
1
1
1
1
1
1
1
1
0.848236253701831
1
1
1
1
1
1
1
1
1
1
1
1
1
1
1
1
1
1
1
1
1
1
1
1
1
1
1
1
1
1
1
1
1
1
1
1
1
1
0.99418375439242
0.992205988654815
1
1
1
0.985076667203828
1
1
1
0.996822573221081
1
0.956670997313
1
1
1
1
0.96927685650581
1
1
1
1
1
1
0.997406081612783
1
1
1
0.998995068221683
0.986547190687588
1
1
1
1
0.996901063697984
1
1
1
1
1
1
1
1
0.998563551505807
1
1
1
0.997298903837268
1
1
1
1
1
1
1
0.951762774301359
1
1
1
1
0.988834637172284
1
1
1
1
1
1
1
1
1
1
1
1
1
0.952953363173426
1
1
0.932374922247897
1
1
1
1
0.975673511951
1
1
1
1
1
1
0.996385800657217
1
1
1
1
1
1
1
1
1
1
0.964089807769811
1
1
1
1
1
1
1
0.994563900561029
1
1
1
0.993879147146548
1
1
1
1
1
1
1
1
1
0.862459152129514
1
1
1
1
1
1
1
1
1
1
1
1
1
1
0.999006212073305
1
1
1
0.992287130436418
0.985081472853312
1
1
1
1
1
1
0.985465217733892
1
1
1
0.982987410424569
0.990278398182582
1
0.992822327958343
1
0.994949548073474
0.989496276435288
1
1
1
1
1
1
1
1
1
1
1
1
1
1
1
1
0.991548344824562
1
1
1
1
1
1
1
1
1
1
1
1
1
1
1
1
1
1
0.999442740165524
1
0.991917719119439
1
0.998563551505807
1
1
1
1
1
1
1
1
1
1
1
0.999442740165524
1
0.995096621292407
1
1
1
1
1
1
1
1
0.998878155571051
1
1
0.986394273602793
1
0.979303872583394
1
1
0.994130609606032
1
0.993408972521362
1
1
1
1
1
1
1
0.990682112670893
1
1
1
1
1
1
1
1
0.999442740165524
1
0.90748401778334
1
1
1
0.993212326785252
0.999347315009039
0.994301913818059
1
1
1
1
1
1
1
1
1
0.989878874567118
1
1
1
1
1
1
1
1
1
1
1
0.992268711783661
1
1
1
1
1
1
1
1
1
1
0.988597891101906
1
1
1
1
0.997028280074376
1
1
0.993499739327295
0.990193980888815
0.999339803226304
1
1
1
1
0.987474064375643
1
1
1
1
1
0.992380188632226
1
1
1
1
1
0.951091835118861
1
0.998449406426586
1
1
0.991917719119439
0.999404341667389
1
1
1
1
1
1
1
1
1
1
1
0.984263927367604
1
1
1
1
1
0.984899183599852
1
1
0.991407324674147
0.608439809252861
0.99775339666163
1
1
0.999656135980318
1
1
1
1
0.984542531252437
1
0.991975476865292
1
1
1
1
1
0.952953363173426
1
1
1
1
1
1
0.994236664505643
1
1
1
1
1
1
1
1
1
1
1
1
1
1
1
1
1
1
0.997264246079435
1
1
1
0.975906982853307
1
0.921190437596416
1
1
1
0.995795222299208
0.984899183599852
1
0.778768841405751
1
1
1
1
1
1
1
1
1
1
1
1
1
1
0.991709438705678
1
1
1
0.988593566811412
1
1
1
1
1
1
1
0.975143164525965
1
1
1
1
1
1
0.989792153552657
1
0.999442740165524
1
1
1
1
1
0.746319237709758
1
0.96094474481582
0.991341234410532
1
1
1
0.936474187659113
1
1
1
1
1
0.991975476865292
1
1
1
1
1
1
1
0.966284422251239
1
1
1
1
0.995384773814099
1
1
1
1
1
1
1
1
1
1
1
1
0.998985818022948
1
1
1
1
1
1
1
1
0.985808852450576
0.995384773814099
0.992577837811346
1
1
1
1
1
1
1
1
0.98977342438934
1
1
1
1
0.997343794278284
1
1
1
1
1
1
1
1
1
1
1
1
1
1
1
1
0.981862606716826
1
0.995698917814317
1
0.914431698464395
1
1
1
1
1
1
1
1
1
1
1
1
1
1
1
1
1
1
1
1
1
1
1
1
1
1
1
1
1
0.993499739327295
0.991932416188892
0.842416355522054
1
1
0.994958020236999
1
1
1
1
1
1
1
1
1
1
1
1
0.983233167327515
1
1
1
1
1
0.99852038258316
0.992287130436418
1
1
1
1
0.996362725069481
0.992481547758701
0.959651216984004
1
0.986868115086892
1
1
0.999999999999996
1
1
1
0.994949548073474
0.941106657739114
1
1
0.992822327958343
1
1
1
1
1
1
1
0.900121753828412
0.991102999891509
1
1
1
1
1
1
1
0.98977342438934
1
1
1
1
1
1
1
1
1
1
1
1
1
1
1
1
1
1
0.993212326785252
1
1
1
0.985548971307269
1
1
1
1
1
1
1
1
1
1
1
0.985402734514253
1
0.999355525423144
1
1
1
0.987775936477312
1
1
1
1
1
1
1
1
1
1
1
1
1
1
1
1
1
1
1
1
0.771769650340789
1
1
1
0.995533692691002
1
1
1
1
1
1
0.998978025991838
1
1
0.98783807175919
1
1
1
1
1
1
1
1
1
1
1
0.999006212073305
1
1
1
0.956208470811677
1
0.984078082553254
1
0.971150756475931
1
0.998563551505807
1
0.990657185097971
1
1
1
1
1
1
0.999366162157961
1
1
1
1
1
1
1
1
1
1
1
1
1
1
1
1
1
1
1
1
0.865352007950683
1
1
1
0.991407324674147
1
1
1
1
1
0.954801056020125
0.999339803226304
1
1
1
1
1
1
1
1
1
1
0.992380188632226
1
1
1
1
1
1
1
0.999840949266273
1
1
1
1
0.994593952173758
1
1
0.951762774301359
1
1
1
1
0.993011757528402
1
1
1
0.864789305759187
1
1
1
1
1
1
0.932374922247897
1
1
1
1
1
1
1
1
1
1
1
1
1
1
1
1
1
1
1
1
1
1
1
1
1
1
1
1
1
0.999366162157961
1
1
1
1
1
1
1
1
1
1
1
1
1
1
1
1
1
1
1
1
1
1
0.990791070949473
1
1
1
0.992955290831686
0.979198662956909
1
1
1
0.984285662592026
1
1
1
1
0.998221452731026
1
1
1
1
1
0.992412664031361
1
1
1
1
1
1
0.991548344824562
1
1
1
1
1
1
1
1
0.991350589587447
1
1
0.994593952173758
1
1
1
1
1
0.971337120517777
1
1
1
1
1
1
1
1
1
1
1
1
1
0.999129938388349
1
1
1
1
1
1
1
1
1
1
1
1
1
0.9756295390438
0.992287130436418
1
1
1
0.995042623184677
1
1
0.941220792728204
1
1
1
0.980576234079381
1
1
1
1
1
1
0.840320808256722
1
1
1
1
1
0.99243859264049
0.985465217733892
1
1
1
0.987139359140532
1
1
1
0.998050000055216
1
1
1
1
1
1
1
1
1
1
1
1
1
0.737148104173423
1
1
1
1
1
1
1
1
1
1
0.99610140559151
1
1
1
1
1
1
1
1
0.992863541466058
1
1
1
1
1
1
0.999048194236217
1
1
0.999366162157961
0.997071638761794
1
1
1
1
1
1
1
1
1
1
1
1
1
0.993926726195038
1
1
1
0.990699362165604
0.996279908710485
0.995997324337052
1
1
0.991198430414803
1
1
1
1
0.993499739327295
1
0.987775936477312
1
1
1
1
1
0.999129938388349
1
0.950916394249167
1
1
0.834718531977608
1
1
1
1
0.991828610291046
1
1
1
1
0.965192525675223
0.997343794278284
1
0.976377370551408
1
1
1
1
1
1
1
0.999656135980318
1
1
1
1
1
0.970035355258151
1
1
0.98390613553108
1
0.994258334865885
1
1
1
1
1
1
1
1
1
1
1
1
0.998818950938513
1
1
1
1
1
0.995773645799778
1
0.991407324674147
1
1
1
0.971337120517777
1
0.997666668941947
1
1
1
1
0.994563900561029
1
1
1
1
1
1
1
0.998221452731026
1
1
1
1
1
1
1
1
1
1
1
0.869838866641858
0.999129938388349
1
1
1
1
1
1
1
0.955716322232651
1
1
1
1
1
1
1
0.999000659472237
1
1
1
1
1
1
0.997406081612783
1
1
0.964089807769811
1
1
0.998563551505807
1
1
1
0.998818950938513
0.986017761712628
1
1
1
1
1
1
1
0.998818950938513
1
1
1
1
0.987226345652793
1
1
1
1
1
1
1
1
1
1
1
1
1
0.988884137081479
1
1
1
1
1
1
1
1
1
1
1
1
1
0.998985818022948
1
1
1
0.999404341667389
0.99108408893659
1
0.982987410424569
0.966665555935673
1
0.979790979596668
0.983233167327515
1
1
1
1
1
1
1
1
1
1
1
1
1
1
1
1
1
1
1
1
1
0.987625740567414
1
1
1
1
1
1
0.98977342438934
1
1
1
1
0.91210948295196
1
0.956438642583331
1
0.779617983986345
1
0.995795222299208
1
1
1
1
1
1
1
1
0.992928176171377
1
1
0.994395348890608
1
1
1
0.976444388617216
1
1
1
1
1
1
1
1
1
1
1
1
1
1
1
1
1
1
1
1
1
1
1
1
1
1
1
1
1
1
0.990798873057583
0.968098375744672
1
1
1
1
0.798351038934288
1
0.997436106839653
1
1
1
1
1
0.985912393469257
1
1
1
1
1
1
1
1
1
1
1
1
1
1
1
1
1
1
1
1
0.987787221693156
1
1
1
1
1
1
1
1
1
1
1
0.980376076946076
1
1
1
1
1
1
1
1
1
1
1
1
0.996874219259324
1
1
1
1
1
1
1
1
1
1
1
0.981366233266438
1
1
1
1
0.987139359140532
1
1
1
1
1
1
1
1
1
1
1
1
0.988690789074052
1
1
1
1
1
1
1
1
0.991346524214416
0.937241915866649
1
1
1
1
1
1
1
1
0.90748401778334
0.997232531906645
1
1
1
1
1
1
1
1
1
1
1
1
1
1
0.955716322232651
0.996093131408062
1
1
1
1
1
1
1
1
0.907030794945963
1
1
1
1
1
1
1
1
1
1
0.993588661327677
0.991298542154484
1
1
1
1
1
0.997232531906645
1
1
1
1
1
1
1
1
1
1
1
0.993238801251198
1
1
1
1
1
0.997343794278284
0.87941040684585
1
1
1
0.998172791343591
1
0.999380925180878
1
1
1
1
0.997908697888944
1
0.865110832799555
0.992263387826475
1
1
1
1
0.914628694666275
1
1
1
1
1
0.995771436237649
1
1
1
1
1
1
1
1
1
1
1
1
1
0.996279456932556
1
1
1
1
1
1
0.740697597208147
1
1
1
0.979402283047611
1
0.941106657739114
1
1
0.651237502218935
1
1
1
0.997343794278284
0.805300115351226
1
1
1
0.698468823800261
1
1
1
0.915919451521248
1
1
0.991828610291046
1
1
1
1
1
1
0.995997324337052
1
1
1
1
1
0.997999333396351
1
1
1
1
1
1
1
1
1
1
1
1
1
1
1
1
1
1
0.99570184348197
1
1
1
1
1
1
1
1
1
0.993879147146548
1
0.996822573221081
1
1
1
1
1
0.999380925180878
0.989137564128777
1
1
0.996093131408062
1
1
1
1
1
1
1
1
1
1
1
1
1
0.996874219259324
1
1
1
1
1
1
1
1
1
1
1
0.975239017413341
1
1
1
1
1
1
1
0.995631783532852
0.95105980264018
1
1
1
1
1
1
1
1
1
1
1
1
1
1
1
1
1
1
0.995384773814099
1
1
0.975408638284335
0.991011736815966
1
1
1
0.999347315009039
1
1
1
0.985912008177771
1
1
1
1
1
0.993499739327295
1
0.995818841038677
1
1
1
0.991828610291046
0.99703622432596
1
1
1
1
0.989485469945422
1
1
1
1
1
1
1
0.986127290076109
1
1
1
1
1
1
1
1
1
0.990791070949473
1
1
1
0.963317826216548
0.993212326785252
1
0.999040428849776
0.975732699968105
1
1
1
1
1
0.991709438705678
1
1
1
1
1
1
0.955224432917658
1
1
1
1
1
1
0.999404341667389
1
1
1
1
1
1
0.945547631683789
1
1
0.985315388586066
0.998050000055216
1
1
0.992268711783661
1
1
1
1
1
0.994130609606032
0.99918898246335
1
1
1
1
1
1
1
1
0.971226541632926
1
1
1
1
1
1
1
0.997666668941947
0.989358424280995
1
1
1
1
1
1
0.997908697888944
1
1
1
0.897861858823942
1
1
1
1
1
1
1
1
1
1
1
0.994958020236999
1
1
0.994236664505643
1
1
1
0.91046965310593
0.965559475068683
1
1
1
1
1
0.99117031165049
1
1
1
1
1
0.986045345037542
0.999999999999999
1
0.958239433435868
1
1
1
0.970035355258151
1
1
1
1
0.999840949266273
0.987787221693156
1
0.99699090168925
1
1
0.995355681821858
1
1
1
1
1
0.979198662956909
1
1
1
1
1
1
1
1
1
0.983212416804857
1
1
1
1
0.991407324674147
1
1
1
1
1
1
1
1
1
1
1
1
1
1
1
1
1
1
1
1
1
0.997504837775532
1
1
1
1
0.90748401778334
1
1
1
1
1
1
1
1
1
1
1
1
0.999442740165524
1
1
1
1
0.995070586099073
0.9962606753
1
1
1
1
1
1
1
1
1
1
1
1
1
0.999336926599355
1
1
1
1
0.975222607244328
1
1
1
1
1
1
1
1
1
0.986868115086892
1
1
1
1
1
1
1
1
0.990278398182582
1
0.87941040684585
1
1
0.98568936309314
1
1
1
1
0.985912008177771
1
0.918584251939616
1
1
1
1
1
1
0.976109229594874
0.945547631683789
1
1
1
0.939082612691252
1
0.986207760363022
1
1
1
1
1
1
1
0.988593566811412
1
1
1
1
1
0.966284422251239
1
1
1
1
0.999656135980318
0.976456403258041
1
0.999999999999989
1
1
0.999574622471738
1
1
1
1
1
1
1
1
1
0.979402283047611
1
0.967500113066741
1
1
1
0.991828610291046
1
1
1
1
1
1
1
1
0.975673511951
0.986127290076109
1
1
0.999999999999999
0.994301913818059
1
1
0.993926726195038
1
1
1
1
1
1
1
0.999276798187406
1
0.999355525423144
1
1
1
1
0.996874219259324
1
0.989593432318346
0.995355681821858
1
1
1
0.983611483745584
0.991361126848799
1
1
0.893840253191482
1
1
1
1
1
1
1
1
0.749452804842755
1
1
1
1
0.991828610291046
0.995771436237649
1
1
1
1
1
0.987775936477312
1
1
1
1
1
1
1
1
1
1
1
1
1
0.995099852905191
1
1
1
1
1
0.990657185097971
0.986394273602793
1
1
1
1
1
0.990682112670893
1
1
1
1
1
1
1
1
0.910147727558404
1
1
1
1
1
1
1
1
1
1
0.990278398182582
1
1
1
1
1
1
1
1
0.985084402740489
1
1
1
0.999404341667389
1
1
0.974750859707792
1
1
1
1
1
1
1
1
1
0.954916835367982
1
1
1
1
1
1
0.994241271091665
1
1
0.944335085082525
0.987474064375643
1
1
1
1
0.992955290831686
1
1
1
0.93269865930775
1
1
1
1
0.994373240179026
1
1
0.985458918642138
1
1
1
1
0.96094474481582
1
1
1
1
1
1
0.883555344889428
1
0.989611029903553
1
0.742214872023587
1
1
1
1
1
1
1
1
1
0.995042623184677
1
1
1
1
1
1
1
1
1
1
0.999999999999999
1
1
0.992395327651408
1
1
0.999999999999998
0.996874219259324
1
1
1
1
1
1
1
1
1
1
1
1
1
1
0.977050508303053
1
1
1
1
1
1
0.988942207843866
1
1
1
1
0.909643143121283
1
1
1
1
1
1
1
1
1
1
0.91210948295196
0.989496276435288
1
1
1
0.977578147819302
0.998050000055216
0.925356590136907
1
1
1
1
1
1
0.963514029385517
1
1
1
0.958239433435868
1
1
1
1
1
1
1
1
1
1
1
1
0.995825192901185
1
1
0.993911604936119
1
0.973493187821125
0.987625740567414
1
1
1
1
1
1
0.994373240179026
1
0.97448292074301
1
1
1
1
1
1
1
1
1
1
0.999336926599355
1
0.992642929913995
1
0.991828610291046
0.991828610291046
1
1
1
0.990193980888815
1
0.991975476865292
1
1
1
0.925094276955001
1
0.992287130436418
1
1
1
1
0.993499739327295
1
1
1
1
1
1
1
1
1
0.993238801251198
1
0.999656135980318
1
1
1
1
1
0.979790979596668
1
1
0.871153940085935
1
1
1
1
1
1
1
1
1
1
1
1
1
1
1
0.945890438110107
1
0.996160280936611
0.99418375439242
1
1
0.997646657845745
1
1
1
1
1
1
1
0.988942207843866
1
1
1
0.999442740165524
0.995099852905191
1
1
1
1
1
1
1
1
1
0.997099291061831
1
1
1
0.997099291061831
0.977513131981233
1
1
0.993238801251198
0.999000659472237
1
1
1
1
1
1
1
1
1
1
0.995795222299208
0.98408744419864
1
1
1
1
1
1
1
0.932365463484813
0.955629940884448
1
1
1
1
1
1
0.99918898246335
0.986017761712628
1
1
1
1
1
1
1
1
1
1
1
0.975582679370294
1
0.995099852905191
1
1
1
1
1
1
1
1
0.851511727643512
1
1
1
1
1
0.895947636203054
1
1
1
1
0.994563900561029
0.991341234410532
1
1
0.999336926599355
1
1
1
1
1
1
1
1
1
1
1
1
1
0.996822573221081
1
1
1
1
1
0.996180486269247
1
1
1
0.845883362163016
1
1
1
1
1
1
1
1
1
1
1
1
1
1
1
1
1
1
1
0.995131453032108
0.991876309235721
1
1
1
1
1
1
1
1
1
0.98390613553108
0.976109229594874
1
1
1
1
1
1
1
1
1
1
0.999336926599355
1
1
0.997646657845745
0.941220792728204
1
1
1
1
0.994241271091665
1
1
1
1
1
1
1
1
1
1
1
1
1
1
0.945547631683789
1
0.999366162157961
1
1
1
1
1
1
1
1
1
1
0.957463959085488
1
1
1
1
1
1
1
1
1
1
1
1
1
1
0.992783921621264
1
1
1
1
1
0.894780742344979
1
1
1
1
1
1
1
1
1
1
1
1
1
1
1
0.990657185097971
1
1
1
0.9962606753
1
1
1
1
1
0.999442740165524
1
1
1
1
1
1
1
1
1
1
1
0.992481547758701
0.999355525423144
1
1
1
1
1
1
1
1
1
1
1
1
1
1
1
0.98705996169207
1
1
1
1
1
1
1
1
1
1
1
0.997043871883125
0.882463409069577
1
1
1
1
1
1
1
1
1
0.993926726195038
1
1
1
0.971062865188587
1
1
1
1
1
1
1
1
0.991565150824363
1
0.988118873472478
1
1
1
1
1
1
1
1
1
1
0.995131453032108
1
0.761549368370064
1
1
1
1
1
1
0.996822573221081
1
1
1
0.959953287038679
1
1
0.98390613553108
1
1
1
1
1
1
1
1
0.994395348890608
0.957463959085488
0.991276385871542
1
1
0.992485186553082
1
1
0.985231978576908
1
1
1
1
1
1
0.999366162157961
1
1
1
0.992454191102692
1
1
0.999366162157961
1
1
1
1
1
1
0.981573404822228
1
1
0.994130609606032
1
1
1
0.995042623184677
1
1
1
1
1
0.991102999891509
1
0.909922728994174
1
1
1
1
1
1
1
0.991298542154484
1
0.964089807769811
1
1
1
1
1
1
1
0.99418375439242
1
0.988183095801347
1
1
1
0.999999999999994
0.91210948295196
1
1
1
1
1
0.976258295600917
1
1
1
1
1
1
0.986214576234522
1
1
1
0.909643143121283
1
1
1
1
1
1
1
1
0.988690789074052
1
1
0.992412664031361
1
0.999840949266273
1
1
1
0.993320712816429
0.986040040299024
1
1
1
1
1
0.9817167638361
1
1
1
1
1
1
0.98822625780336
1
1
1
1
0.977315974173276
1
1
0.895573981156996
1
0.992955290831686
1
1
1
1
1
0.99755916039693
1
1
1
1
1
1
1
1
1
1
1
1
1
1
1
1
1
0.947690257859103
1
1
1
1
1
1
1
1
1
1
0.74351590385945
1
0.98783807175919
0.992380188632226
1
1
1
0.987625740567414
1
1
1
1
0.975732699968105
0.73934874548201
0.888058929690396
0.96094474481582
1
1
1
0.99775339666163
1
0.967774448080298
0.998606203280633
0.954125121946926
0.99235301538376
0.980488591901245
1
1
0.99201614193997
1
0.990213119707165
1
1
1
0.984899183599852
0.997071638761794
1
1
