x
0.999300947813319
1
1
0.990721139115083
1
1
1
1
1
1
1
1
1
0.991579605477151
1
1
0.990075635883186
1
0.971348484094841
1
1
1
1
1
1
1
0.88660544184198
1
1
1
0.984130026141789
0.93887582869127
0.984476940809602
1
0.957347269218276
0.941626928355369
1
0.989000592351252
1
0.972313346490448
0.910893815424829
0.874076984846521
1
1
1
1
1
0.57238564464881
1
1
1
1
1
1
1
1
0.98279868217139
0.974354978035185
1
1
1
0.987919044800331
1
0.964114806302556
1
1
1
0.947252810085046
1
1
1
1
1
0.97985401735961
1
1
1
1
1
0.941869910473276
1
1
1
0.894547453927385
1
1
1
1
1
1
1
1
1
1
0.999149362177607
1
0.994869127049606
1
1
1
1
0.992279274628656
1
1
1
1
1
1
1
1
1
0.999015092712121
1
1
1
1
1
1
0.978509571856304
1
0.999986655351888
1
1
0.988248274820478
1
1
1
0.963608674820402
1
0.946154706825092
1
1
1
1
1
1
0.88660544184198
0.995552298819299
1
1
1
1
1
0.990721139115083
0.88028569335555
1
1
1
1
0.992279274628656
1
1
1
1
1
0.995842049718269
1
1
1
1
1
1
1
1
1
1
1
0.952472632853626
1
1
1
0.999934570260104
1
1
1
0.960365137718252
1
1
1
1
1
1
0.983227442888769
1
1
1
1
0.999999068708929
1
1
1
0.986849160650753
1
0.981436598530029
0.95015582169663
1
1
1
1
1
0.945394564336105
1
0.993211681446119
1
1
1
0.995441450116259
0.990721139115083
1
1
1
1
1
1
1
1
1
0.948074754559086
1
1
1
1
1
1
1
1
0.991016982680448
1
1
1
0.985995786436109
0.991798754454054
1
0.958995012441417
1
1
0.952544678205149
1
1
1
1
1
1
1
1
1
0.900327291118872
1
1
1
1
1
1
0.962985538340314
1
1
1
1
1
1
0.766771864889045
1
1
1
1
1
0.96499916171619
1
1
1
1
1
1
1
0.901895888392669
1
1
0.995069594562031
1
1
1
0.997958927518844
1
1
1
1
0.974354978035185
1
1
1
0.986849160650753
1
1
0.991714753076939
1
1
1
0.961548679182678
1
1
1
1
0.840511689206944
1
1
0.992970207093478
1
1
1
1
1
1
1
1
1
1
1
1
1
0.994400062291445
1
0.987919044800331
0.951595483298122
1
1
1
0.994869127049606
1
0.986030644298376
1
1
1
1
1
1
1
1
1
1
1
0.998553827267654
1
1
1
1
1
0.97839025552496
1
1
1
0.924554661547148
1
1
1
0.985858253432549
1
1
1
1
1
1
1
1
1
1
0.999995491921533
0.933769433821845
1
0.929823012952113
1
1
1
0.93766166681393
0.978408529974126
1
1
1
1
1
1
1
0.874137814602569
0.957347269218276
1
1
1
1
1
1
1
1
0.959061095186841
1
1
1
1
1
1
1
0.986305550210777
1
1
0.97886469119652
1
1
1
0.567796627846427
1
1
0.905886510749015
1
1
0.999886259109758
1
1
1
0.742428754662837
1
1
1
1
1
1
1
1
1
1
1
0.894995557269855
1
1
1
0.993622993509066
1
1
1
0.95488124408877
1
0.970161437357247
1
0.999953055853948
1
1
1
1
1
1
1
1
1
0.940423616818516
1
1
0.987919044800331
1
1
1
1
0.999999068708929
1
1
1
1
1
0.917699777785736
1
0.878918926270348
1
1
1
1
1
1
1
0.981486106566763
1
1
0.993805178105988
1
1
1
1
1
0.9995860520735
1
1
1
1
0.962663161252422
1
0.924312556053292
1
1
1
1
0.975168982263653
1
1
1
1
0.987876212842386
0.999992774972848
0.979056830474051
1
1
1
0.989180893055047
1
0.905345520791862
1
1
1
1
1
0.85373124451988
1
1
1
1
1
0.999359230322545
1
1
1
1
1
0.958218003154177
1
1
1
1
1
1
1
1
0.999236467022433
1
1
1
1
1
1
1
1
0.968535254779003
1
1
0.993622993509066
1
1
1
1
1
1
1
1
0.959061095186841
1
0.995842049718269
1
1
0.983227442888769
1
1
1
0.99997010708856
1
0.970612151753693
1
0.999131039349392
0.999171434620101
1
1
1
1
1
1
0.63381710976601
1
1
1
1
1
1
1
1
0.980207983489468
0.995908834212619
1
1
1
0.897067141487049
0.964992348941663
0.999359230322545
1
1
1
1
1
1
1
1
1
1
1
1
1
1
1
1
1
1
1
1
1
1
1
1
1
1
1
1
1
1
1
1
1
1
0.999934570260104
1
1
0.889438940575932
1
1
1
1
1
0.987919044800331
1
1
1
1
1
0.98046170505193
1
1
1
1
0.987424010145846
1
1
1
1
1
0.80863112145174
1
1
0.989376277498586
0.969142018575065
1
1
1
1
1
1
0.986443347890921
1
1
1
1
1
0.989505152654625
1
1
1
1
1
1
0.986030644298376
1
0.979056830474051
0.958585848866534
1
1
1
1
0.999999583373481
1
1
1
1
1
1
1
1
0.953036770600581
1
0.986186463103121
0.953471133187095
1
0.937052764859329
1
0.970612151753693
1
1
0.996543327931986
1
1
1
1
1
1
1
1
1
1
1
1
1
1
1
1
1
1
1
0.934784184681139
0.7229142537226
0.988248274820478
1
0.997256077588801
1
1
1
0.969828886802175
0.985247979984351
1
1
0.978408529974126
0.986200422383858
0.927125653669677
1
1
1
1
0.960365137718252
1
0.950827005407791
0.953036770600581
1
0.996769366571855
1
0.993378957627291
1
1
0.992970207093478
1
0.996769366571855
1
1
1
0.960859155606953
0.981537579035348
1
1
1
1
1
1
1
1
0.920403128652339
0.985247979984351
0.994249083238464
1
1
1
1
1
1
1
1
1
1
1
1
0.983782064930989
1
1
0.894547453927385
1
1
1
1
0.975491448551406
1
1
1
0.943698100363412
1
1
1
1
0.9728985819935
1
1
1
1
0.97005808857673
1
1
1
1
0.985801025816987
1
1
1
1
1
1
1
1
1
1
0.986784665090129
1
0.95015582169663
1
1
1
0.861745714735776
1
1
0.994869127049606
0.998665049382034
1
1
1
1
0.985785572762818
0.982102069103159
1
1
1
0.990643202088739
1
1
0.986784665090129
1
1
0.930778305577919
0.999181187681813
1
1
1
1
1
1
1
1
1
1
1
1
1
0.995552298819299
0.990075635883186
1
1
0.993805178105988
1
1
1
1
1
0.983782064930989
1
1
0.996541193966109
1
1
1
1
1
1
0.988554242800066
1
0.980442173256158
1
1
1
0.983782064930989
1
1
1
1
1
1
0.995069594562031
1
0.977767974607403
1
1
1
1
1
1
1
0.977767974607403
1
1
1
1
0.98723178572354
0.66942149989163
1
1
1
1
1
1
1
1
1
0.969484177776574
0.88660544184198
1
1
0.993858709990135
1
1
0.965358319601177
1
1
0.996170186417419
0.982855999542281
0.926335989024772
1
1
1
1
1
1
1
0.988554242800066
1
1
0.996959390821132
0.868327209779562
1
1
0.994396825702227
1
0.999991017796207
1
0.98409481258767
1
1
0.985484946136702
1
1
1
1
1
1
0.993759070408982
1
1
1
1
1
1
0.952544678205149
0.86865929567375
1
1
0.985247979984351
1
1
1
1
1
0.987876212842386
0.990721139115083
1
1
1
1
1
0.971348484094841
1
1
0.999015092712121
1
1
1
0.999953055853948
1
1
0.988554242800066
1
1
1
0.999912876241882
1
1
0.914418259709033
1
1
1
1
0.97113709905451
1
1
1
1
1
1
1
1
0.990672757022203
1
1
0.983782064930989
1
1
1
0.989505152654625
1
0.999999068708929
1
0.967113466609016
1
1
1
1
0.996170186417419
0.986694805749313
1
1
1
1
0.990075635883186
1
1
1
1
1
1
0.911146783775814
1
1
1
1
1
0.999979760579772
1
1
0.97722402616137
1
0.975491448551406
0.993378957627291
0.97722402616137
1
0.993211681446119
1
1
1
1
0.934807371893762
1
1
0.841273670009253
0.996170186417419
1
1
1
1
1
1
0.759718223352651
1
1
1
1
1
1
0.812429483573034
0.969782595531424
1
1
1
1
0.991452331068266
1
0.995441450116259
1
1
1
1
1
1
1
1
1
1
1
1
1
1
1
1
1
0.983227442888769
1
0.999328309815526
1
1
1
1
1
1
1
1
1
1
1
1
0.989505152654625
1
0.943523779607345
1
0.969753596690754
1
1
1
1
1
1
1
0.994396825702227
1
1
1
1
1
1
1
1
1
0.99365763034023
1
1
0.901895888392669
1
0.990234279206154
1
1
1
1
1
1
1
1
1
1
1
1
0.996541193966109
1
1
1
1
1
1
1
1
1
1
1
0.986305550210777
1
1
0.990721139115083
1
1
1
1
1
1
1
1
1
0.971459411008332
1
1
1
1
1
1
1
1
1
1
0.91807009426368
1
1
1
0.990721139115083
0.999184050483586
0.933439343263876
1
1
1
1
1
1
1
1
1
1
1
1
0.984524859350677
0.936197361027006
0.80955570582846
0.980038766692759
1
0.999529046568719
0.975398695905075
1
1
1
1
1
1
1
1
1
1
1
1
1
1
1
1
1
1
0.994940885845222
1
1
1
1
0.96498179034988
1
1
1
1
1
1
1
1
1
1
1
1
1
1
1
1
1
1
1
1
1
1
0.893757713865664
1
1
0.998553827267654
1
1
1
0.700037815907451
1
0.987876212842386
1
1
1
1
1
1
1
0.999171434620101
1
1
1
1
1
1
1
1
1
1
1
1
1
1
1
0.983227442888769
1
1
1
1
1
1
0.978310586992515
1
1
1
1
1
1
1
1
1
1
1
1
1
0.986993504552318
1
1
0.965987156789145
0.960064406568836
1
1
1
0.972602036637866
1
1
1
1
1
1
1
0.969836894752471
1
1
1
1
1
1
1
1
1
1
1
1
1
1
0.921637814297255
1
1
0.993083936593598
1
1
1
1
1
0.875402780946505
1
1
0.964114806302556
1
1
1
1
1
1
1
1
1
1
1
1
1
1
1
1
1
1
1
0.955114226223374
1
0.9995860520735
0.993741705669531
1
1
1
0.807749052568589
0.994261116206597
1
1
0.983455516051266
0.999171434620101
1
1
1
1
1
1
1
0.969183294150736
1
1
1
1
0.981436598530029
1
1
1
1
0.984476940809602
0.979056830474051
1
0.922950715138567
1
1
1
1
0.994274995190407
1
1
1
1
1
1
1
1
1
1
1
1
1
1
1
0.9995860520735
1
1
1
1
1
0.944779935294287
1
1
1
1
0.999997970832723
1
1
1
1
1
1
1
0.999181187681813
1
1
0.974316333037518
1
1
0.965108168567982
1
0.991642147211083
1
1
1
1
1
0.952472632853626
1
0.999255349938744
1
1
1
1
1
1
0.947154363294935
1
1
1
1
1
1
1
1
1
1
0.999394178056025
1
0.99365370321973
1
0.99999649418304
0.99997010708856
1
1
1
1
1
1
1
1
1
0.753996327429287
1
1
0.969484177776574
0.921637814297255
1
1
1
1
0.992279274628656
1
1
1
1
1
1
0.994261116206597
1
1
1
1
1
1
1
1
0.912776452663661
1
1
1
1
0.947470799390379
1
0.934249657194977
1
0.999886259109758
1
1
1
0.985920325418027
1
1
1
1
1
1
1
0.999912876241882
1
0.985484946136702
0.999155660951996
1
1
1
1
1
1
0.991798754454054
1
1
1
1
1
1
0.999997970832723
0.993661891063615
1
1
1
1
1
1
1
1
0.999722230676205
1
1
1
1
1
1
0.968418477001209
1
0.924641520985447
1
1
0.98279868217139
1
1
0.983455516051266
0.968535254779003
1
1
0.993378957627291
0.965987156789145
1
0.971459411008332
1
1
1
1
1
1
0.99937872164796
1
1
0.999132685740304
1
1
1
1
1
1
1
0.866111501353501
1
0.963223448774068
1
1
1
1
1
0.97722402616137
1
1
1
1
1
1
1
0.972131781019768
1
1
1
1
0.985477795376844
1
0.958995012441417
1
0.984130026141789
1
1
1
1
1
1
1
1
1
0.98046170505193
0.991016982680448
1
1
0.967419703846509
0.995069594562031
1
1
1
1
1
0.869866461189114
0.997429915709607
0.995296168959569
0.949065011094937
1
1
1
1
1
1
1
1
1
0.992444233062313
1
1
1
1
0.97859422243917
1
0.892980271638597
1
1
1
1
1
0.994843453849601
1
1
1
1
0.998665049382034
1
1
0.999934570260104
1
1
1
1
1
1
1
1
1
1
1
1
1
1
1
1
0.985858253432549
0.9858123760093
1
0.993805178105988
0.991452331068266
1
1
1
1
1
1
1
1
1
0.999236467022433
0.963342073479357
0.918294235227089
1
1
1
0.998553827267654
1
1
0.994691816769769
1
1
1
0.983586275986464
0.994535120112404
1
0.993805178105988
1
0.960073235846869
1
1
1
1
1
0.913360415155256
1
1
1
1
1
1
1
1
1
1
1
1
0.927117807102792
1
1
1
1
1
1
0.948119574244509
1
1
1
1
1
1
0.996959390821132
0.959268382283692
1
0.999998540681419
1
1
1
0.937052764859329
0.972313346490448
0.989000592351252
1
1
1
1
1
0.97859422243917
0.915656084913973
0.999255349938744
1
1
0.975491448551406
1
1
1
1
1
1
1
1
1
1
1
1
1
1
1
1
1
0.994535120112404
0.994400062291445
1
1
0.99965016963691
1
1
1
1
1
1
1
0.989505152654625
1
1
1
1
1
1
1
1
1
1
0.978457602392752
1
0.947200948271553
1
1
1
0.999997970832723
1
1
1
1
1
0.945547803780607
0.657777316543623
1
1
1
1
1
1
1
1
1
0.97113709905451
1
1
0.638650185345006
1
0.910893815424829
1
1
1
1
1
1
1
1
1
1
1
1
1
1
1
0.991016982680448
0.990672757022203
1
0.974316333037518
1
0.961442252468854
1
1
1
1
1
0.941324812429537
1
1
0.948250339400849
1
1
0.986049289753281
1
1
1
1
1
1
1
0.965987156789145
0.962265229877274
1
0.987919044800331
0.994940885845222
0.920499357943592
1
1
1
1
1
0.957724399706332
1
1
1
0.93887582869127
1
1
0.962968788595581
1
1
0.972129911816815
1
1
1
0.967419703846509
1
0.987502914829323
0.960704097992405
1
0.943698100363412
0.994843453849601
1
1
1
1
0.982193820053903
0.984429058283158
1
1
1
1
1
1
1
0.996543327931986
1
0.987810714410321
1
0.999478458911906
1
1
0.991420278500518
1
1
1
1
1
0.992631598358613
1
1
0.995344472763261
1
1
0.991420278500518
1
1
1
1
0.999162973677219
1
1
0.999803233452347
1
1
0.992863063147522
1
1
1
1
1
0.986694805749313
0.994940885845222
1
1
1
1
1
1
1
1
1
0.991397658390542
0.863958590989242
1
0.970612151753693
1
1
0.995552298819299
1
1
1
1
1
1
0.977783479064886
1
1
1
0.990721139115083
0.973041532600704
1
0.969782595531424
1
1
1
1
0.897327574861753
1
0.979667101641413
1
1
0.947252810085046
0.97722402616137
0.997256077588801
1
1
1
1
1
0.995908834212619
0.999979760579772
1
1
1
1
1
1
1
0.962663161252422
1
1
1
1
1
1
1
0.999478458911906
1
1
1
1
1
0.999800275418241
1
1
0.924577569584554
1
0.995441450116259
1
0.999219830520968
1
1
0.901895888392669
0.999997970832723
0.988554242800066
0.878918926270348
1
1
1
1
0.986672706594561
1
1
1
1
1
0.965108168567982
1
1
0.970496529162852
1
1
1
1
1
0.999999583373481
1
1
1
1
1
0.784889209607533
0.959607794562377
1
1
1
1
1
1
1
1
1
1
1
1
1
1
1
1
1
1
0.993211681446119
1
1
1
1
1
0.987523767395823
1
1
1
1
0.996543327931986
1
1
0.892980271638597
0.959822508689352
1
1
1
1
1
1
1
1
1
0.968535254779003
1
1
1
1
1
1
1
1
1
1
1
1
0.985247979984351
1
1
1
1
0.924554661547148
1
1
1
1
1
1
0.999934570260104
0.999143950936683
1
1
0.999979760579772
1
0.932373334003887
0.947421325637974
1
1
1
1
1
1
1
1
1
1
1
1
1
1
1
1
1
1
1
1
1
0.846171988462337
1
1
1
1
1
1
1
0.96498179034988
0.871674805294634
1
0.839990043367375
1
1
1
0.947200948271553
1
1
1
0.968730943918567
1
1
0.971348484094841
1
1
1
1
1
1
1
1
1
0.982769308719819
1
0.99592880448285
0.680438842645139
1
1
1
1
1
1
1
1
0.99920520705813
1
1
0.985484946136702
1
1
1
1
1
1
1
1
0.999171434620101
1
1
0.948627278599368
1
1
1
1
0.929449289527354
1
1
1
1
1
1
1
1
1
1
1
1
1
1
0.982769308719819
0.713944122664536
0.980207983489468
1
1
1
1
0.994274995190407
1
0.999352933281175
1
1
1
1
1
1
1
0.989505152654625
1
1
1
1
0.999986655351888
0.989505152654625
1
1
1
1
1
1
0.974316333037518
1
1
1
1
1
1
1
1
0.982257466820635
0.984972037822972
1
1
1
1
1
1
1
1
1
1
1
1
1
1
1
1
1
0.633342913450895
1
0.920499357943592
1
1
1
1
0.936197361027006
1
0.810610529539199
0.939842751709799
1
0.999255349938744
0.992970207093478
1
1
1
1
1
1
1
1
0.948119574244509
1
0.995552298819299
1
1
1
0.993920649884429
1
0.992279274628656
0.999328309815526
1
1
1
1
1
1
1
1
0.986602205343058
1
1
1
1
1
1
1
1
1
0.86113809385187
1
0.784889209607533
1
1
1
1
1
1
0.915211645196249
1
1
1
1
0.986672706594561
1
1
1
1
1
1
1
1
1
1
1
1
1
1
1
1
0.97859422243917
1
1
1
1
1
1
1
1
1
1
1
1
1
0.989000592351252
1
1
0.931587790317552
0.980941895160233
1
1
1
1
0.987502914829323
0.999254380462765
0.994274995190407
1
1
1
1
1
1
1
1
1
1
1
0.999529046568719
0.98662703816045
1
1
1
1
0.992631598358613
1
1
0.994940885845222
1
0.999999583373481
1
1
1
1
1
1
0.996541193966109
1
1
1
1
1
0.893541702385233
1
0.949881893340063
1
0.978457602392752
1
1
1
1
1
1
1
1
1
1
1
1
1
0.986443347890921
1
1
1
0.999529046568719
0.986186463103121
0.996769366571855
0.995552298819299
1
1
1
0.962276835400358
1
0.995296168959569
1
1
1
1
1
1
1
1
1
1
1
0.999999068708929
1
1
1
1
1
1
1
0.985247979984351
1
1
1
1
1
1
1
1
1
1
1
1
1
1
1
1
1
0.994843453849601
0.994400062291445
0.994008330921811
0.980442173256158
1
1
1
1
0.999236467022433
1
0.969836894752471
1
1
1
1
1
1
1
1
1
1
1
1
1
1
1
1
1
1
0.996543327931986
0.991420278500518
1
1
1
1
1
1
1
1
1
0.905605890433137
1
0.933752752894757
1
1
1
1
1
1
1
1
0.984972037822972
1
1
1
1
1
0.974316333037518
0.999997970832723
1
1
1
1
1
1
1
1
1
0.980941895160233
1
1
0.989376277498586
1
0.996769366571855
1
1
1
1
1
0.974331126832164
1
1
1
1
1
1
0.982193820053903
1
1
1
1
0.957347269218276
0.990385898205286
1
1
1
1
0.97113709905451
1
1
1
1
0.974316333037518
0.97113709905451
1
1
1
1
1
1
1
1
1
1
0.999529046568719
0.999934570260104
1
1
1
1
1
0.897067141487049
1
1
1
0.986849160650753
1
1
1
1
0.914390029998057
1
1
1
0.905886510749015
1
1
1
0.986406610878369
1
1
1
1
1
1
1
1
1
0.986602205343058
1
0.972129911816815
1
1
1
1
1
0.994869127049606
1
1
1
1
1
1
1
1
1
1
1
1
1
1
1
1
1
1
0.998553827267654
1
1
0.971459411008332
0.991420278500518
1
1
0.959224421167999
1
1
1
0.996959390821132
1
1
1
1
1
1
1
0.982108788289709
1
1
1
1
1
1
1
1
0.875402780946505
1
1
1
1
0.999394178056025
1
0.986443347890921
1
1
1
1
1
0.991895577773146
1
1
1
1
1
1
0.978248603024923
1
1
1
0.98046170505193
1
1
0.98723178572354
1
1
1
1
0.95300865162601
1
0.991642147211083
1
1
0.988159511027924
1
1
0.9728985819935
1
1
1
1
0.989376277498586
0.996541193966109
1
1
1
1
1
0.95015582169663
1
1
1
0.994249083238464
0.995842049718269
1
1
1
0.994249083238464
1
0.86093018999363
1
1
1
1
1
1
1
1
0.96206828999681
1
1
1
1
1
0.983782064930989
0.979688362768037
1
0.955891121245693
1
1
1
1
0.976865404647284
0.901895888392669
1
1
0.970161437357247
1
1
0.946988939978983
0.985247979984351
1
1
1
1
1
1
1
1
1
1
1
1
1
1
1
1
1
1
1
1
1
1
1
1
0.970954836187572
1
1
1
0.986186463103121
0.884735268755778
0.983455516051266
1
1
0.986672706594561
1
1
0.988159511027924
1
0.636182439836328
1
1
1
1
0.80254835840276
0.99863513074308
1
0.993858709990135
1
1
1
1
0.995552298819299
1
0.999162973677219
1
0.975126257315202
1
1
1
1
1
1
1
1
0.965358319601177
1
1
1
1
1
1
1
1
1
1
0.986784665090129
1
1
1
1
1
1
0.955069829284264
1
0.993378957627291
1
0.960064406568836
1
1
1
0.923918395172753
1
0.99997010708856
1
0.999394178056025
1
1
1
0.999015092712121
0.893014801743321
1
1
1
1
1
1
0.989000592351252
0.969836894752471
1
1
1
1
1
1
0.936442009048708
1
1
1
0.642967878456575
1
1
1
0.949065011094937
0.979503110984908
1
1
1
0.999999583373481
1
1
1
1
1
1
1
1
1
1
1
1
1
1
1
1
1
1
0.901659350082044
1
1
1
1
0.999276743206328
1
1
0.775012790118082
1
1
1
1
1
0.993661891063615
1
1
0.832698801490544
1
1
0.995296168959569
0.990075635883186
1
1
1
1
1
1
0.668961809183116
1
1
0.982307147721882
1
1
0.97113709905451
1
1
0.982855999542281
1
1
0.999986655351888
0.961548679182678
0.952544678205149
0.927125653669677
1
1
1
1
1
1
1
1
1
1
1
1
1
1
1
0.907872741826028
1
1
1
1
0.935249007003384
1
1
1
0.959501590928684
1
1
0.993622993509066
1
1
1
1
1
1
1
1
1
1
1
1
1
1
1
0.965987156789145
1
1
1
1
1
1
1
0.968535254779003
1
1
1
1
0.956994053182309
1
1
1
1
0.999722230676205
0.982102069103159
1
1
1
1
1
1
1
1
1
0.999953055853948
1
1
1
1
1
0.965987156789145
1
1
1
1
1
1
0.99965016963691
1
1
0.984972037822972
1
1
1
1
1
1
0.989505152654625
1
1
1
1
1
1
1
1
0.823367957376239
1
0.994261116206597
1
1
1
1
0.750262846666968
1
1
1
1
1
0.999276743206328
1
1
1
1
0.971799109283561
1
1
1
1
1
1
0.985477795376844
1
1
1
1
0.999800275418241
1
1
0.927685255158475
1
0.999433705302379
1
1
1
1
1
1
0.997388385697328
1
1
1
1
1
0.991016982680448
1
1
1
1
1
0.949850568245277
1
1
1
1
1
0.947421325637974
0.969646893855076
1
1
1
1
0.893358438160644
1
1
1
1
1
0.936197361027006
1
1
1
1
1
0.872024686598428
1
1
1
1
1
1
1
1
1
1
1
1
1
1
1
1
1
1
1
1
1
1
1
1
1
0.994691816769769
0.943523779607345
0.998553827267654
1
0.94858479089832
1
1
1
1
1
1
0.979056830474051
1
0.996959390821132
1
1
1
1
0.892522900159699
1
1
1
1
1
0.979503110984908
1
1
1
1
1
1
1
1
1
0.993719460798445
0.974316333037518
1
1
1
0.945477192371007
0.916662784116034
1
1
1
1
1
1
1
1
1
1
1
1
1
0.962985538340314
1
1
1
1
1
1
1
1
1
0.963223448774068
1
0.989000592351252
0.916175152175507
1
1
1
1
1
0.910126121787886
1
1
1
1
1
1
1
1
1
1
1
1
1
0.980850560190353
1
1
1
1
1
1
1
1
1
1
1
1
1
1
1
0.969828886802175
1
1
1
1
1
0.964295057371691
1
1
1
1
1
1
1
0.95488124408877
1
1
0.999181187681813
1
0.9995860520735
1
1
1
1
0.999236467022433
0.993211681446119
1
0.982769308719819
1
1
1
1
1
1
1
1
1
0.997256077588801
1
1
0.998553827267654
0.738256213385158
1
1
1
0.999478458911906
1
1
1
1
1
1
1
1
1
1
0.908496584381603
1
1
1
1
0.994167915334694
1
1
1
1
1
1
1
1
1
0.990075635883186
1
0.9858123760093
1
1
0.986305550210777
1
1
1
1
1
1
0.958647239523124
1
1
1
1
1
0.935123742138131
1
1
0.996769366571855
1
0.992863063147522
1
1
0.95300865162601
1
1
0.946434576317973
1
1
1
0.939150498637399
0.974602551341606
0.948627278599368
1
0.995344472763261
1
1
1
1
1
1
1
0.776759874452259
0.962985538340314
0.895646851455622
1
1
0.987810714410321
1
1
1
0.999394178056025
0.971799109283561
1
1
0.99997010708856
1
0.993992052470559
1
1
1
1
1
1
1
1
1
1
0.945547803780607
1
1
1
0.931587790317552
0.982855999542281
1
1
0.974354978035185
1
0.935768814164385
1
0.991016982680448
0.980941895160233
1
1
1
1
1
1
1
1
1
1
1
1
0.994167915334694
0.999853127490886
1
1
1
0.996541193966109
1
0.985247979984351
1
1
1
0.994274995190407
1
1
0.878918926270348
1
1
1
1
1
1
1
1
0.992279136532941
0.987919044800331
1
1
1
1
0.959061095186841
0.965506400685388
1
1
1
1
1
1
0.993211681446119
1
1
1
1
1
1
1
1
1
1
1
1
0.945477192371007
1
1
1
1
1
1
0.992134000473644
1
1
1
0.977767974607403
1
1
0.9728985819935
1
1
0.999478458911906
1
1
1
1
1
1
0.949893022301655
0.996541193966109
1
1
0.997958927518844
1
1
1
0.999478458911906
1
1
1
1
1
0.979056830474051
1
1
1
1
0.957347269218276
1
0.992279274628656
1
1
1
1
1
0.947211120931157
1
1
1
1
0.961096373448398
1
1
1
1
1
1
1
0.969828886802175
1
1
1
0.979056830474051
0.999953055853948
1
1
0.932838736333169
0.86808760423928
1
0.98409481258767
0.972129911816815
1
1
1
1
1
1
1
0.973305667296006
0.924554661547148
1
1
1
0.994167915334694
1
1
0.696400343868359
1
1
1
1
0.996541193966109
1
0.942210525843948
0.959148329098958
1
1
0.995069594562031
1
1
1
1
0.914846141231832
0.968730943918567
1
0.769408001479413
0.944779935294287
1
1
1
1
1
1
1
1
0.972602036637866
1
1
1
0.999143950936683
1
1
1
1
1
1
1
0.994261116206597
0.793053237229205
1
1
1
1
1
1
1
1
0.980941895160233
1
1
1
0.99920520705813
0.988248274820478
1
1
1
1
0.953036770600581
1
1
1
1
1
0.999478458911906
1
1
1
1
0.999225340236483
1
1
1
1
0.963342073479357
0.953471133187095
1
1
0.996959390821132
0.98279868217139
1
0.986443347890921
1
1
1
1
0.975398695905075
1
1
1
1
0.905605890433137
1
1
0.98662703816045
1
1
1
0.967419703846509
1
1
1
1
0.948074754559086
1
1
1
1
1
1
1
1
1
1
1
1
1
1
0.990085510127652
1
1
0.999999583373481
1
1
1
1
1
1
1
1
1
1
1
1
0.849781889189079
0.936197361027006
1
1
1
0.914026565098465
1
1
1
1
1
1
1
1
1
0.980850560190353
1
1
1
0.999999583373481
0.974112677736292
1
1
1
1
1
1
1
0.956611649805909
1
1
0.992279274628656
1
1
1
0.88437996924064
0.97985401735961
1
1
1
1
1
1
1
0.991452331068266
1
0.864117577562221
1
1
1
1
1
0.947136749330086
1
1
1
1
1
0.962265229877274
0.999359230322545
1
1
1
1
1
0.975398695905075
1
0.991714753076939
1
1
1
1
1
1
1
1
1
1
1
1
1
1
1
1
1
0.992279136532941
1
1
1
1
1
1
0.868290621504171
1
1
1
1
1
0.982193820053903
1
0.981917201647775
1
1
0.994940885845222
1
1
1
1
0.992843841604155
1
1
1
1
1
1
1
1
0.894063996222994
1
1
0.99965016963691
1
0.930787073671261
1
1
1
1
1
1
0.994274995190407
1
1
0.990385898205286
0.999999583373481
1
1
1
1
1
1
1
1
1
1
0.928444631196439
0.982307147721882
1
1
1
1
1
1
0.957347269218276
0.998056826076759
1
1
1
1
1
1
1
1
1
1
1
0.978809100002868
1
1
1
1
1
1
1
1
1
1
1
0.999131039349392
0.999320840698067
1
0.933439343263876
0.906866157387042
1
1
1
1
0.982439050563276
0.977783479064886
0.994691816769769
1
1
1
1
1
0.985484946136702
1
1
1
1
0.956994053182309
1
1
1
1
0.978457602392752
0.99592880448285
0.932445627586331
0.986443347890921
1
1
1
0.994691816769769
1
1
1
1
1
1
0.986305550210777
1
1
0.978457602392752
1
0.994869127049606
1
1
0.977993569748248
1
1
1
0.967113466609016
0.993992052470559
1
0.999276743206328
1
1
0.984476940809602
1
0.893358438160644
1
1
1
1
1
1
1
1
1
1
1
0.915947574962159
0.98046170505193
0.921542219583479
1
1
1
0.982193820053903
1
1
1
1
1
1
1
1
0.990075635883186
0.97839025552496
0.991714753076939
0.888187620993658
1
1
1
1
0.793053237229205
1
1
1
1
0.981486106566763
1
1
0.943698100363412
0.983586275986464
1
1
0.996170186417419
1
0.994691816769769
1
1
1
1
1
1
1
1
1
1
1
1
0.978063450688308
0.943180163403518
1
1
1
1
1
1
1
0.995939167842622
1
1
0.975750576015559
1
1
1
1
1
1
1
0.999320840698067
1
0.981436598530029
1
1
1
1
0.99998898934085
1
1
1
1
1
1
1
0.987424010145846
1
1
1
1
0.995908834212619
0.996541193966109
1
0.972129911816815
1
0.867293020554505
0.986949743873097
1
0.981537579035348
1
1
1
0.994261116206597
1
1
0.968387687039718
0.983455516051266
1
0.463439107825353
1
1
1
1
1
0.999581935068467
0.998056826076759
1
1
1
1
1
1
1
1
1
1
0.97113709905451
1
1
1
1
1
1
1
1
1
1
1
1
0.987502914829323
1
0.97839025552496
1
1
1
1
1
1
1
0.989505152654625
0.939572017153355
1
1
0.949850568245277
1
1
1
0.998665049382034
1
1
1
1
1
1
1
1
0.999953055853948
1
1
0.994535120112404
1
1
1
0.995069594562031
1
1
0.978310586992515
0.963342073479357
1
1
1
1
0.978457602392752
1
1
0.995842049718269
1
0.99998419829658
0.999394178056025
1
1
1
0.983586275986464
1
1
1
1
1
1
1
0.936705507666518
1
1
0.967113466609016
1
1
1
0.999433705302379
1
0.948074754559086
0.672913948474453
1
1
1
0.999359230322545
0.947926586391427
1
1
0.819049857357817
1
1
1
0.9829123184016
0.962276835400358
1
1
1
1
1
1
1
0.743467557795412
1
1
1
1
1
1
1
1
1
1
1
1
1
1
1
1
1
0.991414008165884
1
1
1
1
1
1
1
1
1
1
1
1
1
1
1
1
0.999999583373481
1
1
1
1
1
1
1
0.999986655351888
1
0.938032292067371
0.973305667296006
1
1
1
1
1
1
0.997429915709607
1
1
1
0.995842049718269
1
1
1
1
1
1
1
0.959377814854819
1
0.850603149380872
1
1
0.978248603024923
1
1
1
1
1
1
1
0.976865404647284
1
1
1
0.777227952979484
1
1
0.93766166681393
1
1
1
1
1
1
1
1
1
1
0.992006765400825
1
1
1
1
1
1
1
1
1
0.777131659269539
1
1
1
1
1
1
1
1
1
1
1
0.744925087644517
1
1
0.974316333037518
1
1
1
0.981436598530029
1
1
1
1
0.960365137718252
1
0.999181187681813
1
1
1
1
1
1
1
0.969580455585086
1
1
1
1
1
1
1
1
1
1
0.993759070408982
1
0.948074754559086
0.994691816769769
1
1
1
1
0.987810714410321
1
1
1
0.9829123184016
1
1
0.994074058893855
1
1
0.974602551341606
1
1
1
1
0.979341384666821
1
1
1
0.978509571856304
0.999999583373481
1
1
1
1
1
1
0.986993504552318
1
1
1
1
1
0.990085510127652
1
1
0.944107454952775
1
1
0.985849518335373
1
1
1
1
0.999162973677219
1
0.990085510127652
1
1
1
1
1
1
0.999478458911906
1
1
0.983093778242077
1
1
1
1
1
1
1
1
1
1
1
1
1
0.987810714410321
1
1
0.962663161252422
1
1
1
1
1
1
1
1
0.964295057371691
0.98279868217139
1
1
1
1
1
1
0.935452907722465
1
1
1
1
1
1
1
1
1
1
1
1
1
1
1
1
0.935452907722465
1
1
1
1
0.983782064930989
1
1
1
1
1
1
1
1
0.993858709990135
1
1
1
0.999701765138083
0.999149362177607
0.968387687039718
1
1
1
1
0.999998540681419
1
1
1
1
1
0.991579605477151
0.992279136532941
1
1
1
1
0.984429058283158
0.95488124408877
0.999359230322545
1
0.997958927518844
1
1
1
1
0.989376277498586
1
1
1
1
0.991420278500518
0.969828886802175
1
1
0.960859155606953
0.974602551341606
1
1
1
1
0.932350898815869
0.992970207093478
1
1
1
1
1
1
1
1
1
1
1
1
1
1
1
1
1
1
1
1
1
1
1
1
1
1
0.957347269218276
1
1
1
1
0.995842049718269
0.974316333037518
1
1
1
1
1
0.993211681446119
1
1
1
0.978457602392752
1
1
1
1
1
1
1
1
0.98046170505193
1
1
1
1
1
1
1
1
1
1
0.945547803780607
1
1
1
1
1
1
1
1
1
1
0.99592880448285
1
1
1
1
1
1
0.980207983489468
1
1
1
1
1
1
0.94764934747176
1
1
0.978111224151578
1
1
0.998056826076759
1
0.862887435270035
1
1
1
1
1
1
1
1
1
1
1
1
1
0.9995860520735
1
1
1
1
1
1
1
0.973563111591693
1
1
1
1
1
1
1
1
1
1
1
1
1
1
1
1
1
1
0.999236467022433
1
1
1
1
0.963342073479357
1
1
1
0.993920649884429
1
0.983207897129517
1
1
1
0.993992052470559
1
1
1
1
1
1
1
1
1
1
0.970612151753693
1
1
1
1
1
1
1
1
1
1
1
1
0.94555180316355
1
1
1
1
0.998553827267654
0.993661891063615
0.995069594562031
1
1
0.97839025552496
1
1
1
1
0.533392425679183
0.975398695905075
1
1
1
0.993211681446119
1
0.996959390821132
0.97859422243917
0.98723178572354
0.988554242800066
1
1
1
0.965108168567982
1
1
1
1
1
1
0.976865404647284
0.999973096385602
1
0.976319327619847
0.999999583373481
1
1
1
1
1
1
1
1
1
1
1
1
1
1
1
1
1
1
1
1
1
1
0.996959390821132
1
1
1
1
1
1
1
1
0.804536796611013
0.975168982263653
1
1
1
1
1
1
1
1
1
1
1
1
1
1
1
1
0.863213778076824
1
1
1
1
1
0.874821218286981
1
0.997429915709607
1
1
1
0.97859422243917
1
1
0.888423955780466
0.962968788595581
1
1
1
1
1
1
1
1
0.957724399706332
1
1
1
1
0.987810714410321
1
0.965358319601177
1
1
0.962172785550034
0.99999649418304
0.98723178572354
1
1
1
1
1
1
0.999255349938744
1
1
1
0.999853127490886
1
0.988248274820478
1
1
1
1
0.991016982680448
1
1
1
1
1
1
1
1
1
1
1
0.964164431555561
1
1
1
0.916662784116034
1
1
1
1
1
0.999144175699391
0.98409481258767
1
1
1
1
1
0.996170186417419
0.989376277498586
0.997388385697328
1
1
0.989000592351252
1
0.986949743873097
1
1
1
0.672219238754437
0.905605890433137
1
0.923562309690356
1
0.910893815424829
1
0.968068234549931
0.995069594562031
1
1
1
0.913828655337238
1
1
1
0.480376828692367
1
1
1
1
0.999999583373481
0.99965016963691
1
1
1
1
0.936560015451537
1
0.840741764139796
1
1
1
1
1
1
1
1
0.745825307027932
1
1
1
0.968387687039718
0.837769790686754
1
0.995069594562031
1
1
1
1
0.999328309815526
0.999999583373481
0.994274995190407
1
1
1
1
1
1
1
0.999998540681419
1
0.971799109283561
1
1
1
1
1
1
1
0.975398695905075
1
1
1
1
1
1
1
0.999992774972848
1
0.99997010708856
1
0.969828886802175
1
0.991420278500518
1
1
1
1
1
1
1
1
1
1
1
0.988159511027924
1
1
0.993858709990135
1
1
1
0.948119574244509
1
1
1
1
1
1
1
1
1
1
0.965506400685388
1
1
1
1
1
1
1
1
0.846912854669742
1
1
1
1
1
1
1
1
1
0.994869127049606
1
1
1
0.967419703846509
1
0.99592880448285
1
1
1
1
1
1
0.690780818354521
1
1
1
0.97789679308294
0.991642147211083
1
1
1
1
0.849781889189079
1
1
1
1
1
1
1
1
1
1
1
0.986949743873097
0.956611649805909
1
1
1
0.994940885845222
1
1
1
1
1
1
1
1
1
1
0.967113466609016
1
1
0.994940885845222
1
1
0.969580455585086
0.855449671904452
1
1
0.985785572762818
1
1
0.9829123184016
1
1
1
1
1
1
1
1
1
1
0.993624954241921
1
1
1
1
0.986049289753281
1
0.962068548927559
0.889661116594529
1
1
1
1
1
1
1
1
1
1
1
1
1
1
1
1
1
1
1
0.953471133187095
1
1
0.999979760579772
0.983455516051266
1
1
0.995842049718269
1
1
1
1
1
1
1
1
1
1
1
1
1
1
1
1
0.982102069103159
1
0.956044443134854
1
1
1
1
1
1
1
0.974112677736292
0.993293895290295
1
1
1
1
1
1
0.953471133187095
1
1
0.934807371893762
1
1
1
1
1
1
0.992863063147522
1
0.993622993509066
1
1
1
1
0.995069594562031
1
1
1
1
1
0.979056830474051
1
1
1
1
0.917699777785736
1
0.978457602392752
1
1
1
1
1
1
0.995441450116259
1
1
1
1
1
1
1
1
1
1
1
1
1
1
0.942584233854271
0.893477843416181
0.918047199178199
1
1
1
1
1
1
0.987919044800331
1
0.999433705302379
1
1
1
0.999352933281175
0.997256077588801
0.995552298819299
0.97722402616137
1
0.987919044800331
1
1
1
1
0.915656084913973
1
0.989505152654625
1
1
1
1
1
1
1
1
0.992279274628656
1
1
1
1
1
1
1
1
1
0.999722230676205
1
1
1
0.98297346958575
1
1
1
1
1
0.975398695905075
1
1
1
0.981486106566763
1
1
1
1
1
1
1
1
1
1
0.766771864889045
1
1
1
1
1
1
1
1
1
1
0.992279274628656
1
0.86865929567375
1
1
0.995842049718269
1
1
1
1
0.974316333037518
1
1
1
1
1
1
1
0.641320003074589
0.992863063147522
0.999999583373481
1
0.987810714410321
0.686633460553033
1
1
1
1
1
1
1
1
1
1
1
1
1
1
1
0.956839030772566
0.988554242800066
1
1
1
1
1
1
0.992279274628656
1
1
0.98279868217139
1
1
1
1
1
1
0.98279868217139
1
1
1
1
1
0.993661891063615
1
1
1
1
1
0.999171434620101
0.988248274820478
1
1
1
0.744823606642483
1
1
1
1
1
1
1
1
1
1
1
1
1
1
1
1
1
1
1
1
1
1
1
1
0.894995557269855
0.988159511027924
1
1
1
0.943510108994491
0.999953055853948
1
1
1
1
0.98046170505193
1
1
0.987810714410321
0.99363190176318
1
1
1
1
1
0.980207983489468
1
1
0.852865107468116
1
1
1
1
0.952472632853626
1
1
1
1
1
0.989376277498586
0.865550375205748
1
1
1
0.999999583373481
1
1
1
1
1
1
1
1
1
1
1
1
1
0.971459411008332
1
1
0.99997010708856
1
0.972313346490448
1
0.98723178572354
1
1
1
1
1
0.963223448774068
1
1
1
1
1
1
1
0.994535120112404
1
1
1
1
1
1
0.99997010708856
1
1
1
1
1
1
1
1
1
0.994167915334694
1
1
1
1
1
1
1
0.955891121245693
1
1
1
1
1
0.978509571856304
1
1
1
1
1
1
0.973041532600704
1
1
1
0.993211681446119
1
1
0.927125653669677
0.791340889875801
1
1
1
1
1
1
1
1
1
1
0.987876212842386
0.864236189154616
1
1
1
1
1
1
0.979341384666821
1
1
1
1
1
1
1
1
1
1
1
1
1
1
1
0.992863063147522
1
1
1
1
0.985484946136702
1
1
1
1
1
1
1
1
0.996541193966109
1
1
1
1
1
1
0.663408505757251
1
0.878128896308713
1
1
0.993637004659812
1
1
0.978248603024923
1
0.892942229803966
1
1
0.99919238851753
1
1
0.986784665090129
1
1
1
1
1
1
0.978457602392752
0.992134000473644
1
0.845425291686594
1
1
1
1
0.994396825702227
1
1
0.999459586866003
1
1
1
0.994400062291445
1
0.999999068708929
1
1
1
0.976865404647284
1
1
1
1
1
1
1
1
1
1
0.987919044800331
1
1
1
1
1
0.986672706594561
0.993759070408982
1
1
0.997429915709607
0.994940885845222
1
0.974602551341606
1
1
1
1
1
0.999853127490886
0.972422141451795
1
1
1
1
1
1
1
1
1
1
1
0.976703172797915
1
1
1
1
0.983586275986464
0.990672757022203
1
1
1
1
1
0.993355300363578
1
0.982102069103159
1
0.941324812429537
1
1
1
0.935249007003384
1
1
1
1
1
0.987502914829323
1
1
0.857306139312877
1
1
1
0.971348484094841
1
1
1
0.995842049718269
0.980207983489468
1
1
1
1
1
1
1
0.989376277498586
1
1
1
1
1
1
1
1
1
0.972217881604854
1
1
1
1
1
1
0.98662703816045
1
0.994843453849601
1
1
0.959148329098958
1
0.981436598530029
1
1
0.987523767395823
0.989376277498586
1
1
1
1
1
1
1
1
1
1
1
1
1
1
1
1
1
1
1
1
1
1
0.957347269218276
1
1
1
1
1
1
1
1
1
1
1
1
1
1
1
1
1
1
0.9829123184016
1
0.994843453849601
1
1
1
1
1
1
1
0.995014993622684
1
0.965358319601177
1
0.983093778242077
1
1
1
0.893757713865664
0.995069594562031
1
1
1
1
1
1
0.999236467022433
0.97985401735961
1
0.979341384666821
1
1
1
0.979667101641413
0.922950715138567
1
0.986849160650753
1
1
0.992631598358613
1
0.996541193966109
1
1
1
1
1
1
0.919495529878028
1
1
1
0.983227442888769
1
1
1
1
1
0.80421562478731
1
1
1
0.999300947813319
1
1
1
1
1
0.969580455585086
1
0.986186463103121
0.953992276756773
0.99997010708856
1
0.869894548437998
1
1
1
1
1
1
0.978248603024923
1
1
0.85218352975761
1
1
1
1
1
0.999155660951996
1
1
0.999986655351888
1
1
1
1
0.997256077588801
1
1
1
1
1
1
0.973542727736366
1
1
1
1
1
1
1
0.93887582869127
1
1
1
1
1
1
1
1
1
1
1
1
1
1
1
1
1
1
1
0.999998540681419
1
1
0.905886510749015
1
1
0.986406610878369
1
1
1
1
1
1
1
0.991016982680448
0.947200948271553
1
1
1
0.964295057371691
1
1
1
1
0.91807009426368
1
1
1
1
1
1
1
1
1
1
1
1
1
1
0.992863063147522
1
1
1
1
0.978509571856304
1
1
1
1
1
0.986443347890921
1
1
1
0.993637004659812
1
0.780738472560476
1
1
1
1
1
1
1
1
1
1
1
1
1
1
1
1
1
1
1
1
0.941869910473276
0.934249657194977
1
1
1
1
1
1
0.982102069103159
1
1
1
0.977767974607403
1
1
1
0.990075635883186
1
0.986672706594561
1
1
1
1
1
1
0.964992348941663
1
1
1
0.96498179034988
1
1
0.98662703816045
1
1
1
1
1
1
1
1
1
1
1
1
1
1
1
1
1
0.969782595531424
1
1
0.999998540681419
1
1
1
0.989505152654625
1
1
1
1
1
1
1
0.994940885845222
1
1
1
1
1
1
1
1
1
1
0.970939943516203
1
1
1
0.99997010708856
1
1
0.999992774972848
1
1
1
1
1
1
0.948627278599368
0.980941895160233
0.991714753076939
1
1
1
1
1
1
1
1
0.940423616818516
1
0.903404637454107
1
1
1
1
0.99919238851753
0.97188328691618
1
1
1
0.983424959526249
1
1
1
1
1
1
0.976865404647284
0.979667101641413
0.995908834212619
1
0.971459411008332
1
1
1
0.768146616797197
0.987523767395823
1
1
0.792625541430804
1
1
1
1
1
1
0.955069829284264
0.965358319601177
1
0.673833403905485
1
1
1
0.982855999542281
1
1
1
1
1
1
1
1
0.912358118023639
1
1
1
1
1
1
1
1
1
1
1
1
1
0.987919044800331
1
1
1
1
0.997958927518844
1
1
1
1
1
1
1
1
0.969828886802175
0.996959390821132
1
1
0.95488124408877
1
1
1
1
1
1
1
0.986030644298376
1
1
1
0.987810714410321
1
1
1
1
1
1
1
1
1
1
0.989376277498586
1
1
1
1
1
1
1
1
1
1
1
1
1
1
1
1
1
1
1
1
1
1
1
1
0.943698100363412
1
1
1
1
1
1
0.985247979984351
1
1
0.996541193966109
0.995069594562031
1
1
1
0.9829123184016
1
1
1
1
1
1
1
1
1
0.937612355839665
1
0.992134000473644
1
1
1
0.999886259109758
0.999761896649685
1
1
1
1
1
1
1
1
1
1
1
1
1
1
1
1
1
1
1
1
1
0.9728985819935
0.993992052470559
1
0.999997970832723
1
0.950714176491922
0.998553827267654
1
1
0.953471133187095
1
1
1
1
0.991479851510518
1
1
1
1
0.986602205343058
0.944779935294287
1
0.992279274628656
1
0.983782064930989
1
1
1
1
0.992279136532941
1
1
1
1
1
1
1
1
1
1
1
0.982193820053903
1
1
1
0.999853127490886
0.98662703816045
0.999550290081577
0.949571629253766
1
1
0.924657564536395
1
0.957724399706332
1
1
1
0.850592085966821
1
1
1
1
0.999394178056025
1
1
1
1
1
1
1
1
1
1
1
1
1
1
1
1
1
1
1
1
0.992863063147522
1
1
1
1
0.941107296454573
0.982307147721882
1
1
1
1
1
1
1
0.98723178572354
1
1
1
0.971791600364928
1
0.999219830520968
1
1
0.972602036637866
0.999960668937173
1
1
1
0.999800275418241
0.992863063147522
0.994274995190407
0.99999649418304
0.817017921104817
1
1
1
1
1
1
1
0.962968788595581
1
1
1
1
0.999156518173304
1
1
1
1
1
1
0.873873320516595
1
1
1
1
1
0.984429058283158
0.999328309815526
1
1
1
1
1
0.922950715138567
1
1
0.999171434620101
1
1
1
1
0.999320840698067
1
1
1
1
1
0.994869127049606
1
1
0.970161437357247
0.935123742138131
1
1
1
1
1
1
0.910893815424829
0.9829123184016
1
1
1
1
1
1
0.860436144330527
1
1
0.997429915709607
1
1
1
1
1
1
0.93887582869127
0.999328309815526
1
0.999478458911906
0.953992276756773
1
0.999812065125624
1
0.979056830474051
1
1
1
1
1
1
1
1
1
0.996541193966109
1
1
1
1
1
1
1
1
0.984524859350677
1
0.8880328429079
1
1
1
1
1
1
1
0.945477192371007
1
1
1
1
0.989000592351252
1
1
1
1
1
1
1
1
1
1
1
1
1
0.985858253432549
1
1
1
0.998056826076759
1
1
1
1
1
1
1
1
0.939842751709799
1
1
1
1
1
1
1
1
0.994261116206597
1
1
1
1
1
1
1
1
1
1
1
1
1
0.838669274217316
0.994261116206597
0.978509571856304
0.979667101641413
1
1
1
0.995552298819299
1
1
1
1
1
1
0.986186463103121
1
1
1
0.943698100363412
1
1
1
1
0.999219830520968
1
0.970954836187572
0.957347269218276
1
1
0.999352933281175
1
1
1
1
1
1
1
1
1
1
0.994940885845222
1
1
0.978509571856304
1
1
1
1
0.95300865162601
0.524551549167056
1
0.888789136522454
1
1
0.988554242800066
1
1
1
1
1
1
0.978063450688308
0.971459411008332
1
0.903611471155654
1
1
0.71246884736213
1
1
1
0.924554661547148
1
1
1
1
1
1
1
1
1
1
1
1
1
1
1
1
1
1
0.997256077588801
1
0.995908834212619
1
1
1
0.989000592351252
1
1
1
0.967113466609016
1
1
1
1
1
1
1
0.994167915334694
1
1
1
1
1
1
1
1
1
1
1
1
0.999979760579772
1
1
0.954605240038666
1
1
1
1
1
0.999953055853948
1
1
1
1
1
0.977993569748248
1
0.924641520985447
1
1
1
0.994869127049606
1
1
1
1
0.978457602392752
1
1
1
1
0.975168982263653
0.99997010708856
1
0.97159294959227
1
1
1
0.964992348941663
0.960073235846869
1
1
1
0.994274995190407
1
0.990643202088739
1
1
1
1
1
1
1
1
1
1
1
1
1
1
1
0.98723178572354
1
1
1
1
1
1
1
1
1
1
1
1
1
0.979056830474051
0.986406610878369
1
0.94234383163768
1
0.991436663889343
1
1
1
1
1
1
0.98723178572354
0.857306139312877
1
1
1
1
1
1
1
0.976066977837454
1
1
0.97859422243917
0.975398695905075
1
0.987523767395823
1
1
1
1
0.977767974607403
1
0.995842049718269
1
1
1
1
0.994396825702227
1
1
1
1
1
0.987424010145846
1
0.962172785550034
0.987876212842386
1
1
0.979688362768037
0.994691816769769
0.996959390821132
1
0.969193633828721
0.986186463103121
1
1
1
1
1
1
1
1
1
0.9829123184016
1
1
1
1
1
1
1
1
1
1
0.980941895160233
1
1
1
1
1
1
0.999999583373481
1
1
1
1
1
1
1
0.972313346490448
0.992970207093478
1
1
0.996769366571855
1
1
1
1
1
1
1
1
0.984429058283158
1
1
1
1
1
1
1
1
0.94858479089832
0.996543327931986
1
0.990075635883186
1
1
0.93887582869127
0.996959390821132
1
0.984476940809602
0.929823012952113
0.990234279206154
1
1
1
1
1
1
0.878918926270348
0.962172785550034
0.999181187681813
1
1
1
1
1
1
1
0.995069594562031
1
1
1
0.968730943918567
1
1
1
1
1
0.776533661254428
1
0.673434010857287
1
0.999803233452347
1
1
1
1
1
1
1
1
1
1
1
1
0.994691816769769
0.996170186417419
1
1
0.994261116206597
0.999953055853948
1
1
1
0.949881893340063
1
1
1
1
1
1
1
1
1
1
0.988159511027924
1
1
1
1
0.998553827267654
1
1
1
1
0.98279868217139
1
1
1
1
1
1
1
1
1
0.965358319601177
1
1
1
0.994691816769769
1
1
1
0.985247979984351
1
1
1
1
1
1
1
0.937845363995479
1
1
1
1
1
1
1
1
1
1
1
1
0.983455516051266
1
1
1
1
0.952472632853626
0.99997010708856
1
1
1
0.977993569748248
1
1
1
1
0.996959390821132
1
1
1
1
1
0.974316333037518
1
1
0.985484946136702
1
1
0.980941895160233
0.973563111591693
0.907872741826028
1
1
1
1
0.980850560190353
1
1
1
1
1
1
0.98662703816045
1
0.984130026141789
0.973041532600704
1
0.992752947288201
1
1
1
1
1
1
0.974354978035185
1
1
1
1
0.994400062291445
1
1
1
1
1
1
1
0.910893815424829
1
0.99999649418304
0.927685255158475
1
1
0.976865404647284
0.995842049718269
0.944086629863098
1
1
0.994274995190407
0.947926586391427
1
1
1
1
1
1
1
1
1
0.928444631196439
0.929449289527354
1
1
1
0.958995012441417
1
1
1
1
1
1
1
1
1
1
1
1
0.972422141451795
1
1
0.992631598358613
0.893757713865664
0.99965016963691
1
0.990085510127652
1
0.934784184681139
0.934249657194977
0.993661891063615
0.959061095186841
0.982193820053903
0.874760258889406
0.847414400463115
1
1
0.992279274628656
1
1
0.705847013079397
1
0.997256077588801
1
0.952544678205149
1
1
1
1
0.933356995628761
1
0.999139316237178
1
1
1
1
1
1
1
1
1
0.943510108994491
1
1
1
1
1
1
0.903611471155654
0.992752947288201
1
1
0.885070708426206
0.955597449175432
1
1
1
1
1
1
0.994008330921811
1
0.947470799390379
1
1
1
1
1
0.870720960052791
0.999433705302379
1
1
1
1
1
0.959377814854819
1
1
1
1
0.98662703816045
1
1
1
1
1
1
1
1
1
1
1
1
1
1
1
1
1
1
1
0.900819921152857
1
1
1
1
0.994274995190407
1
0.994261116206597
1
1
0.960859155606953
1
1
0.991420278500518
0.980442173256158
0.962985538340314
0.954561953237852
1
0.949881893340063
1
1
0.99919238851753
1
1
1
1
0.852134624243172
1
1
1
0.950827005407791
1
1
1
1
0.968387687039718
1
1
1
0.97789679308294
0.954561953237852
1
0.996424573777951
0.972313346490448
1
1
1
0.992843841604155
1
1
1
0.999997305499619
1
1
1
0.973041532600704
1
0.93766166681393
1
1
1
0.983782064930989
1
1
0.871674805294634
1
1
0.995908834212619
1
1
1
0.995441450116259
1
1
0.901895888392669
1
1
1
1
1
0.990672757022203
1
1
1
1
0.992134000473644
1
0.959061095186841
1
1
1
0.856221464827118
1
1
1
0.962265229877274
1
1
1
1
0.995552298819299
1
1
1
1
1
1
1
1
1
1
1
1
1
0.899969380713601
1
1
1
0.993355300363578
1
1
1
1
1
0.994843453849601
0.958647239523124
1
1
1
1
1
1
0.736082093956267
1
1
0.996543327931986
1
1
1
1
1
1
1
0.999979760579772
1
1
1
1
0.947440902305186
1
1
1
1
1
0.989505152654625
1
1
1
1
1
1
1
1
1
0.894547453927385
1
1
1
1
1
1
1
0.995296168959569
1
1
1
1
1
1
1
1
1
1
1
1
1
0.991452331068266
1
1
1
1
1
1
1
1
0.986993504552318
0.947440902305186
1
1
1
1
1
0.986406610878369
1
0.9995860520735
1
1
1
1
1
1
1
1
1
1
1
1
0.997256077588801
1
0.982102069103159
1
0.981436598530029
0.885960941902231
1
0.982307147721882
1
0.990672757022203
1
1
0.952544678205149
1
1
1
1
1
1
1
1
1
1
1
1
1
0.991420278500518
1
1
1
1
1
1
1
1
1
1
0.994869127049606
1
1
0.846912854669742
1
1
1
1
1
1
1
1
0.958218003154177
1
0.98662703816045
1
1
1
1
0.999478458911906
1
1
1
1
1
1
1
0.929548358073277
1
1
1
1
1
1
0.958995012441417
1
1
0.970612151753693
0.97886469119652
1
1
1
0.947200948271553
1
1
0.961548679182678
1
1
1
1
1
1
0.974759280003381
1
1
0.984476940809602
1
0.901659350082044
0.955069829284264
1
1
1
1
1
1
1
1
1
1
1
0.959822508689352
1
1
0.983207897129517
0.95300865162601
1
1
1
0.874076984846521
1
1
0.997958927518844
0.949850568245277
1
0.995552298819299
1
1
1
1
1
1
1
1
1
0.975126257315202
1
1
0.99999649418304
1
1
1
1
1
1
1
1
1
1
0.972602036637866
1
0.969646893855076
1
1
1
0.999394178056025
1
1
1
1
1
1
1
1
0.984476940809602
1
1
1
1
1
1
1
1
1
1
0.982108788289709
1
1
0.82244304284185
1
0.996769366571855
0.56228126948484
1
0.861745714735776
1
0.999999068708929
1
1
1
1
1
1
1
1
1
0.957061609797038
1
1
0.964164431555561
1
1
1
0.999394178056025
1
1
1
0.999143950936683
1
0.982108788289709
1
1
1
1
1
1
1
0.99965016963691
1
1
1
1
0.97782526677888
1
1
1
1
1
1
1
1
1
1
1
1
1
0.978310586992515
0.992970207093478
1
1
1
1
1
1
1
1
0.919495529878028
1
1
1
0.978741234579177
1
1
1
1
1
1
1
1
0.994535120112404
1
1
1
0.990075635883186
1
0.857306139312877
0.694240168987248
1
0.997429915709607
1
1
1
0.976703172797915
1
0.99997010708856
1
0.93887582869127
0.971341960295998
1
1
1
1
1
0.952544678205149
1
1
1
0.98046170505193
1
1
1
1
1
1
1
0.970612151753693
1
1
1
0.999986655351888
0.999953055853948
1
1
1
1
1
1
1
1
1
0.999581935068467
1
0.952472632853626
1
1
1
0.988554242800066
1
1
1
1
0.970612151753693
1
1
0.980442173256158
0.972386006603308
1
1
0.994261116206597
1
1
1
1
0.988159511027924
1
0.974602551341606
1
1
1
1
1
1
1
1
0.98279868217139
1
1
1
0.815208834760355
0.995552298819299
1
1
1
1
1
1
1
1
1
1
1
1
1
1
1
1
1
1
1
1
1
1
0.990234279206154
0.974759280003381
0.973563111591693
1
0.9995860520735
1
1
1
1
0.999979760579772
1
0.936197361027006
0.998056826076759
1
1
1
1
1
1
1
1
1
1
0.971348484094841
1
1
1
1
1
1
1
0.994008330921811
1
1
1
1
1
1
0.97859422243917
0.995908834212619
1
0.993920649884429
1
1
0.999352933281175
1
1
1
1
1
1
0.999912876241882
1
0.839821743985225
1
1
0.997256077588801
0.947926586391427
1
1
1
1
1
1
1
1
1
1
1
1
0.973305667296006
1
1
1
1
0.947200948271553
1
1
1
0.999761896649685
1
1
1
1
0.981537579035348
1
1
1
0.980850560190353
0.945373797736297
1
1
1
1
0.717112204579539
0.707149112762114
1
1
1
1
1
1
1
1
0.957347269218276
1
0.932498728538711
1
1
1
1
0.938182867395747
1
1
0.985484946136702
1
0.913828655337238
1
0.94858479089832
1
1
1
1
1
0.990075635883186
0.999171434620101
1
1
1
1
1
0.999320840698067
1
1
1
1
1
1
0.596428128066414
1
0.915922052151154
0.989180893055047
1
0.981486106566763
1
0.994843453849601
0.939150498637399
1
1
0.999162973677219
0.533392425679183
1
1
1
1
1
1
0.964164431555561
1
1
1
1
0.981436598530029
1
1
0.999812065125624
1
0.97789679308294
1
1
0.959822508689352
1
1
1
1
1
1
1
1
1
1
1
1
1
1
1
1
1
0.999953055853948
0.993759070408982
1
1
1
1
1
1
1
1
1
1
1
1
1
1
0.954680207723943
1
1
1
1
1
0.986849160650753
1
1
1
1
1
1
1
1
1
1
0.907872741826028
1
1
1
1
0.97113709905451
1
0.98662703816045
0.973563111591693
1
0.986784665090129
0.991452331068266
1
1
1
1
1
1
0.972217881604854
1
1
1
1
0.993858709990135
1
0.977254554672738
0.99592880448285
1
1
1
1
0.948119574244509
1
1
1
1
1
1
1
1
1
0.984476940809602
1
0.921542219583479
1
1
1
1
1
0.99919238851753
1
1
1
1
1
1
1
0.96498179034988
1
1
0.984476940809602
1
1
1
1
1
1
1
1
1
1
0.995842049718269
1
0.943019098344464
0.988248274820478
1
1
1
1
1
1
0.984476940809602
1
1
1
1
1
1
1
1
1
0.915211645196249
1
1
0.989505152654625
1
1
1
1
1
1
1
1
1
1
1
1
1
1
1
1
0.993211681446119
1
1
1
1
1
0.955597449175432
0.959300672012483
1
1
1
1
1
1
1
0.992279274628656
0.985484946136702
1
0.97782526677888
1
1
1
1
0.75710614559612
0.992631598358613
1
1
1
1
1
1
1
1
1
0.965506400685388
0.985247979984351
1
1
1
1
0.983476130469586
1
1
1
1
1
1
1
1
0.984524859350677
1
1
0.807243475256496
1
0.947252810085046
1
1
1
1
0.993211681446119
1
1
0.948627278599368
1
1
1
1
1
1
1
1
0.918970894659168
1
1
1
0.994396825702227
1
1
1
1
0.934807371893762
1
1
1
0.984524859350677
0.990075635883186
0.999812065125624
1
1
0.959406339790502
1
1
1
0.979056830474051
1
1
1
0.984476940809602
1
1
1
1
1
0.965506400685388
1
1
1
1
1
1
0.983207897129517
1
1
0.999529046568719
1
1
1
1
1
1
1
1
0.993992052470559
1
1
1
1
1
0.976133425818274
1
1
1
1
1
1
0.985801025816987
1
0.975126257315202
1
1
0.999953055853948
1
1
0.899248363921771
1
0.980941895160233
1
1
1
1
0.969646893855076
1
1
1
1
0.962265229877274
1
1
1
1
1
0.990085510127652
1
1
1
0.770855801329268
0.984429058283158
1
1
1
1
1
1
1
0.964992348941663
1
0.989376277498586
1
0.948678584614632
1
1
1
1
1
1
1
1
1
1
0.960859155606953
1
0.910444981408404
1
0.942925698460003
1
1
0.98409481258767
1
1
1
0.868290621504171
1
1
0.965506400685388
0.943510108994491
1
1
1
1
1
1
1
1
1
0.986694805749313
1
0.978457602392752
1
0.961096373448398
1
1
1
1
1
1
1
1
0.968387687039718
0.944086629863098
1
0.986672706594561
1
1
1
1
0.970314929256884
1
0.560578229950868
1
1
0.977767974607403
1
1
1
1
1
0.982102069103159
0.80421562478731
1
0.999394178056025
1
1
1
1
1
0.752821826132705
1
1
1
1
1
0.996959390821132
1
1
0.991798754454054
0.965987156789145
0.99365763034023
1
1
0.986443347890921
1
0.999997970832723
1
1
1
0.994396825702227
1
1
1
1
1
1
0.992444233062313
1
1
1
1
0.96206828999681
1
0.995552298819299
0.997429915709607
1
1
0.97782526677888
1
0.909520276524046
1
1
1
1
0.994261116206597
1
1
1
0.999995491921533
1
1
1
0.903862511038398
1
1
1
1
1
1
1
1
1
1
1
1
1
1
1
1
1
1
1
1
1
1
1
1
1
0.978248603024923
1
1
1
1
1
1
1
0.9728985819935
1
1
0.965987156789145
0.9829123184016
1
1
1
1
0.995441450116259
1
1
1
1
1
1
0.990234279206154
1
1
0.993211681446119
1
1
1
1
1
1
0.910126121787886
0.999979760579772
1
1
1
1
1
0.984461398734567
1
1
0.992843841604155
1
1
0.964295057371691
0.99919238851753
1
0.979667101641413
1
1
1
0.813737452336904
0.999986655351888
1
1
1
1
1
1
1
1
1
1
1
1
1
1
1
1
1
1
0.998056826076759
1
1
1
0.998553827267654
0.831069605770999
1
1
0.999997305499619
1
1
1
1
0.902955861460137
0.999394178056025
0.986849160650753
1
0.995344472763261
1
1
1
1
1
1
0.946434576317973
1
1
0.993355300363578
1
0.979667101641413
1
1
1
1
0.999219830520968
1
0.981486106566763
1
1
1
0.714364162182762
1
0.967113466609016
1
1
1
1
1
0.999999068708929
1
1
1
0.990721139115083
1
0.978408529974126
1
1
0.991479851510518
0.970939943516203
0.872629983406807
0.97159294959227
0.999979760579772
0.933522793778141
1
1
0.941324812429537
1
1
1
1
1
1
0.976133425818274
1
1
1
1
1
0.999761896649685
1
0.999953055853948
1
1
1
1
0.99965016963691
0.924657564536395
1
0.996959390821132
0.995842049718269
0.999135503694457
0.877041443489603
1
0.938032292067371
0.97722402616137
1
1
1
1
1
1
1
1
1
1
1
0.986694805749313
1
1
0.999529046568719
0.877219157553402
0.999997970832723
0.972131781019768
0.993811453177688
1
0.958995012441417
1
0.999394178056025
1
0.966874370168892
1
1
1
1
0.941107296454573
1
1
1
0.974759280003381
1
1
1
1
1
1
1
0.924577569584554
1
1
1
0.965506400685388
1
1
1
1
1
1
1
1
1
1
1
1
1
1
1
1
1
0.94858479089832
1
1
1
1
1
1
1
1
0.99592880448285
1
1
1
0.999800275418241
1
0.995069594562031
1
1
1
1
1
1
1
1
0.947421325637974
0.970954836187572
0.996959390821132
1
1
1
0.94555180316355
1
1
1
0.960859155606953
1
0.956611649805909
1
1
0.999139316237178
1
1
1
1
1
0.999276743206328
1
1
1
0.978457602392752
1
0.977807571165774
1
1
1
0.960859155606953
1
0.982457000627683
1
1
0.993355300363578
1
1
1
0.98662703816045
1
1
0.990672757022203
1
1
1
0.981537579035348
0.995441450116259
1
0.960073235846869
1
1
1
0.996543327931986
0.989180893055047
1
1
1
0.965358319601177
1
0.989505152654625
1
1
1
1
1
0.999934570260104
1
1
1
1
1
1
1
1
1
0.958995012441417
1
1
0.998056826076759
1
1
0.999953055853948
1
0.985477795376844
0.981486106566763
1
1
1
0.979688362768037
1
1
0.993992052470559
1
1
0.999132685740304
1
1
1
0.521018058188937
0.000138665852899563
1
1
1
1
1
0.946988939978983
1
1
1
1
1
1
0.981436598530029
1
1
1
1
1
1
1
0.95300865162601
1
1
1
1
1
0.97113709905451
1
1
1
1
0.999478458911906
1
0.970496529162852
1
1
0.978310586992515
0.980941895160233
1
1
0.900327291118872
1
1
0.959607794562377
0.99965016963691
1
1
1
1
1
0.994261116206597
0.97722402616137
1
1
1
1
1
0.992279274628656
1
0.816463788992886
0.950827005407791
1
1
0.999934570260104
1
1
1
1
1
1
1
0.962985538340314
1
1
1
1
1
1
0.999999583373481
1
1
1
0.873977351853354
1
1
1
1
0.990721139115083
1
1
1
1
1
1
1
1
0.999320840698067
1
0.961442252468854
1
1
1
1
0.982374454991311
0.989376277498586
0.998056826076759
1
1
1
1
0.992279274628656
1
1
1
1
1
1
0.974759280003381
0.993901087864731
1
1
1
0.992970207093478
1
1
0.980442173256158
1
0.985920325418027
1
1
1
0.975398695905075
0.787252877524415
1
1
1
1
1
1
1
1
1
1
1
0.991420278500518
1
0.993858709990135
1
1
1
0.98279868217139
1
1
1
1
1
1
1
0.999912876241882
1
1
1
1
1
1
1
1
1
0.980941895160233
1
1
1
1
0.943510108994491
1
1
1
1
1
1
1
1
1
1
1
1
0.99999426133111
0.953471133187095
1
0.977254554672738
1
0.97985401735961
1
1
1
1
1
0.985858253432549
1
1
1
0.995552298819299
1
1
0.973542727736366
1
1
1
1
0.980941895160233
1
1
0.999359230322545
1
1
1
1
1
1
1
1
1
1
0.999359230322545
0.906866157387042
1
1
1
1
1
1
1
0.971799109283561
1
1
1
0.990075635883186
1
1
1
1
1
1
1
1
0.889661116594529
0.939150498637399
1
1
1
1
0.993211681446119
1
0.955597449175432
1
0.949571629253766
1
1
1
1
1
1
0.986030644298376
1
0.767431694983896
0.993637004659812
1
1
1
1
1
1
0.964992348941663
1
1
1
1
1
1
1
1
1
1
0.960708203062821
1
1
1
1
1
1
1
0.980038766692759
0.983586275986464
1
1
1
1
1
1
1
1
1
1
1
0.994396825702227
0.958647239523124
1
0.869292551773667
1
0.993637004659812
1
1
1
0.962968788595581
1
0.932350898815869
1
1
1
0.983227442888769
0.95488124408877
1
1
1
1
1
1
1
1
1
1
1
1
1
1
1
1
1
1
1
1
0.999995491921533
1
1
1
1
1
1
1
1
0.993805178105988
1
1
1
0.993378957627291
1
1
0.815257399969291
1
1
0.778039168626705
1
1
1
1
1
1
0.961548679182678
1
0.680155533963926
1
1
0.997958927518844
1
0.97985401735961
1
0.999997970832723
1
1
1
0.979503110984908
1
1
1
0.959061095186841
1
1
0.97985401735961
0.994261116206597
1
0.999986655351888
1
1
1
1
0.984972037822972
1
0.979688362768037
1
0.952544678205149
0.99997010708856
1
1
1
1
1
1
1
1
1
1
0.995296168959569
1
1
0.999803233452347
0.96206828999681
1
1
1
1
1
1
1
1
1
1
1
1
1
1
1
1
1
1
1
1
1
1
1
1
1
1
1
1
1
1
1
0.974602551341606
1
1
1
1
1
1
1
1
1
1
1
0.993211681446119
1
1
0.99999649418304
1
1
1
1
1
1
0.956994053182309
1
1
1
1
0.9995860520735
1
1
1
1
0.993211681446119
0.991420278500518
1
1
1
1
1
1
1
1
1
1
1
1
1
1
1
1
1
1
1
0.999394178056025
1
1
0.965506400685388
1
0.994274995190407
1
0.978457602392752
0.999276743206328
0.99999649418304
0.980941895160233
1
0.98578077703395
1
1
0.900327291118872
1
1
1
0.999320840698067
1
1
0.999999068708929
1
1
1
1
1
1
1
1
1
1
1
1
1
1
0.939842751709799
0.994843453849601
1
0.925921810193544
1
1
1
1
1
1
1
1
1
1
1
1
1
1
1
1
1
1
1
1
1
0.995069594562031
1
1
1
1
1
1
1
1
1
1
0.994249083238464
1
0.995842049718269
0.999995491921533
1
0.992006765400825
1
0.961548679182678
1
1
1
1
0.9995860520735
1
1
1
1
1
1
1
0.994249083238464
1
1
1
1
1
1
1
0.969193633828721
1
0.994167915334694
1
1
1
1
1
1
1
0.998665049382034
0.960859155606953
1
1
1
1
1
1
0.989180893055047
1
1
1
1
1
1
1
1
1
1
1
1
1
1
1
1
1
1
1
1
1
1
1
1
1
1
0.999979760579772
1
1
1
1
1
1
1
1
1
1
1
1
1
1
0.897067141487049
1
1
1
0.770855801329268
1
1
1
1
0.94555180316355
1
1
1
1
1
1
0.993992052470559
1
0.996170186417419
1
0.97722402616137
0.990075635883186
0.9829123184016
1
0.999992774972848
1
1
1
1
1
1
1
0.999581935068467
1
0.999999583373481
0.996769366571855
1
0.987919044800331
1
1
1
1
1
1
0.99997010708856
0.965987156789145
1
1
1
1
1
0.920499357943592
1
1
1
1
0.999999583373481
1
1
0.993661891063615
0.990721139115083
1
1
1
0.928444631196439
1
1
1
1
1
1
1
1
1
1
1
1
1
1
1
1
1
1
1
1
1
1
1
0.935452907722465
1
1
1
1
1
0.982374454991311
1
1
1
1
0.849781889189079
1
1
1
1
1
0.980207983489468
1
1
1
1
0.995441450116259
0.997958927518844
1
1
1
1
0.98297346958575
1
1
1
1
1
1
1
1
0.999853127490886
1
1
1
1
1
1
1
1
1
0.979503110984908
1
1
1
1
1
1
0.969226951138501
1
0.947200948271553
1
1
1
1
1
1
1
1
0.985920325418027
1
1
0.986049289753281
1
1
1
1
1
0.952472632853626
0.742586954346033
1
1
1
1
1
1
1
1
1
1
0.976865404647284
1
1
0.998553827267654
0.870720960052791
1
1
1
1
1
0.996541193966109
0.991016982680448
0.929823012952113
0.999352933281175
1
1
1
1
1
1
1
1
1
1
1
1
0.984476940809602
1
1
0.999999583373481
1
0.999998540681419
0.872353725580373
1
1
0.913828655337238
0.948627278599368
1
1
0.999953055853948
1
1
1
1
1
1
1
0.963223448774068
1
0.971799109283561
1
1
1
1
0.973305667296006
1
1
0.928444631196439
0.986993504552318
0.986602205343058
0.993685536290979
1
1
1
0.969828886802175
1
1
1
1
1
0.971348484094841
0.996959390821132
1
0.968535254779003
1
1
1
1
1
1
1
1
1
1
1
1
1
1
1
1
1
0.99919238851753
1
1
1
1
1
1
1
1
1
1
0.996959390821132
1
1
0.708582592138227
0.909612940048097
1
0.999529046568719
1
1
0.966874370168892
1
1
1
1
1
0.93766166681393
0.999529046568719
1
1
1
1
1
1
1
0.986694805749313
1
1
1
1
1
1
1
1
1
1
1
1
1
1
1
1
0.957347269218276
1
1
1
1
1
1
1
1
1
1
0.998553827267654
0.790601654035618
1
1
1
1
1
1
1
0.999143950936683
1
1
1
1
1
1
1
1
1
1
1
1
1
1
1
1
1
1
1
1
1
1
1
1
1
1
1
1
1
1
1
1
1
1
1
1
0.962663161252422
1
1
0.973563111591693
1
1
0.990234279206154
1
1
1
1
0.999979760579772
1
0.977767974607403
1
1
1
1
1
1
0.97789679308294
1
0.994535120112404
1
1
1
1
1
0.945477192371007
1
1
1
0.992863063147522
1
1
0.924312556053292
0.990672757022203
1
1
1
0.98662703816045
1
1
1
1
1
0.999991017796207
1
1
1
1
1
0.999219830520968
1
1
0.607179335566799
0.839821743985225
1
0.963342073479357
1
1
1
1
1
0.96498179034988
1
1
0.970954836187572
1
1
1
1
0.977767974607403
1
1
0.985247979984351
1
1
1
0.923967028306209
0.944107454952775
1
0.69050603241425
1
1
1
1
1
1
1
1
1
1
1
0.968387687039718
1
1
1
0.865550375205748
1
1
0.994396825702227
0.994396825702227
1
1
1
0.99919238851753
1
0.98046170505193
1
1
1
1
1
1
1
1
0.992970207093478
1
1
1
0.961096373448398
0.967113466609016
1
0.986030644298376
1
0.985247979984351
0.675294193355238
1
1
0.984972037822972
1
1
1
1
0.97789679308294
1
1
1
1
0.982016889622946
1
1
1
1
1
0.883109871330741
1
1
1
1
1
1
1
1
1
1
1
1
0.992863063147522
1
1
1
0.994512888591648
1
1
1
1
1
0.955891121245693
1
1
0.934249657194977
0.995552298819299
1
1
1
1
0.964992348941663
1
1
1
1
1
1
1
1
1
1
1
1
0.992863063147522
1
1
1
1
1
1
1
0.970314929256884
1
1
1
1
1
1
1
1
0.994535120112404
1
1
0.994074058893855
1
1
1
0.91807009426368
1
1
1
1
1
1
1
0.827127654239022
1
0.974316333037518
1
1
0.906866157387042
1
0.999328309815526
1
1
1
1
0.960704097992405
1
1
0.993719460798445
1
1
1
0.939842751709799
1
1
0.996769366571855
1
1
1
1
1
1
0.978310586992515
1
1
0.999255349938744
1
0.999255349938744
1
1
1
1
1
1
0.560578229950868
1
1
1
1
1
1
1
1
1
1
1
1
1
1
1
1
1
1
0.919495529878028
1
1
1
1
1
1
1
0.993083936593598
1
1
0.99965016963691
1
1
1
1
0.984524859350677
1
1
1
1
1
0.986849160650753
1
0.902769639593743
1
1
1
1
1
0.991452331068266
1
1
1
1
1
0.971341960295998
1
1
1
1
1
1
1
1
0.978809100002868
1
0.995069594562031
0.973563111591693
1
1
0.905506039121403
1
1
1
1
1
1
1
1
0.928444631196439
1
1
1
0.992970207093478
1
1
1
0.976865404647284
0.973041532600704
1
1
1
1
1
1
0.972129911816815
1
0.985785572762818
0.981923372629394
1
1
0.942210525843948
1
1
1
0.986305550210777
1
1
1
1
1
0.942210525843948
1
1
1
1
0.985995786436109
1
1
1
0.999999583373481
0.994261116206597
1
1
1
1
1
1
0.992279274628656
1
1
1
1
0.978509571856304
1
1
1
1
1
1
1
1
1
1
1
1
0.999886259109758
1
1
1
1
0.893014801743321
0.910381562788219
1
1
1
0.99997010708856
1
1
0.998056826076759
1
1
1
1
1
1
1
1
1
1
1
1
1
1
1
1
0.973305667296006
0.996959390821132
0.989376277498586
0.941869910473276
1
1
0.983227442888769
1
1
0.997958927518844
1
1
1
0.999912876241882
1
1
0.947926586391427
1
1
0.975168982263653
1
0.936229735989062
0.996170186417419
0.984130026141789
1
1
1
0.939150498637399
0.914026565098465
1
0.969484177776574
1
1
1
1
1
1
1
0.992279274628656
1
1
1
1
1
1
1
1
0.985247979984351
1
1
1
0.970161437357247
0.999934570260104
1
1
1
1
1
1
1
0.565791989847044
0.993622993509066
0.993622993509066
0.992279136532941
1
1
1
1
1
0.977993569748248
1
0.991452331068266
1
0.981486106566763
1
1
1
1
0.994400062291445
1
1
1
1
1
1
1
0.941298029235358
1
1
1
1
1
0.987810714410321
0.86113809385187
1
1
1
1
1
1
1
1
0.968387687039718
1
1
1
0.973563111591693
0.982855999542281
0.999853127490886
0.995069594562031
1
1
1
1
0.938032292067371
1
1
1
1
1
0.947470799390379
0.997388385697328
1
1
1
1
0.999433705302379
1
1
0.998553827267654
0.994512888591648
1
1
1
1
1
1
1
0.994691816769769
1
1
0.941107296454573
1
1
1
1
1
1
1
1
0.982855999542281
0.70597097843804
1
0.999255349938744
1
0.9728985819935
1
1
1
1
1
0.754358475524989
1
1
1
1
1
1
1
1
1
1
0.995842049718269
1
1
1
1
0.979341384666821
1
0.965358319601177
1
1
1
1
1
1
1
1
1
0.865974746116542
1
1
1
1
1
1
1
1
1
1
1
1
1
0.999997970832723
1
1
1
1
0.995552298819299
0.949571629253766
0.965358319601177
1
1
0.979688362768037
1
1
1
1
0.999359230322545
1
1
0.97005808857673
1
1
1
1
1
1
1
1
1
1
1
1
1
1
1
1
1
1
1
0.999979760579772
1
1
1
1
1
1
1
1
1
1
1
1
1
0.976319327619847
1
1
1
1
1
1
1
0.987424010145846
1
1
1
1
1
0.756073023509935
1
1
1
1
0.774709390411055
1
1
0.943698100363412
1
1
1
0.980038766692759
1
1
0.997958927518844
0.989000592351252
0.893014801743321
1
1
1
1
0.999219830520968
1
1
1
0.928444631196439
1
1
1
0.97159294959227
1
1
1
1
1
1
1
1
1
1
0.990672757022203
0.971459411008332
0.972602036637866
1
1
1
1
1
1
1
1
1
1
1
1
1
1
1
0.98662703816045
1
0.999581935068467
0.810610529539199
1
1
0.95488124408877
1
1
1
1
0.983207897129517
1
1
1
1
1
1
0.953471133187095
1
1
1
1
1
1
1
1
1
1
0.989180893055047
1
1
1
1
1
1
0.916662784116034
0.96206828999681
1
0.999722230676205
1
1
1
0.97722402616137
1
1
0.880795134154298
1
1
1
1
0.919227066563964
1
1
1
1
1
1
1
1
1
1
1
1
1
1
1
1
1
1
1
0.99999426133111
1
1
1
1
1
1
0.991895577773146
1
1
1
0.991441991904103
0.907872741826028
0.998553827267654
0.933439343263876
1
0.990085510127652
0.872629983406807
1
0.995908834212619
1
1
1
1
1
0.982102069103159
1
1
1
1
1
1
1
1
0.968068234549931
1
1
1
1
1
1
1
1
1
1
1
1
1
1
1
1
1
1
0.98578077703395
1
0.979056830474051
1
0.991016982680448
1
1
1
1
0.992279274628656
1
1
1
1
1
1
0.995441450116259
1
0.96498179034988
1
1
1
1
1
1
1
1
1
1
1
0.991642147211083
1
0.982374454991311
1
1
0.999803233452347
1
0.992843841604155
1
0.993920649884429
1
1
1
1
1
0.924554661547148
1
1
1
1
1
1
1
1
1
0.930787073671261
0.936442009048708
1
1
0.938182867395747
1
0.989000592351252
0.999139316237178
1
1
0.999800275418241
1
1
1
1
1
1
0.936442009048708
1
0.994274995190407
1
1
1
1
1
1
0.961096373448398
1
0.999995491921533
1
1
1
1
1
1
1
1
1
1
1
1
0.999953055853948
1
1
1
1
1
1
1
0.991420278500518
0.987502914829323
1
1
1
1
0.98297346958575
1
1
1
1
1
1
1
1
1
1
1
0.973542727736366
1
0.987523767395823
1
1
0.98046170505193
0.988159511027924
1
1
1
1
1
1
1
0.999394178056025
1
1
1
0.999991017796207
1
1
1
1
1
0.991441991904103
1
1
0.953036770600581
1
0.969828886802175
1
1
1
0.99997010708856
1
1
1
0.997256077588801
1
0.936442009048708
1
1
1
1
1
1
1
0.882325261318866
1
1
0.945547803780607
1
0.999149362177607
1
1
1
1
1
1
0.999320840698067
1
1
1
1
0.992631598358613
1
1
0.995344472763261
1
1
1
1
1
1
0.948074754559086
0.992006765400825
1
1
1
1
1
0.999998540681419
0.991394732980845
0.999986655351888
0.88437996924064
1
1
1
1
1
1
1
1
1
0.905886510749015
1
1
1
1
0.99965016963691
1
1
1
0.839823845211909
1
1
1
1
1
1
1
0.682540382445249
1
1
0.992279274628656
1
1
1
0.990643202088739
1
1
1
1
1
0.993355300363578
1
0.841114808012373
0.912358118023639
0.988204479417122
0.987876212842386
1
1
1
0.941890359837473
1
0.986672706594561
1
1
1
1
1
1
1
1
0.992970207093478
1
1
1
1
1
1
1
0.961548679182678
0.994535120112404
0.980850560190353
1
1
1
1
1
1
1
1
1
1
1
0.994396825702227
1
1
0.9995860520735
1
1
1
1
0.954605240038666
0.969828886802175
0.981486106566763
1
1
1
1
1
0.995296168959569
1
1
0.97113709905451
1
0.997429915709607
1
1
1
1
1
1
1
1
1
0.851000668599085
1
1
1
1
0.978457602392752
1
0.931587790317552
1
1
1
0.974602551341606
1
1
0.968535254779003
1
1
1
1
1
1
1
1
1
0.987919044800331
0.995296168959569
1
1
1
1
1
1
0.993622993509066
1
1
1
0.975398695905075
1
1
1
1
1
1
1
0.980442173256158
0.933356995628761
1
1
1
0.906866157387042
0.995842049718269
1
1
1
1
0.999722230676205
1
1
1
1
1
1
0.980850560190353
1
0.779231376637384
1
0.982769308719819
1
0.982102069103159
1
0.89810984747895
1
1
1
1
0.975168982263653
1
0.975398695905075
1
1
0.993719460798445
1
1
1
1
0.9728985819935
0.966874370168892
1
1
0.914576042903629
1
0.986305550210777
1
1
1
1
1
0.933752752894757
0.99920520705813
1
0.986305550210777
1
1
1
1
1
0.962968788595581
1
0.99998898934085
1
1
1
0.973305667296006
0.934910748596445
1
1
1
1
1
1
1
1
1
0.963342073479357
1
1
1
1
1
0.778981414450645
1
0.990085510127652
1
1
1
1
1
1
1
1
1
0.926377202719732
1
1
1
1
1
0.999886259109758
1
1
1
1
1
1
1
1
1
1
1
1
1
0.999995491921533
0.995441450116259
0.926377202719732
1
0.952544678205149
1
1
0.925921810193544
0.929112791339113
1
1
0.970612151753693
1
0.97985401735961
1
1
1
1
0.993211681446119
1
1
1
1
1
1
0.997958927518844
1
1
1
1
1
1
1
0.986045268562602
1
0.99592880448285
1
0.972129911816815
1
0.999986705332399
1
0.986030644298376
0.895593410330643
0.982102069103159
1
0.897824293556566
1
1
1
1
1
1
1
1
0.964992348941663
1
1
1
1
1
1
1
1
1
1
1
1
1
1
1
0.999276743206328
0.99592880448285
1
0.910381562788219
0.9995860520735
0.997958927518844
1
0.928444631196439
1
1
1
1
1
1
0.985785572762818
1
1
1
1
1
1
1
1
1
1
0.986049289753281
1
1
1
1
0.978310586992515
1
1
0.990721139115083
1
1
1
1
0.9995860520735
1
1
0.988204479417122
0.978457602392752
1
1
1
1
1
1
1
0.888187620993658
1
1
1
1
1
1
0.956994053182309
1
1
1
1
0.964114806302556
1
1
1
1
1
1
1
1
1
1
1
1
1
1
1
1
1
1
1
1
1
0.999992774972848
1
1
1
1
1
1
1
1
1
1
1
1
1
1
1
1
1
1
0.994274995190407
1
1
1
1
1
1
0.934249657194977
1
1
1
0.980442173256158
0.865550375205748
1
1
1
1
1
1
1
1
0.994940885845222
1
1
1
1
1
1
1
1
1
0.997958927518844
1
1
1
1
1
1
1
1
1
1
1
0.999529046568719
1
1
0.999149362177607
1
1
1
1
1
0.999953055853948
1
1
0.964992348941663
1
1
1
1
0.983476130469586
1
1
1
1
1
0.980038766692759
0.981486106566763
1
0.998056826076759
1
1
1
1
0.989505152654625
1
1
1
1
1
0.992631598358613
0.999529046568719
1
1
1
0.978457602392752
1
1
0.976703172797915
1
1
1
1
1
1
1
1
1
1
0.915922052151154
1
0.988159511027924
1
1
1
0.974316333037518
1
1
1
1
0.905605890433137
1
0.993622993509066
1
0.990721139115083
0.994396825702227
1
1
1
1
0.988554242800066
1
1
1
1
1
1
1
0.778059279091298
1
0.996959390821132
1
1
0.980207983489468
1
1
1
1
1
1
0.993992052470559
1
1
1
1
0.95300865162601
1
1
0.980442173256158
1
1
1
1
1
1
1
1
1
0.995441450116259
0.991016982680448
1
1
0.894547453927385
1
1
1
1
1
1
1
1
1
1
0.964114806302556
1
1
1
0.893757713865664
0.999171434620101
1
1
1
1
1
1
1
1
0.959607794562377
1
0.97113709905451
1
1
0.948805290350125
1
1
1
1
0.762093976315727
1
0.993083936593598
1
1
0.994274995190407
1
1
0.969828886802175
1
1
1
1
0.920499357943592
0.994940885845222
1
0.986049289753281
1
1
0.896814763983582
1
1
1
1
1
1
1
1
0.80863112145174
1
0.970649862668561
1
1
0.991579605477151
1
1
1
1
1
1
1
1
1
1
1
1
1
1
0.97722402616137
1
1
1
0.995069594562031
1
0.980038766692759
1
0.980207983489468
1
1
0.999631217371791
1
1
1
1
1
0.972131781019768
1
0.965987156789145
1
1
1
1
1
1
0.986784665090129
0.987919044800331
1
0.995552298819299
0.976133425818274
1
1
0.924657564536395
1
1
0.999999583373481
1
1
1
1
1
1
1
1
1
1
1
1
1
1
1
1
1
0.884111353337226
1
0.990075635883186
1
1
1
1
1
1
0.979056830474051
1
1
1
1
1
0.979056830474051
1
1
0.978509571856304
1
0.987876212842386
1
0.893541702385233
1
1
1
1
0.969828886802175
0.987523767395823
1
1
1
1
0.921637814297255
1
1
1
1
1
1
1
1
1
1
1
1
1
1
0.999135503694457
1
0.999998540681419
1
1
1
0.972131781019768
1
1
1
1
1
1
1
1
1
1
0.994261116206597
0.973305667296006
1
0.993622993509066
0.801095020639167
1
0.985477795376844
0.972602036637866
0.992279136532941
1
1
0.974759280003381
1
1
1
1
1
1
1
1
1
1
1
1
1
1
0.999359230322545
1
1
0.873977351853354
1
1
1
1
1
1
1
1
1
1
1
1
1
0.944721452892227
1
0.82661643842562
1
0.98279868217139
1
1
1
1
1
1
1
1
0.999149362177607
1
1
0.97722402616137
1
1
0.999997305499619
1
1
1
0.995069594562031
1
1
1
1
1
1
1
1
1
1
1
1
1
1
1
1
1
1
1
0.997958927518844
1
1
1
1
1
1
1
1
0.900819921152857
1
1
1
1
1
1
1
1
1
1
0.996170186417419
1
1
1
1
1
1
1
1
1
1
0.994261116206597
1
1
1
0.993858709990135
1
1
1
1
1
1
1
1
1
1
0.973041532600704
1
1
1
1
1
0.945367941395967
1
1
1
1
1
1
1
1
1
1
0.992444233062313
1
1
1
0.978248603024923
0.982641010285525
1
1
1
1
0.961442252468854
1
1
1
1
1
1
0.912776452663661
1
1
1
1
0.896814763983582
1
0.995842049718269
1
0.957347269218276
1
1
0.996170186417419
1
1
0.75055422212294
1
1
0.986849160650753
1
1
1
0.968730943918567
1
1
1
1
1
1
1
1
1
1
1
1
1
1
0.915211645196249
0.987919044800331
1
1
1
1
1
1
1
1
1
1
1
1
1
1
0.959501590928684
0.999800275418241
1
0.637519979697978
1
1
1
1
1
1
0.947470799390379
1
1
1
1
1
1
1
1
1
1
0.948074754559086
1
0.988248274820478
1
1
1
1
0.987919044800331
1
1
1
1
1
1
1
1
0.993211681446119
1
1
0.983455516051266
1
0.958995012441417
1
1
1
0.984476940809602
0.92473246968899
1
1
0.999131039349392
0.999276743206328
1
0.990721139115083
1
1
1
1
0.985484946136702
1
0.875490867921468
0.985247979984351
1
1
1
1
0.629875931869108
1
1
1
1
1
0.989376277498586
1
1
1
1
1
0.999999068708929
1
1
0.913360415155256
1
0.991642147211083
0.98662703816045
1
1
1
1
0.96206828999681
1
1
1
0.665228675240476
0.999478458911906
1
0.999999583373481
0.960365137718252
1
1
1
1
1
1
1
1
0.987919044800331
0.873873320516595
1
0.999812065125624
1
0.773026916108277
1
1
1
0.941324812429537
0.954605240038666
0.978509571856304
0.969828886802175
0.992444233062313
1
1
1
1
1
0.98662703816045
1
1
1
1
1
1
1
0.985247979984351
1
1
1
1
1
1
1
1
1
1
0.776759874452259
1
1
1
1
1
1
1
1
1
1
0.991452331068266
1
1
1
1
0.955597449175432
1
1
1
1
1
1
0.999912876241882
0.992279274628656
0.957176485648612
1
1
1
1
1
1
1
0.999999583373481
1
1
1
1
1
1
1
1
1
0.982102069103159
1
1
1
1
1
0.892980271638597
1
1
0.987523767395823
1
1
1
1
1
0.969183294150736
1
1
1
1
0.974759280003381
1
1
1
1
0.993685536290979
1
1
1
1
1
1
1
1
0.997429915709607
1
1
0.993211681446119
1
1
1
1
0.993083936593598
0.949850568245277
1
1
1
1
1
1
1
1
1
1
1
1
1
1
1
1
1
0.979129554104868
1
0.965987156789145
1
1
1
1
1
1
1
1
1
1
1
1
0.954605240038666
0.965358319601177
0.999139316237178
1
1
1
1
0.984429058283158
0.981957861232533
1
0.996541193966109
0.945367941395967
1
1
1
0.994249083238464
1
1
0.988554242800066
0.990643202088739
1
1
1
1
1
0.999359230322545
1
1
1
0.974602551341606
1
1
0.93766166681393
1
0.973041532600704
0.994008330921811
1
1
1
0.999999068708929
1
0.948119574244509
1
1
1
1
1
1
0.996959390821132
1
1
0.953471133187095
1
0.976133425818274
1
1
1
1
1
1
0.988159511027924
1
1
1
0.7899720398357
1
1
1
1
1
0.994747300336181
1
1
1
1
1
1
1
1
1
1
1
1
1
1
0.97859422243917
1
1
1
1
1
0.980442173256158
1
0.996541193966109
1
1
1
1
0.995908834212619
0.994274995190407
1
0.893014801743321
1
1
0.999328309815526
1
1
0.968535254779003
1
1
1
1
1
1
1
0.999722230676205
1
1
1
0.996541193966109
1
0.919495529878028
0.994400062291445
1
1
1
1
1
0.97839025552496
1
1
0.991452331068266
1
1
1
1
1
1
0.964295057371691
0.975168982263653
1
1
1
1
1
1
1
0.974354978035185
1
1
1
1
1
1
1
1
1
1
1
1
0.918294235227089
1
1
1
1
1
1
1
0.987876212842386
1
1
0.738256213385158
1
1
1
1
1
0.965987156789145
1
0.994869127049606
1
1
1
1
1
1
1
0.972131781019768
1
1
1
1
0.974354978035185
1
0.934910748596445
1
1
0.965358319601177
1
1
0.986602205343058
1
1
1
1
1
0.970954836187572
0.979667101641413
1
1
1
1
0.959061095186841
1
0.936442009048708
1
1
1
1
1
1
1
1
1
1
1
1
1
1
1
1
1
1
1
1
0.979503110984908
1
1
0.971459411008332
1
0.999394178056025
1
1
1
1
1
1
1
1
0.985247979984351
1
1
1
1
0.952472632853626
1
1
1
1
1
1
1
1
1
0.95488124408877
1
1
1
0.933085906925713
1
0.960859155606953
1
0.994869127049606
1
1
1
1
1
0.865550375205748
1
1
0.902955861460137
1
1
0.986406610878369
1
1
0.999761896649685
1
0.991452331068266
0.99998898934085
1
0.968730943918567
1
1
0.988554242800066
1
1
0.988159511027924
1
1
1
1
1
1
0.983455516051266
1
0.975491448551406
1
0.996769366571855
1
0.986849160650753
1
0.948627278599368
1
1
1
0.985858253432549
1
1
0.99592880448285
0.965358319601177
1
1
0.992134000473644
0.999143950936683
1
1
0.964992348941663
0.993661891063615
1
1
1
1
0.949850568245277
1
1
1
0.989000592351252
0.997958927518844
1
1
1
1
1
0.994400062291445
1
1
1
1
0.992006765400825
0.933769433821845
1
1
1
1
1
1
1
1
1
1
1
0.949893022301655
1
1
1
1
1
0.992863063147522
1
1
1
1
1
1
1
1
1
1
0.991452331068266
1
1
0.893995552595746
1
1
1
1
1
0.97722402616137
1
1
1
1
1
0.913360415155256
1
1
1
0.994691816769769
1
1
0.958647239523124
1
0.906866157387042
1
1
1
1
0.995024226063436
0.989000592351252
1
1
1
1
1
1
0.978457602392752
1
1
1
1
1
1
1
1
1
1
1
1
1
0.824065718766257
0.991420278500518
0.993858709990135
1
0.994261116206597
1
0.965506400685388
1
1
1
0.994400062291445
1
1
1
1
1
1
1
1
1
1
1
1
1
0.97113709905451
1
1
1
1
1
1
1
1
0.990672757022203
1
1
1
1
1
1
1
0.999999068708929
0.99920520705813
1
1
0.85373124451988
1
1
1
1
0.974759280003381
1
1
0.998553827267654
1
1
1
0.580727711110913
1
0.948119574244509
1
1
1
1
1
1
1
1
0.996541193966109
1
0.925222565409246
0.985247979984351
1
1
1
1
1
1
1
1
1
1
0.999181187681813
1
1
1
1
1
0.979503110984908
1
1
1
1
1
1
0.964114806302556
1
1
1
1
0.999912876241882
1
1
1
0.983782064930989
1
1
1
1
1
1
1
0.98723178572354
1
1
1
1
1
1
1
1
0.997958927518844
1
1
1
0.986849160650753
1
1
0.834590811265713
0.991895577773146
0.990234279206154
1
0.982439050563276
0.995441450116259
0.701856825985134
1
1
1
1
0.9995860520735
1
0.654428947038702
1
1
1
0.99998898934085
1
1
1
1
1
1
1
1
1
1
1
1
1
1
1
1
0.971459411008332
0.936229735989062
0.927125653669677
1
1
1
1
1
1
1
1
1
1
0.970161437357247
1
1
1
1
1
1
1
1
0.991016982680448
1
0.969828886802175
1
1
0.959224421167999
1
1
1
0.990234279206154
1
1
1
1
1
1
0.987523767395823
0.999803233452347
1
1
1
1
0.975398695905075
0.999986655351888
1
0.971459411008332
1
1
1
1
1
1
0.986849160650753
1
0.989505152654625
1
1
1
1
1
0.986049289753281
1
1
0.932169749303835
0.948250339400849
1
1
1
1
1
0.9995860520735
1
1
0.998553827267654
1
1
0.811948170796448
1
1
0.999015092712121
1
0.967419703846509
0.981957861232533
0.877041443489603
1
0.999236467022433
1
1
1
1
1
1
1
0.999997305499619
1
0.963342073479357
1
0.986602205343058
0.983227442888769
1
1
1
1
1
1
1
1
1
0.971459411008332
1
1
0.97839025552496
0.983455516051266
0.861745714735776
1
1
0.977767974607403
0.988554242800066
1
1
1
1
1
1
1
1
1
1
0.999953055853948
0.992631598358613
1
1
1
1
0.869866461189114
1
1
0.957628743172433
0.481550629649193
0.808972029619255
1
1
1
0.905345520791862
1
0.992279274628656
1
1
1
1
1
1
1
1
1
1
1
1
0.993622993509066
1
0.987523767395823
1
1
1
1
1
1
0.99995684420482
0.983586275986464
0.863958590989242
1
0.979688362768037
1
1
1
0.924657564536395
1
1
1
1
1
0.948627278599368
1
1
0.999998540681419
0.996541193966109
1
1
1
0.997429915709607
1
1
1
1
1
1
1
1
1
1
1
1
1
1
1
1
1
1
1
0.956611649805909
1
1
1
1
1
1
1
1
1
1
0.838767412525245
1
1
1
1
1
1
1
0.999803233452347
1
1
1
1
1
1
1
1
1
1
0.992843841604155
0.987424010145846
1
1
1
1
1
1
1
1
1
1
1
1
1
0.999394178056025
0.981537579035348
1
1
1
1
0.960859155606953
1
1
1
1
1
1
1
0.903611471155654
1
1
1
1
1
1
0.981537579035348
1
0.995441450116259
0.990385898205286
1
0.994274995190407
0.996959390821132
1
1
1
0.992444233062313
1
1
0.979503110984908
1
1
1
1
1
1
1
1
1
1
0.963342073479357
1
0.996170186417419
1
0.933003831844279
1
1
1
0.961681468964327
1
0.963608674820402
1
1
1
1
1
1
1
1
1
0.996959390821132
1
1
1
1
1
0.999761896649685
1
1
1
1
1
1
1
1
1
0.99997010708856
0.996959390821132
1
1
1
1
1
0.999015092712121
0.986993504552318
1
1
1
0.970954836187572
0.986602205343058
0.986305550210777
1
1
0.947440902305186
0.997429915709607
1
1
1
1
1
1
0.934910748596445
1
1
1
1
0.969828886802175
1
1
1
1
0.978457602392752
1
1
0.996959390821132
1
0.982016889622946
0.943698100363412
0.923535599720994
0.93766166681393
1
1
1
1
1
1
1
1
0.975398695905075
1
1
1
0.976319327619847
1
1
1
1
1
1
1
1
0.864117577562221
1
1
1
1
1
1
1
1
1
1
1
1
0.999478458911906
1
1
1
1
1
1
0.996170186417419
1
0.969193633828721
0.99997010708856
1
1
0.968418477001209
1
1
1
1
1
1
1
1
1
1
1
1
1
0.893995552595746
1
0.982102069103159
1
1
1
0.939842751709799
1
1
1
1
1
1
0.988554242800066
1
0.994691816769769
1
1
1
1
0.985929684921659
1
1
1
0.985477795376844
1
1
0.781074349347758
1
0.869866461189114
0.999135503694457
1
1
1
0.983227442888769
1
1
1
1
1
0.999255349938744
1
1
1
1
1
1
1
1
1
1
1
0.990234279206154
1
1
1
1
1
1
1
1
1
0.916861851087356
1
0.995552298819299
1
0.992752947288201
0.965358319601177
1
0.959607794562377
1
1
1
0.805349453519754
1
1
1
1
1
1
0.952472632853626
1
1
1
1
1
1
1
1
1
1
0.984476940809602
1
1
1
1
0.999886259109758
1
0.994261116206597
1
1
1
1
0.953036770600581
0.990075635883186
1
0.976319327619847
1
1
0.961442252468854
1
1
1
1
1
1
0.893206335427282
1
1
1
1
0.911146783775814
1
1
1
1
0.977767974607403
1
1
0.994843453849601
1
1
1
1
1
1
0.993759070408982
1
1
1
1
1
1
1
1
1
1
1
1
1
1
1
1
1
1
1
1
1
1
1
1
0.895593410330643
1
0.912776452663661
1
1
1
1
0.86996768547962
0.994940885845222
1
1
0.955891121245693
0.977254554672738
0.744543303688152
1
0.979503110984908
1
1
0.968068234549931
0.967113466609016
1
1
0.999529046568719
0.700161044247003
0.999997305499619
0.774709390411055
1
1
1
1
0.939150498637399
1
1
1
1
0.991016982680448
0.917481591872811
1
