x
0.999994695438146
1
1
0.993816129565553
1
1
1
1
1
1
0.913460399997511
1
1
1
1
1
0.993361829391871
1
0.931911065102994
1
1
1
1
1
1
1
0.834282179797835
1
1
1
0.999984611038543
0.999969518047537
0.957136691353076
0.931911065102994
0.866304504951532
0.99996023480963
1
0.994779189563738
1
1
1
0.849978194233273
0.999990498849304
1
1
1
1
0.683228469940663
1
1
0.999962530227506
1
1
0.882784581167875
1
1
0.974316753530348
0.999971062703646
1
1
1
1
1
1
1
1
1
0.945542190340949
1
1
1
0.95873600332052
1
1
1
1
1
1
1
1
1
1
1
0.900267257538729
1
1
1
1
1
1
1
1
1
0.97278988340809
1
1
1
1
0.999872206514369
1
1
0.999984975493504
1
1
1
1
0.841127400300063
1
1
1
1
1
1
1
1
1
1
1
0.909010676976313
1
1
0.99948173481306
0.694988010146569
1
1
1
1
0.999910069732108
1
0.849978194233273
1
1
1
1
1
1
0.867088886183212
1
1
1
1
1
0.999981629869682
0.994779189563738
0.999903908461126
1
1
0.929647901587016
1
0.993443348544494
1
1
1
1
1
1
1
1
0.91477199380567
1
1
1
1
1
1
1
0.99395342172107
0.998951808591018
1
1
1
1
1
1
1
0.999165898147342
1
1
1
1
1
0.902457903374255
0.949013216420053
1
1
1
1
0.993596228907967
1
1
1
0.956275613189306
1
0.999886204254315
0.867241529969756
1
0.964484911566336
1
0.910043396918434
1
0.999918151535192
1
1
0.994798251955878
0.999986320038089
1
1
0.990635163981209
1
1
1
1
1
1
1
1
1
0.882784581167875
1
1
0.997024294714287
1
1
1
1
1
0.999257455719992
1
1
1
0.995942683964479
0.99999092815149
1
0.998951808591018
1
1
1
1
1
1
1
1
1
1
1
1
1
1
1
1
1
1
1
1
1
1
1
1
1
1
0.999422546956584
1
1
1
1
1
1
1
1
1
1
1
1
0.959066663358344
1
1
1
1
1
0.993443348544494
1
1
1
1
1
1
0.99997271674032
1
0.956275613189306
1
0.934276025692001
1
1
1
1
1
1
0.89148431699872
1
1
1
1
0.868513952905696
1
1
0.999065042019773
1
1
1
1
1
1
1
1
1
1
1
1
1
0.978870604369127
1
0.974316753530348
1
1
0.995888630635626
1
1
1
0.941794682456835
1
1
1
1
1
1
1
1
1
1
1
1
1
1
1
1
1
1
1
1
1
0.885659487371542
1
1
1
1
1
1
1
1
1
1
1
1
1
0.983072995673339
0.997354244661125
1
1
0.918643370195886
1
1
0.999997764251436
0.978131213668207
1
1
1
1
1
1
1
1
0.773365078794931
1
1
1
1
1
1
1
1
1
1
1
0.97278988340809
0.996104427015306
1
1
1
1
1
1
1
0.999936629878481
1
1
1
0.441085104773802
1
1
0.769774001202253
1
1
0.898376098494182
1
1
1
0.735558055285789
1
1
1
1
1
1
1
1
1
1
1
1
1
1
1
0.999990498849304
1
1
0.84891183820369
1
1
1
1
0.974586051792308
1
1
1
1
1
1
1
1
1
0.942151337646502
1
1
1
1
1
1
1
0.99219314902453
1
1
1
1
1
1
1
0.88947029613195
0.999861701835625
1
1
1
1
1
1
0.999257455719992
1
1
1
1
1
1
1
0.999936752551829
0.999996771924725
1
1
1
1
0.930475464605947
1
0.999960400201391
1
1
1
0.974586051792308
0.951176433874779
1
1
1
1
1
1
1
1
1
1
1
1
0.999956901791357
1
1
1
1
1
0.885000647665144
1
1
1
1
1
1
0.999996737010105
1
1
1
0.999970082094019
0.99996487315651
1
1
1
1
1
1
1
1
1
0.999821621402772
1
1
1
1
1
1
1
1
1
1
0.999990146100347
1
1
0.901416625311215
1
1
1
1
1
1
1
1
1
1
0.927947763600945
1
1
1
1
1
0.951176433874779
1
0.999997200918384
0.999997864545594
1
1
1
1
1
1
1
1
0.974316753530348
1
1
1
0.993361829391871
1
1
0.926703966378478
0.999992273671488
1
1
1
0.903645812800082
0.944161138270547
0.99235560390474
1
1
1
1
1
0.996588059565475
0.999827975509217
1
1
1
1
1
0.944161138270547
1
1
1
1
1
1
1
1
1
1
1
1
1
1
1
1
1
0.805317441835426
1
1
1
0.999065042019773
1
1
0.903645812800082
1
1
1
1
1
1
1
1
1
1
1
0.974316753530348
1
1
1
1
0.999980853982282
1
1
1
1
1
1
1
0.96540605055943
0.99948173481306
1
0.964856950753838
1
1
1
1
1
0.993816629956962
1
1
1
1
1
1
1
1
0.999937579353046
1
1
1
0.974487472769408
1
0.97827247478368
0.964856950753838
1
1
1
1
1
1
1
1
1
1
1
1
1
1
1
0.993596228907967
0.913783180171952
1
0.997354244661125
1
0.951176433874779
1
1
0.987017942944447
0.999704121727759
1
1
1
1
1
1
1
1
1
1
1
1
1
1
1
0.958770773697374
1
0.999936752551829
0.938026528454301
1
1
1
0.987017942944447
1
1
1
1
0.998658675508353
1
1
0.999257455719992
0.99992506744747
0.888253833767074
0.999984416763661
1
1
1
0.89148431699872
0.969827538330544
0.920159459805842
0.911013391885547
1
1
1
0.941794682456835
1
1
0.981363239678953
1
0.999984975493504
1
1
0.999997248351184
1
0.999962530227506
1
0.999972366635996
1
0.999957978578272
1
1
1
1
0.997129072996348
1
0.996104427015306
1
1
1
1
1
1
1
1
1
1
1
1
0.996104427015306
1
0.919261151740029
0.998005545988277
1
1
1
1
0.999971854277551
1
1
1
0.915717286027622
1
1
1
0.994779189563738
0.999430819548175
1
0.937529955011518
1
1
1
1
1
1
1
0.999984975493504
1
1
1
1
1
1
1
1
1
1
0.99395342172107
1
0.945542190340949
1
1
1
1
1
1
1
1
1
1
1
1
0.995942683964479
0.974586051792308
1
1
0.999985148756901
1
1
1
0.989507480616186
1
1
0.999868008511738
0.99235560390474
1
1
1
0.987060475987611
1
1
1
1
1
1
0.999877197191179
1
1
1
0.999984975493504
1
1
1
1
1
1
1
1
0.996104427015306
1
0.934270918732895
1
1
1
1
0.99235560390474
1
1
1
1
0.999833496004106
1
1
1
1
1
0.999976681420616
1
1
1
1
1
1
0.999165898147342
1
1
1
1
1
1
1
0.999165898147342
1
1
1
1
1
0.699105622953126
1
1
1
1
1
1
1
1
1
0.95490124623492
0.858423824735495
1
1
1
1
1
0.872866387378631
1
1
1
0.999989841752448
0.999899398094538
1
1
1
1
1
1
1
1
1
1
1
1
1
1
1
1
1
1
1
1
1
1
0.999953247325205
1
1
1
1
1
1
1
1
1
1
1
1
0.998161068122278
0.924088746745681
1
1
0.998658675508353
1
1
1
1
1
0.919261151740029
0.99992506744747
1
1
1
1
1
0.999430819548175
1
1
0.999957653065504
1
1
1
0.974879692094018
1
1
0.999877197191179
1
1
1
0.910043396918434
1
1
0.866040831760951
1
1
1
1
0.945542190340949
1
1
1
1
1
1
1
0.99998601638995
0.930475464605947
1
1
0.999991079089927
1
1
0.999986629047707
1
0.927438102934346
1
1
0.998628169363939
1
1
1
1
1
0.996104427015306
1
1
1
1
0.99305878303466
1
1
1
1
1
1
0.896074251660148
1
1
1
1
1
0.999996737010105
1
1
0.955415461477145
1
1
0.999969853043283
0.999430819548175
1
0.993361829391871
1
1
1
1
0.910553930626961
1
1
0.850909701676744
1
1
1
1
1
0.920159459805842
1
0.999843669760632
1
1
1
1
1
1
0.855966510081957
0.999953247325205
1
1
1
1
0.994779189563738
1
0.99992506744747
1
0.991405406439986
1
0.999886204254315
1
0.999995451842608
1
1
1
1
1
1
1
1
1
1
1
1
0.639621993120944
0.999996771924725
1
1
1
1
1
1
1
1
1
1
1
1
1
1
0.999970416766768
0.999995872609049
0.951176433874779
1
1
1
1
1
1
1
1
1
0.955415461477145
1
1
1
1
1
1
1
1
1
0.999994695438146
0.805317441835426
1
0.999985824587855
1
1
0.999984975493504
1
1
1
0.952682516926253
1
0.999984975493504
1
1
1
1
1
1
0.993596228907967
1
1
0.999684117963573
1
1
1
1
1
0.999824273609945
1
1
1
1
0.999864756324631
1
1
1
1
1
1
1
0.944161138270547
1
1
1
1
1
1
0.908648463034205
1
0.998029201677977
1
1
1
1
1
0.993361829391871
0.99235560390474
0.942455104975667
1
1
1
1
1
1
1
1
1
1
1
1
1
1
0.820773929788666
0.97827247478368
1
0.999995573120532
0.944161138270547
1
1
1
1
1
1
1
1
1
0.894433499180018
1
1
1
1
1
0.999758881879626
1
1
0.99948173481306
1
1
1
1
0.91390584166099
1
1
1
1
1
1
1
1
1
1
1
1
1
1
1
1
1
1
1
1
1
1
0.868513952905696
1
1
1
1
0.0852740313085371
1
1
1
0.997518087229272
0.999809516741965
1
1
1
1
1
1
1
1
1
1
1
1
1
0.885079766670845
0.993881817235633
1
1
1
1
1
1
1
0.999886204254315
1
1
1
1
1
1
1
1
1
1
1
1
1
1
1
1
1
1
1
1
0.999877197191179
0.999988382016443
1
0.910043396918434
0.99997841478344
1
1
1
1
1
1
1
1
1
1
0.997129072996348
0.927438102934346
1
1
0.90794228825306
1
1
1
1
1
1
1
1
1
1
1
0.865793991178224
1
0.954429797410674
0.969992533948308
1
1
1
1
1
0.860137487229282
1
1
0.892258764935199
1
1
0.930595435159392
1
1
0.999994010510014
1
1
1
1
1
1
1
1
1
1
1
1
1
0.999936629878481
1
0.999996809978027
1
1
1
1
0.965220595152123
0.99305878303466
1
1
1
0.999996737010105
1
1
1
1
1
1
1
1
1
0.999979323027703
1
1
0.998658675508353
1
1
1
1
1
1
1
0.909008946169567
0.946871458309451
1
1
1
1
1
1
1
1
1
1
1
1
1
1
1
1
1
1
1
0.999995573120532
1
1
1
1
1
0.999941979619971
1
0.952853460087782
1
1
0.931911065102994
1
0.992789979386294
1
1
1
1
1
0.999995872609049
1
1
0.952853460087782
1
1
1
1
0.99999092815149
1
1
1
1
0.999996809978027
0.999791019820396
1
0.999996771924725
1
1
1
1
1
1
1
1
1
1
0.97827247478368
1
0.99993066981365
1
1
1
1
1
1
1
0.934941603927412
0.915688739916139
0.990635163981209
1
1
3.78892097965447e-10
0.927947763600945
1
0.95490124623492
1
1
1
1
0.999913533686201
1
1
0.999642479154242
1
1
1
1
0.999877197191179
1
1
1
1
0.999990829455194
1
0.99395342172107
1
1
1
1
1
1
1
1
0.879479921033465
1
1
1
1
0.998883372397338
1
0.907468008734407
1
0.943086922450623
1
1
1
0.999824273609945
1
1
0.989993031341042
1
1
1
1
1
1
0.974316753530348
0.999994734779561
1
1
1
1
1
0.999980495988579
1
1
1
1
1
1
1
0.951176433874779
1
1
1
1
1
1
1
1
1
0.999996771924725
1
1
1
1
1
1
1
1
1
1
1
0.967686667352564
1
1
1
0.999941523240725
0.88947029613195
1
0.999974943211796
0.930475464605947
1
0.926579028002668
1
1
1
1
1
1
1
1
1
0.999996538763757
1
1
1
1
1
1
1
0.702543250256981
1
1
1
1
1
1
1
0.961368328296275
1
1
1
0.999979091377605
1
1
1
1
1
1
1
1
1
1
0.919261151740029
1
0.999985824587855
1
1
1
1
1
1
1
0.999995039653673
1
0.999936752551829
0.99948173481306
1
1
0.903496845724627
1
1
1
1
1
1
0.823715735978502
1
1
0.909010676976313
0.999829799887944
1
1
1
1
1
0.974879692094018
1
1
1
1
1
1
1
0.983072995673339
1
0.999888030916976
1
0.997374272340609
1
1
0.98081589909941
1
1
1
1
0.831971832231553
1
1
0.939866437040124
1
1
1
1
1
1
1
1
1
1
1
0.993443348544494
1
1
1
1
1
1
0.99219314902453
1
1
0.993596228907967
1
1
1
1
1
1
1
0.919261151740029
1
0.999995039653673
0.930475464605947
0.997368969536111
1
1
1
1
1
1
1
1
1
1
0.999257455719992
1
1
1
1
1
1
0.999824273609945
0.982289121920459
1
1
1
1
1
1
1
1
1
0.99235560390474
1
1
1
1
1
0.58215266120442
1
1
1
1
1
0.999939493501981
0.998789471058735
1
1
1
1
1
0.955943671799444
1
0.999833496004106
1
0.967686667352564
1
1
1
0.908539805487419
0.999886204254315
0.993443348544494
1
1
1
1
1
0.973415774379576
0.942455104975667
1
1
1
0.999981629869682
1
1
1
1
1
1
1
1
1
1
1
1
1
0.924088746745681
1
1
1
1
1
1
1
1
1
1
1
1
1
1
1
0.993881817235633
1
1
1
1
0.958770773697374
1
1
1
1
1
0.999065042019773
1
1
1
1
1
0.999065042019773
1
1
1
1
1
0.81880395196651
0.0246666017805536
1
1
1
1
1
1
1
1
0.999989689515887
0.919261151740029
1
1
0.99298126374992
0.954429797410674
0.999886787254425
1
1
0.999990498849304
1
1
1
1
1
1
1
1
1
1
1
1
0.97827247478368
0.998628169363939
1
0.961368328296275
1
0.999974595129581
1
1
1
1
1
0.999960400201391
1
1
1
1
0.811348013373821
0.999977615887009
0.999996771924725
1
1
1
1
1
1
0.910043396918434
0.995703238797034
1
1
0.959066663358344
1
1
1
1
1
0.880848491106767
0.999963439618416
1
1
1
1
1
1
0.913783180171952
1
1
0.94343160094518
1
1
1
1
1
0.99305878303466
1
1
1
1
1
1
0.913912436063783
1
1
1
1
1
1
1
1
1
1
1
1
1
1
0.999058994321049
1
1
0.999976496517424
1
1
1
1
1
1
1
1
1
1
1
0.999985295778233
1
0.958770773697374
1
0.999987187910962
0.999058994321049
1
0.999994434805343
0.999996737010105
1
1
0.96540605055943
1
1
1
1
1
0.999981371710925
0.97827247478368
1
1
1
1
1
1
1
1
1
0.999990829455194
1
1
1
1
1
1
1
1
1
1
0.999925773904411
1
0.983072995673339
1
1
0.999777464119907
0.995888630635626
0.999974242315268
1
0.863759202068237
1
1
1
1
0.784427473174452
1
0.957136691353076
1
0.996138039946379
1
0.951176433874779
0.999991035706061
1
1
0.99948173481306
1
1
0.999990829455194
0.999058994321049
1
1
1
1
1
1
1
1
1
1
1
1
1
1
1
0.999997918694094
1
1
1
1
1
1
1
1
0.99981332738941
1
0.989993031341042
1
1
1
1
0.997024294714287
0.95490124623492
0.99305878303466
1
1
1
1
1
0.999986629047707
1
1
1
1
1
0.999955026353731
1
1
1
1
1
1
1
0.933861067156097
1
1
1
1
1
1
1
0.89148431699872
1
1
1
1
1
1
1
1
1
1
1
1
1
1
1
1
1
1
0.993361829391871
1
1
1
1
1
0.969827538330544
0.906702203728962
1
1
1
0.999984294135734
1
1
0.97455401537299
1
1
1
1
1
1
1
1
1
1
0.924292898186074
1
1
1
1
0.882191522117997
1
1
1
1
1
1
1
0.954433387786845
1
1
1
1
0.860144713559982
1
0.919261151740029
1
1
0.908648463034205
1
1
0.999995039653673
1
1
0.999996771924725
1
1
1
1
1
1
1
1
1
1
1
1
1
1
1
1
1
1
1
1
1
1
1
1
0.76280415854057
1
1
1
1
1
1
1
0.865134583514253
0.997545445379174
1
0.786505551605271
1
1
1
0.999949713361564
1
1
1
1
1
1
1
1
1
1
1
0.831971832231553
1
1
1
1
1
1
0.999985824587855
0.999785764503407
0.974586051792308
1
1
0.998883372397338
1
1
1
1
0.999996495387982
1
1
0.973415774379576
1
1
1
1
1
1
1
1
1
1
1
0.87960433304517
1
1
1
1
0.883980762036024
1
1
1
1
1
1
1
1
1
1
1
1
0.99948173481306
1
0.955943671799444
1
1
1
1
1
0.961364500367102
1
1
0.999996538763757
1
1
1
1
1
1
1
1
1
1
1
1
1
1
1
1
0.91291719089412
0.872001993321602
1
1
0.942864658434468
1
1
1
1
1
1
1
1
0.999986467914789
0.999985295778233
1
1
1
1
1
1
1
1
1
1
1
1
0.993596228907967
1
1
1
1
1
1
0.999935903048626
1
0.999997864545594
0.998658675508353
1
1
1
1
0.911013391885547
1
1
0.999065042019773
1
1
1
1
1
1
0.999984975493504
1
0.937529955011518
1
1
1
1
1
1
1
0.991405406439986
0.999997248351184
1
1
1
1
1
1
1
0.999165898147342
0.99395342172107
1
1
1
1
1
1
1
1
1
1
1
1
1
1
1
1
1
0.999988039748804
1
1
0.999991079089927
1
1
0.999991079089927
1
1
1
1
0.99999092815149
1
1
1
1
1
1
1
1
1
1
1
0.99948173481306
1
1
1
1
1
1
1
1
1
1
1
1
1
0.993881817235633
0.944161138270547
1
1
0.974318804691769
1
1
1
1
1
0.995136576716301
1
0.999983318430173
1
0.993881817235633
1
1
1
1
1
1
0.942864658434468
1
0.999996334064839
1
1
1
1
1
0.999984416763661
1
1
1
1
1
1
1
1
1
1
0.99948173481306
1
1
1
0.961368328296275
1
1
0.937529955011518
1
0.999964744563357
1
0.951176433874779
1
1
1
1
1
1
1
1
1
1
1
1
1
0.993361829391871
1
1
1
0.999996495387982
0.993816129565553
0.990635163981209
1
1
1
1
1
0.999824273609945
1
1
1
1
1
1
1
1
1
1
1
1
1
1
1
1
1
1
1
1
0.951759288673107
1
1
1
0.99999092815149
1
1
1
1
1
1
1
1
1
1
1
1
1
0.987017942944447
0.987017942944447
0.999989689515887
0.999833496004106
1
1
0.998029201677977
1
1
0.999976681420616
1
1
1
1
1
1
1
0.996104427015306
1
0.667540111854827
1
1
1
1
1
1
1
0.859448735802656
1
0.978870604369127
1
1
1
1
1
1
1
1
1
1
0.896009868357338
1
0.999931758196932
1
1
0.969992533948308
1
1
1
1
1
0.999985479768079
1
1
1
1
1
0.999430819548175
1
1
1
0.999995872609049
1
1
1
0.989993031341042
1
1
0.972456309446646
0.952682516926253
1
0.971217256643571
1
1
1
1
1
0.997129072996348
1
0.999946981076989
1
1
1
1
1
1
0.968873252497791
1
1
1
1
1
1
1
1
1
1
1
1
1
1
1
0.951759288673107
0.998951808591018
0.914330762305717
1
1
1
1
1
1
1
1
1
0.999995451842608
0.961368328296275
1
1
1
1
1
0.924088746745681
0.912769028199902
1
1
1
1
1
1
1
0.90794228825306
1
1
1
1
1
1
1
1
1
1
1
1
1
1
0.99992506744747
1
1
1
0.999917603899901
0.999974595129581
1
1
1
1
1
1
1
1
1
1
1
1
1
0.998274327752478
1
1
1
1
1
1
1
1
1
1
1
1
1
1
0.999988482494921
1
1
0.998628169363939
1
0.999994010510014
1
1
1
1
1
1
1
1
1
0.999977784689319
1
1
0.926321294299758
1
0.991032365354221
1
1
1
0.88947029613195
0.999981829351682
1
1
0.978870604369127
0.999996538763757
1
0.993881817235633
1
1
1
1
1
0.999987187910962
1
1
1
1
1
1
0.97278988340809
1
1
1
0.971217256643571
1
0.999981829351682
0.999824273609945
1
1
1
0.999989689515887
1
1
0.999987187910962
1
0.872001993321602
0.989993031341042
0.99993066981365
1
0.942864658434468
1
1
1
1
0.974316753530348
1
1
1
1
1
1
0.919261151740029
1
1
1
0.999985295778233
1
1
1
1
1
1
0.972323060556086
1
1
1
1
1
1
1
1
0.932029808717539
1
1
1
1
1
0.968873252497791
0.999973372579672
1
0.930595435159392
1
1
1
1
0.999983318430173
0.865784060328435
1
1
0.999974595129581
1
1
0.909267939310692
1
1
1
0.993816129565553
0.993361829391871
1
1
1
1
1
1
1
1
0.995322825353738
1
1
1
1
1
0.97278988340809
1
1
1
1
1
1
1
1
1
0.99219314902453
0.999918768207929
0.902457903374255
1
1
1
1
1
0.993443348544494
1
0.756969166674813
0.999988482494921
1
0.89717938016197
1
0.589423831979977
1
1
1
1
1
1
1
1
1
0.999997864545594
0.934270918732895
0.998789471058735
1
1
1
1
1
1
1
0.941794682456835
0.866304504951532
1
1
1
1
1
1
1
1
1
1
0.99992506744747
1
1
0.909010676976313
1
1
0.999985148756901
0.99986476929286
1
0.999980961374632
1
0.99996487315651
1
1
1
0.987060475987611
1
0.991405406439986
0.995322825353738
1
1
1
1
1
0.888253833767074
0.999946454763911
1
1
1
1
1
0.995310806065319
0.951176433874779
1
0.955708727130793
1
1
1
1
0.909008946169567
1
1
1
0.615920858383494
1
1
1
0.909010676976313
1
1
1
1
1
1
1
1
1
1
0.917878254147341
1
1
0.999992273671488
0.956275613189306
1
1
1
1
1
1
1
1
0.998512155285259
1
1
1
1
0.999997864545594
0.872469616418316
1
0.999832122971368
1
1
1
1
1
0.999992273671488
1
1
1
1
0.999996809978027
1
1
1
1
1
1
1
1
1
1
1
0.968873252497791
1
1
0.888826348421021
1
1
0.99997271674032
1
1
1
0.932029808717539
0.865371294790134
0.997545445379174
1
1
1
1
1
1
1
1
1
0.999935903048626
1
0.942864658434468
1
1
1
0.847859818715166
1
1
1
1
1
1
1
1
0.920615516553911
1
1
1
1
1
1
1
1
1
1
1
1
0.910553930626961
1
1
1
1
1
0.998628169363939
1
1
1
1
1
1
0.999983318430173
0.894433499180018
1
1
1
1
0.952682516926253
1
0.929647901587016
1
1
0.999994734779561
0.97827247478368
1
1
1
1
1
0.997024294714287
0.906702203728962
1
1
1
1
1
1
1
1
0.957350608661289
1
1
1
1
1
1
0.999996809978027
1
1
1
1
1
1
1
1
1
0.989993031341042
1
1
1
1
1
1
1
1
1
1
0.99219314902453
1
1
0.958770773697374
1
0.788506113196825
1
1
1
1
1
0.999996495387982
1
1
1
1
0.938904992602747
1
0.994779189563738
1
1
1
1
0.999986629047707
1
1
1
1
0.999990498849304
0.999997248351184
0.99948173481306
1
1
0.999997864545594
0.999933462170092
1
1
1
0.9999749011269
1
1
1
1
1
1
1
0.999684117963573
1
1
1
1
0.999937579353046
0.914330762305717
0.999981829351682
1
1
0.99235560390474
1
0.872001993321602
0.949013216420053
1
1
1
1
0.855966510081957
1
0.999991079089927
1
1
1
0.858462395337158
1
1
1
1
1
0.999872313645371
1
1
1
1
1
1
1
1
1
1
1
1
1
1
1
1
1
0.956275613189306
1
1
1
1
1
1
1
1
0.999955026353731
1
1
0.952682516926253
1
1
1
1
1
1
0.983072995673339
1
1
1
1
1
1
1
1
1
1
1
1
0.95873600332052
1
1
0.998951808591018
1
1
1
1
1
1
1
0.937308359826476
1
1
1
0.999949053481157
0.999758881879626
1
1
0.996104427015306
1
1
1
1
1
1
1
1
1
1
0.864460965928439
1
1
1
1
1
0.97827247478368
1
1
1
0.999974314231423
1
0.999824273609945
0.859162751850763
1
1
1
1
1
1
1
1
0.955943671799444
1
0.999962044593744
1
1
1
1
1
1
1
1
1
1
1
1
0.993881817235633
0.999992273671488
1
1
1
1
1
0.969827538330544
0.999977615887009
1
1
1
1
1
1
1
1
1
0.999973372579672
1
1
1
1
1
1
1
0.999964744563357
1
1
0.989093810787007
1
1
0.99997841478344
1
1
1
1
0.994779189563738
1
1
1
1
1
1
1
1
1
1
1
1
1
1
1
1
0.911013391885547
1
1
0.999996620087511
1
1
1
1
0.934941603927412
1
1
1
1
1
1
1
1
1
0.999058994321049
1
1
1
1
1
1
1
1
1
1
1
1
0.99992506744747
0.999990498849304
1
1
1
0.999591191042509
1
1
1
1
1
1
1
0.951176433874779
1
1
1
1
1
0.99992506744747
1
1
1
1
0.952682516926253
1
1
1
1
1
1
0.903496845724627
1
0.998274327752478
1
0.999985036726649
1
1
1
1
1
1
1
0.728873575158298
0.942151337646502
0.999931602520793
0.999976496517424
1
0.993361829391871
1
1
1
1
0.955415461477145
0.999918490862735
1
1
1
1
1
1
1
1
1
1
0.999065042019773
1
1
1
0.998512155285259
0.99305878303466
1
1
0.999917485900319
0.999974595129581
1
1
1
1
0.879479921033465
1
0.97278988340809
0.964484911566336
1
1
1
1
1
1
1
1
1
1
1
1
1
0.872469616418316
1
1
1
1
1
0.952853460087782
1
1
1
1
1
1
0.903645812800082
1
1
1
1
1
1
0.999990268819321
0.999996495387982
1
1
1
1
1
1
1
0.920615516553911
1
1
1
1
1
1
0.999984975493504
1
1
1
1
1
1
1
1
1
1
0.998658675508353
1
1
1
1
1
1
1
1
0.969992533948308
1
1
0.999994477828094
0.917878254147341
1
1
0.999065042019773
1
1
1
0.983072995673339
1
1
1
1
1
0.999892998404526
1
1
0.956275613189306
1
1
1
1
1
1
1
0.945542190340949
1
1
0.974316753530348
1
1
1
1
1
1
0.989587591582189
1
1
1
1
1
0.997518087229272
1
1
1
1
0.902457903374255
1
1
1
1
1
1
1
1
1
1
1
1
0.972456309446646
1
1
0.882784581167875
0.817570610149286
1
0.999981829351682
0.920615516553911
1
0.918437994779884
1
1
1
1
1
1
0.915717286027622
1
1
1
1
1
1
0.799979894328539
1
1
0.999980247622378
1
1
1
0.924292898186074
0.999946592485277
1
1
1
1
1
1
1
1
0.999974316371904
1
0.775034357792509
0.999963439618416
1
1
1
1
1
1
1
1
0.999980961374632
1
1
1
0.999997864545594
1
1
1
1
1
1
1
0.995310806065319
0.82735280113809
1
1
1
1
1
0.913783180171952
1
1
0.999257455719992
1
1
1
0.999996809978027
0.999976681420616
1
1
1
1
0.89281330888712
1
1
1
1
1
0.999996771924725
1
1
1
1
0.999995872609049
1
1
1
1
0.930475464605947
0.912769028199902
1
1
1
0.971217256643571
1
0.999984975493504
1
1
1
1
0.930475464605947
1
1
1
1
0.920504919210255
1
1
0.972456309446646
1
1
1
1
1
1
1
1
0.997368969536111
1
1
1
1
1
0.999997918694094
1
1
1
1
1
0.999995039653673
1
1
1
1
1
1
1
1
0.999824273609945
1
1
1
1
1
1
1
1
0.991405406439986
0.870149740585252
0.998161068122278
1
1
1
1
1
1
1
1
1
1
1
1
1
0.95873600332052
1
0.867088886183212
1
1
0.999984544990593
1
1
1
1
1
1
0.999953821995425
0.88947029613195
1
1
1
0.999985479768079
1
1
1
0.969827538330544
1
1
1
1
1
1
1
0.994689761206243
1
1
1
1
1
1
1
1
1
1
1
1
1
0.858423824735495
0.999996538763757
1
1
0.967542289927983
1
1
0.912292090307466
1
0.999989689515887
1
1
1
1
1
0.996461617378439
1
1
0.920159459805842
1
1
1
1
1
1
1
0.930595435159392
0.99999092815149
1
1
1
1
1
1
0.999829799887944
1
1
1
0.999997835956506
1
0.999991079089927
1
1
1
1
0.999684117963573
1
1
1
1
0.978870604369127
1
1
0.987017942944447
1
1
1
1
1
0.998005545988277
1
1
0.999058994321049
0.931911065102994
0.915717286027622
1
1
1
0.998628169363939
1
1
1
0.99305878303466
1
0.964856950753838
1
1
1
1
1
1
1
1
1
1
1
0.909008946169567
0.999982648499734
1
1
1
1
1
0.999899398094538
1
0.999990829455194
1
1
1
0.999969518047537
1
1
1
1
1
1
1
0.958770773697374
1
1
1
1
1
1
1
1
1
1
1
0.999058994321049
0.999980247622378
1
1
0.887139657347151
1
1
1
1
1
0.974316753530348
1
1
1
1
1
1
0.964484911566336
1
1
1
1
0.999963439618416
1
1
1
1
0.952853460087782
1
1
1
1
1
1
1
0.961368328296275
1
1
1
1
1
0.999984975493504
1
1
1
1
1
0.983072995673339
1
1
1
1
1
1
1
1
1
1
1
0.97827247478368
1
0.875407103597891
1
1
1
1
1
1
1
1
1
1
1
1
1
0.90794228825306
1
1
1
0.999985479768079
1
1
1
1
1
1
1
0.999684117963573
0.999824273609945
0.999988039748804
0.999990268819321
0.978131213668207
1
1
1
1
0.73640745601009
1
1
0.971217256643571
1
0.974586051792308
1
1
0.91477199380567
0.958770773697374
1
1
1
1
1
1
1
1
0.999758864058558
1
0.934941603927412
1
1
1
1
1
1
0.907468008734407
1
1
1
1
1
1
1
1
1
1
1
1
1
1
1
0.974586051792308
1
1
1
0.994798251955878
1
0.949013216420053
1
1
1
1
0.995703238797034
1
1
1
0.999990829455194
1
1
1
0.955943671799444
1
1
1
1
1
1
1
0.999957978578272
1
0.999906461927603
0.924292898186074
1
0.999965557435543
1
1
1
0.99992506744747
0.932029808717539
1
0.944161138270547
0.896190187553863
1
0.382938727345073
1
1
1
1
1
0.968873252497791
0.999990829455194
1
0.967686667352564
1
1
1
1
1
0.926321294299758
1
1
1
1
1
1
1
1
1
1
0.990066372439497
1
1
0.99948173481306
1
0.993816629956962
1
0.999968584576739
1
1
1
1
1
1
1
1
0.892267042314461
1
1
0.998883372397338
1
1
1
0.924292898186074
1
1
1
1
1
1
1
1
0.980462966786061
1
1
1
1
1
1
1
1
0.999971854277551
0.999980495988579
0.999165898147342
1
1
1
1
0.927438102934346
1
1
1
1
1
0.999996809978027
1
1
1
0.97278988340809
0.934941603927412
1
1
1
1
1
1
0.938026528454301
1
1
1
1
1
1
0.999058994321049
1
0.942455104975667
0.950763939144424
1
1
1
0.999996771924725
0.937389204130218
1
1
1
1
1
1
0.945542190340949
0.999972366635996
1
1
1
1
1
1
0.956275613189306
0.693184164951339
1
1
1
1
1
1
0.898376098494182
1
1
1
1
1
1
1
1
1
1
1
1
1
1
1
1
1
0.882191522117997
1
1
1
1
1
1
1
0.861433152224514
1
1
1
1
1
0.999969518047537
1
1
1
1
1
1
0.926579028002668
1
1
1
1
1
1
1
1
1
1
1
1
1
0.825079350882176
1
1
1
0.949013216420053
1
1
0.998198914482765
1
1
1
1
1
1
1
1
1
1
1
0.914330762305717
1
1
0.965220595152123
1
1
0.999946981076989
1
1
0.999996334064839
1
1
1
1
0.993881817235633
1
0.959066663358344
0.999984294135734
1
0.864131233544888
1
1
1
1
1
1
1
0.997937421646258
1
1
1
1
1
1
1
1
1
0.998029201677977
1
0.999849866831313
1
1
0.954429797410674
1
1
1
1
1
1
1
0.74968976016377
0.998029201677977
1
1
1
1
1
1
1
1
1
1
1
1
1
0.996461617378439
1
1
1
1
1
1
1
1
0.999778681204239
1
1
1
1
1
0.99395342172107
1
1
1
1
1
1
1
1
1
1
1
1
1
1
0.974316753530348
1
1
1
1
1
1
1
0.999985824587855
1
1
1
1
1
1
1
1
1
1
1
1
0.99996023480963
1
1
0.993881817235633
1
1
1
1
0.99235560390474
1
0.954429797410674
1
1
1
1
0.873107128768909
1
0.99235560390474
1
1
0.999964587904664
1
1
1
0.994779189563738
1
1
1
1
1
1
1
0.924292898186074
1
0.993881817235633
0.972323060556086
1
0.929647901587016
1
1
1
1
1
1
1
1
0.999980662109801
0.974586051792308
1
1
1
1
1
1
0.913460399997511
1
0.967686667352564
1
1
1
1
1
1
1
1
1
1
1
1
1
1
0.915280655661766
0.999965133660911
1
1
1
0.999988482494921
0.993361829391871
1
1
1
1
1
1
1
1
1
1
1
0.998512155285259
1
0.930475464605947
1
1
1
1
0.974316753530348
1
1
1
1
1
0.999992273671488
0.999988382016443
1
1
1
1
0.882191522117997
0.999962044593744
0.999058994321049
0.978870604369127
1
0.999973372579672
1
1
1
0.999936752551829
1
1
1
1
1
0.956275613189306
1
1
1
1
1
1
1
1
0.998161068122278
0.961368328296275
1
1
1
1
1
1
1
1
1
1
0.99999092815149
1
1
1
1
1
1
1
0.999997864545594
1
1
1
1
1
1
1
0.913783180171952
1
1
1
1
1
0.969827538330544
0.999995872609049
1
0.915688739916139
1
1
0.999824273609945
1
1
1
0.955415461477145
1
1
1
1
1
1
1
0.998171243678811
0.974586051792308
1
1
1
1
1
1
1
1
1
1
0.860137487229282
1
1
1
1
1
1
1
1
1
1
0.999984611038543
1
1
1
1
1
1
0.998171243678811
0.951176433874779
1
1
1
1
1
1
1
1
1
1
1
0.999985036726649
1
0.882582305734463
1
1
1
1
1
1
1
1
1
1
1
1
1
1
1
0.993596228907967
1
1
1
1
1
0.961368328296275
1
1
1
1
1
1
1
1
1
1
1
1
0.991405406439986
1
1
1
1
1
0.999994477828094
1
1
1
1
0.935673347941394
1
1
1
1
0.997354244661125
1
1
1
1
1
0.993881817235633
1
0.903496845724627
1
1
1
1
1
1
0.999990657147471
0.949013216420053
1
1
1
1
1
1
1
1
1
1
1
1
1
1
1
1
1
1
0.999991035706061
1
1
1
0.941794682456835
1
1
1
1
0.545418510264132
0.956275613189306
1
1
1
1
1
1
0.967686667352564
0.993596228907967
1
1
1
1
1
0.932029808717539
1
1
1
1
1
0.964856950753838
0.716206515096144
1
0.999982046693351
1
1
1
1
1
1
1
1
1
1
1
0.999996538763757
1
1
1
1
1
0.941794682456835
1
1
1
1
1
1
1
0.995703238797034
1
1
0.999936752551829
1
1
0.999778681204239
0.999871599796323
0.961368328296275
1
1
1
1
1
1
1
1
1
1
1
1
1
0.901556231319592
1
1
1
1
1
1
1
1
0.97455401537299
1
1
1
1
0.999903908461126
0.999684117963573
1
1
1
0.913783180171952
1
1
1
0.913783180171952
1
1
1
1
1
0.999976670670382
0.961364500367102
1
0.974586051792308
1
0.786505551605271
0.918437994779884
1
1
0.999935903048626
0.945542190340949
0.991405406439986
1
1
1
1
1
1
0.999996737010105
1
1
1
0.859448735802656
1
1
1
1
1
1
0.97827247478368
1
1
1
1
1
1
1
1
1
1
1
0.999949713361564
1
1
1
1
1
1
1
1
1
0.634516233708014
1
1
1
1
1
1
1
0.961364500367102
0.841127400300063
1
1
0.989507480616186
1
0.999977177831618
1
1
0.957136691353076
1
0.896009868357338
1
0.999969098296988
1
0.824543956597027
0.703008514028864
0.920159459805842
1
1
1
0.494379919509561
1
1
0.999996620087511
1
0.592647946474826
1
1
1
1
1
0.999996771924725
1
1
1
1
0.999884409002075
0.994822953590674
0.667256869832786
1
1
1
0.820316770249855
1
1
0.99862107104316
0.00415470489568811
0.467195417315543
1
1
0.609441527763698
0.956275613189306
0.00710013923775903
1
1
1
1
1
1
0.999994734779561
1
1
1
1
1
1
1
1
1
0.956814140112088
1
0.952853460087782
1
1
1
1
1
1
1
1
1
0.998161068122278
1
1
1
1
1
0.937529955011518
1
0.999824273609945
1
0.998628169363939
1
0.999980853982282
1
1
1
1
1
1
1
1
1
1
1
0.993443348544494
1
1
1
1
0.961364500367102
0.999642479154242
0.998789471058735
0.994779189563738
1
0.999997248351184
1
1
1
0.998274327752478
1
1
1
0.999972366635996
1
1
1
1
1
1
1
1
0.909267939310692
1
1
1
1
1
1
1
1
1
1
1
1
1
0.907468008734407
0.999977784689319
0.999985824587855
1
1
1
1
1
0.999918151535192
1
1
1
1
0.983072995673339
0.999990268819321
0.990215070744185
1
1
1
0.996588059565475
1
1
0.999777464119907
1
1
1
1
1
1
1
1
0.99995023583021
0.883422018663564
1
1
1
1
1
1
1
1
1
1
1
1
1
1
1
1
1
0.97827247478368
1
1
1
0.885155254478658
1
0.999886204254315
0.993881817235633
1
1
1
1
1
1
1
1
1
1
1
1
1
1
1
1
1
1
0.999991079089927
1
1
0.999851681598464
1
1
1
1
1
1
1
1
1
1
1
0.99986476929286
1
1
1
1
1
0.99948173481306
0.949013216420053
1
1
1
0.999994695438146
0.896903493963289
1
1
1
1
1
1
1
1
1
1
0.974879692094018
1
1
1
1
1
1
1
1
0.974586051792308
1
1
1
1
1
1
1
1
1
0.999976670670382
1
1
1
1
1
1
1
0.872866387378631
1
1
1
1
1
1
1
1
1
0.971217256643571
1
0.999990829455194
1
1
1
1
1
1
1
1
1
1
1
1
1
1
1
0.999937579353046
1
1
1
1
1
1
1
1
0.993596228907967
1
1
1
1
1
1
1
1
1
1
1
1
1
1
0.999965133660911
0.900267257538729
1
1
1
1
1
1
1
0.958770773697374
0.994779189563738
0.999996737010105
1
1
1
0.999996538763757
1
1
0.95490124623492
0.935673347941394
0.97827247478368
1
1
1
1
0.911013391885547
1
1
1
0.999931602520793
0.779976638957334
1
1
1
1
1
0.990635163981209
1
0.999796345312382
1
1
0.999997918694094
1
1
1
1
0.999996737010105
1
1
1
0.999988482494921
1
1
1
1
1
0.998628169363939
1
1
1
0.972456309446646
1
1
1
1
1
1
1
1
1
1
1
1
1
1
1
1
1
1
1
1
1
0.999877197191179
1
0.88947029613195
1
1
1
1
0.999986629047707
1
1
1
1
1
1
1
1
1
1
0.999769872103988
0.972456309446646
1
1
0.995942683964479
1
0.926703966378478
1
1
1
0.999989689515887
1
1
1
1
1
1
1
1
1
1
0.999897626001107
1
1
1
1
1
1
1
0.999877197191179
1
1
1
0.999901502527845
1
1
1
1
1
0.973415774379576
1
1
1
1
1
1
1
1
1
1
1
0.999058994321049
1
1
1
1
0.999826238624359
1
1
1
1
0.989587591582189
1
1
1
0.989093810787007
1
1
1
1
1
1
1
1
1
1
1
1
1
1
1
1
0.989587591582189
1
1
1
1
0.974879692094018
1
1
1
1
1
1
1
1
1
1
1
1
0.999833496004106
1
0.865134583514253
1
1
0.85682436030577
1
1
1
0.888826348421021
0.937389204130218
1
1
1
1
1
0.974879692094018
0.85682436030577
1
1
1
1
1
1
1
1
1
1
1
0.999996337685679
1
1
1
1
0.998883372397338
0.896190187553863
1
1
0.989587591582189
1
0.949013216420053
1
1
1
1
1
1
1
0.999971062703646
1
1
1
1
1
1
1
1
1
1
1
1
0.997368969536111
1
0.995942683964479
1
0.900267257538729
0.999984416763661
1
1
1
1
1
1
1
1
1
1
1
1
1
1
0.912769028199902
1
1
1
1
1
0.918437994779884
0.999994734779561
1
1
1
1
1
0.999974943211796
1
1
1
0.999824273609945
0.999982046693351
1
0.81880395196651
0.999860845133292
1
1
1
1
0.978870604369127
0.961368328296275
1
0.999996737010105
1
1
0.930595435159392
0.791722248117954
0.929647901587016
1
0.996588059565475
1
1
1
1
1
1
1
1
1
1
1
1
1
0.989093810787007
1
0.999985295778233
1
1
1
0.99948173481306
1
1
1
1
1
0.896190187553863
0.999892998404526
1
1
1
1
1
1
1
1
1
1
1
1
1
0.726600894928918
1
0.686105340761257
1
1
1
1
1
0.956814140112088
1
0.999905556913343
1
1
0.999996495387982
1
1
1
1
1
1
1
1
0.999958910052053
1
0.999984294135734
1
0.786505551605271
1
1
1
0.891564676563903
1
1
1
0.801829712046312
1
0.999684117963573
1
0.99999092815149
1
0.993816129565553
1
1
1
1
1
1
1
1
1
1
1
1
1
1
1
1
1
1
1
1
0.999976681420616
1
1
1
1
0.971217256643571
1
0.891564676563903
1
1
1
1
1
0.907468008734407
1
1
1
1
1
1
1
1
1
0.952682516926253
1
1
0.999941523240725
1
1
0.926703966378478
1
0.974318804691769
0.999833496004106
1
1
1
1
1
1
1
0.974316753530348
1
0.999932942605297
1
1
1
0.882191522117997
0.997518087229272
1
1
1
1
1
1
0.909010676976313
0.99979366387646
0.999992273671488
1
1
1
1
1
1
1
1
1
1
1
1
0.954429797410674
0.854259592461957
1
1
1
1
1
1
1
1
1
1
1
0.999968333489791
1
1
1
1
1
1
0.999936752551829
0.999996538763757
0.978870604369127
1
1
0.863759202068237
1
0.955415461477145
1
1
0.999886204254315
1
0.770209918988892
1
1
1
1
1
1
1
1
1
1
0.934270918732895
1
1
1
1
1
1
1
1
1
0.860137487229282
0.872001993321602
1
1
0.841127400300063
1
1
1
1
1
1
1
1
1
1
0.991405406439986
1
1
1
1
0.999791019820396
1
0.999990830207142
0.978870604369127
1
1
1
1
1
1
0.999849324410578
1
0.898376098494182
1
0.999921603746769
1
1
1
0.885155254478658
1
0.999877197191179
1
1
1
1
1
0.999997248351184
0.95490124623492
1
0.983072995673339
0.934276025692001
1
1
0.973415774379576
1
1
0.930475464605947
1
1
0.997374272340609
1
1
1
1
1
1
1
1
0.817570610149286
1
1
1
1
1
1
1
1
1
1
1
1
1
0.99235560390474
1
1
1
1
1
0.999927119279433
0.934270918732895
1
1
0.989993031341042
1
1
1
0.974487472769408
1
1
1
1
1
1
1
0.999753024441778
1
1
1
1
1
0.999996495387982
1
1
1
1
1
1
1
0.999988382016443
1
1
1
1
1
1
0.999982046693351
1
1
1
1
1
1
1
0.999949713361564
1
1
1
1
1
1
1
1
0.999986320038089
1
1
1
1
1
1
1
1
1
1
0.972456309446646
1
1
1
0.99395342172107
1
1
0.998951808591018
1
0.913460399997511
1
1
0.919211917018687
1
0.999684117963573
0.999960400201391
1
1
1
1
1
1
1
1
0.982793547821369
1
1
1
1
1
1
1
1
1
1
1
1
1
0.999894914152809
0.97827247478368
1
1
1
1
1
1
1
1
1
1
0.995942683964479
1
1
1
1
1
0.744157922311034
1
1
0.999936752551829
1
1
0.951176433874779
1
1
1
1
1
1
1
1
1
1
1
1
1
1
0.915280655661766
1
0.974879692094018
1
1
1
1
1
0.983072995673339
1
1
1
1
1
1
1
0.993816129565553
1
1
1
1
1
1
1
1
1
1
1
1
0.915717286027622
1
1
1
1
1
0.969992533948308
0.999990498849304
1
0.999958910052053
1
0.999984975493504
1
1
1
1
1
1
1
1
1
1
1
0.910553930626961
0.967686667352564
1
1
1
1
1
1
1
1
1
1
1
0.999257455719992
1
1
1
1
1
1
0.918437994779884
1
1
1
0.994798251955878
1
1
1
0.993816129565553
1
1
0.906695093419245
1
1
1
1
1
1
0.913783180171952
0.967686667352564
1
1
1
0.918437994779884
1
1
1
1
1
0.910553930626961
1
0.755414144916593
1
1
1
1
0.999996620087511
1
1
1
1
0.98081589909941
1
1
1
1
1
1
1
1
0.999985036726649
1
0.998628169363939
1
1
1
1
1
1
1
1
1
1
1
1
1
1
1
0.919261151740029
1
0.999275836056438
1
1
1
0.99997841478344
1
1
1
1
1
1
1
1
0.999908479181809
1
1
1
1
1
0.930475464605947
1
1
1
1
1
0.875407103597891
1
0.97278988340809
1
1
1
1
1
1
1
1
1
1
1
1
1
0.930475464605947
1
1
1
1
1
1
1
1
1
1
1
0.974487472769408
1
1
1
0.994779189563738
1
1
1
0.999882119266253
1
1
1
1
0.967686667352564
1
0.974879692094018
1
1
1
1
1
1
1
1
1
1
1
1
1
0.998171243678811
1
1
1
1
1
1
1
1
1
1
1
1
1
1
1
1
1
1
1
1
1
1
1
1
1
0.913783180171952
0.999177678126644
1
1
1
1
1
1
1
1
0.999916762500815
1
0.999992273671488
1
1
1
0.852741336961893
0.862810483250719
1
1
1
1
1
1
1
1
0.999992273671488
1
0.999833496004106
0.999886204254315
1
1
1
1
0.993596228907967
1
1
1
1
1
1
1
0.951176433874779
1
0.999969518047537
1
1
1
0.930595435159392
1
1
1
1
0.999984294135734
1
1
1
1
0.993816129565553
0.924292898186074
1
0.99305878303466
1
0.968873252497791
1
1
0.999877197191179
1
0.999992273671488
1
1
1
1
1
1
1
1
1
1
1
1
1
1
0.918643370195886
0.865371294790134
0.974316753530348
0.875407103597891
1
1
1
1
1
0.999963439618416
1
1
1
0.999797296001915
1
1
1
1
0.999996495387982
1
1
1
0.935673347941394
1
1
0.945542190340949
1
1
1
1
0.999910157653752
1
1
0.989587591582189
1
1
1
1
1
0.974586051792308
1
1
1
1
0.900267257538729
1
0.987017942944447
1
1
1
1
1
1
0.99395342172107
1
1
1
0.999974242315268
1
0.999995872609049
1
1
0.999969853043283
0.588863244205938
1
0.999981629869682
0.84988939415748
0.999994010510014
0.973415774379576
1
0.919261151740029
1
1
1
0.99997841478344
1
1
1
1
0.912769028199902
1
0.999986467914789
1
1
1
1
1
1
1
0.987060475987611
0.813523425884639
0.999883522530485
0.823092701912471
1
0.998029201677977
1
1
1
0.999995451842608
1
1
1
1
1
0.873107128768909
1
1
0.999996737010105
1
1
1
1
0.999980961374632
1
1
1
1
0.956275613189306
1
1
1
0.999957653065504
0.818421014001491
1
0.945542190340949
1
1
0.969827538330544
1
1
0.866304504951532
1
1
0.999974595129581
1
1
1
1
1
1
1
1
1
1
1
1
1
0.999960400201391
0.999996495387982
1
0.999996809978027
0.978131213668207
1
0.999778681204239
1
0.964484911566336
1
1
1
0.998005545988277
1
1
1
1
1
1
1
1
1
1
1
1
0.999430819548175
1
0.999984611038543
1
0.999884409002075
0.97278988340809
1
0.999994734779561
1
1
1
1
0.999953821995425
1
1
1
1
0.99305878303466
1
0.999980495988579
0.999988345911265
1
1
1
1
1
1
1
1
1
1
1
1
0.849978194233273
0.999868008511738
0.99999092815149
1
1
1
1
1
1
1
1
1
1
1
1
1
1
1
1
1
0.995942683964479
1
0.87960433304517
1
1
1
1
1
1
1
1
1
1
1
1
0.99219314902453
1
0.983072995673339
1
1
0.993361829391871
1
1
1
1
1
1
1
1
1
1
1
0.865134583514253
1
1
1
1
0.999995039653673
1
0.927947763600945
0.998274327752478
1
1
0.989093810787007
1
1
1
1
1
1
1
1
1
1
0.96540605055943
1
1
0.909010676976313
1
1
1
1
0.990215070744185
0.0310973563957914
1
0.89717938016197
1
0.999777464119907
0.993361829391871
0.974586051792308
1
1
1
1
1
0.999777464119907
1
1
0.883980762036024
1
0.84891183820369
0.82735280113809
0.999982046693351
1
1
0.926703966378478
1
1
1
1
1
1
1
1
1
1
1
1
1
1
1
1
1
0.994779189563738
0.987017942944447
1
0.999984416763661
1
1
1
0.999877197191179
0.97827247478368
1
1
1
1
1
1
1
1
1
1
1
1
1
1
1
1
1
0.885155254478658
1
1
1
1
1
0.999996737010105
1
0.97827247478368
0.913783180171952
1
1
1
1
1
0.974316753530348
1
1
1
1
1
0.974879692094018
1
1
1
1
1
1
1
1
1
1
0.969827538330544
1
1
1
1
1
1
1
0.999984544990593
1
1
1
0.932029808717539
0.944161138270547
1
1
1
1
1
1
1
0.997518087229272
1
1
1
1
1
1
1
1
1
1
1
1
1
1
1
1
1
1
1
1
1
1
0.926703966378478
1
1
1
1
1
0.999974595129581
1
0.656276617724841
1
0.999994010510014
1
1
1
1
1
1
0.993443348544494
0.999846253643828
1
1
1
1
1
1
1
0.999939493501981
1
1
1
0.930475464605947
1
0.954429797410674
1
1
1
1
0.999833496004106
1
1
1
1
0.999995039653673
1
1
1
1
1
1
1
1
1
0.999958910052053
0.913783180171952
0.97827247478368
1
0.992789979386294
1
1
1
1
0.995942683964479
1
1
1
1
1
1
1
1
1
1
1
1
1
1
1
1
1
1
1
1
0.974586051792308
1
1
1
1
1
1
1
1
1
1
1
1
1
1
0.949013216420053
0.952853460087782
1
1
0.993816129565553
1
1
1
1
1
1
1
1
1
1
1
1
1
1
1
1
1
0.999964744563357
0.999994010510014
1
0.993881817235633
1
1
0.999953821995425
1
1
0.974879692094018
0.999933462170092
0.999986467914789
1
1
1
1
1
1
0.925914867342245
1
0.999995872609049
1
1
1
1
1
1
1
1
1
1
0.996461617378439
0.99997271674032
1
1
1
1
1
0.62116306856028
0.999996538763757
0.663285136715497
1
1
1
0.99235560390474
1
1
1
1
1
1
1
1
1
1
1
1
1
1
0.993443348544494
0.97827247478368
1
1
1
0.990215070744185
1
1
1
1
1
1
1
1
0.999792479301984
1
0.999824273609945
1
1
1
1
1
1
1
1
1
1
1
1
0.918437994779884
1
1
1
1
1
1
1
1
1
1
1
1
1
1
0.999430819548175
1
1
1
1
1
1
1
0.910553930626961
1
1
1
1
1
1
1
1
1
1
1
1
0.944161138270547
0.956814140112088
1
1
1
0.872001993321602
0.993596228907967
1
1
1
1
1
1
1
1
1
1
0.954429797410674
1
1
1
1
1
1
0.99948173481306
1
1
0.983072995673339
1
0.90762905566436
1
1
1
1
0.999982046693351
1
1
1
1
1
1
1
1
1
1
1
0.999976681420616
1
1
1
1
1
1
1
1
1
1
1
0.999994010510014
1
1
1
1
1
0.902457903374255
1
0.999958910052053
1
0.912769028199902
0.970178879118642
1
1
0.999972366635996
1
1
1
1
1
0.920159459805842
1
1
1
1
1
1
1
1
0.961368328296275
0.903990092884197
0.997129072996348
1
1
1
1
1
1
1
1
1
1
1
1
0.915280655661766
1
1
1
0.910553930626961
1
0.998951808591018
0.999984294135734
0.999642479154242
0.999996538763757
1
0.951176433874779
1
1
1
1
0.913460399997511
0.999985824587855
1
0.999870036221938
1
1
0.99992506744747
1
1
1
1
1
1
0.914330762305717
1
1
1
1
0.913460399997511
1
0.999995573120532
1
1
1
1
1
1
1
1
1
0.943560145488496
1
1
1
1
1
1
0.997129072996348
0.996104427015306
1
1
0.784427473174452
1
1
1
1
1
1
1
1
1
0.997354244661125
1
1
1
1
1
0.820316770249855
0.999996771924725
1
1
1
1
1
1
1
1
1
0.999987187910962
0.957136691353076
1
1
0.998029800101221
1
1
1
1
1
1
1
1
1
1
1
0.999910069732108
1
1
1
1
0.804311577021886
0.999991079089927
1
1
1
1
1
0.99395342172107
1
1
1
1
1
1
0.944161138270547
0.997354244661125
1
1
0.999965133660911
1
1
0.999995039653673
1
1
1
1
0.798763335021271
1
1
1
0.918437994779884
1
1
1
1
1
1
1
1
0.959066663358344
0.838593065137402
1
1
0.969827538330544
1
1
1
0.999988382016443
0.99235560390474
1
1
0.926579028002668
1
0.942455104975667
1
0.974487472769408
1
0.999918768207929
0.999886204254315
1
1
0.999976681420616
1
1
1
1
1
0.99999092815149
1
1
1
1
1
1
0.79372480559931
0.951176433874779
1
1
1
1
0.956275613189306
1
1
1
1
0.999990268819321
1
1
1
1
1
0.999851681598464
1
1
1
1
1
1
1
1
1
1
1
1
1
1
1
1
1
1
1
0.972456309446646
1
1
0.999857604236873
1
1
1
0.999991035706061
1
1
1
1
0.942151337646502
0.999990146100347
0.89281330888712
1
1
0.999997248351184
1
1
1
1
1
1
0.999990829455194
1
1
1
1
1
1
1
0.999996737010105
0.999932942605297
1
1
1
0.999973518315452
1
1
0.997518087229272
1
1
0.999877197191179
0.999065042019773
1
1
1
1
0.999997248351184
1
1
1
1
0.930595435159392
1
1
1
1
1
1
1
1
1
1
1
1
1
1
1
1
0.999994010510014
1
1
1
0.999984975493504
1
1
1
1
0.999982648499734
1
1
1
0.991632305562388
0.924292898186074
1
1
1
1
1
1
1
0.999997530111367
1
1
1
0.999997248351184
1
1
1
1
0.999985148756901
1
0.993816629956962
1
0.999994162952239
1
0.999936752551829
1
0.937308359826476
0.999917723105585
1
0.968873252497791
1
1
1
1
0.882191522117997
1
1
1
1
1
1
1
1
1
1
1
1
1
1
1
1
1
1
1
0.999910069732108
1
1
1
1
1
0.994407771764337
0.999985036726649
1
1
1
1
1
1
1
1
1
0.920615516553911
1
1
1
1
1
1
1
1
1
1
1
1
0.999949053481157
1
0.999859134294514
1
1
1
1
1
1
0.920159459805842
1
1
0.951759288673107
1
1
1
1
0.863759202068237
1
1
0.934941603927412
1
1
1
1
1
1
1
1
0.997510789470802
1
1
1
1
0.866040831760951
1
1
1
1
1
0.941794682456835
1
1
1
1
0.930475464605947
0.663285136715497
1
0.999991079089927
0.952682516926253
1
1
1
1
1
1
1
1
0.999877197191179
1
1
1
1
1
0.999976681420616
1
1
1
1
0.862810483250719
1
1
1
1
1
1
1
1
1
1
1
1
1
0.999970082094019
1
0.969827538330544
1
1
1
1
1
1
0.465156296984647
1
1
1
1
1
0.973415774379576
1
1
1
1
1
1
1
1
1
1
0.999985295778233
1
1
0.999883700708347
1
0.991405406439986
1
1
0.868513952905696
0.902457903374255
0.993443348544494
1
1
1
1
1
1
1
0.97827247478368
1
0.999971062703646
1
1
1
1
0.993596228907967
0.998951808591018
0.999996538763757
1
1
1
0.999996495387982
1
0.999977615887009
1
1
1
1
1
1
1
1
1
1
0.999991035706061
1
0.971217256643571
1
1
1
1
1
1
1
1
1
1
1
1
1
0.974487472769408
0.952853460087782
1
0.896190187553863
1
1
1
1
0.999932942605297
1
1
0.999949053481157
1
1
1
1
1
1
1
0.999996620087511
1
1
1
1
0.999704121727759
1
1
1
1
0.864131233544888
1
1
1
1
1
1
1
1
1
1
1
1
1
1
1
1
1
1
1
1
1
1
1
1
1
1
1
1
1
0.999886204254315
1
1
1
1
0.983072995673339
1
1
1
1
1
1
1
1
0.993816129565553
0.999985824587855
1
0.999791019820396
1
1
1
0.999877197191179
1
1
1
1
1
1
1
0.934270918732895
0.999945504248236
1
1
0.993361829391871
1
1
1
0.913460399997511
1
1
0.888826348421021
0.999695842416491
1
1
1
1
1
1
1
1
1
1
1
0.970178879118642
1
1
1
1
1
1
0.927947763600945
1
1
1
0.868513952905696
0.999991079089927
1
0.999877197191179
1
1
0.999985295778233
1
1
1
1
1
1
0.98081589909941
0.999988039748804
0.952853460087782
1
1
1
0.999990268819321
1
1
0.999994477828094
1
0.903496845724627
1
1
0.909010676976313
1
1
0.999990268819321
1
0.998274327752478
1
1
1
0.999065042019773
1
1
0.99998601638995
1
1
1
1
0.969992533948308
1
1
1
1
1
1
1
0.999990498849304
1
1
1
0.998198914482765
0.995322825353738
1
1
1
1
1
1
1
1
0.849978194233273
1
1
1
0.867241529969756
1
1
1
1
1
1
1
1
1
1
1
1
0.956275613189306
1
1
1
1
0.999950948477906
1
1
1
1
1
1
1
1
0.999977177831618
0.997354244661125
1
0.888826348421021
1
0.999910069732108
1
1
1
1
0.693184164951339
0.839228306902244
0.999684117963573
1
1
1
1
0.9999749011269
1
1
0.920159459805842
1
1
1
1
1
1
0.999931758196932
1
1
0.972456309446646
0.999990146100347
1
1
0.999977177831618
1
1
1
1
1
0.991405406439986
0.999997248351184
1
1
0.999990498849304
1
1
1
1
1
1
1
1
1
1
1
1
1
1
0.99948173481306
1
0.987017942944447
1
1
1
1
1
0.97827247478368
1
1
1
1
1
1
1
1
1
1
1
1
1
1
1
0.974586051792308
1
1
1
1
1
1
1
1
1
1
1
1
0.999824273609945
1
1
1
1
1
1
1
0.983072995673339
1
0.999982046693351
1
1
1
1
1
1
1
1
1
1
1
1
1
0.863759202068237
1
1
1
1
1
0.917878254147341
1
1
1
1
0.999165898147342
1
1
1
1
1
0.903576890403883
1
1
1
1
0.998951808591018
1
1
1
1
1
0.994779189563738
1
1
1
1
1
1
0.999979323027703
1
1
1
1
1
1
1
0.955943671799444
1
1
1
1
1
1
1
1
1
1
1
1
1
1
0.956814140112088
1
0.998171243678811
1
1
1
1
0.48541283866195
1
1
1
1
1
1
1
1
0.997368969536111
1
0.888253833767074
1
1
1
1
1
1
1
1
1
1
1
1
1
0.999962044593744
0.999986320038089
1
1
1
1
1
0.999984416763661
1
1
1
1
1
1
0.914330762305717
1
1
1
0.999778681204239
1
1
0.991632305562388
1
1
1
1
1
1
1
1
1
0.951176433874779
1
1
1
1
1
1
0.99305878303466
1
1
1
0.999945504248236
1
0.914330762305717
0.955708727130793
1
1
1
1
1
1
1
0.99305878303466
0.999257455719992
1
1
1
1
1
1
0.997668340322143
0.997374272340609
1
1
1
1
1
1
0.999985295778233
1
1
1
1
0.969827538330544
1
1
1
0.999984611038543
1
1
1
1
1
1
1
1
0.999988482494921
1
1
0.999914345109977
1
0.945542190340949
1
1
1
1
0.993596228907967
1
1
0.918437994779884
1
1
1
1
1
1
1
1
1
1
1
1
1
1
1
1
1
1
1
1
1
0.999988482494921
0.993881817235633
0.999778681204239
1
1
0.956275613189306
0.999988482494921
1
1
1
1
0.999938992399717
1
0.983072995673339
1
1
1
1
0.971217256643571
0.999955849341543
1
1
1
1
1
1
1
1
1
0.999996538763757
1
1
0.991405406439986
1
1
1
1
1
1
1
1
1
1
0.999986629047707
0.969827538330544
1
1
1
1
1
1
0.991632305562388
1
0.903576890403883
1
1
0.99948173481306
1
1
1
1
0.999936752551829
1
1
1
1
1
1
1
1
1
0.861433152224514
1
1
1
1
1
0.999430819548175
1
1
1
1
0.865371294790134
1
1
1
1
1
1
1
1
1
0.973415774379576
1
1
1
1
1
1
1
1
1
1
1
1
0.912769028199902
0.999996334064839
0.901416625311215
1
1
1
1
0.999968333489791
0.938904992602747
1
1
0.999888030916976
1
1
0.999983318430173
1
1
1
1
1
1
1
1
1
1
0.999985824587855
1
1
1
0.999833496004106
1
1
1
1
1
1
1
0.999986467914789
1
1
1
0.999986320038089
1
1
1
1
1
1
0.724120214536689
1
1
0.930475464605947
1
1
1
1
1
1
0.820316770249855
1
1
1
1
1
1
1
1
1
1
1
1
1
1
1
1
0.999990146100347
0.932029808717539
1
1
1
1
1
0.969432669000615
1
1
1
1
1
1
1
1
1
1
0.999990146100347
1
1
1
1
0.917878254147341
1
1
1
1
1
0.999936752551829
1
0.726600894928918
1
1
1
1
0.999877197191179
1
1
1
1
1
1
1
0.99993590858941
0.993881817235633
1
1
1
1
1
1
1
1
0.997368969536111
1
1
1
1
1
1
1
1
1
1
1
1
1
1
1
0.974316753530348
0.972456309446646
0.999865673382482
1
1
1
1
0.999936752551829
1
1
1
0.944161138270547
0.998951808591018
1
1
1
1
1
0.999994010510014
1
1
1
0.955708727130793
1
0.999985295778233
1
1
0.995942683964479
1
1
1
1
1
0.832876605635969
1
1
1
1
1
1
1
0.999988482494921
1
1
0.999994010510014
1
1
1
0.999996538763757
1
0.974586051792308
1
1
0.944161138270547
0.998029800101221
1
1
1
1
1
1
1
1
1
0.999995573120532
1
1
1
1
1
1
1
1
1
1
1
1
1
1
0.797155227811402
1
0.527545602323905
0.910043396918434
1
1
0.882191522117997
1
1
0.999997248351184
1
1
0.999984416763661
1
0.989093810787007
0.999955492090349
1
1
1
0.999945504248236
1
1
0.999987187910962
0.998789471058735
1
1
1
1
1
0.999996334064839
1
0.97827247478368
1
1
1
0.589423422198573
1
0.892258764935199
1
1
1
1
1
0.995942683964479
1
1
0.847859818715166
0.995888630635626
1
0.973415774379576
1
1
0.999988382016443
0.974487472769408
1
1
0.999997918694094
0.819486010304926
1
1
0.999952719538845
1
1
1
1
1
0.999984975493504
0.951759288673107
1
1
1
0.999977177831618
0.768265497043266
0.908648463034205
1
0.961364500367102
1
1
1
0.998789471058735
0.999996538763757
0.999910069732108
0.999936752551829
1
1
0.99235560390474
0.879479921033465
1
0.914330762305717
1
1
1
1
1
1
1
1
1
1
1
1
0.999982648499734
1
1
0.999996737010105
1
1
1
1
1
1
1
0.999994434805343
0.908648463034205
0.920615516553911
1
1
1
0.999984544990593
0.854259592461957
1
1
1
0.999984544990593
1
1
1
1
1
0.862152739827255
1
0.99987676116077
1
1
1
0.999974595129581
1
1
0.97455401537299
1
1
1
1
1
1
1
1
1
1
1
1
1
1
0.990215070744185
1
1
0.956275613189306
1
1
1
1
1
0.999991079089927
1
1
1
0.999991035706061
1
1
1
1
1
1
1
1
1
1
1
0.937308359826476
1
0.955415461477145
1
1
0.999965133660911
1
1
1
0.913783180171952
1
0.879479921033465
1
1
0.999997864545594
1
1
1
1
1
1
1
1
1
0.954429797410674
1
0.956814140112088
0.995942683964479
0.909010676976313
1
0.945542190340949
1
1
1
1
0.969992533948308
1
1
1
0.974879692094018
1
0.999994695438146
1
1
1
1
1
0.989507480616186
0.919261151740029
0.935673347941394
1
0.995942683964479
1
1
1
1
1
1
0.918437994779884
1
0.99219314902453
1
1
1
1
1
1
1
1
1
1
1
1
0.99999092815149
1
1
0.997518087229272
1
0.999758881879626
0.997374272340609
1
1
1
1
1
1
1
1
1
0.999972366635996
1
1
1
1
1
0.999994477828094
1
0.999633303616387
1
0.98367865982939
1
1
1
1
1
1
0.995703238797034
1
1
1
1
1
1
0.955415461477145
1
1
1
1
1
1
1
1
1
1
1
1
1
0.909010676976313
1
1
1
1
0.99235560390474
1
0.999979323027703
1
1
0.999974242315268
0.983072995673339
1
1
0.900267257538729
1
1
0.956275613189306
0.99235560390474
1
1
1
1
0.951176433874779
0.989993031341042
0.954433387786845
0.999937420978195
1
1
1
0.954429797410674
1
1
0.999877394992517
1
1
1
1
1
1
1
1
1
1
1
0.907468008734407
1
1
1
1
1
1
1
1
1
1
0.880848491106767
1
1
1
1
1
1
1
1
1
1
1
1
1
1
1
1
1
1
1
1
0.999981629869682
0.972456309446646
1
1
1
1
1
0.991405406439986
1
1
1
1
1
1
0.95873600332052
1
1
1
1
0.961368328296275
1
1
0.930475464605947
1
1
1
0.917878254147341
1
0.930475464605947
0.995066493763694
1
1
1
1
1
1
1
1
1
0.999936752551829
1
0.999985479768079
1
1
1
1
1
0.999936752551829
1
1
0.998658675508353
1
1
1
1
0.932029808717539
1
1
1
1
0.999982648499734
1
1
1
1
0.972456309446646
1
1
1
1
1
1
1
1
1
0.786505551605271
1
1
1
1
1
1
1
0.915717286027622
0.918437994779884
1
1
1
0.931911065102994
1
1
1
0.926579028002668
1
0.999984975493504
1
1
1
1
1
1
0.941794682456835
1
1
1
1
0.974879692094018
1
1
0.989093810787007
1
1
1
1
1
1
1
1
1
1
0.999996771924725
0.998512155285259
1
1
1
0.894433499180018
1
1
1
1
1
1
1
0.990066372439497
1
1
1
1
1
1
1
1
0.999815390299236
1
1
1
1
1
0.999984975493504
1
1
1
1
1
1
0.999981829351682
0.998171243678811
1
1
0.994798251955878
0.999986320038089
0.999839320929213
1
1
1
1
1
1
1
0.949673667994138
1
1
1
1
1
1
1
1
1
1
0.99997841478344
1
1
1
0.99948173481306
1
1
1
0.999257455719992
0.974316753530348
1
1
1
1
1
1
1
1
1
1
1
1
0.998889519095009
1
0.997545445379174
0.999992273671488
1
1
1
1
1
1
0.910553930626961
1
1
0.999976670670382
0.924071809321136
0.999970416766768
1
1
1
1
1
1
1
1
1
1
1
1
1
1
1
1
1
1
1
1
0.914330762305717
1
1
1
1
1
1
1
1
1
1
1
1
0.999968584576739
1
1
0.84988939415748
0.955943671799444
1
0.999796345312382
1
1
0.999810153391769
1
1
1
0.930475464605947
1
1
1
1
1
1
0.949013216420053
1
0.931911065102994
1
1
1
1
1
1
1
0.915280655661766
1
1
0.927947763600945
0.99992506744747
1
1
1
1
0.993596228907967
1
1
0.978870604369127
0.99997841478344
1
0.926321294299758
0.993596228907967
1
1
0.999771622890161
1
1
1
1
1
1
1
1
1
1
1
0.926579028002668
1
1
1
1
1
1
1
1
1
1
1
1
1
1
1
0.911013391885547
1
1
1
1
1
1
1
1
1
1
1
1
1
1
1
1
1
1
1
1
1
1
1
1
1
1
1
0.999824273609945
1
1
1
1
1
1
1
1
1
0.999973518315452
1
1
1
1
0.999996809978027
0.930595435159392
0.995703238797034
1
1
1
0.999988482494921
1
1
1
1
0.994798251955878
1
1
1
1
1
1
1
1
1
1
1
1
0.964856950753838
1
0.995322825353738
1
1
0.999973372579672
1
1
1
1
0.999996809978027
1
0.999684117963573
1
0.99219314902453
1
1
0.920504919210255
1
1
1
0.999982046693351
1
1
1
1
1
1
1
1
1
1
1
1
1
1
1
1
1
0.903990092884197
0.969992533948308
1
0.999918151535192
1
1
1
1
1
1
1
1
1
1
1
1
1
1
1
1
1
1
1
0.999980662109801
1
1
1
1
1
1
1
1
1
1
1
1
0.98081589909941
0.999997864545594
1
0.933514022353416
1
0.999994010510014
1
1
1
1
1
1
0.999996809978027
0.896009868357338
1
1
1
1
1
1
1
1
1
1
1
1
1
1
1
1
1
1
1
1
1
1
1
1
1
0.898376098494182
1
1
1
1
1
1
0.999982648499734
1
1
0.926321294299758
1
1
0.989507480616186
0.999996334064839
1
1
1
1
1
1
1
1
1
1
1
1
1
1
1
1
1
1
1
0.999996495387982
1
0.999791019820396
0.937308359826476
1
1
1
1
0.999778681204239
1
1
1
1
1
1
0.880848491106767
1
1
1
0.697104676635078
1
0.997518087229272
1
1
1
0.999868008511738
1
0.999984975493504
1
1
1
1
0.882191522117997
1
1
0.999886204254315
1
0.930595435159392
1
0.90762905566436
1
1
1
1
1
0.999996538763757
1
0.968873252497791
1
1
1
0.999880230475199
0.983072995673339
1
1
1
1
1
0.888826348421021
0.99992506744747
1
0.785088146214441
1
1
1
1
0.824543956597027
1
1
1
1
1
1
0.99992506744747
0.999987187910962
0.989507480616186
1
1
1
0.998889519095009
1
1
1
1
0.999257455719992
1
0.912292090307466
1
1
1
0.858910281641677
1
1
1
1
0.956275613189306
1
1
0.967686667352564
1
1
1
1
1
1
1
1
1
1
1
1
1
1
1
0.89717938016197
1
1
1
1
1
0.89281330888712
1
1
1
1
0.999984975493504
1
1
1
1
1
0.999977784689319
1
1
0.972456309446646
1
1
1
1
1
0.892267042314461
1
1
1
1
1
1
1
1
1
0.999980961374632
1
1
1
1
1
1
1
1
0.999926451946835
1
1
1
1
1
1
1
1
0.993816129565553
1
1
0.999977615887009
1
0.990635163981209
1
1
1
0.909010676976313
0.885000647665144
1
1
1
1
1
1
1
1
1
1
0.999967316926293
1
1
1
0.825950168739611
1
0.885000647665144
1
1
1
1
0.983072995673339
0.999917603899901
0.999995039653673
1
1
1
1
1
1
1
1
1
1
1
1
1
1
1
1
1
1
0.999842514960931
1
1
1
1
1
1
1
1
1
1
1
0.999917485900319
1
1
1
0.873107128768909
0.999886204254315
1
1
1
1
0.932029808717539
1
1
0.942455104975667
0.993361829391871
0.995942683964479
1
1
1
1
1
1
1
1
1
1
0.952853460087782
1
1
1
1
1
1
1
1
1
1
1
1
1
1
1
1
1
1
1
1
1
0.865784060328435
1
1
1
1
1
0.970178879118642
1
1
1
1
1
1
0.784163775973571
1
0.955943671799444
0.999058994321049
1
1
1
1
1
1
1
1
1
0.999996620087511
1
0.998274327752478
1
1
1
1
1
1
1
1
1
1
1
1
1
1
1
1
1
1
1
0.834282179797835
1
1
0.998274327752478
1
1
0.91477199380567
1
1
1
0.989093810787007
1
1
1
1
1
1
1
1
1
0.999987187910962
0.999990829455194
1
0.999996771924725
1
1
1
1
1
1
1
1
1
1
1
1
1
1
1
1
1
1
1
1
1
1
1
1
0.95490124623492
0.999880230475199
1
1
1
1
1
1
1
1
1
0.805317441835426
0.929647901587016
1
1
0.949013216420053
0.924626271681507
0.909267939310692
0.999976681420616
1
1
1
1
0.999994734779561
1
0.934276025692001
1
1
1
1
1
1
0.971217256643571
1
1
1
1
1
1
1
1
1
1
1
1
1
1
0.999953821995425
0.944161138270547
0.999976681420616
1
1
0.99948173481306
1
1
1
1
1
1
1
1
1
1
1
0.999995039653673
1
1
1
0.843677509614784
1
0.930475464605947
1
1
1
1
1
0.903990092884197
1
1
0.954429797410674
1
1
1
1
0.998628169363939
1
1
1
1
1
1
0.999969518047537
0.999963439618416
1
1
1
1
1
1
0.989507480616186
1
0.999949713361564
1
1
0.955415461477145
1
0.89148431699872
1
1
1
1
1
1
1
1
1
1
1
1
1
0.971217256643571
1
1
1
1
1
1
1
1
0.999065042019773
1
1
1
0.944161138270547
0.934941603927412
1
0.999979323027703
1
0.937308359826476
1
1
1
0.999986320038089
1
1
0.96540605055943
1
0.973415774379576
1
1
0.73640745601009
1
1
1
0.999933462170092
1
1
1
1
1
1
1
1
1
1
0.999981629869682
1
1
1
1
1
1
1
1
1
1
1
1
1
1
1
1
1
1
0.907468008734407
1
1
1
1
1
0.902457903374255
1
1
1
1
1
1
1
1
1
1
1
1
0.97827247478368
1
1
1
1
1
1
1
0.938904992602747
1
1
1
1
1
1
1
1
1
1
1
1
1
1
1
1
1
1
1
0.820316770249855
1
1
1
0.846657568044804
0.924292898186074
0.951176433874779
1
1
0.887139657347151
1
1
0.999777464119907
1
1
1
0.896190187553863
1
1
1
1
1
1
0.866040831760951
1
1
1
1
0.95873600332052
0.999992273671488
1
1
1
0.999971854277551
1
1
0.989093810787007
1
0.999998692321767
1
1
1
1
1
1
0.988985689018791
1
1
1
1
1
0.99235560390474
1
1
1
1
1
1
1
1
1
1
1
1
1
1
1
1
1
1
1
1
0.987017942944447
1
0.958770773697374
0.995322825353738
1
1
1
1
1
1
1
0.96072162008776
1
0.999931758196932
0.944161138270547
1
0.999802459386272
1
1
1
1
0.999952719538845
1
1
1
1
1
1
0.999984544990593
1
1
1
1
1
1
1
1
0.973415774379576
1
1
1
1
1
0.995066493763694
0.999995872609049
1
1
1
1
1
1
1
0.89281330888712
1
1
1
0.999065042019773
1
1
1
0.94343160094518
0.95873600332052
1
1
1
1
1
1
0.94343160094518
1
1
0.999984611038543
1
1
1
1
1
1
0.995942683964479
1
1
1
1
1
0.894433499180018
1
0.99219314902453
1
0.969827538330544
0.993443348544494
1
1
0.996104427015306
1
0.99395342172107
1
1
1
1
1
1
0.993361829391871
1
1
1
1
0.945542190340949
1
1
1
0.999996538763757
1
1
1
1
1
1
1
1
0.998951808591018
1
1
1
1
0.997545445379174
0.818421014001491
0.993443348544494
1
1
0.995942683964479
1
1
0.999991035706061
1
1
1
1
1
1
1
1
1
1
0.999430819548175
1
1
0.99997271674032
1
1
0.999165898147342
1
0.97827247478368
1
1
1
0.949013216420053
1
1
1
1
1
1
0.956275613189306
0.88947029613195
1
0.999791019820396
1
1
0.969827538330544
1
1
1
0.999985295778233
1
1
1
1
1
1
0.999065042019773
1
1
1
1
1
1
1
0.999877197191179
1
1
1
1
1
1
0.97827247478368
1
0.927438102934346
0.998951808591018
1
1
0.999960495124053
1
1
1
1
1
1
1
1
1
0.987017942944447
0.999990268819321
0.999987187910962
1
1
1
1
0.964484911566336
0.97278988340809
0.999997864545594
0.99992506744747
1
0.99948173481306
1
1
1
1
0.999992273671488
1
1
1
1
1
0.999988039748804
0.910553930626961
1
1
1
1
1
1
1
0.768764973124875
1
1
1
1
1
1
1
1
0.917878254147341
1
1
1
1
0.999963880683698
0.926321294299758
1
1
1
1
1
0.998883372397338
1
1
1
1
1
1
0.999857604236873
0.999977615887009
1
1
1
0.99235560390474
1
1
1
1
1
1
1
1
1
0.982849450281056
1
1
1
1
0.901416625311215
1
1
1
1
1
1
1
1
0.920615516553911
1
1
0.999997248351184
1
0.931911065102994
1
1
1
1
1
0.999830992942947
1
1
1
1
1
1
1
0.999965133660911
1
1
1
1
1
1
1
1
1
1
1
1
1
1
1
1
1
1
1
1
1
0.744157922311034
1
1
1
1
1
1
1
1
1
1
1
0.999065042019773
1
1
1
1
1
1
0.998274327752478
1
1
1
1
1
1
1
1
0.999918151535192
1
0.999430819548175
1
1
1
1
1
1
1
1
0.98081589909941
1
1
1
1
1
1
1
1
1
1
0.99235560390474
1
1
1
1
1
1
1
1
1
1
1
1
1
0.999968584576739
1
1
0.999985479768079
0.974487472769408
1
1
1
1
1
1
1
1
1
1
1
1
1
1
0.999538576201453
1
1
0.903990092884197
1
1
1
1
1
1
1
0.99305878303466
0.847386099691354
1
0.999893290880013
1
1
0.999996620087511
1
1
1
0.91390584166099
1
1
1
1
0.974879692094018
1
1
1
0.989580479636058
1
1
1
1
0.970178879118642
0.944161138270547
0.949673667994138
0.999981629869682
1
1
1
1
1
1
1
1
1
1
1
1
1
1
1
1
1
0.999985824587855
0.840327744032247
1
1
0.999976082850024
1
1
1
1
0.999985295778233
1
1
1
1
1
1
0.872001993321602
1
1
1
1
1
1
1
1
1
1
1
1
1
1
1
1
1
0.90762905566436
1
1
0.99235560390474
1
0.999777464119907
1
1
1
1
0.999902655018378
1
1
1
1
0.978131213668207
1
1
1
1
1
1
1
1
1
0.863759202068237
1
1
1
1
1
1
0.920615516553911
0.939549576699912
0.999994695438146
0.915717286027622
1
1
1
1
1
1
1
1
1
1
0.99998601638995
0.937529955011518
1
1
1
0.938904992602747
1
1
0.969992533948308
1
1
1
1
1
0.972456309446646
1
1
1
1
1
1
0.999833496004106
1
1
1
1
1
1
1
1
1
1
1
1
1
1
1
1
1
1
0.863759202068237
1
0.994779189563738
1
0.97278988340809
1
0.974316753530348
1
1
1
1
0.99992506744747
1
1
1
1
1
1
0.995942683964479
1
0.911013391885547
1
1
1
1
1
1
1
1
1
1
1
0.99999092815149
1
1
1
1
0.999995451842608
1
0.997374272340609
1
1
1
1
1
1
1
0.90794228825306
1
0.932029808717539
1
1
1
1
1
1
1
0.873107128768909
0.915717286027622
1
1
0.999927446256557
0.898376098494182
0.999877197191179
1
1
1
1
1
1
1
1
1
1
0.998171243678811
1
1
1
1
1
1
1
0.993443348544494
1
1
0.859448735802656
0.931911065102994
1
1
1
1
1
1
1
1
1
1
0.860137487229282
0.957136691353076
1
1
1
0.942151337646502
1
1
0.956275613189306
1
0.993881817235633
1
1
1
1
0.999988482494921
1
1
1
1
1
0.968873252497791
1
1
1
1
1
0.999980495988579
1
0.999065042019773
0.994798251955878
1
1
0.995942683964479
1
1
1
1
1
0.983072995673339
1
0.999996809978027
1
1
1
1
1
1
1
1
1
0.999990268819321
1
1
0.913912436063783
0.999844825775013
0.892258764935199
1
1
1
1
1
1
0.919261151740029
0.999984416763661
1
1
1
1
1
1
1
0.759277461025054
1
1
1
1
1
1
0.999997248351184
1
1
1
1
1
1
1
1
1
1
1
0.999990498849304
1
1
0.987017942944447
0.999849324410578
1
1
0.974586051792308
1
1
0.942455104975667
0.999990268819321
1
0.999949053481157
1
1
1
0.974879692094018
0.999988382016443
1
1
1
1
1
1
1
1
1
1
1
1
1
1
1
1
1
1
1
1
0.795038945131329
1
1
1
1
1
1
1
0.586568391825621
1
1
0.999824273609945
1
1
1
0.999980961374632
1
0.999824273609945
1
1
1
0.999989689515887
1
1
1
1
1
1
1
1
1
1
0.999991079089927
1
1
1
0.942455104975667
1
1
1
1
1
1
0.956814140112088
0.999972366635996
1
1
1
1
0.902457903374255
1
0.999981829351682
1
1
1
1
1
1
1
1
1
1
1
1
1
1
0.989093810787007
1
1
1
1
0.945542190340949
1
1
1
1
1
1
1
1
1
1
1
1
1
1
1
0.999257455719992
1
0.998628169363939
1
1
1
1
0.999882796845933
1
1
1
1
1
1
1
1
1
0.999994010510014
0.919261151740029
0.958770773697374
1
0.999962530227506
1
1
1
0.952853460087782
1
1
1
1
1
0.974316753530348
1
1
1
1
1
1
1
0.999988382016443
1
1
1
0.934270918732895
1
1
1
1
1
1
1
0.934270918732895
1
0.999888030916976
1
1
0.879479921033465
1
1
1
1
1
1
1
1
1
1
1
1
1
1
0.999695842416491
1
0.999985824587855
1
0.974318804691769
0.999996771924725
0.999888030916976
1
1
1
1
0.951176433874779
0.882582305734463
0.944161138270547
0.999968333489791
1
1
1
1
1
1
0.927947763600945
1
1
1
0.942455104975667
1
0.99992506744747
1
1
1
1
1
0.999911124118549
0.999997864545594
1
0.990635163981209
1
1
1
1
1
1
1
0.785088146214441
1
1
0.99998601638995
0.930475464605947
0.998789471058735
1
1
1
1
1
1
1
1
1
0.956275613189306
1
1
1
1
1
0.838548107011518
1
0.952853460087782
1
1
1
1
1
1
1
1
1
1
1
0.993443348544494
1
1
1
0.930595435159392
1
1
1
1
1
1
1
1
1
1
1
1
1
1
1
0.91390584166099
1
1
1
1
1
0.999953247325205
1
1
0.951176433874779
1
0.961368328296275
1
1
1
1
0.99219314902453
1
1
1
1
1
1
1
1
1
1
1
1
1
1
0.999824273609945
1
1
1
0.999974595129581
1
0.768265497043266
1
0.941794682456835
1
0.967686667352564
1
0.920504919210255
1
1
0.999850931526627
1
1
1
1
1
0.999165898147342
1
1
1
1
1
1
1
1
1
1
1
1
1
1
1
0.999996620087511
1
1
0.999829799887944
0.999996538763757
1
1
0.997368969536111
1
1
1
1
1
0.778861349676813
0.989993031341042
0.999992273671488
1
1
1
1
1
1
1
1
1
0.999982648499734
1
1
1
1
1
1
1
0.990635163981209
1
1
1
1
0.999995872609049
1
1
0.999980961374632
1
1
1
1
1
1
1
1
1
1
1
1
1
1
1
0.999977177831618
1
1
1
1
1
1
1
1
1
1
1
0.955943671799444
1
0.999996538763757
0.999990498849304
1
1
1
1
1
1
1
1
1
0.967686667352564
1
0.90762905566436
1
1
1
1
1
1
1
1
1
1
1
1
1
1
1
1
1
1
1
1
1
1
0.913783180171952
1
1
0.998883372397338
1
1
1
0.926579028002668
0.865784060328435
1
1
1
0.978870604369127
1
1
1
1
0.97827247478368
1
1
1
1
1
1
1
1
1
1
1
1
0.87960433304517
1
1
1
1
1
1
1
1
1
1
1
0.999996538763757
1
0.999058994321049
1
1
1
0.999257455719992
1
1
1
1
1
1
1
0.955943671799444
1
1
1
1
1
0.964484911566336
1
1
0.99999092815149
1
1
1
1
0.99305878303466
1
1
1
1
1
0.999990268819321
1
1
1
1
0.951759288673107
1
1
0.999970416766768
1
1
1
0.999965133660911
1
1
1
1
0.927438102934346
1
1
1
1
1
1
1
0.942864658434468
0.987017942944447
1
1
1
0.908648463034205
1
0.999987187910962
1
0.989587591582189
1
1
1
1
1
0.993596228907967
1
1
1
1
1
1
1
0.999883526535674
1
1
1
1
0.909008946169567
1
1
1
1
1
0.874414653967622
1
1
1
1
1
0.894433499180018
1
1
1
1
1
1
1
1
1
0.993361829391871
1
0.932029808717539
0.999824273609945
0.964484911566336
1
1
0.936730578806047
0.920159459805842
1
1
1
1
1
1
1
1
1
0.930475464605947
1
1
1
0.79372480559931
1
0.983072995673339
1
1
0.997937421646258
1
0.636560084761312
1
1
0.934270918732895
1
0.998951808591018
1
1
0.824543956597027
1
1
0.972456309446646
1
0.751541200046489
1
0.987017942944447
0.999825949056024
1
1
1
1
0.999833496004106
1
1
1
1
0.982793547821369
0.99948173481306
1
0.999990657147471
1
1
0.999758881879626
1
1
1
1
1
1
1
1
0.84988939415748
0.997518087229272
0.999982046693351
1
1
0.999990498849304
1
0.998951808591018
1
1
1
1
1
1
1
1
1
1
1
1
0.951176433874779
1
1
1
1
1
0.967686667352564
1
0.89281330888712
1
1
0.861433152224514
0.983072995673339
1
1
0.999257455719992
1
0.942455104975667
1
0.934276025692001
1
1
1
1
1
1
1
0.982849450281056
1
1
0.999430819548175
1
1
1
1
1
1
1
1
1
0.999684117963573
1
1
1
1
1
1
1
0.999974314231423
1
1
1
1
0.998883372397338
0.99987622429197
1
0.993361829391871
1
1
1
1
1
1
0.999936752551829
1
1
0.999984611038543
1
1
0.99948173481306
1
1
1
1
1
1
0.999758881879626
1
1
1
1
0.932029808717539
0.95490124623492
1
1
1
1
0.909267939310692
1
1
1
1
1
1
1
1
1
1
1
1
1
1
0.999995039653673
1
1
1
1
1
0.873107128768909
1
1
1
1
1
1
0.999824273609945
1
1
1
1
1
1
0.999994010510014
0.823092701912471
1
0.999986629047707
0.999988039748804
0.997374272340609
1
1
0.999980961374632
1
1
1
1
1
1
1
1
1
1
1
1
1
1
0.999996538763757
1
1
0.999704121727759
1
1
1
1
1
1
0.912769028199902
1
1
1
1
0.912769028199902
1
0.999953247325205
1
0.963288198836872
1
0.973415774379576
1
1
1
1
1
1
1
1
0.989093810787007
1
1
0.955415461477145
1
1
0.998628169363939
0.858423824735495
1
1
1
1
1
1
1
1
1
1
1
1
1
1
1
1
1
1
1
1
1
1
1
1
1
1
1
1
1
1
0.919261151740029
0.804311577021886
1
1
1
1
1
1
0.95490124623492
1
1
1
1
1
0.998789471058735
1
1
1
1
1
1
1
1
1
1
1
1
1
1
1
1
1
1
1
1
0.999984416763661
1
1
0.999980961374632
1
0.860144713559982
1
1
1
0.908539805487419
1
1
0.91291719089412
1
1
1
1
1
1
1
1
1
1
1
1
0.99948173481306
1
1
1
1
1
1
1
1
1
1
1
0.883422018663564
1
1
1
1
0.999758881879626
1
1
1
0.998951808591018
1
1
1
1
1
1
1
1
0.934270918732895
0.913783180171952
1
1
0.999973372579672
1
0.850909701676744
1
1
0.999996809978027
1
1
1
1
1
1
1
1
1
0.882784581167875
0.983072995673339
1
1
1
1
1
1
1
1
1
1
1
1
1
1
0.99997271674032
0.997374272340609
1
0.989824409746722
1
1
1
1
1
1
0.999777464119907
1
1
1
1
1
1
1
1
1
1
0.909008946169567
0.999997864545594
0.999984611038543
1
1
1
0.989093810787007
0.973415774379576
1
1
1
1
1
1
1
1
0.993881817235633
1
1
0.998029201677977
1
0.997518087229272
1
1
1
1
0.999939493501981
1
1
1
0.989093810787007
1
0.993816129565553
1
1
1
1
0.983072995673339
1
0.999899318999017
0.954433387786845
1
1
1
1
0.616250417783817
1
1
1
1
1
0.97827247478368
1
1
1
1
1
0.989507480616186
1
1
1
1
0.999990146100347
0.97278988340809
1
0.89148431699872
1
1
1
1
1
1
1
0.999997248351184
1
1
0.998628169363939
1
1
1
1
0.616049929132567
1
1
1
0.974586051792308
1
1
1
1
1
1
1
1
0.999960400201391
0.866304504951532
1
0.926579028002668
1
1
1
1
1
1
0.999257455719992
1
1
1
1
1
0.965222988669389
1
1
1
1
1
1
1
1
1
1
1
1
0.995136576716301
1
1
1
1
1
0.999257455719992
1
1
1
1
0.993443348544494
1
1
1
1
1
1
0.951759288673107
1
1
0.999911277039488
1
1
1
1
1
1
0.99998601638995
1
1
1
1
1
1
1
1
1
1
1
1
1
1
0.97278988340809
1
1
1
1
1
0.999918151535192
1
1
1
1
1
1
1
1
0.954429797410674
1
1
1
0.999996495387982
0.999968333489791
1
1
1
1
1
1
1
1
1
1
1
1
1
1
1
1
1
1
0.934941603927412
1
1
0.99998601638995
0.913467026433339
1
1
1
0.99395342172107
1
1
1
0.930595435159392
1
1
1
1
1
1
1
0.96540605055943
1
1
1
0.999833496004106
0.88947029613195
1
1
1
1
0.930475464605947
1
1
1
1
1
1
0.920159459805842
1
0.999996495387982
1
1
1
1
0.859448735802656
0.999977615887009
1
1
0.865371294790134
1
1
1
0.999988482494921
1
1
0.999877197191179
1
1
1
1
1
1
1
1
1
1
1
1
1
0.841127400300063
1
1
1
1
1
1
1
1
0.883980762036024
1
1
1
1
1
1
1
1
1
1
1
0.955415461477145
1
1
1
1
1
0.995322825353738
0.993816129565553
1
1
1
0.831971832231553
1
1
1
1
0.999973372579672
1
1
1
1
1
1
1
0.999257455719992
1
1
1
1
1
1
1
0.972456309446646
1
1
1
1
1
1
1
1
1
1
1
1
1
1
1
1
1
1
0.999995451842608
1
1
0.999941979619971
1
1
1
1
1
1
1
0.99235560390474
1
1
1
1
1
1
0.999990829455194
1
0.90813000362884
1
1
1
0.999988039748804
1
1
1
1
0.993443348544494
1
1
0.999997864545594
1
0.992789979386294
0.951759288673107
1
1
1
1
1
0.998198914482765
1
1
1
1
1
1
1
1
1
0.861433152224514
1
1
1
1
0.926703966378478
1
1
1
1
1
1
1
0.898376098494182
1
1
0.999810658933839
1
1
1
1
1
1
1
1
1
1
1
1
1
1
1
0.999778681204239
1
1
1
1
0.992789979386294
1
0.998005545988277
0.997937421646258
0.776173732989629
1
1
0.999930847237599
0.989587591582189
1
1
1
1
1
0.952853460087782
0.973415774379576
1
1
1
1
1
1
0.911013391885547
1
1
1
1
1
0.973415774379576
1
1
1
1
0.987017942944447
1
1
1
1
1
1
0.882191522117997
1
1
0.999981631389644
1
1
1
1
0.999996771924725
1
1
1
0.997129072996348
1
1
1
1
0.954429797410674
1
1
1
1
0.913783180171952
1
1
1
1
1
1
1
1
1
0.999965133660911
1
1
1
0.999960400201391
1
0.872866387378631
1
1
1
1
1
1
1
0.909267939310692
1
1
0.841127400300063
1
1
0.99997841478344
0.999888030916976
1
0.920504919210255
1
0.99305878303466
1
1
1
1
1
1
1
1
0.993361829391871
1
1
1
1
1
1
0.902457903374255
1
0.999980961374632
1
0.994779189563738
1
0.932029808717539
1
0.920159459805842
1
1
1
1
1
1
0.999985479768079
1
1
1
0.999992273671488
0.999996495387982
1
1
0.910043396918434
1
1
1
1
1
0.907468008734407
1
0.99219314902453
1
0.995942683964479
1
0.990215070744185
1
1
1
1
0.999990146100347
0.961368328296275
1
1
1
0.99999092815149
0.926321294299758
1
1
0.999931758196932
1
1
1
1
1
1
1
1
0.73804042594375
1
1
1
1
1
1
1
1
1
1
1
0.930595435159392
1
1
1
1
0.995310806065319
1
1
0.903576890403883
1
1
1
1
1
1
1
1
0.990635163981209
1
1
0.920504919210255
0.99999092815149
1
1
1
1
1
0.998171243678811
1
0.835134135888626
1
1
1
1
1
0.993816629956962
0.999935903048626
1
1
1
1
1
0.952853460087782
1
1
1
1
0.90762905566436
1
1
1
1
1
1
1
1
0.854564094904009
1
1
1
1
1
0.999967316926293
0.999991079089927
1
1
1
1
1
1
1
1
1
0.99996487315651
1
1
1
1
1
1
1
1
0.913783180171952
0.582579987554467
0.98081589909941
1
1
1
1
0.956275613189306
1
1
1
0.863759202068237
1
0.930475464605947
1
0.990066372439497
0.999996771924725
1
1
0.885000647665144
1
1
1
1
0.999976670670382
1
1
1
1
1
1
0.988985689018791
1
0.920504919210255
1
0.999809825950028
1
1
1
1
1
1
1
1
1
0.999065042019773
1
1
1
1
1
1
1
1
1
1
0.989093810787007
1
1
0.942864658434468
1
1
0.974487472769408
0.999684117963573
1
1
1
1
1
0.934941603927412
1
1
1
1
0.934941603927412
1
1
1
0.999976681420616
1
1
1
1
1
1
1
0.989587591582189
1
1
1
0.999936629878481
1
1
1
1
1
1
1
1
1
0.999988039748804
0.898376098494182
0.846657568044804
0.969992533948308
0.999985824587855
1
1
0.99992506744747
1
1
1
1
1
0.989093810787007
1
0.757107809165221
1
1
1
0.819486010304926
1
1
1
1
1
1
1
1
0.981920687744425
1
0.999980495988579
0.54838608459908
1
1
1
0.90794228825306
0.934941603927412
0.998029800101221
1
1
1
1
1
1
1
0.999996538763757
1
1
1
0.964856950753838
1
1
1
1
1
1
0.999833301225373
1
1
1
1
1
0.935673347941394
1
1
1
1
0.999986629047707
1
0.909008946169567
1
1
1
1
0.952853460087782
0.999996620087511
1
0.999824273609945
1
1
1
1
1
0.934941603927412
1
1
1
1
1
1
0.944161138270547
1
1
1
1
1
1
1
1
1
1
1
0.998951808591018
1
1
1
1
1
0.999058994321049
1
1
1
0.999936752551829
1
0.784791117915306
1
1
1
1
0.892267042314461
0.999985479768079
0.887139657347151
1
1
1
1
1
1
1
1
1
0.999165898147342
1
0.999165898147342
1
0.995942683964479
0.927947763600945
1
1
1
1
1
1
1
1
1
0.934941603927412
1
1
0.974487472769408
0.930475464605947
0.909267939310692
1
0.999931602520793
0.944161138270547
0.999824273609945
1
1
1
1
1
1
1
1
1
1
1
0.999990498849304
1
1
1
1
1
1
1
0.999955849341543
0.634075568261249
0.789819628365997
1
1
1
0.871983251874582
1
0.993816129565553
0.999791019820396
1
1
1
1
1
1
1
1
1
1
1
0.99998601638995
1
0.952853460087782
1
1
1
1
1
1
0.433379998493158
0.97827247478368
0.999857394056925
1
1
1
1
1
0.999910069732108
1
1
1
0.859448735802656
0.998628169363939
0.998951808591018
0.999882796845933
1
1
1
0.998889519095009
1
1
1
1
1
1
1
1
1
1
1
1
1
0.993361829391871
1
1
1
1
1
1
1
0.999857394056925
0.999704121727759
1
1
1
1
1
1
1
1
1
1
1
1
1
1
1
1
1
1
0.999997864545594
0.909010676976313
1
1
1
1
1
1
1
1
1
0.999990146100347
0.999985295778233
1
1
1
1
1
1
1
1
1
1
1
1
1
1
0.999977177831618
1
1
1
1
1
1
1
1
1
1
1
1
0.998005545988277
1
1
1
1
1
1
0.999970416766768
1
0.99219314902453
1
1
1
1
1
1
1
1
1
1
0.941794682456835
1
1
1
1
1
1
1
1
1
1
0.999833496004106
1
1
1
1
1
1
1
0.930475464605947
1
0.999849603424292
1
1
1
1
1
1
1
1
1
1
1
1
1
1
1
0.903576890403883
1
1
1
0.961368328296275
0.616709831119282
1
1
1
1
0.989587591582189
1
1
1
1
1
1
1
0.999824273609945
1
1
1
0.961368328296275
0.999824273609945
1
1
1
0.999963439618416
1
1
1
1
1
1
1
0.901416625311215
1
1
1
0.90794228825306
0.999833496004106
1
1
1
1
0.998658675508353
1
1
1
0.997545445379174
0.999976496517424
0.91477199380567
0.938026528454301
0.841127400300063
1
1
1
1
1
1
1
1
0.930475464605947
1
1
1
1
1
1
1
1
1
1
1
1
0.99529182028896
1
1
1
1
1
1
1
1
1
1
1
1
0.999996771924725
1
0.804663607830372
1
1
1
1
1
1
0.998658675508353
1
1
1
0.9999749011269
1
1
1
1
0.999996620087511
1
1
1
1
1
1
0.969827538330544
0.999981829351682
0.901416625311215
1
0.97278988340809
0.942864658434468
1
1
1
1
1
1
1
1
1
0.993361829391871
1
1
1
0.999058994321049
1
1
0.993881817235633
1
1
1
0.999986629047707
1
1
0.851566825647016
1
1
0.999997248351184
1
1
1
0.951759288673107
1
1
1
1
1
0.999996620087511
1
0.999945504248236
1
1
1
1
1
1
1
0.999994403634179
1
0.968873252497791
1
0.873107128768909
1
1
1
1
1
0.98081589909941
1
0.999778681204239
1
1
1
0.999986467914789
0.999791019820396
1
0.934270918732895
1
1
1
0.870149740585252
1
1
1
1
1
1
0.87960433304517
1
1
1
0.999930847237599
1
1
1
1
1
1
0.974316753530348
1
1
1
1
0.915688739916139
1
1
1
1
1
0.999886204254315
1
0.99305878303466
1
1
1
1
1
1
1
1
1
1
1
0.998005545988277
1
1
1
1
0.834282179797835
1
1
0.999842514960931
1
0.998029201677977
1
1
1
1
1
0.901416625311215
1
0.652657181616242
1
1
1
1
1
1
1
1
1
1
1
1
1
1
0.864131233544888
1
1
1
1
1
1
1
1
1
1
1
0.999839769585071
1
1
1
1
1
1
0.903645812800082
0.964484911566336
1
1
0.913783180171952
0.941794682456835
0.999764830865526
1
0.974487472769408
1
1
0.920159459805842
0.910043396918434
1
0.760584994598346
0.989093810787007
0.602350668553828
0.930475464605947
0.744157922311034
1
1
1
1
0.999777464119907
1
1
1
0.99999092815149
0.974318804691769
0.909008946169567
1
