x
0.992206153252156
1
1
0.993416525347619
1
1
1
1
1
1
1
1
1
1
1
1
0.994365678356448
1
0.996547978660837
1
1
1
1
1
1
1
0.883834074597246
1
1
1
1
0.999999999994679
0.978088747308931
0.951943411897354
0.910751826224033
1
1
0.99954068163989
1
0.976012784138151
0.849266667618813
1
0.98458822645882
1
1
1
1
1
1
1
0.968149722470468
0.882829480886691
1
0.905783248703649
1
1
0.979756822242687
0.946357271031305
1
1
1
1
1
0.933010462377473
1
0.738954069842817
1
0.917314923816845
1
1
1
0.960310520731088
0.972914827260916
0.950644977017853
1
1
1
1
1
0.901005115107361
1
1
1
0.903224773346356
1
1
1
1
1
1
1
1
1
1
0.991628006021874
1
1
1
1
1
1
0.993297422356492
1
1
1
1
1
1
1
1
1
1
1
1
1
1
1
1
1
1
1
0.975937796424058
1
0.979258497619685
1
1
1
0.999999999990499
1
1
1
1
1
1
1
1
0.891008226572501
1
1
1
1
1
0.958632846188274
1
1
1
1
0.932090516684553
1
0.99335961195781
1
1
1
1
1
1
1
1
0.968788577364189
1
1
1
1
1
1
1
1
0.923200905556425
1
1
1
0.953901645371341
1
1
1
0.933010462377473
1
1
0.994216965974114
1
1
0.960666397846269
1
1
1
1
1
0.995334006954055
1
1
1
0.92542875243193
1
0.958308536460804
0.934905653514038
1
0.972198351914103
1
0.994969786507162
1
0.999999999997708
1
1
0.95491526541141
1
1
1
0.994365678356448
1
1
1
1
1
1
1
1
0.994746913217245
0.968788577364189
1
1
1
1
1
1
1
1
0.98655696674644
1
1
1
1
1
1
1
1
1
0.930647302404779
1
1
1
1
1
1
1
1
1
0.912028668102245
1
1
1
1
1
1
1
1
1
1
1
1
1
1
1
1
1
1
0.989882433933917
0.966071634993981
1
1
1
1
1
1
0.979756822242687
0.917774956081995
1
1
1
0.966220074629154
0.993244502569495
1
1
1
1
1
1
1
1
1
1
0.943626736093809
1
1
0.97997196828298
1
0.965389265474043
1
0.952227118964168
1
1
1
1
0.924706925170108
1
1
1
1
1
1
1
1
1
1
1
1
1
1
0.992985410471624
1
1
1
1
0.929900395174441
1
0.993297422356492
1
1
1
0.956352281647456
1
1
1
1
1
1
1
1
1
1
1
1
1
1
1
1
1
0.999999999995368
1
1
1
0.913177969020024
1
1
1
1
1
1
1
1
1
0.976867358686115
1
1
1
0.990919757355267
0.947948338209016
1
1
0.859520404935829
1
1
1
0.819556694193197
0.97329509372526
1
1
1
1
1
1
1
0.921689056325703
0.914974086510871
1
1
1
1
1
1
1
1
0.942682968824648
1
1
0.968138129880919
1
1
1
1
1
1
1
0.854882510892549
1
1
1
0.722450662108539
1
1
1
1
1
0.929900395174441
1
1
1
0.839786440548041
1
1
1
1
1
1
1
1
1
1
1
0.999999999998062
1
1
1
0.976052970905375
1
1
0.981239408706878
0.939353602951052
1
0.99999999999347
1
1
1
0.967007791913059
1
1
1
1
1
1
1
1
1
1
0.975942875298227
1
1
1
1
0.993575925412756
1
1
1
1
1
0.999999999997708
1
0.88066205351501
0.797757561584241
1
1
1
1
1
1
0.973449677387822
1
1
1
1
1
1
1
0.974049917266721
1
1
1
1
1
0.958844536956599
1
1
1
1
1
0.984836323720943
0.950644977017853
1
1
1
1
0.912941423198942
1
0.98055445238545
1
1
1
1
1
1
1
1
0.885370839135692
0.975970174921251
1
0.861654114118394
1
1
1
1
1
0.991296918760024
0.992823859449532
1
1
1
0.973023920198561
0.955405794712678
1
1
1
1
1
1
1
1
0.99999999999919
0.790176055583375
1
1
1
1
1
1
1
0.919086309910013
1
1
1
1
1
0.893267290249175
1
1
1
1
1
1
1
1
1
1
1
0.955420570600731
1
1
0.993794855040529
1
1
0.993481052482347
1
1
1
1
1
1
1
1
0.778489229370556
1
0.979756822242687
1
1
1
0.996781026919092
1
1
0.925960617504848
0.977954243961052
1
1
1
0.883118869346794
0.941196548031352
1
1
1
1
1
1
0.943533792989281
1
1
1
1
1
1
0.958844536956599
1
1
1
1
1
0.924808239139111
1
1
1
1
1
1
1
1
1
1
1
0.847699709853546
1
1
1
1
1
1
0.885994680959691
1
1
1
1
1
0.974912662927616
1
1
1
1
1
0.975937796424058
1
1
1
1
1
1
1
1
1
1
0.846016548584078
1
1
0.972638717370152
0.876557741507585
1
1
1
1
1
0.995556746541128
1
1
1
1
1
1
0.993297422356492
1
1
0.999999999988688
1
1
1
0.954195939075583
1
0.973449677387822
0.946357271031305
1
1
1
1
1
1
1
1
1
1
1
1
1
0.931012743193315
1
0.994216965974114
0.913864391195994
1
1
1
1
1
1
0.999999999998293
0.884666486427937
1
1
1
1
1
1
1
1
1
1
1
1
1
1
1
0.978088747308931
1
0.98055445238545
0.999999999994679
0.563368144023827
0.971747925423548
1
0.999999999998293
1
1
1
0.931918433031698
1
1
1
1
1
0.893395158709429
0.986040937824842
1
1
1
1
0.961086422080957
1
0.993342199833286
1
1
1
1
1
1
0.948958872336906
1
1
1
1
1
0.954913989331274
1
1
1
1
0.940351002948415
1
1
1
1
1
1
1
1
1
1
1
1
1
1
1
1
1
1
1
0.96658698059198
1
1
0.8954461679413
1
1
1
1
0.958632846188274
1
1
1
1
1
1
1
0.997831049581734
0.951419135438146
1
0.912028668102245
1
1
0.950232255488213
1
1
0.847900039320388
1
1
1
1
0.996651753503247
1
1
1
1
1
0.992206153252156
1
0.992925178485164
1
0.914974086510871
1
1
1
0.910135304228891
1
1
1
1
1
1
1
1
0.992925178485164
0.972936863903696
1
1
0.978259137985677
1
1
1
0.993297422356492
1
1
0.80272734459298
0.992206153252156
1
0.834962803849668
1
0.888166103341895
1
1
1
1
1
1
0.996651753503247
1
1
1
1
1
1
1
1
1
1
1
1
1
1
1
1
1
1
1
0.991409599421464
1
1
0.996651753503247
1
0.938201189352412
1
1
1
1
1
0.99999999999968
1
1
1
1
1
1
0.943626736093809
1
1
0.993718798438303
1
1
1
1
0.933799522955981
1
1
1
1
1
1
1
1
1
1
1
1
1
1
1
1
0.891008226572501
1
1
1
1
1
0.912941423198942
1
1
1
0.949911433383756
0.844374060648487
1
1
1
1
1
1
1
0.997831049581734
1
1
1
1
1
1
1
1
1
1
1
1
1
1
1
1
1
1
1
1
1
1
1
1
1
1
1
1
0.877336647296128
1
1
0.950232255488213
1
1
1
1
1
0.912941423198942
0.993252480245588
1
1
1
1
1
0.95416068646018
1
1
1
1
1
1
0.98055445238545
1
1
0.995151571461319
1
1
1
0.976373742941655
1
1
1
1
1
1
0.870901709863977
1
0.99999999999968
0.982915765277041
1
1
1
1
1
0.988371692615351
0.960666397846269
1
1
0.972931110051667
1
1
0.98337592469894
0.99954068163989
0.950557303278071
0.993759143251026
1
0.930628946929181
1
1
1
1
1
1
1
1
1
1
0.993794855040529
1
1
1
1
1
1
0.849544604037446
1
0.925098311427208
1
1
1
0.992823859449532
1
0.972148471666232
0.947867564925621
1
1
0.951615017925775
0.97505889101101
1
1
1
1
1
1
1
1
1
0.945086533190647
1
1
1
1
1
0.923185083345821
1
0.699569748849463
1
1
1
1
1
1
0.90237208175276
0.901197211643822
1
1
1
1
0.993309542396138
1
0.993297422356492
1
0.993416525347619
1
0.948958872336906
1
0.991921162276089
1
1
1
1
1
1
1
1
1
1
1
1
1
1
1
1
1
1
1
1
1
1
1
1
1
1
0.99597751540002
1
0.920032556729213
0.992206153252156
1
1
1
1
1
1
1
1
1
1
0.957226603668514
1
1
1
1
0.95416068646018
1
1
1
1
1
1
1
0.965931776491855
1
1
0.99335961195781
1
1
1
1
1
0.997580106837773
1
1
1
1
1
1
1
1
0.999999999982985
1
1
1
1
1
1
0.993416525347619
1
1
0.992925178485164
1
0.559934817064019
1
1
1
1
1
1
1
1
1
1
1
1
1
1
1
1
0.956670496799617
1
0.971473126434309
1
1
1
0.99954068163989
1
1
1
1
1
1
1
1
1
1
0.97685347410954
1
1
1
0.966220074629154
0.947948338209016
0.904976154628077
0.971963526694072
1
1
1
1
1
1
1
1
1
1
1
1
0.917310918691697
1
1
1
1
1
0.92508599353278
1
1
1
1
1
1
1
1
1
1
1
1
1
1
1
1
1
1
1
1
1
1
1
1
1
1
1
1
1
1
0.87296781727196
1
1
1
1
0.680562353001895
1
0.735832772699485
1
1
0.749336537659788
1
1
1
1
1
1
1
1
1
1
1
1
1
0.968621216581547
0.994737853444609
1
1
1
1
1
1
1
0.983756331407179
1
1
1
1
1
1
1
1
1
0.971930699592527
1
1
1
0.920032556729213
1
1
0.852788267043525
1
1
1
0.994737853444609
0.977220798909201
1
0.933428960072654
0.999999999995157
1
1
1
0.967879197165132
1
1
1
1
1
1
0.900366753838159
0.958308536460804
1
1
1
1
0.963887642182219
1
1
1
0.955987807029748
1
1
1
1
1
0.8605118767724
1
0.952573488948105
0.977469481034449
1
1
1
1
1
1
1
1
1
1
1
0.925098311427208
1
1
1
1
1
1
1
1
1
1
1
1
1
1
1
1
1
0.996004357065013
0.994209211434426
1
1
1
0.879928238226304
0.999999999983544
0.996372612337448
1
1
0.928648356021399
1
1
1
1
1
1
1
1
0.963887642182219
1
1
1
1
0.996547978660837
1
1
1
1
1
0.973883670074706
1
0.918882199440994
0.93763419627138
1
1
1
1
1
1
1
1
1
1
1
1
1
1
1
1
1
1
1
0.992823859449532
1
1
1
1
1
1
1
1
1
1
1
1
0.936454981367633
1
1
1
1
1
1
1
0.873933890938915
0.947867564925621
1
1
0.916231359444705
1
0.977469481034449
1
1
1
1
0.995007458580623
0.970487835608049
1
0.999999999999639
1
1
1
1
1
1
1
1
1
1
1
1
0.798808686988059
1
1
1
1
0.995007458580623
1
1
1
0.930017540343313
1
1
1
0.605539880186745
0.967007791913059
1
1
1
1
1
0.816663251389617
0.80731455902066
1
1
0.87296781727196
1
1
1
1
0.993488938835758
1
1
1
1
1
1
0.994218196822959
1
1
1
1
1
1
1
1
1
1
1
1
1
0.906845193398198
1
0.952096249271257
1
0.912941423198942
0.92542875243193
1
1
0.996372612337448
1
1
1
1
1
1
1
0.928648356021399
1
0.97329509372526
1
1
1
1
1
1
1
0.986040937824842
1
1
1
1
1
1
1
0.980483660422694
1
1
1
1
1
1
1
1
0.991628006021874
1
1
1
1
1
1
0.942665279354016
1
0.992757704127138
1
1
1
1
1
0.92877359840977
1
0.8821757607578
1
0.952019107105687
0.933799522955981
1
1
1
1
0.976630204658
1
1
1
1
1
1
1
1
1
1
1
1
1
1
1
1
1
1
1
1
1
0.695373354991345
0.953609062435286
1
1
1
0.999999999997444
1
1
0.972936863903696
0.922796172575427
1
1
1
1
0.96658698059198
1
1
1
1
1
1
1
1
1
1
0.908089459143653
1
1
0.973883670074706
0.97968593017996
1
1
0.907612502958224
1
1
1
1
1
1
0.847699709853546
1
1
0.934725835212184
1
1
0.995334006954055
1
1
1
1
1
1
0.976811865773619
1
1
1
1
0.98055445238545
1
0.779366824078387
1
0.977220798909201
1
1
0.96658698059198
0.999999999998983
1
1
1
0.882718814723007
0.999999999996051
1
1
1
1
1
1
1
1
1
1
1
1
1
0.993794855040529
1
1
1
1
1
0.996651753503247
1
1
1
0.993575925412756
1
1
1
1
1
1
1
0.93763419627138
1
1
0.943721546304069
0.902318538818957
0.876419535355108
1
1
1
1
1
1
1
1
1
0.99807376224838
1
1
1
1
1
1
0.997831049581734
1
1
1
0.897991495869986
1
1
1
1
1
1
1
1
1
1
1
1
0.723282994363441
1
1
1
1
1
0.919596044057142
0.900366753838159
1
1
1
1
1
1
1
0.931529627631322
1
0.979756822242687
1
1
1
0.968621216581547
0.969555166104757
0.992925178485164
1
1
1
1
1
0.97240443248316
0.918882199440994
0.993008270738114
1
1
0.999999999999571
1
1
1
1
1
1
1
1
1
1
1
1
1
0.871940387788256
1
1
1
1
0.976052970905375
1
1
0.992300455355037
1
1
1
1
1
1
1
0.993759143251026
1
1
1
1
0.973518084541579
1
1
1
1
0.999999999996568
1
1
0.919596044057142
1
1
1
0.950644977017853
1
1
1
0.952019107105687
1
0.88066205351501
1
1
1
1
1
1
1
1
1
1
0.934905653514038
1
1
0.838847183828488
1
0.854882510892549
1
1
0.999999999999786
1
1
1
1
1
1
1
1
1
1
1
1
0.983684984897131
0.947625046605611
0.931238141935137
1
1
0.999999999995157
1
1
1
1
1
0.890744793063558
1
1
0.911579196361396
1
1
0.970281443540055
1
1
1
1
1
1
1
0.932090516684553
0.849544604037446
1
0.970617338202117
0.971963526694072
0.999999999992739
1
1
1
1
0.893395158709429
0.920032556729213
1
1
1
1
1
1
1
1
1
0.935966600807379
1
1
1
0.952096249271257
1
1
0.949881645854424
1
1
1
1
1
0.931012743193315
1
0.96373320369485
1
1
1
1
1
1
1
1
1
1
0.994218196822959
1
0.991628006021874
1
1
1
1
1
1
1
1
0.976657588721218
1
1
0.97997196828298
1
1
1
1
0.976551560899942
1
1
1
1
0.991831383823525
0.991921162276089
1
1
0.971963526694072
1
1
1
1
1
1
0.973883670074706
1
1
1
1
1
1
1
1
1
1
1
1
0.952573488948105
1
1
1
1
1
1
1
0.746330922809404
1
1
1
1
0.930647302404779
1
0.999999999997956
1
0.885390035813083
1
1
1
1
0.880991592305724
1
0.970617338202117
1
0.936632245056843
0.950928479501187
1
0.98176501372663
1
1
1
1
1
1
1
1
1
1
1
1
1
1
0.960674397755255
1
1
1
1
1
1
1
0.995007458580623
1
1
1
1
1
0.977220798909201
1
1
1
1
0.995903965025574
1
1
1
1
1
0.972874326057241
1
0.883118869346794
1
1
1
1
0.97028769839889
1
1
1
1
0.965376371638295
0.999999999999177
1
1
0.956949934549476
1
1
1
1
0.91095872287574
1
1
1
1
1
1
1
1
1
1
1
1
1
1
1
1
1
1
1
1
1
1
1
1
1
1
0.996651753503247
1
1
1
1
1
0.951943411897354
0.938107302740139
1
1
1
0.999999999998983
1
1
0.821487358688244
0.943721546304069
1
1
1
1
1
1
1
1
1
0.92529863858926
1
1
1
1
1
1
1
1
1
1
1
1
0.951419135438146
1
1
1
1
0.906654651712564
1
0.934725835212184
1
1
1
1
1
0.99999999999919
1
1
0.99999999999919
1
0.912242638884505
0.910751826224033
1
0.976373742941655
1
1
1
1
1
1
1
1
1
1
1
1
1
1
1
1
1
1
1
0.695373354991345
1
0.993181520386556
1
1
1
1
1
0.908089459143653
1
1
0.856478135241147
1
1
1
0.936709468361356
1
1
1
1
1
1
0.963887642182219
1
1
1
1
1
1
1
1
1
0.965616823468839
1
0.98337592469894
0.570271447441855
0.984836323720943
1
1
1
0.977469481034449
1
1
1
0.999999999999639
1
1
0.974197089397464
1
1
1
1
1
0.922392737472161
1
1
0.991921162276089
1
1
1
1
1
1
1
0.90267954985234
1
1
1
1
1
1
1
1
1
1
1
1
0.990919757355267
1
0.97028769839889
1
0.934115691217273
1
1
1
0.972198351914103
1
1
0.991698748915601
1
1
1
1
1
1
1
0.993718798438303
1
1
1
1
1
0.995124133739657
1
1
0.898480231244842
0.93763419627138
1
1
1
1
1
1
1
1
1
1
1
0.964037805623864
0.96658698059198
1
1
1
1
1
1
1
1
1
1
1
1
0.993718798438303
1
1
1
1
0.569154414679321
1
1
1
1
1
1
0.910496026914957
1
0.837924548504044
0.926084119041091
1
0.996004357065013
0.950232255488213
1
1
1
1
1
1
1
1
0.8954461679413
1
1
1
1
1
1
1
1
0.991831383823525
0.96721812137392
1
1
1
1
0.993481052482347
1
0.994969786507162
0.994216965974114
1
1
1
1
1
1
1
1
1
0.835479509973301
1
0.943533792989281
1
1
1
1
1
0.960310520731088
0.90906166199426
1
1
1
1
0.965678198294971
1
1
1
1
1
1
1
1
1
1
1
1
1
1
1
1
0.974049917266721
1
1
1
1
1
1
1
1
1
1
1
1
1
0.997831049581734
0.92877359840977
1
1
0.972638717370152
1
1
1
1
0.993244502569495
0.860338828440703
1
1
1
0.997831049581734
0.98055445238545
1
1
1
1
1
0.95723555467579
1
0.992823859449532
1
1
1
1
1
1
1
1
1
1
1
1
1
1
1
1
1
1
1
1
0.970095432110027
1
1
1
1
1
1
0.967007791913059
1
1
1
1
1
1
1
1
1
1
1
1
1
0.99597751540002
1
1
1
1
1
1
1
1
1
1
0.999999999997134
0.992925178485164
1
1
1
1
1
1
1
1
1
1
1
1
0.993968439157093
0.939028556920225
1
1
1
1
1
1
1
1
1
1
0.988371692615351
1
1
1
1
1
1
1
1
1
1
1
1
1
0.976052970905375
0.986040937824842
0.977025376174766
1
1
1
0.928648356021399
1
1
0.965389265474043
0.95416068646018
1
1
1
1
1
1
0.971037376349176
1
1
1
1
1
1
1
1
1
1
1
0.999999999998983
1
1
1
1
1
1
0.972148471666232
1
1
1
0.908394920928434
1
0.851518474254511
1
1
0.978397781080387
1
1
1
1
1
0.964497609194028
1
1
1
1
1
1
0.951419135438146
1
1
0.993481052482347
1
1
1
0.993297422356492
1
1
0.974197089397464
1
1
1
1
0.993309542396138
1
1
1
0.92508599353278
1
0.808804764460312
1
1
1
1
1
1
0.975970174921251
1
1
1
1
1
0.949826846858961
1
1
1
1
1
1
1
1
1
0.959325800773423
1
0.906170579752485
1
1
1
1
1
1
1
1
1
0.995007458580623
0.950557303278071
1
1
1
1
1
0.991150419703786
1
1
1
0.943721546304069
1
1
1
1
1
1
1
1
1
0.930348000901259
0.913864391195994
1
0.938224129925185
1
1
1
1
1
1
1
1
1
0.995334006954055
0.842473498302104
0.949826846858961
1
1
1
1
1
1
1
1
1
1
1
1
1
1
1
1
1
1
1
1
1
1
1
1
1
1
1
1
0.967752314167658
1
1
0.928648356021399
1
0.97685347410954
1
1
1
1
1
1
1
1
0.74634100107561
0.979258497619685
1
1
1
1
0.735832772699485
1
1
1
0.931366368019033
0.969393926776198
1
1
0.98578690245921
0.999999999999395
1
1
1
1
1
1
1
1
1
1
1
1
1
1
0.973883670074706
1
1
1
0.98055445238545
1
1
0.992985410471624
1
1
1
1
1
1
0.983819783669834
1
1
0.993718798438303
0.820622752406391
1
0.961086422080957
1
1
1
1
0.989882433933917
1
1
1
1
1
1
1
1
1
1
0.978882242262774
1
1
1
1
1
1
0.764409211412414
1
1
1
1
1
1
1
1
0.938188367936505
1
1
1
1
1
0.982712626520301
1
1
0.914974086510871
1
1
1
1
0.941055597648896
0.878971193581033
1
1
1
1
1
0.854293071549295
1
1
1
1
1
1
1
1
1
1
1
1
1
1
1
1
1
1
1
0.975937796424058
1
1
1
1
1
0.961020336198071
1
1
1
0.996372612337448
1
0.932090516684553
1
1
0.965348875750225
1
1
0.993488938835758
1
0.822308026960902
0.965678198294971
1
0.906642079853086
1
1
0.648589503042395
1
1
1
1
1
1
1
1
0.999999999999924
0.930628946929181
1
1
1
1
1
1
1
1
0.956240465952148
0.954913989331274
1
1
1
1
1
1
1
1
1
1
0.993575925412756
1
1
1
1
1
0.986040937824842
0.728763309969123
1
0.967879197165132
1
0.934415712335492
1
1
1
1
1
0.993416525347619
1
1
1
1
1
0.9999999999994
0.913219811172596
0.921963328034135
1
1
1
1
1
0.993488938835758
0.95416068646018
1
0.952227118964168
1
1
1
1
1
1
1
1
0.737386294379809
1
1
1
0.914974086510871
0.976867358686115
1
1
1
1
1
1
1
1
1
0.929291132996922
1
1
0.978520513722075
0.943626736093809
1
1
1
1
1
1
1
1
0.876557741507585
1
1
1
1
0.991760823536775
0.903033315155501
1
0.588644515370151
1
1
1
1
1
1
1
0.953609062435286
1
1
1
1
1
1
1
1
1
1
1
0.70987188385736
1
1
0.99999999999968
1
1
0.910853277951188
1
1
0.941055597648896
1
1
1
0.994969786507162
0.933769569775513
0.870901709863977
1
1
1
1
1
1
1
1
1
1
0.970095432110027
0.972914827260916
1
1
1
0.899542121621731
1
1
1
1
1
1
1
1
1
1
1
0.977469481034449
1
1
1
1
1
1
1
1
1
0.912242638884505
1
1
1
1
1
0.929879683267192
1
1
1
1
1
1
0.933023966917917
0.911124362000663
1
1
1
1
1
1
0.960666397846269
1
1
0.992206153252156
0.978088747308931
1
1
1
1
1
1
1
1
1
0.976551560899942
1
1
1
1
1
0.928648356021399
1
1
1
1
1
1
0.993469816660128
1
1
0.965389265474043
1
1
1
1
1
1
0.994746913217245
1
1
1
1
1
1
1
1
1
1
0.993488938835758
1
1
0.97329509372526
1
0.784855797885153
1
1
1
1
1
1
1
1
0.917314923816845
1
0.970095432110027
1
0.994218196822959
1
1
1
1
1
1
1
1
1
0.978259137985677
0.999999999999395
1
0.732197700517316
1
0.999999999999395
0.871709248948938
1
1
1
1
1
1
1
1
1
1
1
0.979756822242687
1
1
1
1
0.999999999997708
0.947845314028689
0.962260334507885
1
1
0.999999999999924
1
1
1
1
1
1
1
1
1
0.96658698059198
1
1
1
1
1
1
1
1
1
0.746330922809404
1
1
1
1
0.996089432647768
1
1
1
1
1
1
1
1
1
1
1
1
0.928648356021399
1
0.982712626520301
1
1
1
1
1
1
0.999999999996051
1
1
0.999999999990942
1
1
1
1
1
1
0.970617338202117
1
1
1
1
1
1
0.552679386211557
1
1
1
1
1
1
1
1
0.954913989331274
1
1
1
1
1
1
1
0.970095432110027
1
1
1
0.909727713873092
0.893267290249175
1
1
0.966220074629154
1
1
1
1
1
1
1
1
1
1
0.911696442490879
1
1
1
1
1
0.97329509372526
1
0.893061305805927
1
0.934415712335492
1
0.997831049581734
0.993342199833286
1
1
1
1
1
1
1
1
0.970281443540055
1
0.916231359444705
1
1
1
1
1
1
1
1
0.953812438481638
1
1
1
1
0.98458822645882
1
1
1
1
1
0.965376371638295
1
1
1
1
0.92542875243193
1
1
1
1
1
0.939028556920225
1
1
1
1
1
1
1
0.952357805851346
1
1
0.992300455355037
1
1
0.933578451219562
1
1
1
1
1
1
1
1
1
1
1
1
1
1
1
1
0.976052970905375
1
1
1
1
0.937177522927049
1
1
1
1
1
1
1
1
1
0.896404061068581
1
1
1
0.86321217643875
1
1
1
1
1
1
1
1
1
1
1
1
0.910853277951188
1
0.992985410471624
1
0.997831049581734
0.999999999999786
1
1
1
1
1
1
1
1
1
1
1
1
1
1
0.999999999997708
1
1
0.995334006954055
1
0.975937796424058
1
1
1
1
0.862202528158175
1
1
1
1
0.907612502958224
0.923200905556425
1
1
1
1
1
1
1
1
1
1
0.765314565561791
0.930647302404779
0.845720670476722
1
1
0.997831049581734
1
1
1
0.993469816660128
0.953901645371341
0.729382281920702
1
0.997831049581734
1
1
1
1
1
1
1
1
0.996547978660837
1
1
1
0.893416810314908
0.995903965025574
1
1
1
0.939529473587062
1
1
0.936566862143708
1
0.8890319972217
1
0.990919757355267
1
1
1
1
1
1
1
1
1
1
1
1
1
1
0.907612502958224
1
1
1
1
1
0.965376371638295
1
1
1
1
1
1
0.893395158709429
1
1
1
1
1
1
1
0.992206153252156
1
1
1
1
1
1
1
1
1
1
1
1
1
1
0.994505384950189
1
1
1
1
1
1
1
1
1
1
1
1
1
1
1
1
1
1
1
0.976811865773619
1
1
0.994209211434426
0.92542875243193
1
1
1
1
1
0.99491621594351
0.974912662927616
1
1
1
1
1
0.797838779289418
1
1
0.956670496799617
1
1
1
1
1
1
1
1
1
1
0.97812618716311
1
1
1
1
0.907461835937539
1
0.993309542396138
1
1
1
1
1
0.930017540343313
1
1
1
1
0.933010462377473
1
1
1
1
1
0.878933328107767
1
0.93973846932912
1
1
1
0.97812618716311
0.986019698810179
1
1
0.912153190001252
0.937065845417757
1
0.999999999995368
0.949826846858961
1
0.916799058944237
1
1
1
1
1
0.928184062895454
0.906654651712564
1
1
1
1
1
1
1
1
1
1
1
1
1
1
0.894296477500754
1
1
1
1
1
1
1
0.912153190001252
1
1
0.828967166247478
0.999999999996051
1
1
1
1
1
1
1
1
0.967879197165132
1
1
1
1
1
1
1
1
1
1
1
0.995334006954055
0.740303753609961
1
1
1
1
1
1
1
1
0.974197089397464
1
1
1
0.994209211434426
1
1
1
1
1
1
1
1
1
1
1
1
1
1
1
1
1
0.991760823536775
1
1
1
0.947625046605611
1
1
1
1
1
1
1
1
1
1
1
1
1
1
0.950232255488213
1
1
1
1
0.979756822242687
1
1
1
0.910496026914957
1
1
1
1
1
1
1
1
1
1
0.993469816660128
1
0.99999999999919
1
1
1
0.992029010556768
1
1
0.970095432110027
1
1
1
1
1
0.994737853444609
1
1
1
1
1
1
1
1
0.993575925412756
1
0.912242638884505
1
1
1
0.850319946860108
1
1
1
1
1
1
1
1
1
0.954195939075583
1
0.864240835178969
1
1
1
1
1
1
1
1
1
0.891621971576697
0.873509698436323
1
1
1
0.965931776491855
1
1
0.781071820496198
0.952965780214524
1
1
1
1
1
1
1
0.996182817631486
1
0.988398897689504
1
1
1
1
1
1
1
1
0.99999999999919
1
1
0.849544604037446
1
1
1
0.721453202249587
1
1
0.924808239139111
1
1
1
1
1
1
1
1
1
1
1
1
1
1
1
1
1
1
0.934905653514038
0.983819783669834
1
1
1
1
1
1
0.777507073738841
1
1
1
0.992029010556768
1
0.96721812137392
1
0.965616823468839
1
1
1
1
1
1
1
1
1
1
0.98458822645882
1
0.92330586168491
1
1
1
0.992757704127138
1
1
1
0.950644977017853
0.907325937450523
1
1
1
0.933428960072654
1
1
1
0.99597751540002
1
1
1
1
1
1
1
1
1
1
1
1
1
0.905890097683454
1
1
1
1
1
1
0.853045386087467
0.926898571687723
0.976052970905375
1
1
1
1
1
1
1
0.929291132996922
1
1
1
0.972198351914103
1
1
1
1
1
1
1
1
1
1
1
1
0.960310520731088
1
0.912696677498772
1
1
1
1
1
0.964497609194028
1
1
1
1
1
1
1
1
1
1
1
1
0.913203272739048
1
1
1
1
1
0.964037805623864
0.912726330514272
0.99597751540002
1
1
1
1
0.947867564925621
0.939529473587062
1
1
1
1
1
1
1
0.950232255488213
1
1
0.977128395410184
1
0.97240443248316
1
1
1
1
1
1
0.994209211434426
1
1
0.974197089397464
1
0.840636283487018
1
1
1
1
1
1
1
1
1
1
1
0.91023061535287
0.971963526694072
1
1
1
1
1
1
1
1
1
1
1
1
0.986019698810179
0.993794855040529
0.999999999999571
1
1
1
1
1
1
1
1
1
0.971930699592527
1
0.990919757355267
1
1
1
0.973883670074706
1
1
1
1
1
1
1
1
0.999999999996239
1
0.929291132996922
1
1
1
1
1
1
0.952096249271257
0.879928238226304
1
1
1
1
1
1
1
0.756942038029267
1
1
0.954195939075583
1
1
1
0.98055445238545
1
1
1
1
1
0.952573488948105
1
1
1
1
0.854045804985493
1
1
1
0.979117223067772
1
1
1
0.981192929512652
1
1
1
0.993718798438303
0.999999999998983
1
1
1
1
0.872907891360241
0.909259704600231
0.993306218546377
0.916231359444705
0.993244502569495
1
1
0.994216965974114
0.92542875243193
1
0.958844536956599
0.924808239139111
1
0.553655044480265
1
1
1
1
1
0.96373320369485
1
1
0.973518084541579
1
1
1
1
1
0.918475852193338
1
1
0.919994783581614
1
1
1
1
1
0.98179621908583
1
0.996089432647768
1
1
0.977128395410184
1
0.996372612337448
1
1
1
1
1
1
1
1
1
0.993575925412756
1
1
1
0.947845314028689
1
1
1
0.911124362000663
1
1
1
0.999999999996982
1
1
1
0.908089459143653
1
1
1
1
1
1
1
1
1
1
1
0.947675877585108
1
1
1
1
1
1
1
1
1
1
0.991683722995463
1
1
1
0.975937796424058
0.928648356021399
1
1
1
1
1
1
0.999999999998897
1
1
0.92877359840977
1
1
1
1
1
0.910735323113562
0.57118225102705
1
1
1
0.995843957447244
0.93763419627138
1
1
1
1
1
1
0.916799058944237
1
1
1
1
1
1
1
0.929879683267192
0.882537479157508
1
1
1
1
1
1
0.919994783581614
1
1
1
1
1
1
1
1
1
1
0.977220798909201
1
1
1
1
1
1
0.905402238140635
1
1
1
1
1
0.894135180523539
1
0.872993367105722
1
1
1
1
1
0.909877024418898
1
1
1
1
1
0.911696442490879
1
1
1
1
1
1
1
1
1
1
1
1
1
1
1
1
0.928648356021399
1
0.963887642182219
0.999999999993303
1
1
1
1
0.973518084541579
1
1
1
1
1
1
1
0.939529473587062
0.901005115107361
1
1
1
1
1
0.880991592305724
1
1
0.992206153252156
1
1
1
1
0.996651753503247
1
0.972198351914103
0.99999999999771
1
1
1
1
1
1
1
1
1
0.987878221702097
1
1
1
1
1
1
1
1
1
0.930628946929181
1
0.691981656505673
1
1
1
1
1
1
0.965376371638295
1
1
1
1
1
1
0.999999999999639
1
1
1
1
1
1
1
0.883001347660826
1
1
1
0.885994680959691
1
1
1
1
1
0.69049509139334
1
1
0.968788577364189
1
1
0.972936863903696
1
1
0.995903965025574
1
1
1
1
1
1
1
1
1
0.9114249723678
1
1
1
1
1
1
1
1
1
1
1
1
0.970281443540055
1
1
1
1
1
1
1
1
1
0.996547978660837
1
1
0.999999999999177
1
1
0.996372612337448
1
1
1
1
0.999999999999639
1
0.970095432110027
1
1
1
1
0.902318538818957
1
1
1
1
1
1
1
1
0.993309542396138
1
1
1
1
1
1
0.997831049581734
0.939353602951052
1
0.996372612337448
0.773187328395004
1
1
0.952845429949438
1
1
1
1
1
1
1
0.933023966917917
0.983220763447153
0.666311013683156
1
1
1
1
1
0.906007340104651
1
1
1
1
1
1
1
1
1
1
1
1
1
1
1
1
0.952096249271257
1
1
1
1
0.969019100571305
0.99335961195781
1
1
1
1
1
1
1
1
1
1
1
0.991150419703786
1
0.956670496799617
1
1
1
1
1
1
1
1
1
1
0.978259137985677
1
1
0.913864391195994
1
1
0.911696442490879
1
0.992823859449532
1
1
1
1
1
1
0.983220763447153
1
1
1
1
0.999999999996568
0.935602371814624
1
1
0.917314923816845
0.925098311427208
1
0.543398812356164
1
1
0.918459093745747
0.965376371638295
1
1
1
1
1
1
1
1
1
1
0.97685347410954
1
1
1
1
1
1
1
0.991628006021874
1
1
1
1
1
1
1
1
1
1
0.952573488948105
1
1
1
0.995843957447244
1
0.993707356329307
1
1
1
1
1
1
0.951943411897354
1
1
1
1
1
1
1
1
1
1
1
1
1
1
1
1
1
1
1
0.8821757607578
1
1
1
1
1
1
1
1
1
1
0.967027860772269
1
1
1
1
1
1
1
0.972914827260916
1
1
0.993968439157093
1
1
0.954913989331274
1
1
1
1
1
0.98578690245921
1
1
1
1
1
1
1
1
1
1
1
1
1
1
0.912696677498772
1
1
0.993309542396138
1
1
1
1
1
0.95416068646018
1
1
1
1
1
1
1
1
1
1
1
1
1
1
1
1
1
1
1
1
1
1
1
1
1
1
1
1
0.911696442490879
0.971747925423548
1
1
1
1
0.994365678356448
1
0.922392737472161
1
1
1
1
1
1
1
0.958308536460804
1
1
1
1
1
1
1
1
1
1
1
1
0.968149722470468
1
1
1
1
1
1
1
1
1
0.956352281647456
1
1
1
1
0.768303347401068
0.955892599974509
1
1
1
0.993252480245588
1
1
0.990919757355267
1
0.993252480245588
1
1
1
1
0.933799522955981
1
1
1
1
1
1
0.715509548239467
1
1
1
1
1
1
1
1
1
1
1
1
1
0.993469816660128
1
1
1
1
1
1
1
1
1
1
1
1
1
0.860852719362482
1
1
0.974049917266721
1
1
0.906492217003361
0.717058729616123
0.981925145728594
1
1
1
1
1
1
1
1
1
1
1
1
1
0.941726103790507
1
0.993718798438303
0.564575149015063
1
1
1
1
1
1
1
1
1
1
0.873233240503177
0.990919757355267
1
1
0.783245361079383
1
1
1
1
1
1
1
1
1
0.928910980173491
1
0.98655696674644
1
0.973883670074706
0.992985410471624
1
0.929900395174441
1
1
0.906896906332882
1
0.995151571461319
1
1
1
1
1
1
0.993948898652862
1
0.935602371814624
1
0.947845314028689
1
0.96373320369485
1
1
1
1
0.972198351914103
1
1
1
1
1
1
1
1
1
1
1
0.909727713873092
1
1
1
0.966071634993981
1
1
1
1
1
1
0.999999999996556
1
1
1
1
1
1
0.973449677387822
0.821567311800227
1
1
0.996651753503247
1
1
1
1
1
1
0.966071634993981
1
0.881222176534037
1
0.858762482825318
0.701883763630275
0.923200905556425
1
1
1
0.558197351753227
0.833622499327109
1
0.992206153252156
1
0.567448685615321
0.814016803422837
1
1
1
1
0.991628006021874
1
1
1
1
0.861662275306601
0.993718798438303
0.759700785175564
1
1
1
0.824773124202869
1
0.609909632477626
0.631413922640947
0.580190077789107
0.964932897860985
1
1
0.569732282978881
0.93973846932912
0.705900900689449
1
1
1
1
1
1
0.992256176316631
1
1
1
1
1
1
1
1
1
0.986019698810179
1
0.958308536460804
1
1
1
0.901813023999773
1
1
1
0.928648356021399
1
1
1
1
1
1
1
1
1
1
1
0.928184062895454
1
0.99999999999968
1
1
1
1
1
1
1
1
1
1
1
0.995334006954055
1
1
1
1
0.973883670074706
0.857959645237913
0.92508599353278
1
1
1
1
1
1
0.923185083345821
1
1
1
1
1
1
1
1
1
1
1
1
1
1
1
1
1
1
1
1
1
0.978397781080387
1
1
1
1
0.925573141238235
1
0.965348875750225
1
1
1
1
1
1
0.686909182926446
1
1
1
1
0.999999999998293
1
1
1
1
1
1
1
0.925573141238235
1
1
1
1
1
1
1
1
0.915333449431498
0.883118869346794
1
1
1
1
1
1
1
1
1
1
1
1
1
1
0.938201189352412
1
1
0.973883670074706
1
1
1
1
1
0.996547978660837
0.994505384950189
1
1
0.929900395174441
1
1
1
1
1
1
1
1
1
1
1
1
0.919682561827145
1
1
0.972931110051667
1
1
0.715405715470815
1
1
1
1
1
1
1
1
1
1
1
1
1
1
1
1
1
0.98055445238545
1
0.9114249723678
1
1
0.999999999999395
0.938188367936505
1
1
1
1
1
1
1
1
1
0.788239169345194
0.983220763447153
1
1
1
1
1
1
1
1
1
1
0.903466113638847
1
1
1
1
1
1
1
0.955987807029748
1
1
1
1
1
1
1
0.91221653684041
1
1
1
1
1
1
1
1
1
1
1
0.987346543486408
1
1
1
1
1
1
1
1
1
1
0.979756822242687
1
1
1
1
1
1
0.97505889101101
1
1
1
1
1
1
1
1
1
1
1
1
1
1
1
1
1
1
1
1
1
1
0.912028668102245
0.821567311800227
1
1
1
1
1
1
0.983220763447153
0.994216965974114
1
1
1
1
0.992823859449532
0.975534508681715
1
0.952573488948105
0.933428960072654
0.99807376224838
1
1
1
1
0.993342199833286
1
0.992925178485164
1
1
1
1
1
1
1
1
1
1
0.683757095452069
0.919086309910013
1
0.994485497206382
1
1
1
1
1
1
1
1
0.977107448328152
1
1
1
1
1
0.933010462377473
1
1
1
0.983684984897131
1
1
1
1
1
1
1
1
1
1
0.80447581656602
1
1
1
1
1
1
1
0.908614961299833
0.908589533108953
1
1
1
0.8821757607578
1
1
1
1
0.967027860772269
1
1
0.951943411897354
1
1
1
1
1
1
1
0.563368144023827
0.972148471666232
1
1
0.993488938835758
1
1
1
1
1
0.977220798909201
1
1
1
1
1
1
1
1
1
1
0.821487358688244
0.99954068163989
1
1
1
0.917771742138883
1
1
0.996372612337448
1
1
0.975942875298227
1
1
1
1
1
1
0.971238765739873
1
1
1
1
1
0.978520513722075
1
1
1
1
1
0.992256176316631
0.97028769839889
1
1
1
0.677721658156839
1
1
1
1
0.995151571461319
1
1
1
1
1
1
1
1
1
1
1
1
1
1
1
1
1
1
1
1
1
1
1
1
0.912726330514272
0.970617338202117
1
1
1
1
0.970617338202117
1
1
0.993416525347619
1
1
1
0.975970174921251
0.933799522955981
1
0.918882199440994
1
1
0.896404061068581
1
1
1
0.930017540343313
0.910751826224033
1
1
1
1
1
0.983684984897131
1
1
1
1
1
1
1
1
1
1
1
1
0.999999999998293
1
1
1
1
0.905294860062809
0.956670496799617
1
1
1
1
0.951419135438146
1
1
1
1
1
1
1
0.95749702285843
1
1
1
1
1
1
1
1
1
1
1
1
0.941966715816136
1
1
1
0.92508599353278
0.979117223067772
1
1
1
1
1
1
1
1
1
1
1
0.944533021386399
1
1
0.917771742138883
1
1
1
1
1
1
0.993481052482347
1
1
1
1
1
1
1
1
1
1
0.957221757666192
1
0.873509698436323
1
1
1
1
1
0.977954243961052
0.965376371638295
1
0.99161811576246
0.993244502569495
0.916799058944237
0.911579196361396
1
0.938188367936505
1
0.89817627038488
1
1
1
0.975937796424058
1
1
1
1
1
1
1
1
1
0.991296918760024
1
0.965616823468839
1
1
1
0.983220763447153
1
1
1
1
0.975937796424058
0.928184062895454
0.788279942338772
1
1
1
1
1
1
1
1
1
1
1
1
1
0.93962215899042
1
0.754991097755328
1
1
1
1
1
0.970864976952581
1
1
1
1
1
1
1
0.994505384950189
1
1
1
1
0.88066205351501
0.844374060648487
0.952845429949438
1
1
0.856478135241147
1
1
1
0.908614961299833
1
1
1
1
1
1
1
0.99999999999771
0.951943411897354
0.995151571461319
1
1
1
0.99999999999347
1
1
1
1
1
1
1
1
1
1
1
1
1
1
1
1
0.965616823468839
1
1
1
1
1
1
0.90669835279413
1
1
1
1
1
0.942682968824648
1
1
1
1
1
1
1
1
1
0.911124362000663
1
1
0.913301972119372
1
1
0.942983747976828
1
0.974049917266721
0.933799522955981
1
1
1
1
1
0.98578690245921
1
1
0.995124133739657
0.886243291186698
1
1
1
0.947845314028689
0.946040583128703
1
1
1
1
0.996372612337448
1
0.911579196361396
0.790385560134337
0.977768264672969
1
1
1
1
1
1
1
0.913177969020024
1
1
1
1
0.97505889101101
0.966071634993981
1
1
1
1
1
1
1
1
1
1
1
0.973661383288528
1
1
1
1
1
1
0.974912662927616
0.999999999999395
0.987346543486408
1
1
1
1
0.959325800773423
1
1
0.961020336198071
1
0.839582706231442
1
1
1
1
1
1
1
1
1
1
0.926365778804689
1
1
1
0.976657588721218
1
1
1
1
1
0.885370839135692
0.915665251208682
1
1
0.816778341266474
1
1
0.991628006021874
1
1
1
1
1
1
1
0.995903965025574
1
1
1
1
0.929900395174441
1
0.976052970905375
0.97685347410954
1
1
1
1
1
1
1
1
0.93763419627138
1
0.909727713873092
1
1
1
0.989357282083032
1
0.993613455243119
1
1
1
1
1
0.99161811576246
0.996547978660837
1
1
0.956670496799617
1
1
1
1
1
1
1
1
0.979117223067772
1
1
1
1
1
1
1
1
0.939432523198121
0.991296918760024
1
1
1
1
1
1
1
1
1
1
1
1
1
1
0.978088747308931
1
1
1
1
0.933428960072654
0.993759143251026
0.880991592305724
0.995334006954055
1
0.756790576686075
1
0.957462415555605
1
0.975942875298227
1
1
0.994987352374459
1
1
1
1
1
1
1
1
1
1
1
1
1
1
1
1
0.977954243961052
1
1
1
1
1
1
0.953812438481638
1
1
1
1
1
1
1
1
1
1
1
1
1
0.882682535048569
1
1
0.974899488849048
1
1
1
1
1
1
1
1
1
1
0.975937796424058
1
1
0.988398897689504
1
1
0.939529473587062
0.912941423198942
1
1
1
1
0.931820217920168
1
1
0.909727713873092
0.924808239139111
1
1
0.961457592899756
1
1
1
1
1
1
1
1
1
0.551058749056548
1
1
1
0.950557303278071
1
1
1
1
1
0.972198351914103
1
1
1
1
0.950928479501187
1
1
1
1
1
0.993794855040529
1
1
1
1
1
1
1
1
0.972936863903696
1
1
0.950232255488213
1
1
1
1
1
1
1
1
1
0.967879197165132
1
1
1
1
0.947845314028689
1
0.971963526694072
1
1
1
1
1
0.970864976952581
1
1
1
0.928101665297024
1
1
1
0.993630061847276
1
0.970281443540055
1
1
1
1
0.92877359840977
1
1
1
0.948958872336906
1
1
1
1
0.973883670074706
1
1
1
0.999999999998293
1
1
1
1
1
1
1
1
1
1
1
1
1
0.916111870288375
1
0.908589533108953
0.974049917266721
1
1
1
1
1
1
1
1
1
1
1
0.976551560899942
1
1
1
1
1
1
0.911579196361396
1
1
1
1
1
1
1
0.995334006954055
1
1
0.916260315641174
1
1
1
1
1
1
0.9114249723678
0.99807376224838
0.98176501372663
1
1
0.9114249723678
1
1
1
1
1
0.906845193398198
1
0.999999999972774
1
1
1
1
0.992029010556768
1
1
1
1
0.99999999999848
1
1
1
1
1
1
1
1
1
1
0.956670496799617
1
1
1
0.642545100929055
1
1
0.912941423198942
0.717058729616123
1
1
1
1
1
1
0.999999999996982
0.93763419627138
1
1
1
1
1
0.936040211326103
1
1
1
1
1
1
1
1
1
1
1
1
1
1
1
1
1
1
1
1
1
1
0.971930699592527
1
1
1
0.947845314028689
1
1
0.984072450781386
1
1
1
1
1
1
1
1
1
1
1
1
1
1
1
1
1
1
1
1
1
1
0.992985410471624
1
1
1
0.763014227819837
1
1
1
1
0.972936863903696
1
1
1
1
1
1
1
1
1
1
1
1
1
1
1
0.905890097683454
1
1
1
1
1
1
1
1
1
1
0.915520270668482
1
1
1
1
1
1
0.972874326057241
1
1
1
1
1
1
1
1
0.838847183828488
1
1
1
1
1
1
1
1
1
1
1
1
1
1
0.926898571687723
0.901416841898962
1
1
1
1
1
1
1
1
1
1
0.928101665297024
0.950174565079188
1
1
1
1
0.995151571461319
1
1
1
1
1
1
1
1
1
0.888166103341895
1
1
1
0.929900395174441
1
1
1
1
0.977897191487572
1
1
1
1
1
1
1
0.993252480245588
1
0.967956959043634
1
1
1
1
0.999999999998983
1
1
1
1
1
1
1
1
1
1
1
1
1
1
0.87973218414894
0.906845193398198
0.972198351914103
1
0.934725835212184
1
1
1
1
0.999999999999177
1
1
1
0.663495261305941
1
1
1
1
1
1
1
1
0.928648356021399
1
1
1
1
1
1
1
1
1
1
0.99954068163989
1
1
1
1
1
1
1
1
1
1
0.903224773346356
1
0.97685347410954
1
1
0.929900395174441
1
1
1
1
1
1
1
1
1
0.991698748915601
1
1
0.956949934549476
0.570102485867362
1
0.952629162099143
1
0.979976202691392
0.971930699592527
1
0.970487835608049
0.988398897689504
1
1
0.93755489095231
1
1
1
1
0.910751826224033
1
0.979258497619685
1
1
0.992300455355037
1
1
1
1
0.889336814841457
0.828105733004167
1
0.784855797885153
1
1
1
1
1
0.991698748915601
1
0.917310918691697
1
1
1
0.905783248703649
1
1
0.992075541740244
1
1
1
1
0.963834134979724
1
1
1
1
0.933010462377473
1
1
1
1
0.883001347660826
1
0.940537049260865
1
1
0.950644977017853
1
0.844374060648487
0.917771742138883
1
1
1
1
1
1
0.999999999988688
1
1
1
1
1
1
1
1
1
0.893061305805927
0.991760823536775
1
0.992256176316631
0.80731455902066
1
0.90906166199426
1
0.975937796424058
1
1
1
1
1
1
1
1
1
1
1
1
1
1
1
1
0.97505889101101
1
0.971747925423548
1
0.758623745169407
0.983684984897131
1
0.995007458580623
1
1
1
1
0.885518621569513
1
0.996004357065013
1
1
1
1
0.972260381490941
0.957221757666192
1
1
1
1
1
1
1
1
1
1
1
1
0.914608928860822
0.999999999998062
0.983819783669834
1
1
1
1
1
1
1
1
0.918882199440994
1
1
1
1
1
1
1
1
1
1
0.911579196361396
1
1
1
1
1
1
1
1
1
1
1
1
0.99335961195781
0.919994783581614
1
1
1
0.995151571461319
1
1
1
1
0.928184062895454
1
1
0.993968439157093
1
1
1
0.993342199833286
1
1
1
1
0.991683722995463
1
0.951007234596233
0.93763419627138
1
1
1
1
1
1
1
1
1
1
1
1
1
0.97329509372526
1
1
1
1
1
1
1
0.925314030061715
0.840882673584347
1
0.845792786530838
1
0.945541181778759
0.993488938835758
0.983220763447153
1
1
1
1
1
0.936847012805826
0.929291132996922
1
0.925391949813201
1
0.92508599353278
0.721158371344847
0.966453649683928
1
1
0.942983747976828
1
1
1
1
1
1
1
1
1
1
1
1
1
1
1
0.993630061847276
1
0.994737853444609
1
1
0.976657588721218
1
1
1
0.995151571461319
0.971238765739873
1
1
1
1
1
1
1
1
1
1
1
1
1
1
1
1
1
0.854045804985493
1
1
1
1
1
1
1
0.970617338202117
0.934725835212184
1
1
1
1
1
0.98055445238545
1
1
1
1
1
1
1
0.92508599353278
1
1
1
1
1
1
1
1
1
1
1
1
1
1
0.996372612337448
1
1
1
1
1
0.924808239139111
1
1
1
1
1
1
0.957462415555605
1
1
1
1
1
1
1
1
1
1
1
1
1
1
1
0.994737853444609
0.963394856499629
1
1
1
1
1
1
1
0.91023061535287
1
1
1
1
0.971963526694072
0.999999999997134
1
1
1
0.98176501372663
0.991222251914809
1
1
1
1
1
0.995334006954055
0.737934010898169
1
1
1
1
1
1
1
0.894296477500754
1
1
0.971238765739873
1
1
0.951943411897354
1
1
1
1
0.938201189352412
1
1
1
1
0.992096131494459
1
1
1
1
1
1
1
0.999999999997444
1
0.856027467548962
0.940537049260865
0.972936863903696
1
0.967831705720634
1
1
1
0.950644977017853
0.993252480245588
1
1
1
1
1
1
1
1
1
1
1
1
1
1
1
1
1
1
1
1
0.973883670074706
1
1
1
1
1
1
1
1
1
1
1
1
1
0.952096249271257
1
0.948958872336906
1
1
0.993252480245588
1
1
1
1
1
0.950928479501187
1
1
0.993306218546377
1
1
1
1
1
1
1
1
0.909259704600231
1
1
0.993794855040529
1
1
0.999999999987688
1
1
0.984836323720943
1
0.965348875750225
1
1
1
1
1
1
0.884666486427937
0.86852028479061
0.993469816660128
1
1
1
1
1
1
1
1
1
1
1
1
1
1
1
1
1
0.727397136010337
0.992256176316631
0.713244686219726
1
1
1
1
1
1
1
1
1
1
1
1
1
1
1
1
1
1
1
1
1
1
1
0.927159767868363
1
1
1
1
1
1
1
1
1
1
0.996372612337448
1
1
1
1
1
1
1
1
1
0.978088747308931
1
1
1
1
1
1
1
1
1
1
1
1
1
1
1
1
1
0.961020336198071
1
1
1
1
1
1
1
1
1
1
1
1
1
1
1
1
1
1
1
1
0.931918433031698
0.974197089397464
1
1
1
0.916799058944237
0.993076305654602
1
1
1
1
1
1
1
1
1
1
0.948302392971418
1
1
1
0.971604712178223
1
1
0.979756822242687
1
1
0.973883670074706
0.983756331407179
1
1
1
1
1
1
1
1
1
1
1
1
0.984836323720943
1
0.99999999999848
0.972260381490941
1
0.979258497619685
1
1
1
1
1
1
1
1
1
1
1
1
1
1
1
1
1
0.958844536956599
1
1
1
0.947508820477979
0.740161244049479
1
1
0.934415712335492
1
0.889336814841457
1
1
1
1
1
1
1
1
1
1
1
1
1
1
1
1
1
1
1
1
1
1
1
1
1
1
1
0.912242638884505
1
1
1
1
1
0.914974086510871
1
0.854045804985493
0.993481052482347
1
0.983756331407179
1
1
0.907612502958224
0.98458822645882
1
0.96658698059198
0.87296781727196
0.771583932520477
1
1
0.99335961195781
0.946040583128703
1
1
1
0.999999999998983
1
0.912726330514272
1
1
1
1
0.947845314028689
1
0.99161811576246
1
1
1
1
1
1
1
1
1
0.901005115107361
0.972914827260916
1
1
1
1
1
0.966071634993981
1
1
1
0.807106391163922
0.915080329061975
1
1
1
1
1
1
0.975534508681715
1
0.906845193398198
1
1
1
1
1
0.823398961112122
0.995843957447244
1
1
1
1
1
0.913203272739048
1
1
1
0.976630204658
0.973883670074706
1
1
0.856649739081733
1
1
1
1
1
1
1
1
1
1
0.995843957447244
0.846826838630089
1
1
1
1
0.697353996582462
0.99999999999968
1
1
1
1
1
0.993252480245588
1
1
1
0.955892599974509
1
0.96658698059198
1
0.944240203414649
0.918153903132617
1
0.916231359444705
1
1
0.991683722995463
1
1
1
1
1
1
1
1
0.915665251208682
1
1
1
1
0.933010462377473
1
1
1
1
0.862202528158175
1
0.75823409465357
1
1
1
1
0.976657588721218
0.992823859449532
1
1
0.932090516684553
1
0.902318538818957
1
1
1
1
0.965376371638295
1
1
0.975970174921251
1
1
0.896014183295794
1
1
1
1
1
1
0.993613455243119
1
1
1
1
1
1
1
1
1
1
1
1
1
0.999999999999786
1
0.901813023999773
1
1
0.913864391195994
1
1
1
1
0.917774956081995
1
1
1
1
1
1
1
1
1
1
1
1
1
1
1
1
1
1
0.817215830207093
1
1
1
1
1
1
1
1
0.907612502958224
0.976811865773619
0.91095872287574
1
1
0.994209211434426
1
1
1
1
1
1
0.97685347410954
1
1
1
1
1
1
1
0.995146300198442
0.885390035813083
1
1
1
0.913301972119372
1
1
0.926898571687723
1
1
1
0.951943411897354
1
1
1
1
1
1
1
1
0.943637998518169
0.934905653514038
1
1
1
1
1
1
1
1
1
1
1
1
1
1
1
1
1
1
1
1
0.993416525347619
1
1
1
1
0.97028769839889
1
1
1
0.99954068163989
0.999999999990942
1
1
1
1
1
0.9999999999994
1
0.994209211434426
1
1
1
0.991921162276089
1
1
1
1
0.976811865773619
1
1
1
0.987346543486408
1
0.97240443248316
1
0.948958872336906
0.846826838630089
1
1
1
1
1
1
0.925697266614093
1
1
1
1
1
1
1
1
1
1
1
1
1
0.999999999996568
1
1
1
1
1
0.808488062092557
1
1
1
1
1
0.823398961112122
0.986427570936569
0.910135304228891
1
1
1
1
1
1
1
1
0.933578451219562
1
1
1
1
1
1
0.999999999999395
1
1
1
1
1
0.941726103790507
1
0.6827202768091
1
1
1
1
1
1
1
1
1
0.961020336198071
0.856027467548962
1
1
1
1
1
1
1
1
1
1
1
1
1
0.954114473347425
1
0.993244502569495
0.972198351914103
1
0.908893371663339
0.751561220149813
0.901514595394083
1
1
1
1
1
1
1
1
1
1
1
1
1
0.982712626520301
1
1
1
1
0.834177674709615
1
1
1
1
1
1
1
1
1
1
0.965616823468839
1
1
1
1
0.897876112077475
1
1
0.917314923816845
1
1
1
1
1
1
1
1
1
1
0.967879197165132
1
0.963887642182219
1
1
1
0.994209211434426
1
1
1
1
1
1
1
1
0.972198351914103
1
1
1
1
1
1
1
1
1
1
1
1
1
0.999999999996731
1
1
0.850908888263832
1
0.950338440174076
0.957855149576758
0.993244502569495
1
1
1
1
1
1
1
1
1
1
1
1
0.932228631247968
1
1
0.951004531272709
1
1
1
1
0.992206153252156
1
0.967752314167658
1
1
1
1
1
1
1
0.992300455355037
1
1
1
1
0.972148471666232
1
1
1
1
1
1
1
1
1
1
1
1
1
0.962260334507885
0.953901645371341
1
1
1
1
1
1
1
1
0.958619471226736
0.909727713873092
1
1
0.990919757355267
1
1
1
1
0.992825385740659
1
1
1
1
0.937065845417757
1
1
1
1
0.756942038029267
1
0.957855149576758
1
1
1
1
1
1
1
1
0.909727713873092
0.957462415555605
1
1
1
1
1
0.906007340104651
1
1
1
1
1
1
1
1
1
1
1
0.972914827260916
1
1
1
1
0.990919757355267
1
1
1
1
1
1
1
1
0.993297422356492
0.99999999999848
1
0.910853277951188
1
1
1
1
1
1
1
1
0.972914827260916
1
1
0.930628946929181
0.917310918691697
1
1
0.993718798438303
1
1
1
0.901813023999773
1
1
0.954913989331274
0.684430095479028
1
1
1
1
1
1
1
1
1
1
1
0.999999999997261
1
1
1
1
1
1
1
1
1
1
1
0.964497609194028
1
0.99335961195781
1
1
1
1
1
1
1
1
1
0.965616823468839
1
1
1
0.991222251914809
1
1
1
1
1
1
1
1
1
1
1
1
1
1
0.929900395174441
1
1
1
0.952845429949438
1
1
0.978397781080387
1
1
1
1
1
1
1
1
1
1
1
0.981476792850673
0.983096089607794
1
1
1
0.860852719362482
0.991698748915601
1
1
1
1
1
1
1
1
0.846616250111994
1
1
1
0.910853277951188
1
1
1
1
1
1
1
1
1
1
1
1
1
1
1
1
1
0.888166103341895
1
1
1
1
1
1
1
1
0.914628238736336
1
1
1
1
0.808488062092557
1
1
1
0.95491526541141
1
0.776811431747436
0.989882433933917
1
1
1
1
0.942665279354016
1
1
0.925098311427208
1
1
1
1
1
1
0.855676114843984
1
1
1
0.98176501372663
0.767226690304078
1
0.910002496303284
1
1
1
1
1
0.993488938835758
1
1
1
1
0.905294860062809
1
1
1
1
1
1
1
1
1
1
0.999999999998506
1
1
1
1
0.977025376174766
0.930647302404779
1
1
0.992206153252156
0.776355167508372
0.984836323720943
1
1
1
1
1
0.999999999987688
1
1
1
1
0.957226603668514
1
1
0.91023061535287
1
1
0.979258497619685
1
1
1
1
1
1
1
1
1
1
1
0.993309542396138
1
1
1
1
1
1
1
1
1
0.976867358686115
1
1
1
1
0.886243291186698
1
1
1
1
1
1
1
1
1
1
1
1
1
1
0.943721546304069
1
0.898817148992436
1
1
1
1
1
0.976657588721218
1
0.777869247032381
0.928505979452896
1
1
1
1
0.907461835937539
1
0.98055445238545
0.952965780214524
1
1
0.992925178485164
1
1
1
1
1
1
0.954195939075583
1
1
1
1
1
1
0.957221757666192
0.982712626520301
1
1
1
1
1
1
1
1
1
1
1
1
1
0.986040937824842
0.981476792850673
1
1
1
1
1
1
0.596864465007038
1
1
1
1
1
1
1
1
1
1
0.884666486427937
0.975942875298227
1
1
1
1
1
1
0.992925178485164
1
1
1
1
1
0.915333449431498
0.972931110051667
1
1
1
1
1
0.977025376174766
0.98055445238545
1
1
1
1
1
0.905294860062809
1
1
1
0.913177969020024
1
1
0.993309542396138
1
1
1
1
1
1
1
1
0.975942875298227
1
1
1
1
1
1
1
0.995151571461319
1
1
1
0.999999999996051
1
1
0.924808239139111
1
1
1
1
1
1
1
1
1
1
0.97812618716311
1
1
1
1
0.823398961112122
0.986040937824842
1
1
1
1
1
1
1
1
1
1
0.952965780214524
1
1
1
1
0.964497609194028
1
1
1
1
1
1
1
1
0.96658698059198
1
1
1
1
0.910853277951188
1
1
1
1
1
1
1
1
1
1
1
1
1
1
1
1
1
1
1
1
1
1
1
1
1
1
1
1
1
1
0.996372612337448
0.908089459143653
1
1
1
1
1
1
0.975937796424058
1
0.92529863858926
1
0.974912662927616
1
1
1
1
0.970617338202117
0.940724708033329
1
1
1
1
1
1
0.967302318697901
0.798808686988059
1
1
1
1
0.996372612337448
1
1
1
1
1
1
1
1
0.785862556000645
1
1
0.963887642182219
1
1
1
1
1
1
0.993794855040529
1
0.919682561827145
1
1
0.972198351914103
1
1
0.860338828440703
1
0.971930699592527
1
1
1
1
0.950232255488213
1
1
1
1
1
1
1
1
1
1
0.95723555467579
1
1
1
0.706455247173963
0.933769569775513
1
1
1
1
1
1
1
1
1
1
1
1
1
1
1
1
1
1
1
1
1
1
1
1
1
1
0.782036177227647
1
1
0.955987807029748
1
1
1
0.8645478387971
1
1
0.936566862143708
0.968621216581547
1
1
1
1
1
1
1
1
1
0.965678198294971
1
0.957226603668514
1
0.928101665297024
1
1
1
1
1
1
1
0.99999999999968
1
0.882682535048569
1
0.979831228184354
1
1
1
1
0.951943411897354
1
0.689755277289807
1
1
1
1
1
1
1
1
0.973883670074706
0.839786440548041
1
0.991921162276089
1
1
1
1
1
0.52648433563388
1
1
1
1
1
1
0.942665279354016
1
0.977025376174766
0.938201189352412
1
1
1
0.993252480245588
1
0.953901645371341
1
1
1
1
1
1
1
1
1
1
0.986040937824842
1
1
1
1
0.933799522955981
1
1
1
1
1
0.972936863903696
1
0.735422784625826
1
1
1
1
0.993759143251026
1
1
1
0.905402238140635
1
1
1
1
0.993076305654602
1
1
1
1
1
1
1
1
0.952348724719372
1
1
1
1
1
1
1
1
1
1
1
1
1
1
1
0.98655696674644
0.972936863903696
0.756942038029267
1
1
1
1
1
1
1
1
1
0.908614961299833
1
1
1
1
1
0.986040937824842
1
1
1
0.92877359840977
1
1
1
1
0.993309542396138
1
1
1
1
1
0.823398961112122
0.820622752406391
1
1
1
1
1
1
0.999999999997444
1
1
0.977768264672969
1
1
0.938224129925185
1
1
1
1
1
0.931918433031698
1
1
1
1
1
1
1
1
1
1
1
1
1
1
1
1
1
1
1
1
1
1
1
1
1
0.835479509973301
1
0.656738743468908
1
1
1
0.905402238140635
1
0.832830938571765
0.993008270738114
0.943626736093809
1
1
1
0.995007458580623
0.93755489095231
0.995007458580623
1
1
0.925314030061715
1
1
1
1
1
1
1
1
1
0.992256176316631
1
0.971963526694072
1
1
1
0.666574089285601
1
0.929879683267192
1
1
1
1
1
1
1
1
1
0.992985410471624
1
0.971238765739873
1
1
0.98179621908583
0.999999999997956
0.907153739195201
0.954114473347425
0.992029010556768
0.989357282083032
1
1
0.930348000901259
1
1
1
1
1
0.997831049581734
0.948958872336906
0.741879295442272
1
1
0.920032556729213
1
1
1
1
1
1
1
1
0.992300455355037
0.820622752406391
1
1
1
1
1
1
0.909764296861968
0.961020336198071
1
1
1
1
1
1
1
1
1
1
1
0.965931776491855
1
1
0.995843957447244
1
0.961020336198071
0.910735323113562
1
1
0.970487835608049
1
0.992096131494459
0.928505979452896
0.946357271031305
1
1
1
0.95491526541141
0.919682561827145
1
1
1
0.956949934549476
1
1
1
1
1
0.78222199263377
1
1
1
1
1
1
1
1
0.805362096695499
1
1
1
0.967956959043634
1
1
1
1
1
1
1
1
1
1
0.919588155081374
1
1
0.928184062895454
1
1
1
1
1
1
1
1
1
0.978397781080387
1
1
1
1
1
1
1
1
1
1
1
1
1
1
1
1
0.947529948303085
1
1
1
0.93763419627138
1
0.883118869346794
1
1
0.991628006021874
1
0.864240835178969
1
0.933578451219562
1
0.991222251914809
1
1
1
0.952965780214524
1
0.979756822242687
0.993794855040529
0.93763419627138
1
0.993707356329307
1
0.964037805623864
1
1
1
1
1
1
0.972638717370152
1
0.999999999999395
0.933010462377473
1
1
1
0.909259704600231
0.993718798438303
0.90669835279413
0.931918433031698
1
0.993488938835758
1
0.97997196828298
1
1
1
1
0.910751826224033
1
1
1
1
1
1
1
1
1
1
1
1
1
1
0.978397781080387
1
1
0.910751826224033
1
0.898641729173765
0.978397781080387
1
1
0.973518084541579
1
0.967302318697901
1
1
1
1
1
1
1
1
1
1
0.999999999999924
1
1
1
0.656205008305441
1
1
1
1
1
1
1
1
1
1
1
1
1
0.957226603668514
1
1
1
1
1
1
1
0.927159767868363
1
1
1
1
1
0.914974086510871
1
1
1
1
0.99999999999919
1
0.960310520731088
1
1
0.999999999999571
0.973518084541579
1
1
0.90586381287739
1
1
0.932090516684553
0.994209211434426
1
1
1
1
0.950644977017853
0.994505384950189
1
1
1
1
1
1
0.993968439157093
1
1
1
1
1
0.951419135438146
1
1
1
1
1
1
1
0.909764296861968
1
1
1
1
1
1
1
1
1
1
1
1
1
1
1
0.996372612337448
1
1
1
1
1
1
1
1
0.951615017925775
1
1
1
1
1
1
1
1
0.978520513722075
1
1
1
1
0.993488938835758
1
1
1
1
1
1
0.952629162099143
1
1
1
1
0.972914827260916
1
1
1
1
0.99335961195781
1
0.929879683267192
0.991760823536775
0.956670496799617
0.89817627038488
1
1
1
1
1
1
1
1
1
0.984836323720943
1
0.979258497619685
1
1
1
1
0.908394920928434
0.973518084541579
1
1
0.955420570600731
1
1
1
1
1
1
1
1
1
1
1
1
1
1
1
1
1
1
1
1
1
1
1
1
1
1
1
1
1
1
1
1
1
0.91221653684041
1
0.953758831962634
1
0.950644977017853
1
1
1
0.928184062895454
1
1
1
1
1
1
1
1
0.960310520731088
1
1
1
1
0.974049917266721
1
1
1
1
1
1
0.99999999999968
0.852788267043525
1
1
1
1
1
1
0.878415382167059
1
1
1
0.999999999993303
1
1
1
1
1
1
1
0.996651753503247
1
1
1
1
1
1
1
1
0.795063189512938
0.906845193398198
1
1
1
1
0.993718798438303
1
0.930647302404779
1
0.910751826224033
1
1
1
0.952348724719372
1
1
0.956352281647456
0.965678198294971
0.796506642402697
1
1
1
1
1
1
1
0.994969786507162
1
1
1
1
1
1
1
1
1
1
1
1
1
1
1
1
1
1
0.990919757355267
0.99807376224838
1
1
1
1
1
1
1
1
1
1
1
1
0.910735323113562
1
0.937065845417757
0.97997196828298
1
1
1
1
1
1
0.915080329061975
1
1
1
0.970095432110027
0.984138721658789
1
1
0.929291132996922
1
1
1
1
1
1
1
1
1
1
1
1
1
1
1
1
1
0.968621216581547
1
1
1
1
1
1
1
1
1
1
1
1
0.956949934549476
1
1
0.868682573818231
0.99999999999968
1
0.623766755485737
1
1
0.561317465846498
1
1
1
0.941196548031352
1
0.56339446435006
1
1
1
1
0.97505889101101
1
0.970095432110027
1
1
1
0.967879197165132
1
1
1
1
1
1
0.950644977017853
0.996651753503247
1
1
1
1
0.992925178485164
1
1
0.983819783669834
0.939375792337645
1
0.947845314028689
1
1
1
0.757388544808089
1
1
1
1
1
1
1
1
1
1
0.992300455355037
0.947625046605611
1
1
1
1
1
1
1
1
1
1
1
1
1
1
1
1
1
1
1
1
0.993181520386556
1
1
1
1
1
1
1
1
1
1
1
1
1
1
0.972638717370152
0.993076305654602
1
1
1
1
1
1
1
1
1
1
1
1
1
1
1
1
1
1
1
1
1
1
1
0.876059111602925
1
1
1
0.979258497619685
1
1
0.999999999993303
1
1
1
1
1
1
1
1
1
1
1
1
1
1
0.999999999995157
1
1
1
1
1
1
1
1
0.950174565079188
0.991760823536775
1
0.978088747308931
0.963834134979724
1
1
1
0.914208589879489
1
1
1
0.955987807029748
1
1
0.993076305654602
1
1
1
0.905294860062809
1
1
1
1
1
1
1
1
1
1
0.948121650986461
1
1
0.783245361079383
1
1
1
1
1
1
1
1
1
1
1
1
1
1
1
1
1
1
1
1
1
1
1
1
1
1
1
1
1
1
1
1
0.980309310393833
0.992029010556768
1
0.903033315155501
1
0.980964524629321
0.972198351914103
0.949881645854424
1
1
1
1
0.995843957447244
0.938107302740139
1
1
1
1
1
1
0.965348875750225
1
1
1
1
1
1
1
0.950644977017853
1
1
1
0.965025145575637
1
1
1
1
1
0.927159767868363
1
1
1
1
1
1
1
0.968138129880919
0.967831705720634
1
0.905402238140635
1
1
1
0.99491621594351
1
1
1
1
1
1
1
1
1
1
1
1
1
1
1
1
1
1
1
0.992825385740659
1
1
1
1
1
1
1
1
1
1
1
1
1
1
0.877336647296128
1
1
0.942665279354016
0.766813322176521
1
0.917314923816845
1
1
0.917777007279474
0.999999999983573
1
0.993252480245588
1
1
1
1
0.911696442490879
1
1
1
0.993416525347619
0.950928479501187
1
1
1
1
1
1
1
0.999999999999639
1
0.967302318697901
1
1
0.996372612337448
0.807106391163922
0.986019698810179
1
1
1
1
1
0.917314923816845
0.993488938835758
1
0.891962446609521
1
1
0.993759143251026
1
0.856027467548962
1
1
1
1
1
1
1
0.977897191487572
0.993718798438303
1
1
1
0.907325937450523
1
1
1
1
1
1
0.933799522955981
1
1
1
0.769819555598535
1
1
1
1
0.932090516684553
1
1
0.990919757355267
1
1
1
1
1
1
1
1
1
1
1
1
1
1
1
0.856397727907118
1
1
1
1
1
0.944533021386399
1
0.977469481034449
1
1
1
1
1
1
1
1
0.964037805623864
1
1
1
1
1
1
1
1
0.933769569775513
1
1
1
1
1
1
1
1
1
0.971758849563241
1
1
1
1
1
1
1
1
1
0.910735323113562
1
1
1
1
1
1
1
0.993575925412756
1
1
0.971747925423548
1
1
1
1
0.974197089397464
0.917314923816845
0.861654114118394
1
1
1
1
0.947625046605611
1
1
1
1
1
0.95749702285843
1
1
1
1
1
1
1
1
1
1
0.975937796424058
0.856027467548962
0.99161811576246
1
1
1
1
1
1
1
1
1
1
1
1
0.973883670074706
1
1
1
1
0.972198351914103
0.914190368702229
1
1
0.762069837600723
0.970487835608049
1
1
0.984836323720943
0.840259749128743
1
1
1
1
1
1
1
0.910735323113562
0.950232255488213
1
1
1
1
1
1
1
0.934115691217273
0.993076305654602
0.995124133739657
1
1
1
1
1
1
1
1
1
1
0.950557303278071
1
1
0.913203272739048
1
1
1
1
1
1
1
1
1
1
1
1
1
1
1
1
1
1
1
1
1
1
1
1
0.999999999986356
1
1
1
1
1
1
1
1
1
0.992825385740659
1
1
1
1
1
1
1
1
1
0.992256176316631
1
1
1
1
1
1
1
1
1
1
1
1
0.956670496799617
1
1
1
1
1
1
1
1
0.856478135241147
1
1
1
1
1
1
1
1
1
0.995007458580623
1
1
1
1
1
1
1
1
0.948958872336906
0.999999999998983
0.99999999999771
1
1
1
1
1
1
1
1
1
1
1
1
1
1
1
1
1
1
0.976867358686115
1
1
1
1
1
1
1
0.947867564925621
0.832798011353406
1
1
1
1
1
1
1
1
1
0.856478135241147
0.92542875243193
1
1
0.996547978660837
1
0.876059111602925
0.967027860772269
1
1
1
1
0.992823859449532
1
0.930628946929181
1
1
1
1
1
1
1
1
1
1
1
1
1
1
0.90117708491158
1
1
1
0.974049917266721
1
1
0.889336814841457
0.933428960072654
1
1
1
0.990919757355267
1
1
1
1
1
0.8821757607578
1
1
1
1
1
1
1
1
1
0.876396486875942
1
0.963825195790535
1
1
1
1
1
1
1
1
0.970095432110027
1
1
1
1
0.956670496799617
1
1
0.957226603668514
1
1
1
1
0.947529948303085
1
0.979032704474319
1
1
1
1
0.993252480245588
1
0.999999999998897
1
1
0.981925145728594
1
1
1
1
1
1
1
1
1
1
1
1
1
1
1
0.990919757355267
1
1
1
1
1
1
1
1
1
1
1
1
0.963825195790535
1
1
0.971758849563241
1
1
0.703819008482554
1
1
1
1
1
0.971238765739873
1
0.99807376224838
1
1
1
1
0.96373320369485
1
0.87973218414894
1
1
1
1
1
1
1
1
1
1
0.96031883519705
1
1
1
1
1
0.972638717370152
1
1
1
1
1
1
1
1
1
0.934725835212184
1
1
1
1
1
1
1
1
0.92542875243193
1
1
1
1
1
1
1
1
1
1
1
1
0.978088747308931
1
1
1
1
1
1
1
0.948302392971418
1
1
1
1
1
1
1
1
1
1
1
1
1
1
1
0.999999999998506
1
1
1
0.98637289842463
1
1
1
0.836949757095082
1
0.972914827260916
1
1
1
1
1
1
1
1
1
1
1
1
1
1
1
1
1
1
1
0.993759143251026
1
1
0.976657588721218
1
1
1
0.955402392719628
1
1
1
1
0.993469816660128
1
1
1
1
1
1
0.580382499334357
1
1
1
1
1
0.991222251914809
1
1
1
1
1
0.957462415555605
1
1
1
1
1
1
0.878415382167059
1
1
1
1
1
1
1
0.97997196828298
0.800368668296416
0.971930699592527
1
1
1
1
1
1
1
1
0.97505889101101
1
1
1
1
1
1
1
1
1
0.897120748272846
1
1
1
0.99954068163989
1
1
0.999999999999571
1
1
1
1
1
1
1
1
0.971963526694072
1
1
0.952965780214524
1
1
1
0.992825385740659
1
1
1
1
1
1
1
0.968788577364189
1
1
0.938107302740139
0.953609062435286
1
1
1
1
0.960310520731088
1
1
1
1
1
1
1
1
1
0.966220074629154
1
1
0.999999999990942
1
1
1
1
1
1
1
1
1
1
1
0.996355328510525
1
1
1
1
1
1
1
0.996651753503247
1
1
1
1
1
1
1
1
1
1
1
1
1
1
1
0.994209211434426
1
1
1
1
1
1
1
1
0.9114249723678
1
0.951615017925775
1
1
0.878415382167059
0.999999999997708
0.993252480245588
1
1
1
1
1
0.977768264672969
1
1
1
1
1
1
1
1
1
1
0.972914827260916
1
1
0.9999999999994
1
1
1
1
0.986019698810179
0.918459093745747
1
1
1
1
1
1
1
1
1
0.933799522955981
0.893395158709429
1
0.9114249723678
1
1
0.948302392971418
1
1
1
0.96373320369485
1
1
1
1
1
1
1
1
1
1
1
1
1
1
0.995151571461319
1
1
1
1
1
1
0.974197089397464
1
0.950174565079188
0.946040583128703
1
1
1
1
1
1
1
1
1
1
1
0.55645809584441
0.978259137985677
0.986040937824842
0.988371692615351
1
1
1
1
1
0.975942875298227
0.991760823536775
0.997831049581734
1
1
1
1
1
1
0.979976202691392
1
1
1
1
1
0.957221757666192
0.918459093745747
0.915333449431498
1
1
1
1
1
0.993416525347619
1
1
1
1
1
0.910853277951188
1
1
1
1
0.877546797654297
1
1
1
0.939375792337645
0.901813023999773
1
1
1
1
1
0.901005115107361
1
1
1
1
1
0.942682968824648
1
1
0.910271515401362
1
1
0.992256176316631
1
1
1
1
1
1
1
1
1
0.99807376224838
1
1
1
1
0.948253983564704
1
1
1
1
1
1
1
1
1
0.780034578260168
1
1
1
0.996547978660837
1
1
1
1
1
0.815608173205924
1
1
1
1
1
1
1
0.956159951437647
1
1
1
1
1
1
1
0.979756822242687
1
0.929900395174441
1
1
1
1
1
1
1
1
1
0.563613203023221
1
0.936632245056843
0.913219811172596
1
1
1
1
1
1
1
1
1
1
1
1
1
1
1
1
1
0.912941423198942
1
1
0.940351002948415
1
1
1
1
0.992096131494459
0.779366824078387
1
1
1
1
1
1
1
1
1
1
0.96658698059198
1
1
1
1
1
1
1
1
1
1
0.999999999999395
1
1
1
1
1
1
1
1
1
1
1
1
1
0.972260381490941
1
1
1
0.956240465952148
1
1
1
0.970281443540055
1
1
1
0.965376371638295
1
0.599976271953768
1
1
1
1
0.823398961112122
1
1
0.912696677498772
1
1
1
0.98055445238545
1
1
1
0.99597751540002
1
1
0.844374060648487
1
1
0.991921162276089
1
1
1
0.968788577364189
1
1
1
0.972260381490941
1
1
1
1
1
1
1
1
1
0.750636137026582
1
0.956670496799617
0.954195939075583
1
1
1
1
1
1
1
1
1
1
1
1
1
1
1
1
1
1
1
1
1
0.916231359444705
1
1
1
1
0.981192929512652
1
1
1
1
1
1
1
1
1
1
1
1
1
1
1
1
1
1
1
1
1
1
1
1
0.900366753838159
1
1
0.991628006021874
1
1
1
0.950232255488213
1
1
1
1
1
1
1
1
1
1
1
1
1
1
1
1
1
0.893061305805927
1
1
1
1
1
1
0.939028556920225
1
0.999999999999395
1
1
1
1
1
1
1
1
1
1
1
0.979976202691392
0.992757704127138
1
1
1
0.97505889101101
1
1
0.976811865773619
1
1
1
1
1
1
1
1
1
1
1
1
1
1
0.914974086510871
1
0.997831049581734
1
0.994216965974114
1
1
1
1
1
1
1
1
1
1
1
1
0.905903404851984
1
1
1
1
1
0.974912662927616
1
1
1
1
0.993613455243119
1
1
1
1
1
1
0.993613455243119
1
0.905890097683454
1
1
1
1
1
1
1
1
0.986019698810179
1
1
1
1
1
1
1
0.991921162276089
1
0.976657588721218
1
1
1
1
1
1
1
0.905890097683454
1
0.994969786507162
1
1
1
1
1
1
0.993252480245588
0.90906166199426
0.922796172575427
1
1
1
0.93763419627138
1
0.992825385740659
1
1
1
1
1
1
1
1
1
0.905890097683454
1
1
1
1
1
1
1
1
0.92877359840977
1
0.905402238140635
0.951419135438146
1
1
1
1
1
1
1
1
1
1
1
0.972148471666232
1
1
1
1
1
1
0.928648356021399
0.965678198294971
0.993794855040529
0.841495320099717
1
1
1
1
1
1
1
1
1
0.965678198294971
1
1
1
1
1
0.952629162099143
1
0.953609062435286
0.953812438481638
1
0.99807376224838
0.997831049581734
1
1
1
1
1
0.973883670074706
1
0.992075541740244
1
1
1
0.876557741507585
1
1
1
1
1
0.975534508681715
1
1
0.942983747976828
0.614153440424356
0.941196548031352
1
1
1
0.994365678356448
1
1
0.915665251208682
0.978259137985677
1
0.952348724719372
1
1
1
1
1
0.868805247734315
1
0.840811453519559
1
1
0.873509698436323
1
0.991683722995463
1
1
1
1
1
1
0.976867358686115
1
1
1
1
0.97685347410954
1
1
1
1
1
1
0.973518084541579
1
1
1
0.98176501372663
1
0.885518621569513
1
1
1
0.970864976952581
0.976052970905375
1
0.999999999972774
1
1
1
1
1
1
1
1
1
0.842065233554692
1
1
1
1
0.991831383823525
1
1
1
1
1
1
0.952019107105687
1
1
1
1
1
1
1
0.993630061847276
1
1
1
1
1
0.996372612337448
1
1
1
0.98176501372663
1
0.85554044359472
1
1
0.93763419627138
1
1
1
0.914628238736336
1
0.999999999997444
1
1
1
0.905890097683454
1
1
1
1
0.963887642182219
1
0.973449677387822
0.938224129925185
1
1
1
1
0.933799522955981
1
0.963834134979724
1
1
1
1
1
1
1
1
1
1
0.993416525347619
1
1
1
0.992096131494459
1
1
1
1
0.945076686081966
0.92542875243193
0.983220763447153
1
1
1
1
1
1
1
0.959325800773423
0.917771742138883
1
1
1
1
0.984836323720943
1
1
1
1
1
1
0.774353308242434
1
1
1
1
1
1
0.999999999987688
1
1
0.978520513722075
1
0.972638717370152
1
1
1
1
1
0.950232255488213
1
1
1
1
1
0.970617338202117
1
1
1
1
1
1
1
1
1
1
1
0.955892599974509
1
1
1
1
1
1
1
0.926365778804689
0.925573141238235
0.791397463005345
1
1
0.879403520807115
1
1
1
1
1
0.991683722995463
1
1
1
1
1
1
1
1
0.554062635954332
1
0.974899488849048
1
1
1
0.999999999980318
1
1
1
0.973518084541579
1
1
1
1
1
1
0.979976202691392
1
1
1
0.953609062435286
1
1
1
0.934115691217273
1
0.99335961195781
1
1
1
1
1
1
0.993469816660128
1
1
1
1
1
1
1
1
1
0.989357282083032
1
1
1
0.943626736093809
0.903466113638847
1
1
1
1
1
1
1
1
1
0.932090516684553
1
0.947508820477979
1
1
1
0.876396486875942
1
1
1
1
1
1
1
1
1
1
1
1
1
0.995151571461319
1
1
1
0.90669835279413
1
1
1
1
1
1
1
1
1
1
1
1
1
1
0.994737853444609
1
1
1
1
1
0.821487358688244
1
1
1
0.961020336198071
1
0.95416068646018
1
1
1
1
0.995124133739657
1
1
0.8821757607578
1
1
1
1
1
1
1
1
1
1
0.973518084541579
0.997831049581734
1
0.999999999997444
1
1
1
1
1
1
0.999999999980881
1
1
0.897876112077475
1
1
0.863118002702124
1
1
1
0.993309542396138
1
1
1
1
1
1
1
1
1
1
1
1
1
1
0.993948898652862
1
1
1
0.97028769839889
1
0.776165247330574
0.991921162276089
1
1
0.948121650986461
1
1
1
1
1
1
0.993575925412756
0.980964524629321
1
1
1
1
1
1
1
1
1
0.965348875750225
1
1
1
1
0.960310520731088
1
1
0.996089432647768
1
1
1
1
0.992300455355037
0.972198351914103
1
0.955987807029748
0.953609062435286
1
1
1
0.994218196822959
1
1
1
0.820622752406391
1
1
1
1
1
1
0.956159951437647
1
1
1
1
0.926365778804689
1
1
1
1
1
1
1
1
1
0.975534508681715
1
1
0.942682968824648
1
1
1
1
1
1
1
1
0.981239408706878
1
1
1
1
1
1
1
1
1
0.891352818030384
1
1
1
1
1
1
1
1
1
1
1
1
1
1
1
0.903033315155501
1
1
1
0.924808239139111
0.849544604037446
1
1
1
0.98176501372663
1
1
1
1
0.971238765739873
1
1
1
1
1
1
1
1
1
1
1
1
0.915665251208682
1
1
1
1
1
1
1
1
0.991698748915601
1
1
1
1
0.99999999999919
1
1
1
0.974912662927616
1
1
1
1
1
1
1
1
1
1
1
1
1
0.97329509372526
0.973518084541579
1
1
1
1
1
1
0.993076305654602
1
1
1
1
1
0.976630204658
1
1
1
1
0.952965780214524
1
1
0.919588155081374
1
1
1
0.919086309910013
1
1
1
1
0.963887642182219
1
0.999999999982985
1
0.994218196822959
1
1
1
0.953901645371341
0.976657588721218
1
1
1
1
1
0.98176501372663
1
0.993297422356492
1
1
1
1
1
0.996089432647768
1
1
1
1
1
1
1
1
1
1
1
1
1
1
1
1
1
0.974049917266721
0.870901709863977
1
1
1
1
1
0.931830964521138
1
1
0.928101665297024
1
1
1
1
1
1
1
1
1
1
0.98055445238545
1
1
0.898817148992436
0.954913989331274
1
1
1
1
1
1
0.997831049581734
1
0.913219811172596
0.926365778804689
1
1
1
0.853129413374391
1
0.979756822242687
1
1
1
1
0.85597123657909
1
1
1
1
1
1
1
0.853045386087467
1
1
0.975942875298227
1
0.745560454585342
1
1
0.751152191645534
1
1
1
1
0.932090516684553
1
1
1
1
0.906896906332882
0.973518084541579
1
0.968138129880919
1
1
1
1
1
1
1
0.993488938835758
1
1
1
0.842065233554692
1
0.976867358686115
1
1
0.99999999999771
1
0.912941423198942
1
1
1
1
1
1
1
1
0.896014183295794
1
1
1
1
1
1
1
1
1
0.984836323720943
1
1
1
1
0.852966825816292
0.979756822242687
1
0.972638717370152
1
1
0.948121650986461
1
0.963825195790535
1
1
1
1
1
1
0.994216965974114
0.97812618716311
1
1
1
1
1
0.832798011353406
1
1
1
1
1
0.808804764460312
0.97812618716311
1
1
1
1
1
1
1
0.940351002948415
1
1
1
1
0.968621216581547
0.681056442582521
1
0.993309542396138
1
1
1
1
1
1
0.971963526694072
1
1
0.964037805623864
1
1
1
1
1
1
0.97505889101101
0.929900395174441
1
0.898817148992436
1
1
1
1
0.933010462377473
0.952845429949438
1
1
1
1
0.917774956081995
1
1
1
1
1
1
1
1
1
1
1
1
1
0.938188367936505
0.991683722995463
1
0.973883670074706
1
1
1
0.913177969020024
1
1
1
1
1
1
0.995334006954055
1
1
1
0.995151571461319
0.924808239139111
1
0.999999999999786
1
1
1
1
0.97997196828298
1
1
0.954195939075583
1
1
1
1
1
1
1
1
1
1
1
1
1
1
0.991409599421464
1
1
0.884666486427937
1
1
1
1
1
1
0.911579196361396
1
1
1
1
0.945076686081966
1
1
1
1
1
1
1
1
1
1
1
1
1
1
0.99999999999919
1
1
0.97505889101101
1
1
0.947625046605611
1
1
1
1
1
1
1
1
1
1
1
1
1
1
1
1
1
1
1
1
1
1
1
1
1
1
1
1
1
1
1
0.950928479501187
1
1
1
1
1
0.795063189512938
1
0.951419135438146
1
1
1
1
1
0.914208589879489
1
1
1
1
1
1
1
1
1
1
1
1
1
1
1
1
1
1
1
1
0.97997196828298
1
1
0.956352281647456
1
0.905783248703649
1
1
1
0.968621216581547
1
1
0.882829480886691
1
1
1
1
1
1
1
0.977220798909201
1
1
1
0.990919757355267
0.978088747308931
1
1
1
1
0.940724708033329
1
1
1
1
1
1
0.908893371663339
1
1
1
1
1
1
1
1
0.91221653684041
1
1
1
1
1
1
1
1
0.92877359840977
1
1
1
1
1
1
1
1
1
0.886438803483678
1
1
1
1
1
1
1
1
1
1
1
1
1
1
1
1
1
1
1
1
1
1
1
1
1
1
1
0.782113214448671
1
1
1
1
1
1
0.930647302404779
1
1
1
1
1
1
1
0.879928238226304
1
1
0.926084119041091
0.995843957447244
1
1
1
1
0.995476178682927
1
1
1
1
1
1
1
1
1
0.993613455243119
1
0.999999999995368
1
1
0.934905653514038
1
1
0.992823859449532
0.983220763447153
0.999999999998897
1
1
0.992825385740659
0.994209211434426
1
1
1
1
1
1
0.973449677387822
1
1
1
1
1
1
1
0.556879688397185
1
1
1
1
1
0.97240443248316
1
1
1
1
1
1
1
1
1
1
0.976811865773619
0.972936863903696
1
0.93973846932912
1
1
0.92877359840977
1
1
1
1
1
1
1
0.947625046605611
1
1
1
1
0.564013139504346
1
1
1
0.986019698810179
1
1
0.902318538818957
1
0.547192117131508
1
1
1
0.919596044057142
0.917771742138883
1
1
0.983096089607794
1
1
1
1
1
0.972638717370152
1
1
1
1
1
0.970095432110027
1
1
1
1
1
1
1
1
1
1
1
1
0.789196446326117
1
1
1
1
1
0.986019698810179
1
1
1
1
0.993076305654602
1
1
1
1
1
1
0.950557303278071
1
1
0.811604539350686
1
0.956670496799617
0.992985410471624
0.941055597648896
1
1
0.979117223067772
1
1
1
1
1
1
1
0.98478849366603
1
1
1
1
1
1
1
1
1
1
1
1
0.770922532057725
1
1
0.950644977017853
1
1
1
1
1
0.951007234596233
1
1
1
1
0.999999999996556
1
1
1
1
1
1
1
1
1
1
1
1
1
1
1
1
0.993718798438303
1
0.943721546304069
1
1
0.977954243961052
0.907612502958224
1
1
1
0.993488938835758
1
1
1
0.934905653514038
1
1
1
1
1
1
1
0.986019698810179
1
0.972936863903696
1
1
1
1
1
1
1
0.933799522955981
1
1
1
1
1
1
0.923185083345821
0.993707356329307
0.993948898652862
1
1
1
1
0.925697266614093
1
1
1
0.906170579752485
1
1
1
0.971037376349176
0.910853277951188
1
0.993718798438303
1
1
1
1
1
1
0.991698748915601
1
1
1
0.908614961299833
1
1
1
1
0.999999999995368
0.975741121121147
1
1
1
0.994216965974114
1
0.894135180523539
1
1
1
1
0.914628238736336
1
1
0.947948338209016
1
0.912941423198942
1
0.961086422080957
1
1
1
1
1
1
0.995151571461319
1
1
1
0.835202866199178
1
1
1
1
0.946357271031305
1
1
1
1
1
1
1
0.984836323720943
1
1
1
1
1
1
1
1
1
0.992825385740659
1
0.999999999982985
1
0.956670496799617
1
1
1
1
1
1
1
1
0.993342199833286
0.913219811172596
1
1
0.993948898652862
1
1
1
1
1
1
1
1
1
1
0.993481052482347
1
1
1
1
1
1
1
1
0.896404061068581
1
1
1
0.954532542120191
1
1
0.993297422356492
1
1
1
1
0.993469816660128
1
0.941055597648896
0.948302392971418
1
1
1
1
1
0.854045804985493
1
0.934415712335492
1
1
1
1
1
1
1
0.855315163511986
1
1
1
1
0.913177969020024
1
1
1
1
1
1
1
1
1
1
0.599465861563317
1
1
1
1
1
0.931529627631322
1
1
1
1
0.975937796424058
1
1
1
1
0.905890097683454
1
1
1
1
1
1
0.8954461679413
0.846616250111994
1
0.914974086510871
1
0.888123353428106
0.99880320160452
1
1
1
1
1
0.950644977017853
0.974049917266721
1
1
1
1
0.905402238140635
1
0.952348724719372
1
1
1
1
1
0.983220763447153
1
1
1
1
0.983819783669834
1
1
1
1
0.993968439157093
1
0.903033315155501
1
1
0.999999999997956
1
1
0.930628946929181
1
0.993481052482347
1
1
1
0.898817148992436
1
0.89371633835439
1
1
0.961020336198071
1
1
1
1
1
1
0.849011864773176
1
1
1
1
1
1
1
1
1
1
1
0.888166103341895
1
0.907461835937539
1
1
1
1
1
1
1
1
1
1
1
1
1
1
0.8053999010048
1
0.914208589879489
1
0.993488938835758
0.891962446609521
1
1
1
1
0.995334006954055
1
1
0.993794855040529
1
1
1
1
1
1
1
1
0.955402392719628
1
1
1
0.957855149576758
1
1
1
1
1
0.996372612337448
1
1
0.970281443540055
0.917314923816845
1
1
0.976630204658
0.995262154038265
1
1
1
0.986040937824842
1
1
1
1
0.907612502958224
1
0.99335961195781
1
1
1
1
1
1
0.971930699592527
0.995007458580623
0.999999999998983
0.950174565079188
1
1
1
0.979117223067772
0.911696442490879
1
1
1
1
0.82702943112135
0.975534508681715
1
1
1
1
1
1
1
1
1
1
0.929879683267192
0.975937796424058
1
1
1
1
1
0.915665251208682
1
1
1
1
0.995151571461319
1
1
0.898641729173765
1
1
1
1
1
1
1
1
0.996651753503247
1
1
0.900366753838159
0.977768264672969
1
1
1
1
1
0.902318538818957
1
0.870901709863977
1
1
1
1
1
0.993488938835758
0.999999999998506
1
1
1
1
1
0.967007791913059
1
1
1
1
0.912028668102245
1
1
1
1
1
1
1
1
0.836949757095082
1
1
1
1
1
0.99999999999347
0.964497609194028
1
1
0.980964524629321
0.954114473347425
1
1
1
1
1
0.947658478663338
1
1
1
1
1
1
1
1
1
1
0.999999999997444
1
1
1
1
1
1
1
1
0.999999999987688
1
0.931918433031698
1
0.993968439157093
0.994209211434426
1
1
0.823398961112122
1
1
1
1
0.971758849563241
1
1
1
1
1
1
0.585850832284078
1
0.905343784074456
1
1
1
1
1
1
1
1
1
1
1
0.970095432110027
1
1
1
1
1
1
1
1
1
1
0.991222251914809
1
1
0.976012784138151
1
1
0.967879197165132
0.986019698810179
1
1
1
1
1
1
1
1
1
1
1
1
1
1
1
1
1
1
1
1
0.979258497619685
1
1
1
1
1
1
1
1
1
1
1
1
1
1
0.933428960072654
1
0.929900395174441
0.862202528158175
1
0.96658698059198
1
1
0.993718798438303
1
1
1
1
1
1
1
1
1
1
1
0.945086533190647
1
1
1
1
1
1
1
1
0.719689712850947
1
0.955402392719628
1
0.965376371638295
1
1
0.912153190001252
0.935602371814624
1
0.885994680959691
1
1
1
1
1
1
0.995007458580623
1
0.967242942552287
1
1
1
1
1
1
1
1
0.739745818808162
1
0.98055445238545
1
0.92877359840977
1
0.926365778804689
0.949881645854424
1
1
1
0.968138129880919
0.972914827260916
0.926084119041091
1
1
1
0.893061305805927
0.950644977017853
0.991921162276089
1
0.993252480245588
1
1
0.926365778804689
1
1
1
1
1
1
1
1
1
0.928101665297024
1
0.997831049581734
1
1
1
1
1
0.968138129880919
1
1
0.848067572283078
0.917771742138883
1
1
1
1
1
0.993469816660128
1
1
1
0.975942875298227
1
1
1
1
1
1
0.901005115107361
1
0.92480178754426
1
0.993469816660128
1
1
1
1
1
1
1
0.930628946929181
1
0.931529627631322
1
0.994746913217245
0.95416068646018
1
1
1
1
1
1
1
1
1
1
1
1
1
0.929879683267192
1
1
0.805643201774571
0.928648356021399
0.993794855040529
1
1
1
1
1
1
1
1
1
1
0.984072450781386
0.978397781080387
1
1
1
1
0.924706925170108
1
1
1
1
0.874139060412821
1
1
1
1
1
0.993309542396138
0.911579196361396
1
1
1
1
1
1
1
1
1
1
1
1
1
0.951007234596233
1
1
1
1
1
1
1
0.972936863903696
0.858532031799842
1
0.949826846858961
1
1
1
0.821567311800227
1
1
1
1
0.957855149576758
0.993707356329307
0.767226690304078
1
0.974049917266721
1
0.931012743193315
1
1
1
1
1
1
1
1
1
1
1
0.963887642182219
1
0.994216965974114
1
1
1
0.903532834400787
1
1
1
0.766447026401494
0.873509698436323
1
1
1
1
1
1
1
1
1
1
0.999999999997482
1
1
1
1
1
1
1
0.995843957447244
0.970487835608049
1
1
1
1
1
1
1
1
1
1
0.964037805623864
1
1
1
1
1
1
1
1
1
1
1
1
1
1
1
1
1
1
1
0.950928479501187
1
1
1
1
1
1
1
1
1
1
1
1
1
1
1
1
0.993794855040529
0.936040211326103
1
1
1
1
1
1
0.978520513722075
1
1
1
1
1
1
1
1
1
1
1
1
1
1
1
1
1
0.912726330514272
1
1
1
0.938188367936505
1
0.808488062092557
1
1
1
1
1
1
1
1
1
1
1
1
1
1
1
0.897991495869986
1
1
1
0.953901645371341
0.850908888263832
1
1
1
1
0.99954068163989
1
1
1
1
1
1
1
0.997831049581734
1
1
1
0.953609062435286
1
0.994216965974114
1
1
0.910002496303284
1
1
1
1
1
1
1
0.919682561827145
1
1
1
1
0.92877359840977
1
1
1
1
0.951943411897354
1
1
1
0.902756510569707
0.969019100571305
1
1
0.80272734459298
1
1
1
1
1
1
1
1
0.938188367936505
1
1
1
1
1
1
1
1
1
1
1
1
0.844419844565335
1
1
1
1
1
1
1
1
1
1
1
1
1
1
0.774353308242434
1
1
1
1
1
1
0.957226603668514
0.992985410471624
1
1
0.933023966917917
1
1
0.98176501372663
1
1
1
1
1
1
1
1
1
1
0.919682561827145
1
1
1
1
1
1
1
1
0.99491621594351
1
1
1
0.993575925412756
1
1
1
1
1
1
0.995334006954055
1
1
1
0.965678198294971
1
1
0.845792786530838
1
0.863505709905954
0.999999999999639
1
1
1
0.95416068646018
1
0.947867564925621
1
1
1
0.993181520386556
1
1
1
1
1
1
1
1
1
0.991296918760024
1
0.965348875750225
1
0.91095872287574
1
1
1
1
1
0.971037376349176
1
1
1
1
1
0.977107448328152
0.934725835212184
1
0.938188367936505
1
1
1
0.846616250111994
1
1
1
1
1
1
1
1
1
1
1
1
1
1
1
1
1
0.979756822242687
1
0.943626736093809
1
1
0.9114249723678
1
1
1
1
1
1
0.931012743193315
1
1
0.954195939075583
1
1
0.939028556920225
1
1
1
1
1
1
0.943637998518169
1
1
1
1
0.896404061068581
1
1
0.999999999980318
1
0.976373742941655
1
1
0.979117223067772
1
1
0.966071634993981
1
0.804201115398774
1
1
1
1
1
1
1
1
1
1
1
1
1
1
1
0.853291036379598
1
1
1
1
1
1
1
1
1
1
1
1
0.876419535355108
0.99999999999968
1
1
1
0.991150419703786
1
1
1
1
1
0.760704198021443
1
0.957462415555605
1
1
0.913864391195994
0.994969786507162
1
1
1
1
0.926365778804689
0.810800893749992
1
1
0.913177969020024
1
0.965183329283646
1
1
1
1
1
0.906492217003361
1
