x
0.996367924077057
1
1
0.995119976938519
1
1
1
1
1
1
1
1
1
0.986269509117997
1
1
0.995058092471645
1
0.946690543157879
1
1
1
1
1
1
1
0.8899604717624
1
1
1
0.981035683464086
0.948319224385728
0.979395691978789
1
0.923971915520683
0.936526564702093
1
0.99472319371448
1
0.946059402400605
0.910926772474815
0.886664422571351
1
1
1
1
1
0.640514781504267
1
1
1
1
1
1
1
1
0.978005955643014
0.976361584619563
1
1
1
0.981313502208275
1
0.924051619620818
1
1
1
0.87861054853197
1
1
1
1
1
0.963752447911367
1
1
1
1
1
0.90486384325429
1
1
1
0.873371667144053
1
1
1
1
1
1
1
1
1
1
0.995108893114118
1
1
1
1
1
1
0.995519918783485
1
1
1
1
1
1
1
1
1
1
1
1
1
1
1
1
0.958637549562765
1
1
1
1
0.987023733571516
1
1
1
0.968956703053911
1
0.973961553932179
1
1
1
1
1
1
0.8899604717624
1
1
1
1
1
1
0.995119976938519
0.831581446865344
1
1
1
1
0.995519918783485
1
1
1
1
1
1
1
1
1
1
1
1
1
1
1
1
1
0.903140611765549
1
1
1
0.999804130141997
1
1
1
0.924854364683541
1
1
1
1
1
1
0.966699064199939
1
1
1
1
1
1
1
1
0.977898061292856
1
0.964599104426435
0.906825587321637
1
1
1
1
1
0.94474053407035
1
0.996080660815857
1
1
1
0.997961400151554
0.995119976938519
1
1
1
1
1
1
1
1
1
0.932552575936984
1
1
1
1
1
1
1
1
0.987181993884491
1
1
1
0.991638096820585
0.987833518945304
1
0.92943335059829
1
1
0.929726925462973
1
1
1
1
1
1
1
1
1
0.890353875189497
1
1
1
1
1
1
0.93618456640546
1
1
1
1
1
1
0.818318738527913
1
1
1
1
1
0.968332117439901
1
1
1
1
1
1
1
0.893786310878796
1
1
1
1
1
1
1
1
1
1
1
0.976361584619563
1
1
1
0.977898061292856
1
1
0.98794567835366
1
1
1
0.925036231391108
1
1
1
1
0.854554847873642
1
1
0.9924834870694
1
1
1
1
1
1
1
1
1
1
1
1
1
0.991281313652854
1
0.981313502208275
0.902849648137324
1
1
1
1
1
0.986069502885607
1
1
1
1
1
1
1
1
1
1
1
1
1
1
1
1
1
0.980045701304815
1
1
1
0.900318143683021
1
1
1
0.990805838952544
1
1
1
1
1
1
1
1
1
1
1
0.892202297604091
1
0.938649497359619
1
1
1
0.930236289722702
0.970758008263314
1
1
1
1
1
1
1
0.892087808913534
0.923971915520683
1
1
1
1
1
1
1
1
0.932197305743933
1
1
1
1
1
1
1
0.993269325759501
1
1
0.988126766472808
1
1
1
0.584868341917819
1
1
0.90458345024378
1
1
0.999639134608572
1
1
1
0.756313711187191
1
1
1
1
1
1
1
1
1
1
1
0.88338491408081
1
1
1
0.989925751692189
1
1
1
0.964169561647562
1
0.975470593226666
1
0.999891321482163
1
1
1
1
1
1
1
1
1
0.899797947808498
1
1
0.981313502208275
1
1
1
1
1
1
1
1
1
1
0.912630115328493
1
0.865190192896408
1
1
1
1
1
1
1
0.974063607597401
1
1
1
1
1
1
1
1
0.997502566854914
1
1
1
1
0.921819876476788
1
0.917692007109812
1
1
1
1
0.957772669196371
1
1
1
1
0.986359319717116
1
0.970829708130035
1
1
1
0.98733210154453
1
0.895764290805298
1
1
1
1
1
0.873267591254917
1
1
1
1
1
0.996783776663744
1
1
1
1
1
0.964892792734786
1
1
1
1
1
1
1
1
0.995464424677326
1
1
1
1
1
1
1
1
0.96968083719932
1
1
0.989925751692189
1
1
1
1
1
1
1
1
0.932197305743933
1
1
1
1
0.966699064199939
1
1
1
0.999974225200828
1
0.949718895386699
1
0.994297129664834
0.995663533854961
1
1
1
1
1
1
0.661039548292303
1
1
1
1
1
1
1
1
0.985576027565852
0.993006487280828
1
1
1
0.901786952291718
0.927916839610361
0.996783776663744
1
1
1
1
1
1
1
1
1
1
1
1
1
1
1
1
1
1
1
1
1
1
1
1
1
1
1
1
1
1
1
1
1
1
0.999804130141997
1
1
0.884627563641529
1
1
1
1
1
0.981313502208275
1
1
1
1
1
0.970441476244846
1
1
1
1
0.986857703724253
1
1
1
1
1
0.78971856570209
1
1
0.983644198252062
0.980893257752621
1
1
1
1
1
1
0.993207254399288
1
1
1
1
1
0.994956307885304
1
1
1
1
1
1
0.986069502885607
1
0.970829708130035
0.966403077925124
1
1
1
1
1
1
1
1
1
1
1
1
1
0.936519323560616
1
0.992973340966757
0.90560825752877
1
0.898369378620277
1
0.949718895386699
1
1
0.994529440712166
1
1
1
1
1
1
1
1
1
1
1
1
1
1
1
1
1
1
1
0.938511965504498
0.782659128414119
0.987023733571516
1
0.996371339865052
1
1
1
0.94576788855767
0.970837572790102
1
1
0.970758008263314
0.993613070256832
0.916285744474368
1
1
1
1
0.924854364683541
1
0.904260236074987
0.936519323560616
1
0.998995129551882
1
0.996452478542691
1
1
0.9924834870694
1
0.998995129551882
1
1
1
0.93249608154386
0.986343138865116
1
1
1
1
1
1
1
1
0.922599513848423
0.970837572790102
0.994607042945165
1
1
1
1
1
1
1
1
1
1
1
1
0.980520343081319
1
1
0.873371667144053
1
1
1
1
0.977744418630516
1
1
1
0.930954481069185
1
1
1
1
0.947450193602694
1
1
1
1
0.948009310378719
1
1
1
1
0.992469206630873
1
1
1
1
1
1
1
1
1
1
0.992792766474758
1
0.906825587321637
1
1
1
0.851625162815949
1
1
1
1
1
1
1
1
0.991079230104905
0.976278226824801
1
1
1
0.992785819034005
1
1
0.992792766474758
1
1
0.925602505301429
0.995524642783893
1
1
1
1
1
1
1
1
1
1
1
1
1
1
0.995058092471645
1
1
1
1
1
1
1
1
0.980520343081319
1
1
1
1
1
1
1
1
1
0.99430656692662
1
0.957727232470559
1
1
1
0.980520343081319
1
1
1
1
1
1
1
1
0.951753593851216
1
1
1
1
1
1
1
0.951753593851216
1
1
1
1
0.992706304921726
0.640130404912611
1
1
1
1
1
1
1
1
1
0.934320360626837
0.8899604717624
1
1
1
1
1
0.93464938962451
1
1
1
0.984854759303711
0.935704604466887
1
1
1
1
1
1
1
0.99430656692662
1
1
1
0.832010235130631
1
1
1
1
1
1
0.984055629937509
1
1
0.979652585962455
1
1
1
1
1
1
1
1
1
1
1
1
1
0.929726925462973
0.87802006984504
1
1
0.970837572790102
1
1
1
1
1
0.986359319717116
0.995119976938519
1
1
1
1
1
0.946690543157879
1
1
1
1
1
1
0.999891321482163
1
1
0.99430656692662
1
1
1
0.99971289541171
1
1
0.875639645104027
1
1
1
1
0.9399215527878
1
1
1
1
1
1
1
1
0.989074270743362
1
1
0.980520343081319
1
1
1
0.994956307885304
1
1
1
0.938890356165902
1
1
1
1
1
0.986584544734055
1
1
1
1
0.995058092471645
1
1
1
1
1
1
0.899967783121021
1
1
1
1
1
1
1
1
0.962547824667285
1
0.977744418630516
0.996452478542691
0.962547824667285
1
0.996080660815857
1
1
1
1
0.904922569674896
1
1
0.80626541935662
1
1
1
1
1
1
1
0.801891351546403
1
1
1
1
1
1
0.818043001912166
0.972537143832199
1
1
1
1
0.99523495211536
1
0.997961400151554
1
1
1
1
1
1
1
1
1
1
1
1
1
1
1
1
1
0.966699064199939
1
0.996634617327612
1
1
1
1
1
1
1
1
1
1
1
1
0.994956307885304
1
0.95401698846976
1
0.956512909490241
1
1
1
1
1
1
1
1
1
1
1
1
1
1
1
1
1
1
1
1
0.893786310878796
1
0.988095839297055
1
1
1
1
1
1
1
1
1
1
1
1
1
1
1
1
1
1
1
1
1
1
1
1
0.993269325759501
1
1
0.995119976938519
1
1
1
1
1
1
1
1
1
0.946847501182955
1
1
1
1
1
1
1
1
1
1
0.917054174842865
1
1
1
0.995119976938519
0.995526355929757
0.925449811308052
1
1
1
1
1
1
1
1
1
1
1
1
0.982030941023621
0.901088074878819
0.783649635469433
0.969653918227715
1
0.997144219783319
0.948724855987584
1
1
1
1
1
1
1
1
1
1
1
1
1
1
1
1
1
1
0.995795653763736
1
1
1
1
0.956281981562943
1
1
1
1
1
1
1
1
1
1
1
1
1
1
1
1
1
1
1
1
1
1
0.891298240633726
1
1
1
1
1
1
0.700373798216345
1
0.986359319717116
1
1
1
1
1
1
1
0.995663533854961
1
1
1
1
1
1
1
1
1
1
1
1
1
1
1
0.966699064199939
1
1
1
1
1
1
0.982026137586069
1
1
1
1
1
1
1
1
1
1
1
1
1
0.992683827176078
1
1
0.933251074464135
0.963970007527177
1
1
1
0.974185616324252
1
1
1
1
1
1
1
0.943407737127225
1
1
1
1
1
1
1
1
1
1
1
1
1
1
0.912193184420844
1
1
0.989817209819706
1
1
1
1
1
0.870649875456488
1
1
0.924051619620818
1
1
1
1
1
1
1
1
1
1
1
1
1
1
1
1
1
1
1
0.952713753235939
1
0.997502566854914
1
1
1
1
0.836442134447301
0.996930749295003
1
1
0.96681850158171
0.995663533854961
1
1
1
1
1
1
1
0.938341119339878
1
1
1
1
0.964599104426435
1
1
1
1
0.979395691978789
0.970829708130035
1
0.897716276796704
1
1
1
1
1
1
1
1
1
1
1
1
1
1
1
1
1
1
1
1
0.997502566854914
1
1
1
1
1
0.952056898952179
1
1
1
1
1
1
1
1
1
1
1
1
0.995524642783893
1
1
0.953852922036433
1
1
0.967713829769608
1
0.987410686229094
1
1
1
1
1
0.903140611765549
1
0.995700599747749
1
1
1
1
1
1
0.882194918504788
1
1
1
1
1
1
1
1
1
1
0.996848889923763
1
1
1
1
0.999974225200828
1
1
1
1
1
1
1
1
1
0.805491258199707
1
1
0.934320360626837
0.912193184420844
1
1
1
1
0.995519918783485
1
1
1
1
1
1
0.996930749295003
1
1
1
1
1
1
1
1
0.908993290641636
1
1
1
1
0.925057929985462
1
0.900849759217999
1
0.999639134608572
1
1
1
0.991093229746336
1
1
1
1
1
1
1
0.99971289541171
1
0.979652585962455
0.995513522826776
1
1
1
1
1
1
0.987833518945304
1
1
1
1
1
1
1
0.990986967244738
1
1
1
1
1
1
1
1
0.99870257003818
1
1
1
1
1
1
0.974957369089562
1
0.924130377122986
1
1
0.978005955643014
1
1
0.96681850158171
0.96968083719932
1
1
0.996452478542691
0.933251074464135
1
0.946847501182955
1
1
1
1
1
1
0.995830151831411
1
1
0.99411688684255
1
1
1
1
1
1
1
0.883565346592614
1
0.966381344382399
1
1
1
1
1
0.962547824667285
1
1
1
1
1
1
1
0.970850727150222
1
1
1
1
0.98483845604914
1
0.92943335059829
1
0.981035683464086
1
1
1
1
1
1
1
1
1
0.970441476244846
0.987181993884491
1
1
0.944055218646041
1
1
1
1
1
1
0.873793188163255
1
1
0.91044340491784
1
1
1
1
1
1
1
1
1
0.987272265794524
1
1
1
1
0.971982402566231
1
0.902706360649743
1
1
1
1
1
0.991488012280936
1
1
1
1
1
1
1
0.999804130141997
1
1
1
1
1
1
1
1
1
1
1
1
1
1
1
1
0.990805838952544
0.990798960714332
1
1
0.99523495211536
1
1
1
1
1
1
1
1
1
0.995464424677326
0.922055301730636
0.904566358438189
1
1
1
1
1
1
1
1
1
1
0.97897322670921
1
1
1
1
0.918251096439429
1
1
1
1
1
0.912856783344129
1
1
1
1
1
1
1
1
1
1
1
1
0.963372487008691
1
1
1
1
1
1
0.939580045342649
1
1
1
1
1
1
1
0.919573454734044
1
1
1
1
1
0.898369378620277
0.946059402400605
0.99472319371448
1
1
1
1
1
0.971982402566231
0.883192974740715
0.995700599747749
1
1
0.977744418630516
1
1
1
1
1
1
1
1
1
1
1
1
1
1
1
1
1
1
0.991281313652854
1
1
0.998045326789842
1
1
1
1
1
1
1
0.994956307885304
1
1
1
1
1
1
1
1
1
1
0.963296887344567
1
0.95532621256666
1
1
1
1
1
1
1
1
1
0.942243562449122
0.67221509926665
1
1
1
1
1
1
1
1
1
0.9399215527878
1
1
0.600928247893198
1
0.910926772474815
1
1
1
1
1
1
1
1
1
1
1
1
1
1
1
0.987181993884491
0.989074270743362
1
0.953852922036433
1
0.963527791673788
1
1
1
1
1
0.952210881246134
1
1
0.89844013677018
1
1
0.985958556569948
1
1
1
1
1
1
1
0.933251074464135
0.97708598531604
1
0.981313502208275
0.995795653763736
0.923584622573712
1
1
1
1
1
0.962475925455088
1
1
1
0.948319224385728
1
1
0.933834919670575
1
1
0.975782470188497
1
1
1
0.944055218646041
1
0.992896797251975
0.92796163115717
1
0.930954481069185
0.991488012280936
1
1
1
1
0.977623870696292
0.985498893154455
1
1
1
1
1
1
1
0.994529440712166
1
0.993265062501751
1
0.996962009477694
1
1
0.989596379554688
1
1
1
1
1
0.987937975475285
1
1
0.992000047588528
1
1
0.989596379554688
1
1
1
1
0.995703333189583
1
1
0.999360896086331
1
1
0.991478433031509
1
1
1
1
1
0.986584544734055
0.995795653763736
1
1
1
1
1
1
1
1
1
0.983977200543997
0.867920300686763
1
0.949718895386699
1
1
1
1
1
1
1
1
1
0.962937902330312
1
1
1
0.995119976938519
0.973788721251071
1
0.972537143832199
1
1
1
1
0.886635884783344
1
0.969561005409491
1
1
0.87861054853197
0.962547824667285
0.996371339865052
1
1
1
1
1
0.993006487280828
1
1
1
1
1
1
1
1
0.921819876476788
1
1
1
1
1
1
1
0.996962009477694
1
1
1
1
1
1
1
1
0.922161270128522
1
0.997961400151554
1
0.995342214208895
1
1
0.893786310878796
1
0.99430656692662
0.865190192896408
1
1
1
1
0.985054964791378
1
1
1
1
1
0.967713829769608
1
1
0.967919131606798
1
1
1
1
1
1
1
1
1
1
1
0.830829536046988
0.905233283966467
1
1
1
1
1
1
1
1
1
1
1
1
1
1
1
1
1
1
0.996080660815857
1
1
1
1
1
0.977127613384861
1
1
1
1
0.994529440712166
1
1
0.902706360649743
0.910898971875654
1
1
1
1
1
1
1
1
1
0.96968083719932
1
1
1
1
1
1
1
1
1
1
1
1
0.970837572790102
1
1
1
1
0.900318143683021
1
1
1
1
1
1
0.999804130141997
0.99465634395069
1
1
1
1
0.874995309146313
0.878698431961284
1
1
1
1
1
1
1
1
1
1
1
1
1
1
1
1
1
1
1
1
1
0.866850438681545
1
1
1
1
1
1
1
0.956281981562943
0.870340966489027
1
0.834868783330066
1
1
1
0.95532621256666
1
1
1
0.972345579274601
1
1
0.946690543157879
1
1
1
1
1
1
1
1
1
0.98187479967003
1
0.997346643883901
0.737605750590656
1
1
1
1
1
1
1
1
0.995327791602751
1
1
0.979652585962455
1
1
1
1
1
1
1
1
0.995663533854961
1
1
0.906600722923744
1
1
1
1
0.925061747898378
1
1
1
1
1
1
1
1
1
1
1
1
1
1
0.98187479967003
0.696837381529321
0.985576027565852
1
1
1
1
1
1
0.996389188581617
1
1
1
1
1
1
1
0.994956307885304
1
1
1
1
1
0.994956307885304
1
1
1
1
1
1
0.953852922036433
1
1
1
1
1
1
1
1
0.984376439218511
0.983398999628752
1
1
1
1
1
1
1
1
1
1
1
1
1
1
1
1
1
0.598086579877949
1
0.923584622573712
1
1
1
1
0.901088074878819
1
0.844305394517493
0.930094881102719
1
0.995700599747749
0.9924834870694
1
1
1
1
1
1
1
1
0.939580045342649
1
1
1
1
1
1
1
0.995519918783485
0.996634617327612
1
1
1
1
1
1
1
1
0.992990677968968
1
1
1
1
1
1
1
1
1
0.879689418654918
1
0.830829536046988
1
1
1
1
1
1
0.875828481202713
1
1
1
1
0.985054964791378
1
1
1
1
1
1
1
1
1
1
1
1
1
1
1
1
0.971982402566231
1
1
1
1
1
1
1
1
1
1
1
1
1
0.99472319371448
1
1
0.93320360291943
0.971964762260991
1
1
1
1
0.992896797251975
0.998990250426961
1
1
1
1
1
1
1
1
1
1
1
1
0.997144219783319
0.980129944568011
1
1
1
1
0.987937975475285
1
1
0.995795653763736
1
1
1
1
1
1
1
1
1
1
1
1
1
1
0.861227708662167
1
0.953987034220362
1
0.963296887344567
1
1
1
1
1
1
1
1
1
1
1
1
1
0.993207254399288
1
1
1
0.997144219783319
0.992973340966757
0.998995129551882
1
1
1
1
0.964501762116345
1
1
1
1
1
1
1
1
1
1
1
1
1
1
1
1
1
1
1
1
1
0.970837572790102
1
1
1
1
1
1
1
1
1
1
1
1
1
1
1
1
1
0.991488012280936
0.991281313652854
0.9911700339748
0.957727232470559
1
1
1
1
0.995464424677326
1
0.943407737127225
1
1
1
1
1
1
1
1
1
1
1
1
1
1
1
1
1
1
0.994529440712166
0.989596379554688
1
1
1
1
1
1
1
1
1
0.891891596860323
1
0.939932186254524
1
1
1
1
1
1
1
1
0.983398999628752
1
1
1
1
1
0.953852922036433
1
1
1
1
1
1
1
1
1
1
0.971964762260991
1
1
0.983644198252062
1
0.998995129551882
1
1
1
1
1
0.984839968340555
1
1
1
1
1
1
0.977623870696292
1
1
1
1
0.923971915520683
0.995073238145988
1
1
1
1
0.9399215527878
1
1
1
1
0.953852922036433
0.9399215527878
1
1
1
1
1
1
1
1
1
1
0.997144219783319
0.999804130141997
1
1
1
1
1
0.901786952291718
1
1
1
0.977898061292856
1
1
1
1
0.883310564126475
1
1
1
0.90458345024378
1
1
1
0.989972804530973
1
1
1
1
1
1
1
1
1
0.992990677968968
1
0.975782470188497
1
1
1
1
1
1
1
1
1
1
1
1
1
1
1
1
1
1
1
1
1
1
1
1
1
1
1
0.946847501182955
0.989596379554688
1
1
0.905087932133344
1
1
1
1
1
1
1
1
1
1
1
0.984264426289705
1
1
1
1
1
1
1
1
0.870649875456488
1
1
1
1
0.996848889923763
1
0.993207254399288
1
1
1
1
1
0.987442034318001
1
1
1
1
1
1
0.96815161333813
1
1
1
0.970441476244846
1
1
0.992706304921726
1
1
1
1
0.961272881954405
1
0.987410686229094
1
1
0.993772078660953
1
1
0.947450193602694
1
1
1
1
0.983644198252062
1
1
1
1
1
1
0.906825587321637
1
1
1
0.994607042945165
1
1
1
1
0.994607042945165
1
0.861674916965684
1
1
1
1
1
1
1
1
0.922961143132494
1
1
1
1
1
0.980520343081319
0.980608484584403
1
0.916988558404841
1
1
1
1
0.977795121625872
0.893786310878796
1
1
0.975470593226666
1
1
0.953806055173954
0.970837572790102
1
1
1
1
1
1
1
1
1
1
1
1
1
1
1
1
1
1
1
1
1
1
1
1
0.948135970623892
1
1
1
0.992973340966757
0.907482440822579
0.96681850158171
1
1
0.985054964791378
1
1
0.993772078660953
1
0.589232540160757
1
1
1
1
0.843852092097192
0.997912591447796
1
1
1
1
1
1
1
1
0.995703333189583
1
0.984324099379834
1
1
1
1
1
1
1
1
0.93464938962451
1
1
1
1
1
1
1
1
1
1
0.992792766474758
1
1
1
1
1
1
0.977261335828949
1
0.996452478542691
1
0.963970007527177
1
1
1
0.939821560511944
1
0.999974225200828
1
0.996848889923763
1
1
1
1
0.894250609323185
1
1
1
1
1
1
0.99472319371448
0.943407737127225
1
1
1
1
1
1
0.92868190673345
1
1
1
0.666109455121007
1
1
1
0.91044340491784
0.982393046428675
1
1
1
1
1
1
1
1
1
1
1
1
1
1
1
1
1
1
1
1
1
1
0.906017316494662
1
1
1
1
0.996025573505705
1
1
0.819939748378863
1
1
1
1
1
0.990986967244738
1
1
0.836165894090278
1
1
1
0.995058092471645
1
1
1
1
1
1
0.666576858945136
1
1
0.979535828926171
1
1
0.9399215527878
1
1
0.984854759303711
1
1
1
0.925036231391108
0.929726925462973
0.916285744474368
1
1
1
1
1
1
1
1
1
1
1
1
1
1
1
0.89734536811813
1
1
1
1
0.902574629061257
1
1
1
0.964981334103871
1
1
0.989925751692189
1
1
1
1
1
1
1
1
1
1
1
1
1
1
1
0.933251074464135
1
1
1
1
1
1
1
0.96968083719932
1
1
1
1
0.965785918744327
1
1
1
1
0.99870257003818
0.976278226824801
1
1
1
1
1
1
1
1
1
0.999891321482163
1
1
1
1
1
0.933251074464135
1
1
1
1
1
1
0.998045326789842
1
1
0.983398999628752
1
1
1
1
1
1
0.994956307885304
1
1
1
1
1
1
1
1
0.867231075679659
1
0.996930749295003
1
1
1
1
0.787470225433751
1
1
1
1
1
0.996025573505705
1
1
1
1
0.945895354421753
1
1
1
1
1
1
0.98483845604914
1
1
1
1
1
1
1
0.934709447675647
1
0.996888474224302
1
1
1
1
1
1
1
1
1
1
1
1
0.987181993884491
1
1
1
1
1
0.928306666274887
1
1
1
1
1
0.878698431961284
0.938277992226446
1
1
1
1
0.89133165532383
1
1
1
1
1
0.901088074878819
1
1
1
1
1
0.892345297473238
1
1
1
1
1
1
1
1
1
1
1
1
1
1
1
1
1
1
1
1
1
1
1
1
1
1
0.95401698846976
1
1
0.951395474328207
1
1
1
1
1
1
0.970829708130035
1
1
1
1
1
1
0.922101954763164
1
1
1
1
1
0.982393046428675
1
1
1
1
1
1
1
1
1
1
0.953852922036433
1
1
1
0.950389020258621
0.919098151594203
1
1
1
1
1
1
1
1
1
1
1
1
1
0.93618456640546
1
1
1
1
1
1
1
1
1
0.966381344382399
1
0.99472319371448
0.892760705461425
1
1
1
1
1
0.917219065890869
1
1
1
1
1
1
1
1
1
1
1
1
1
0.982616039730289
1
1
1
1
1
1
1
1
1
1
1
1
1
1
1
0.94576788855767
1
1
1
1
1
0.968961947185309
1
1
1
1
1
1
1
0.964169561647562
1
1
0.995524642783893
1
0.997502566854914
1
1
1
1
0.995464424677326
0.996080660815857
1
0.98187479967003
1
1
1
1
1
1
1
1
1
0.996371339865052
1
1
1
0.763678504664698
1
1
1
0.996962009477694
1
1
1
1
1
1
1
1
1
1
0.916306489857023
1
1
1
1
1
1
1
1
1
1
1
1
1
1
0.995058092471645
1
0.990798960714332
1
1
0.993269325759501
1
1
1
1
1
1
0.944349344969879
1
1
1
1
1
0.9287902553376
1
1
0.998995129551882
1
0.991478433031509
1
1
0.961272881954405
1
1
0.949893071955861
1
1
1
0.897182905823694
0.947338238360957
0.906600722923744
1
0.992000047588528
1
1
1
1
1
1
1
0.825963854545179
0.93618456640546
0.901977415388461
1
1
0.993265062501751
1
1
1
0.996848889923763
0.945895354421753
1
1
0.999974225200828
1
1
1
1
1
1
1
1
1
1
1
1
0.942243562449122
1
1
1
0.93320360291943
0.984854759303711
1
1
0.976361584619563
1
0.926559125736384
1
0.987181993884491
0.971964762260991
1
1
1
1
1
1
1
1
1
1
1
1
1
0.999615550128012
1
1
1
1
1
0.970837572790102
1
1
1
1
1
1
0.865190192896408
1
1
1
1
1
1
1
1
0.986927661511252
0.981313502208275
1
1
1
1
0.932197305743933
0.971673450967856
1
1
1
1
1
1
0.996080660815857
1
1
1
1
1
1
1
1
1
1
1
1
0.950389020258621
1
1
1
1
1
1
0.986886987447591
1
1
1
0.951753593851216
1
1
0.947450193602694
1
1
0.996962009477694
1
1
1
1
1
1
0.960386906038656
1
1
1
1
1
1
1
0.996962009477694
1
1
1
1
1
0.970829708130035
1
1
1
1
0.923971915520683
1
0.995519918783485
1
1
1
1
1
0.900073760131661
1
1
1
1
0.927309586603412
1
1
1
1
1
1
1
0.94576788855767
1
1
1
0.970829708130035
0.999891321482163
1
1
0.839067258911014
0.836905436124303
1
0.984055629937509
0.975782470188497
1
1
1
1
1
1
1
0.947504194171489
0.900318143683021
1
1
1
1
1
1
0.743144139954395
1
1
1
1
1
1
0.942476463826282
0.959603508223087
1
1
1
1
1
1
1
0.87195582390513
0.972345579274601
1
0.803025110192301
0.952056898952179
1
1
1
1
1
1
1
1
0.974185616324252
1
1
1
0.99465634395069
1
1
1
1
1
1
1
0.996930749295003
0.798510654381866
1
1
1
1
1
1
1
1
0.971964762260991
1
1
1
0.995327791602751
0.987023733571516
1
1
1
1
0.936519323560616
1
1
1
1
1
0.996962009477694
1
1
1
1
0.995328290626805
1
1
1
1
0.922055301730636
0.90560825752877
1
1
1
0.978005955643014
1
0.993207254399288
1
1
1
1
0.948724855987584
1
1
1
1
0.891891596860323
1
1
0.980129944568011
1
1
1
0.944055218646041
1
1
1
1
0.932552575936984
1
1
1
1
1
1
1
1
1
1
1
1
1
1
0.984779716601705
1
1
1
1
1
1
1
1
1
1
1
1
1
1
1
0.876882882326878
0.901088074878819
1
1
1
0.909800402213673
1
1
1
1
1
1
1
1
1
0.982616039730289
1
1
1
1
0.974564438884159
1
1
1
1
1
1
1
0.961439285054641
1
1
0.995519918783485
1
1
1
0.883965289691128
0.963752447911367
1
1
1
1
1
1
1
0.99523495211536
1
0.880490179992252
1
1
1
1
1
0.889474479041635
1
1
1
1
1
0.97708598531604
0.996783776663744
1
1
1
1
1
0.948724855987584
1
0.98794567835366
1
1
1
1
1
1
1
1
1
1
1
1
1
1
1
1
1
0.986927661511252
1
1
1
1
1
1
0.868271592374042
1
1
1
1
1
0.977623870696292
1
0.977647458783938
1
1
0.995795653763736
1
1
1
1
0.988853450260323
1
1
1
1
1
1
1
1
0.90966994358759
1
1
0.998045326789842
1
0.919687160622374
1
1
1
1
1
1
1
1
1
0.995073238145988
1
1
1
1
1
1
1
1
1
1
1
0.912320130237049
0.979535828926171
1
1
1
1
1
1
0.923971915520683
0.998213765947337
1
1
1
1
1
1
1
1
1
1
1
0.971725579839944
1
1
1
1
1
1
1
1
1
1
1
0.994297129664834
1
1
0.925449811308052
0.907867485379462
1
1
1
1
0.981242657064547
0.962937902330312
1
1
1
1
1
1
0.979652585962455
1
1
1
1
0.965785918744327
1
1
1
1
0.963296887344567
0.997346643883901
0.893933185519681
0.993207254399288
1
1
1
1
1
1
1
1
1
1
0.993269325759501
1
1
0.963296887344567
1
1
1
1
0.962995605429183
1
1
1
0.938890356165902
1
1
0.996025573505705
1
1
0.979395691978789
1
0.89133165532383
1
1
1
1
1
1
1
1
1
1
1
0.917317873375064
0.970441476244846
0.897409500631806
1
1
1
0.977623870696292
1
1
1
1
1
1
1
1
0.995058092471645
0.980045701304815
0.98794567835366
0.89190908120793
1
1
1
1
0.798510654381866
1
1
1
1
0.974063607597401
1
1
0.930954481069185
0.97897322670921
1
1
1
1
1
1
1
1
1
1
1
1
1
1
1
1
1
0.97069549691672
0.942156449475248
1
1
1
1
1
1
1
1
1
1
0.962045028827614
1
1
1
1
1
1
1
1
1
0.964599104426435
1
1
1
1
1
1
1
1
1
1
1
1
0.986857703724253
1
1
1
1
0.993006487280828
1
1
0.975782470188497
1
0.878475238164358
0.993296923455863
1
0.986343138865116
1
1
1
0.996930749295003
1
1
0.943297551559978
0.96681850158171
1
0.475969165894541
1
1
1
1
1
1
0.998213765947337
1
1
1
1
1
1
1
1
1
1
0.9399215527878
1
1
1
1
1
1
1
1
1
1
1
1
0.992896797251975
1
0.980045701304815
1
1
1
1
1
1
1
0.994956307885304
0.896885244778778
1
1
0.928306666274887
1
1
1
1
1
1
1
1
1
1
1
1
0.999891321482163
1
1
1
1
1
1
1
1
1
0.982026137586069
0.922055301730636
1
1
1
1
0.963296887344567
1
1
1
1
1
0.996848889923763
1
1
1
0.97897322670921
1
1
1
1
1
1
1
0.94330036791069
1
1
0.938890356165902
1
1
1
0.996888474224302
1
0.932552575936984
0.731129165119416
1
1
1
0.996783776663744
0.889362901798395
1
1
0.832745974092205
1
1
1
0.972427464590081
0.964501762116345
1
1
1
1
1
1
1
0.771247803248137
1
1
1
1
1
1
1
1
1
1
1
1
1
1
1
1
1
0.98346769506328
1
1
1
1
1
1
1
1
1
1
1
1
1
1
1
1
1
1
1
1
1
1
1
1
1
1
0.896874577584051
0.947504194171489
1
1
1
1
1
1
1
1
1
1
1
1
1
1
1
1
1
1
0.966490677878122
1
0.84166222181306
1
1
0.96815161333813
1
1
1
1
1
1
1
0.977795121625872
1
1
1
0.820040372615046
1
1
0.930236289722702
1
1
1
1
1
1
1
1
1
1
0.987084093519328
1
1
1
1
1
1
1
1
1
0.781287175159089
1
1
1
1
1
1
1
1
1
1
1
0.730368169885026
1
1
0.953852922036433
1
1
1
0.964599104426435
1
1
1
1
0.924854364683541
1
0.995524642783893
1
1
1
1
1
1
1
0.982297535813531
1
1
1
1
1
1
1
1
1
1
1
1
0.932552575936984
1
1
1
1
1
0.993265062501751
1
1
1
0.972427464590081
1
1
1
1
1
0.947338238360957
1
1
1
1
0.970011345715604
1
1
1
0.958637549562765
1
1
1
1
1
1
1
0.992683827176078
1
1
1
1
1
0.984779716601705
1
1
0.953580759871536
1
1
0.993403445122658
1
1
1
1
0.995703333189583
1
0.984779716601705
1
1
1
1
1
1
0.996962009477694
1
1
0.991108486852994
1
1
1
1
1
1
1
1
1
1
1
1
1
0.993265062501751
1
1
0.921819876476788
1
1
1
1
1
1
1
1
0.968961947185309
0.978005955643014
1
1
1
1
1
1
0.904067718340072
1
1
1
1
1
1
1
1
1
1
1
1
1
1
1
1
0.904067718340072
1
1
1
1
0.980520343081319
1
1
1
1
1
1
1
1
1
1
1
1
0.999487570699261
0.995108893114118
0.943297551559978
1
1
1
1
1
1
1
1
1
1
0.986269509117997
0.986927661511252
1
1
1
1
0.985498893154455
0.964169561647562
0.996783776663744
1
1
1
1
1
1
0.983644198252062
1
1
1
1
0.989596379554688
0.94576788855767
1
1
0.93249608154386
0.947338238360957
1
1
1
1
0.882704617667157
0.9924834870694
1
1
1
1
1
1
1
1
1
1
1
1
1
1
1
1
1
1
1
1
1
1
1
1
1
1
0.923971915520683
1
1
1
1
1
0.953852922036433
1
1
1
1
1
0.996080660815857
1
1
1
0.963296887344567
1
1
1
1
1
1
1
1
0.970441476244846
1
1
1
1
1
1
1
1
1
1
0.942243562449122
1
1
1
1
1
1
1
1
1
1
0.997346643883901
1
1
1
1
1
1
0.985576027565852
1
1
1
1
1
1
0.882374141019882
1
1
0.965242528342368
1
1
0.998213765947337
1
0.855050222201634
1
1
1
1
1
1
1
1
1
1
1
1
1
0.997502566854914
1
1
1
1
1
1
1
0.950141614800293
1
1
1
1
1
1
1
1
1
1
1
1
1
1
1
1
1
1
0.995464424677326
1
1
1
1
0.922055301730636
1
1
1
1
1
0.980754292524116
1
1
1
1
1
1
1
1
1
1
1
1
1
1
0.949718895386699
1
1
1
1
1
1
1
1
1
1
1
1
0.950661925035544
1
1
1
1
1
0.990986967244738
1
1
1
0.980045701304815
1
1
1
1
0.547135363282162
0.948724855987584
1
1
1
0.996080660815857
1
1
0.971982402566231
0.992706304921726
0.99430656692662
1
1
1
0.967713829769608
1
1
1
1
1
1
0.977795121625872
1
1
0.979679860688715
1
1
1
1
1
1
1
1
1
1
1
1
1
1
1
1
1
1
1
1
1
1
1
1
1
1
1
1
1
1
1
1
0.822231717999131
0.957772669196371
1
1
1
1
1
1
1
1
1
1
1
1
1
1
1
1
0.880044147267947
1
1
1
1
1
0.862492301978192
1
1
1
1
1
0.971982402566231
1
1
0.894545119711282
0.933834919670575
1
1
1
1
1
1
1
1
0.962475925455088
1
1
1
1
0.993265062501751
1
0.93464938962451
1
1
0.963196318505425
1
0.992706304921726
1
1
1
1
1
1
0.995700599747749
1
1
1
0.999615550128012
1
0.987023733571516
1
1
1
1
0.987181993884491
1
1
1
1
1
1
1
1
1
1
1
0.964767921265623
1
1
1
0.919098151594203
1
1
1
1
1
0.998727300617874
0.984055629937509
1
1
1
1
1
1
0.983644198252062
1
1
1
0.99472319371448
1
0.993296923455863
1
1
1
0.684289216292143
0.891891596860323
1
0.917556154102873
1
0.910926772474815
1
0.936163525656441
1
1
1
1
0.910435776848851
1
1
1
0.514381844907973
1
1
1
1
1
0.998045326789842
1
1
1
1
0.939645944811872
1
0.884534531063058
1
1
1
1
1
1
1
1
0.731967727652347
1
1
1
0.943297551559978
0.845224221894786
1
1
1
1
1
1
0.996634617327612
1
1
1
1
1
1
1
1
1
1
1
0.945895354421753
1
1
1
1
1
1
1
0.948724855987584
1
1
1
1
1
1
1
1
1
0.999974225200828
1
0.94576788855767
1
0.989596379554688
1
1
1
1
1
1
1
1
1
1
1
0.993772078660953
1
1
1
1
1
1
0.939580045342649
1
1
1
1
1
1
1
1
1
1
0.971673450967856
1
1
1
1
1
1
1
1
0.850402731855472
1
1
1
1
1
1
1
1
1
1
1
1
1
0.944055218646041
1
0.997346643883901
1
1
1
1
1
1
0.711431824417426
1
1
1
0.961811338089383
0.987410686229094
1
1
1
1
0.876882882326878
1
1
1
1
1
1
1
1
1
1
1
0.993296923455863
0.961439285054641
1
1
1
0.995795653763736
1
1
1
1
1
1
1
1
1
1
0.938890356165902
1
1
0.995795653763736
1
1
0.982297535813531
0.839844345688892
1
1
0.991079230104905
1
1
0.972427464590081
1
1
1
1
1
1
1
1
1
1
1
1
1
1
1
0.985958556569948
1
0.966918873723412
0.893704531127887
1
1
1
1
1
1
1
1
1
1
1
1
1
1
1
1
1
1
1
0.90560825752877
1
1
1
0.96681850158171
1
1
1
1
1
1
1
1
1
1
1
1
1
1
1
1
1
1
1
0.976278226824801
1
0.952521480414272
1
1
1
1
1
1
1
0.974564438884159
0.978982638874014
1
1
1
1
1
1
0.90560825752877
1
1
0.904922569674896
1
1
1
1
1
1
0.991478433031509
1
0.989925751692189
1
1
1
1
1
1
1
1
1
1
0.970829708130035
1
1
1
1
0.912630115328493
1
0.963296887344567
1
1
1
1
1
1
0.997961400151554
1
1
1
1
1
1
1
1
1
1
1
1
1
1
0.947481303317704
0.89939888419399
0.916204321021033
1
1
1
1
1
1
0.981313502208275
1
0.996888474224302
1
1
1
0.996389188581617
0.996371339865052
1
0.962547824667285
1
0.981313502208275
1
1
1
1
0.883192974740715
1
0.994956307885304
1
1
1
1
1
1
1
1
0.995519918783485
1
1
1
1
1
1
1
1
1
0.99870257003818
1
1
1
0.981289528166649
1
1
1
1
1
0.948724855987584
1
1
1
0.974063607597401
1
1
1
1
1
1
1
1
1
1
0.818318738527913
1
1
1
1
1
1
1
1
1
1
0.995519918783485
1
0.87802006984504
1
1
1
1
1
1
1
0.953852922036433
1
1
1
1
1
1
1
0.697881169711559
0.991478433031509
1
1
0.993265062501751
0.711130358266532
1
1
1
1
1
1
1
1
1
1
1
1
1
1
1
0.963695345158028
0.99430656692662
1
1
1
1
1
1
0.995519918783485
1
1
0.978005955643014
1
1
1
1
1
1
0.978005955643014
1
1
1
1
1
0.990986967244738
1
1
1
1
1
0.995663533854961
0.987023733571516
1
1
1
0.779782602847438
1
1
1
1
1
1
1
1
1
1
1
1
1
1
1
1
1
1
1
1
1
1
1
1
0.88338491408081
0.993772078660953
1
1
1
0.911860974259281
0.999891321482163
1
1
1
1
0.970441476244846
1
1
0.993265062501751
1
1
1
1
1
1
0.985576027565852
1
1
0.839372048655019
1
1
1
1
0.903140611765549
1
1
1
1
1
0.983644198252062
0.862382612082659
1
1
1
1
1
1
1
1
1
1
1
1
1
1
1
1
1
0.946847501182955
1
1
0.999974225200828
1
0.946059402400605
1
0.992706304921726
1
1
1
1
1
0.966381344382399
1
1
1
1
1
1
1
1
1
1
1
1
1
1
0.999974225200828
1
1
1
1
1
1
1
1
1
1
1
1
1
1
1
1
1
0.916988558404841
1
1
1
1
1
0.958637549562765
1
1
1
1
1
1
0.973788721251071
1
1
1
0.996080660815857
1
1
0.916285744474368
0.805250238886985
1
1
1
1
1
1
1
1
1
1
0.986359319717116
0.889984217131694
1
1
1
1
1
1
0.970011345715604
1
1
1
1
1
1
1
1
1
1
1
1
1
1
1
0.991478433031509
1
1
1
1
0.979652585962455
1
1
1
1
1
1
1
1
1
1
1
1
1
1
1
0.665643779977734
1
0.885433605946792
1
1
1
1
1
0.96815161333813
1
0.883000528696994
1
1
0.995397687418148
1
1
0.992792766474758
1
1
1
1
1
1
0.963296887344567
0.986886987447591
1
0.85171534827787
1
1
1
1
1
1
1
0.999289258991956
1
1
1
0.991281313652854
1
1
1
1
1
0.977795121625872
1
1
1
1
1
1
1
1
1
1
0.981313502208275
1
1
1
1
1
0.985054964791378
1
1
1
1
0.995795653763736
1
0.947338238360957
1
1
1
1
1
0.999615550128012
0.956050132025825
1
1
1
1
1
1
1
1
1
1
1
0.979350550989399
1
1
1
1
0.97897322670921
0.989074270743362
1
1
1
1
1
0.990567510841427
1
0.976278226824801
1
0.952210881246134
1
1
1
0.902574629061257
1
1
1
1
1
0.992896797251975
1
1
0.884553349479014
1
1
1
0.946690543157879
1
1
1
1
0.985576027565852
1
1
1
1
1
1
1
0.983644198252062
1
1
1
1
1
1
1
1
1
0.9749061417721
1
1
1
1
1
1
0.980129944568011
1
0.991488012280936
1
1
0.959603508223087
1
0.964599104426435
1
1
0.977127613384861
0.983644198252062
1
1
1
1
1
1
1
1
1
1
1
1
1
1
1
1
1
1
1
1
1
1
0.923971915520683
1
1
1
1
1
1
1
1
1
1
1
1
1
1
1
1
1
1
0.972427464590081
1
0.991488012280936
1
1
1
1
1
1
1
1
1
0.93464938962451
1
0.991108486852994
1
1
1
0.891298240633726
1
1
1
1
1
1
1
0.995464424677326
0.963752447911367
1
0.970011345715604
1
1
1
0.969561005409491
0.897716276796704
1
0.977898061292856
1
1
0.987937975475285
1
1
1
1
1
1
1
1
0.911086759787806
1
1
1
0.966699064199939
1
1
1
1
1
0.857937883694734
1
1
1
0.996367924077057
1
1
1
1
1
0.982297535813531
1
0.992973340966757
0.952821963813589
0.999974225200828
1
0.884524600346844
1
1
1
1
1
1
0.96815161333813
1
1
0.870156308566479
1
1
1
1
1
0.995513522826776
1
1
1
1
1
1
1
0.996371339865052
1
1
1
1
1
1
0.973870630331227
1
1
1
1
1
1
1
0.948319224385728
1
1
1
1
1
1
1
1
1
1
1
1
1
1
1
1
1
1
1
1
1
1
0.90458345024378
1
1
0.989972804530973
1
1
1
1
1
1
1
0.987181993884491
0.95532621256666
1
1
1
0.968961947185309
1
1
1
1
0.917054174842865
1
1
1
1
1
1
1
1
1
1
1
1
1
1
0.991478433031509
1
1
1
1
0.958637549562765
1
1
1
1
1
0.993207254399288
1
1
1
1
1
0.826153724069443
1
1
1
1
1
1
1
1
1
1
1
1
1
1
1
1
1
1
1
1
0.90486384325429
0.900849759217999
1
1
1
1
1
1
0.976278226824801
1
1
1
0.951753593851216
1
1
1
0.995058092471645
1
0.985054964791378
1
1
1
1
1
1
0.927916839610361
1
1
1
0.956281981562943
1
1
0.980129944568011
1
1
1
1
1
1
1
1
1
1
1
1
1
1
1
1
1
0.972537143832199
1
1
1
1
1
1
0.994956307885304
1
1
1
1
1
1
1
0.995795653763736
1
1
1
1
1
1
1
1
1
1
0.96996848936667
1
1
1
0.999974225200828
1
1
1
1
1
1
1
1
1
0.906600722923744
0.971964762260991
0.98794567835366
1
1
1
1
1
1
1
1
0.899797947808498
1
0.902521000635307
1
1
1
1
0.995397687418148
0.97569385311498
1
1
1
0.981635101089738
1
1
1
1
1
1
0.977795121625872
0.969561005409491
0.993006487280828
1
0.946847501182955
1
1
1
0.815892858514286
0.977127613384861
1
1
0.858099681491704
1
1
1
1
1
1
0.977261335828949
0.93464938962451
1
0.660576693550624
1
1
1
0.984854759303711
1
1
1
1
1
1
1
1
0.909507338731532
1
1
1
1
1
1
1
1
1
1
1
1
1
0.981313502208275
1
1
1
1
1
1
1
1
1
1
1
1
1
0.94576788855767
1
1
1
0.964169561647562
1
1
1
1
1
1
1
0.986069502885607
1
1
1
0.993265062501751
1
1
1
1
1
1
1
1
1
1
0.983644198252062
1
1
1
1
1
1
1
1
1
1
1
1
1
1
1
1
1
1
1
1
1
1
1
1
0.930954481069185
1
1
1
1
1
1
0.970837572790102
1
1
1
1
1
1
1
0.972427464590081
1
1
1
1
1
1
1
1
1
0.877280883968504
1
0.986886987447591
1
1
1
0.999639134608572
0.999583185125378
1
1
1
1
1
1
1
1
1
1
1
1
1
1
1
1
1
1
1
1
1
0.947450193602694
1
1
1
1
0.955900626588911
1
1
1
0.90560825752877
1
1
1
1
0.984002640808784
1
1
1
1
0.992990677968968
0.952056898952179
1
0.995519918783485
1
0.980520343081319
1
1
1
1
0.986927661511252
1
1
1
1
1
1
1
1
1
1
1
0.977623870696292
1
1
1
0.999615550128012
0.980129944568011
0.999321147991724
0.909636899200768
1
1
0.923725968918152
1
0.962475925455088
1
1
1
0.860240029202039
1
1
1
1
0.996848889923763
1
1
1
1
1
1
1
1
1
1
1
1
1
1
1
1
1
1
1
1
0.991478433031509
1
1
1
1
0.931092163135847
0.979535828926171
1
1
1
1
1
1
1
0.992706304921726
1
1
1
0.975299390921877
1
0.995342214208895
1
1
0.974185616324252
1
1
1
1
1
0.991478433031509
1
1
0.837687951311615
1
1
1
1
1
1
1
0.933834919670575
1
1
1
1
0.995923679545523
1
1
1
1
1
1
0.885794451021737
1
1
1
1
1
0.985498893154455
0.996634617327612
1
1
1
1
1
0.897716276796704
1
1
0.995663533854961
1
1
1
1
1
1
1
1
1
1
1
1
1
0.975470593226666
0.9287902553376
1
1
1
1
1
1
0.910926772474815
0.972427464590081
1
1
1
1
1
1
0.876595470779169
1
1
1
1
1
1
1
1
1
0.948319224385728
0.996634617327612
1
0.996962009477694
0.952821963813589
1
0.99961766852156
1
0.970829708130035
1
1
1
1
1
1
1
1
1
1
1
1
1
1
1
1
1
1
0.982030941023621
1
0.900661446600054
1
1
1
1
1
1
1
0.950389020258621
1
1
1
1
0.99472319371448
1
1
1
1
1
1
1
1
1
1
1
1
1
0.990805838952544
1
1
1
0.998213765947337
1
1
1
1
1
1
1
1
0.930094881102719
1
1
1
1
1
1
1
1
0.996930749295003
1
1
1
1
1
1
1
1
1
1
1
1
1
0.866778372387327
0.996930749295003
0.958637549562765
0.969561005409491
1
1
1
1
1
1
1
1
1
1
0.992973340966757
1
1
1
0.930954481069185
1
1
1
1
0.995342214208895
1
0.948135970623892
0.923971915520683
1
1
0.996389188581617
1
1
1
1
1
1
1
1
1
1
0.995795653763736
1
1
0.958637549562765
1
1
1
1
0.961272881954405
0.562961131716567
1
0.900468981788244
1
1
0.99430656692662
1
1
1
1
1
1
0.97069549691672
0.946847501182955
1
0.889076823793967
1
1
0.721574849927435
1
1
1
0.900318143683021
1
1
1
1
1
1
1
1
1
1
1
1
1
1
1
1
1
1
0.996371339865052
1
0.993006487280828
1
1
1
0.99472319371448
1
1
1
0.938890356165902
1
1
1
1
1
1
1
1
1
1
1
1
1
1
1
1
1
1
1
1
1
1
1
0.910388000473851
1
1
1
1
1
0.999891321482163
1
1
1
1
1
0.962995605429183
1
0.924130377122986
1
1
1
1
1
1
1
1
0.963296887344567
1
1
1
1
0.957772669196371
0.999974225200828
1
0.975919465684293
1
1
1
0.927916839610361
0.918251096439429
1
1
1
1
1
0.992785819034005
1
1
1
1
1
1
1
1
1
1
1
1
1
1
1
0.992706304921726
1
1
1
1
1
1
1
1
1
1
1
1
1
0.970829708130035
0.989972804530973
1
0.972365945235345
1
0.988187961918051
1
1
1
1
1
1
0.992706304921726
0.884553349479014
1
1
1
1
1
1
1
0.981860792554003
1
1
0.971982402566231
0.948724855987584
1
0.977127613384861
1
1
1
1
0.951753593851216
1
1
1
1
1
1
1
1
1
1
1
1
0.986857703724253
1
0.963196318505425
0.986359319717116
1
1
0.980608484584403
1
1
1
0.934218776368799
0.992973340966757
1
1
1
1
1
1
1
1
1
0.972427464590081
1
1
1
1
1
1
1
1
1
1
0.971964762260991
1
1
1
1
1
1
1
1
1
1
1
1
1
1
0.946059402400605
0.9924834870694
1
1
0.998995129551882
1
1
1
1
1
1
1
1
0.985498893154455
1
1
1
1
1
1
1
1
0.951395474328207
0.994529440712166
1
0.995058092471645
1
1
0.948319224385728
1
1
0.979395691978789
0.938649497359619
0.988095839297055
1
1
1
1
1
1
0.865190192896408
0.963196318505425
0.995524642783893
1
1
1
1
1
1
1
1
1
1
1
0.972345579274601
1
1
1
1
1
0.793923726409086
1
0.730651941431471
1
0.999360896086331
1
1
1
1
1
1
1
1
1
1
1
1
1
1
1
1
0.996930749295003
0.999891321482163
1
1
1
0.953987034220362
1
1
1
1
1
1
1
1
1
1
0.993772078660953
1
1
1
1
1
1
1
1
1
0.978005955643014
1
1
1
1
1
1
1
1
1
0.93464938962451
1
1
1
1
1
1
1
0.970837572790102
1
1
1
1
1
1
1
0.902846542547967
1
1
1
1
1
1
1
1
1
1
1
1
0.96681850158171
1
1
1
1
0.903140611765549
0.999974225200828
1
1
1
0.962995605429183
1
1
1
1
1
1
1
1
1
1
0.953852922036433
1
1
0.979652585962455
1
1
0.971964762260991
0.950141614800293
0.89734536811813
1
1
1
1
0.982616039730289
1
1
1
1
1
1
0.980129944568011
1
0.981035683464086
0.973788721251071
1
0.991865404924642
1
1
1
1
1
1
0.976361584619563
1
1
1
1
0.991281313652854
1
1
1
1
1
1
1
0.910926772474815
1
1
0.934709447675647
1
1
0.977795121625872
1
0.954380594181629
1
1
1
0.889362901798395
1
1
1
1
1
1
1
1
1
0.912320130237049
0.925061747898378
1
1
1
0.92943335059829
1
1
1
1
1
1
1
1
1
1
1
1
0.956050132025825
1
1
0.987937975475285
0.891298240633726
0.998045326789842
1
0.984779716601705
1
0.938511965504498
0.900849759217999
0.990986967244738
0.932197305743933
0.977623870696292
0.882738025477131
0.879383161395653
1
1
0.995519918783485
1
1
0.707571632896034
1
0.996371339865052
1
0.929726925462973
1
1
1
1
0.882586438455073
1
0.994306131190247
1
1
1
1
1
1
1
1
1
0.911860974259281
1
1
1
1
1
1
0.889076823793967
0.991865404924642
1
1
0.877147686069475
0.930590960194114
1
1
1
1
1
1
0.9911700339748
1
0.925057929985462
1
1
1
1
1
0.888651273220064
0.996888474224302
1
1
1
1
1
0.966490677878122
1
1
1
1
0.980129944568011
1
1
1
1
1
1
1
1
1
1
1
1
1
1
1
1
1
1
1
0.949372418449183
1
1
1
1
1
1
0.996930749295003
1
1
0.93249608154386
1
1
0.989596379554688
0.957727232470559
0.93618456640546
0.975059812157314
1
0.953987034220362
1
1
0.995397687418148
1
1
1
1
0.863313862476128
1
1
1
0.904260236074987
1
1
1
1
0.943297551559978
1
1
1
0.961811338089383
0.975059812157314
1
1
0.946059402400605
1
1
1
0.988853450260323
1
1
1
1
1
1
1
0.973788721251071
1
0.930236289722702
1
1
1
0.980520343081319
1
1
0.870340966489027
1
1
0.993006487280828
1
1
1
0.997961400151554
1
1
0.893786310878796
1
1
1
1
1
0.989074270743362
1
1
1
1
0.986886987447591
1
0.932197305743933
1
1
1
0.881986293227139
1
1
1
0.97708598531604
1
1
1
1
1
1
1
1
1
1
1
1
1
1
1
1
1
1
0.892887547797306
1
1
1
0.990567510841427
1
1
1
1
1
0.991488012280936
0.944349344969879
1
1
1
1
1
1
0.791954213933425
1
1
0.994529440712166
1
1
1
1
1
1
1
1
1
1
1
1
0.950051769582815
1
1
1
1
1
0.994956307885304
1
1
1
1
1
1
1
1
1
0.873371667144053
1
1
1
1
1
1
1
1
1
1
1
1
1
1
1
1
1
1
1
1
1
0.99523495211536
1
1
1
1
1
1
1
1
0.992683827176078
0.950051769582815
1
1
1
1
1
0.989972804530973
1
0.997502566854914
1
1
1
1
1
1
1
1
1
1
1
1
0.996371339865052
1
0.976278226824801
1
0.964599104426435
0.887938883619586
1
0.979535828926171
1
0.989074270743362
1
1
0.929726925462973
1
1
1
1
1
1
1
1
1
1
1
1
1
0.989596379554688
1
1
1
1
1
1
1
1
1
1
1
1
1
0.850402731855472
1
1
1
1
1
1
1
1
0.964892792734786
1
0.980129944568011
1
1
1
1
0.996962009477694
1
1
1
1
1
1
1
0.949712729992688
1
1
1
1
1
1
0.92943335059829
1
1
0.949718895386699
0.988126766472808
1
1
1
0.95532621256666
1
1
0.925036231391108
1
1
1
1
1
1
0.975903971998641
1
1
0.979395691978789
1
0.906017316494662
0.977261335828949
1
1
1
1
1
1
1
1
1
1
1
0.910898971875654
1
1
0.980754292524116
0.961272881954405
1
1
1
0.886664422571351
1
1
1
0.928306666274887
1
1
1
1
1
1
1
1
1
1
1
0.984324099379834
1
1
1
1
1
1
1
1
1
1
1
1
1
0.974185616324252
1
0.938277992226446
1
1
1
0.996848889923763
1
1
1
1
1
1
1
1
0.979395691978789
1
1
1
1
1
1
1
1
1
1
0.984264426289705
1
1
0.86342460916077
1
0.998995129551882
0.555991257002478
1
0.851625162815949
1
1
1
1
1
1
1
1
1
1
1
0.953710537761313
1
1
0.964767921265623
1
1
1
0.996848889923763
1
1
1
0.99465634395069
1
0.984264426289705
1
1
1
1
1
1
1
0.998045326789842
1
1
1
1
0.961783001945761
1
1
1
1
1
1
1
1
1
1
1
1
1
0.982026137586069
0.9924834870694
1
1
1
1
1
1
1
1
0.911086759787806
1
1
1
0.97127679727675
1
1
1
1
1
1
1
1
1
1
1
1
0.995058092471645
1
0.884553349479014
0.696454229526664
1
1
1
1
1
0.979350550989399
1
0.999974225200828
1
0.948319224385728
0.974843050651725
1
1
1
1
1
0.929726925462973
1
1
1
0.970441476244846
1
1
1
1
1
1
1
0.949718895386699
1
1
1
1
0.999891321482163
1
1
1
1
1
1
1
1
1
1
1
0.903140611765549
1
1
1
0.99430656692662
1
1
1
1
0.949718895386699
1
1
0.957727232470559
0.973537749089714
1
1
0.996930749295003
1
1
1
1
0.993772078660953
1
0.947338238360957
1
1
1
1
1
1
1
1
0.978005955643014
1
1
1
0.809476413197226
1
1
1
1
1
1
1
1
1
1
1
1
1
1
1
1
1
1
1
1
1
1
1
0.988095839297055
0.975903971998641
0.950141614800293
1
0.997502566854914
1
1
1
1
1
1
0.901088074878819
0.998213765947337
1
1
1
1
1
1
1
1
1
1
0.946690543157879
1
1
1
1
1
1
1
0.9911700339748
1
1
1
1
1
1
0.971982402566231
0.993006487280828
1
1
1
1
0.996389188581617
1
1
1
1
1
1
0.99971289541171
1
0.875374104275032
1
1
0.996371339865052
0.889362901798395
1
1
1
1
1
1
1
1
1
1
1
1
0.947504194171489
1
1
1
1
0.95532621256666
1
1
1
0.999583185125378
1
1
1
1
0.986343138865116
1
1
1
0.982616039730289
0.939283373540214
1
1
1
1
0.769407857130441
0.703448852385097
1
1
1
1
1
1
1
1
0.923971915520683
1
0.871200067468291
1
1
1
1
0.940711124015496
1
1
0.979652585962455
1
0.910435776848851
1
0.951395474328207
1
1
1
1
1
0.995058092471645
0.995663533854961
1
1
1
1
1
1
1
1
1
1
1
1
0.678647288091751
1
0.912280112246695
0.98733210154453
1
0.974063607597401
1
0.991488012280936
0.897182905823694
1
1
0.995703333189583
0.547135363282162
1
1
1
1
1
1
0.964767921265623
1
1
1
1
0.964599104426435
1
1
0.99961766852156
1
0.961811338089383
1
1
0.910898971875654
1
1
1
1
1
1
1
1
1
1
1
1
1
1
1
1
1
0.999891321482163
1
1
1
1
1
1
1
1
1
1
1
1
1
1
1
0.956966794805844
1
1
1
1
1
0.977898061292856
1
1
1
1
1
1
1
1
1
1
0.89734536811813
1
1
1
1
0.9399215527878
1
0.980129944568011
0.950141614800293
1
0.992792766474758
0.99523495211536
1
1
1
1
1
1
0.9749061417721
1
1
1
1
1
1
0.981185159614604
0.997346643883901
1
1
1
1
0.939580045342649
1
1
1
1
1
1
1
1
1
0.979395691978789
1
0.897409500631806
1
1
1
1
1
0.995397687418148
1
1
1
1
1
1
1
0.956281981562943
1
1
0.979395691978789
1
1
1
1
1
1
1
1
1
1
1
1
0.951934792839315
0.987023733571516
1
1
1
1
1
1
0.979395691978789
1
1
1
1
1
1
1
1
1
0.875828481202713
1
1
0.994956307885304
1
1
1
1
1
1
1
1
1
1
1
1
1
1
1
1
0.996080660815857
1
1
1
1
1
0.930590960194114
0.902180343672753
1
1
1
1
1
1
1
0.995519918783485
0.979652585962455
1
0.961783001945761
1
1
1
1
0.80029639134742
0.987937975475285
1
1
1
1
1
1
1
1
1
0.971673450967856
0.970837572790102
1
1
1
1
0.980459510262988
1
1
1
1
1
1
1
1
0.982030941023621
1
1
0.831065538574111
1
0.87861054853197
1
1
1
1
0.996080660815857
1
1
0.906600722923744
1
1
1
1
1
1
1
1
0.928584752148662
1
1
1
1
1
1
1
1
0.904922569674896
1
1
1
0.982030941023621
0.995058092471645
0.99961766852156
1
1
0.929371276562326
1
1
1
0.970829708130035
1
1
1
0.979395691978789
1
1
1
1
1
0.971673450967856
1
1
1
1
1
1
0.980754292524116
1
1
0.997144219783319
1
1
1
1
1
1
1
1
1
1
1
1
1
1
0.960833305665632
1
1
1
1
1
1
0.992469206630873
1
0.984324099379834
1
1
0.999891321482163
1
1
0.92760901730385
1
0.971964762260991
1
1
1
1
0.938277992226446
1
1
1
1
0.97708598531604
1
1
1
1
1
0.984779716601705
1
1
1
0.77502050386824
0.985498893154455
1
1
1
1
1
1
1
0.927916839610361
1
0.983644198252062
1
0.914916022946072
1
1
1
1
1
1
1
1
1
1
0.93249608154386
1
0.90488031223703
1
0.957187276115864
1
1
0.984055629937509
1
1
1
0.868271592374042
1
1
0.971673450967856
0.911860974259281
1
1
1
1
1
1
1
1
1
0.986584544734055
1
0.963296887344567
1
0.927309586603412
1
1
1
1
1
1
1
1
0.943297551559978
0.954380594181629
1
0.985054964791378
1
1
1
1
0.950172793182776
1
0.541838873530476
1
1
0.951753593851216
1
1
1
1
1
0.976278226824801
0.857937883694734
1
0.996848889923763
1
1
1
1
1
0.79808086932975
1
1
1
1
1
1
1
1
0.987833518945304
0.933251074464135
1
1
1
0.993207254399288
1
1
1
1
1
1
1
1
1
1
1
1
0.987272265794524
1
1
1
1
0.922961143132494
1
1
1
1
1
0.961783001945761
1
0.950120674426531
1
1
1
1
0.996930749295003
1
1
1
1
1
1
1
0.888331158552571
1
1
1
1
1
1
1
1
1
1
1
1
1
1
1
1
1
1
1
1
1
1
1
1
1
0.96815161333813
1
1
1
1
1
1
1
0.947450193602694
1
1
0.933251074464135
0.972427464590081
1
1
1
1
0.997961400151554
1
1
1
1
1
1
0.988095839297055
1
1
0.996080660815857
1
1
1
1
1
1
0.917219065890869
1
1
1
1
1
1
0.976474478003782
1
1
0.988853450260323
1
1
0.968961947185309
0.995397687418148
1
0.969561005409491
1
1
1
0.832350962056486
1
1
1
1
1
1
1
1
1
1
1
1
1
1
1
1
1
1
1
0.998213765947337
1
1
1
1
0.872895300231178
1
1
1
1
1
1
1
0.901423744747175
0.996848889923763
0.977898061292856
1
0.992000047588528
1
1
1
1
1
1
0.949893071955861
1
1
0.990567510841427
1
0.969561005409491
1
1
1
1
0.995342214208895
1
0.974063607597401
1
1
1
0.711315976784601
1
0.938890356165902
1
1
1
1
1
1
1
1
1
0.995119976938519
1
0.970758008263314
1
1
0.984002640808784
0.96996848936667
0.881939146170411
0.975919465684293
1
0.930884952469517
1
1
0.952210881246134
1
1
1
1
1
1
0.960833305665632
1
1
1
1
1
0.999583185125378
1
0.999891321482163
1
1
1
1
0.998045326789842
0.923725968918152
1
1
1
0.994121311062772
0.867126629297874
1
0.896874577584051
0.962547824667285
1
1
1
1
1
1
1
1
1
1
1
0.986584544734055
1
1
0.997144219783319
0.886491798400321
1
0.970850727150222
1
1
0.92943335059829
1
0.996848889923763
1
0.973780708799284
1
1
1
1
0.931092163135847
1
1
1
0.975903971998641
1
1
1
1
1
1
1
0.922161270128522
1
1
1
0.971673450967856
1
1
1
1
1
1
1
1
1
1
1
1
1
1
1
1
1
0.951395474328207
1
1
1
1
1
1
1
1
0.997346643883901
1
1
1
1
1
1
1
1
1
1
1
1
1
1
0.878698431961284
0.948135970623892
1
1
1
1
0.950661925035544
1
1
1
0.93249608154386
1
0.961439285054641
1
1
0.994306131190247
1
1
1
1
1
0.996025573505705
1
1
1
0.963296887344567
1
0.968674048137921
1
1
1
0.93249608154386
1
0.982970226106824
1
1
0.990567510841427
1
1
1
0.980129944568011
1
1
0.989074270743362
1
1
1
0.986343138865116
0.997961400151554
1
0.918251096439429
1
1
1
0.994529440712166
0.98733210154453
1
1
1
0.93464938962451
1
0.994956307885304
1
1
1
1
1
0.999804130141997
1
1
1
1
1
1
1
1
1
0.92943335059829
1
1
0.998213765947337
1
1
0.999891321482163
1
0.98483845604914
0.974063607597401
1
1
1
0.980608484584403
1
1
1
1
1
0.99411688684255
1
1
1
0.546155919504638
6.32246215784444e-05
1
1
1
1
1
0.953806055173954
1
1
1
1
1
1
0.964599104426435
1
1
1
1
1
1
1
0.961272881954405
1
1
1
1
1
0.9399215527878
1
1
1
1
0.996962009477694
1
0.967919131606798
1
1
0.982026137586069
0.971964762260991
1
1
0.890353875189497
1
1
0.905233283966467
0.998045326789842
1
1
1
1
1
0.996930749295003
0.962547824667285
1
1
1
1
1
0.995519918783485
1
0.827167605828773
0.904260236074987
1
1
0.999804130141997
1
1
1
1
1
1
1
0.93618456640546
1
1
1
1
1
1
1
1
1
1
0.874513245774738
1
1
1
1
0.995119976938519
1
1
1
1
1
1
1
1
1
1
0.963527791673788
1
1
1
1
0.983030168038603
0.983644198252062
0.998213765947337
1
1
1
1
0.995519918783485
1
1
1
1
1
1
0.975903971998641
1
1
1
1
0.9924834870694
1
1
0.957727232470559
1
0.991093229746336
1
1
1
0.948724855987584
0.825689436427059
1
1
1
1
1
1
1
1
1
1
1
0.989596379554688
1
1
1
1
1
0.978005955643014
1
1
1
1
1
1
1
0.99971289541171
1
1
1
1
1
1
1
1
1
0.971964762260991
1
1
1
1
0.911860974259281
1
1
1
1
1
1
1
1
1
1
1
1
1
0.90560825752877
1
0.981185159614604
1
0.963752447911367
1
1
1
1
1
0.990805838952544
1
1
1
1
1
1
0.973870630331227
1
1
1
1
0.971964762260991
1
1
0.996783776663744
1
1
1
1
1
1
1
1
1
1
0.996783776663744
0.907867485379462
1
1
1
1
1
1
1
0.945895354421753
1
1
1
0.995058092471645
1
1
1
1
1
1
1
1
0.893704531127887
0.897182905823694
1
1
1
1
0.996080660815857
1
0.930590960194114
1
0.909636899200768
1
1
1
1
1
1
0.986069502885607
1
0.792160761723452
1
1
1
1
1
1
1
0.927916839610361
1
1
1
1
1
1
1
1
1
1
0.963412787442704
1
1
1
1
1
1
1
0.969653918227715
0.97897322670921
1
1
1
1
1
1
1
1
1
1
1
1
0.944349344969879
1
0.837150304406954
1
1
1
1
1
0.933834919670575
1
0.882704617667157
1
1
1
0.966699064199939
0.964169561647562
1
1
1
1
1
1
1
1
1
1
1
1
1
1
1
1
1
1
1
1
1
1
1
1
1
1
1
1
1
1
1
1
1
0.996452478542691
1
1
0.839106875387705
1
1
0.830700477128632
1
1
1
1
1
1
0.925036231391108
1
0.694025147413729
1
1
1
1
0.963752447911367
1
1
1
1
1
0.982393046428675
1
1
1
0.932197305743933
1
1
0.963752447911367
0.996930749295003
1
1
1
1
1
1
0.983398999628752
1
0.980608484584403
1
0.929726925462973
0.999974225200828
1
1
1
1
1
1
1
1
1
1
1
1
1
0.999360896086331
0.922961143132494
1
1
1
1
1
1
1
1
1
1
1
1
1
1
1
1
1
1
1
1
1
1
1
1
1
1
1
1
1
1
1
0.947338238360957
1
1
1
1
1
1
1
1
1
1
1
0.996080660815857
1
1
1
1
1
1
1
1
1
0.965785918744327
1
1
1
1
0.997502566854914
1
1
1
1
0.996080660815857
0.989596379554688
1
1
1
1
1
1
1
1
1
1
1
1
1
1
1
1
1
1
1
0.996848889923763
1
1
0.971673450967856
1
1
1
0.963296887344567
0.996025573505705
1
0.971964762260991
1
0.991646779224063
1
1
0.890353875189497
1
1
1
1
1
1
1
1
1
1
1
1
1
1
1
1
1
1
1
1
1
0.930094881102719
0.991488012280936
1
0.918108408032719
1
1
1
1
1
1
1
1
1
1
1
1
1
1
1
1
1
1
1
1
1
1
1
1
1
1
1
1
1
1
1
1
0.994607042945165
1
1
1
1
0.987084093519328
1
0.925036231391108
1
1
1
1
0.997502566854914
1
1
1
1
1
1
1
0.994607042945165
1
1
1
1
1
1
1
0.934218776368799
1
1
1
1
1
1
1
1
1
1
0.93249608154386
1
1
1
1
1
1
0.98733210154453
1
1
1
1
1
1
1
1
1
1
1
1
1
1
1
1
1
1
1
1
1
1
1
1
1
1
1
1
1
1
1
1
1
1
1
1
1
1
1
1
1
0.901786952291718
1
1
1
0.77502050386824
1
1
1
1
0.950661925035544
1
1
1
1
1
1
1
1
1
1
0.962547824667285
0.995058092471645
0.972427464590081
1
1
1
1
1
1
1
1
1
1
1
1
0.998995129551882
1
0.981313502208275
1
1
1
1
1
1
0.999974225200828
0.933251074464135
1
1
1
1
1
0.923584622573712
1
1
1
1
1
1
1
0.990986967244738
0.995119976938519
1
1
1
0.912320130237049
1
1
1
1
1
1
1
1
1
1
1
1
1
1
1
1
1
1
1
1
1
1
1
0.904067718340072
1
1
1
1
1
0.983030168038603
1
1
1
1
0.876882882326878
1
1
1
1
1
0.985576027565852
1
1
1
1
0.997961400151554
1
1
1
1
1
0.981289528166649
1
1
1
1
1
1
1
1
0.999615550128012
1
1
1
1
1
1
1
1
1
0.982393046428675
1
1
1
1
1
1
0.944329669597479
1
0.95532621256666
1
1
1
1
1
1
1
1
0.991093229746336
1
1
0.985958556569948
1
1
1
1
1
0.903140611765549
0.834718688216258
1
1
1
1
1
1
1
1
1
1
0.977795121625872
1
1
1
0.888651273220064
1
1
1
1
1
1
0.987181993884491
0.938649497359619
0.996389188581617
1
1
1
1
1
1
1
1
1
1
1
1
0.979395691978789
1
1
1
1
1
0.862033923977515
1
1
0.910435776848851
0.906600722923744
1
1
0.999891321482163
1
1
1
1
1
1
1
0.966381344382399
1
0.945895354421753
1
1
1
1
0.947504194171489
1
1
0.912320130237049
0.992683827176078
0.992990677968968
1
1
1
1
0.94576788855767
1
1
1
1
1
0.946690543157879
1
1
0.96968083719932
1
1
1
1
1
1
1
1
1
1
1
1
1
1
1
1
1
0.995397687418148
1
1
1
1
1
1
1
1
1
1
1
1
1
0.720205585825206
0.913499620667091
1
0.997144219783319
1
1
0.973780708799284
1
1
1
1
1
0.930236289722702
0.997144219783319
1
1
1
1
1
1
1
0.986584544734055
1
1
1
1
1
1
1
1
1
1
1
1
1
1
1
1
0.923971915520683
1
1
1
1
1
1
1
1
1
1
1
0.774756746325498
1
1
1
1
1
1
1
0.99465634395069
1
1
1
1
1
1
1
1
1
1
1
1
1
1
1
1
1
1
1
1
1
1
1
1
1
1
1
1
1
1
1
1
1
1
1
1
0.921819876476788
1
1
0.950141614800293
1
1
0.988095839297055
1
1
1
1
1
1
0.951753593851216
1
1
1
1
1
1
0.961811338089383
1
1
1
1
1
1
1
0.950389020258621
1
1
1
0.991478433031509
1
1
0.917692007109812
0.989074270743362
1
1
1
0.980129944568011
1
1
1
1
1
1
1
1
1
1
1
0.995342214208895
1
1
0.595544434325227
0.875374104275032
1
0.922055301730636
1
1
1
1
1
0.956281981562943
1
1
0.948135970623892
1
1
1
1
0.951753593851216
1
1
0.970837572790102
1
1
1
0.914898868307187
0.953580759871536
1
0.703636952254241
1
1
1
1
1
1
1
1
1
1
1
0.943297551559978
1
1
1
0.862382612082659
1
1
1
1
1
1
1
0.995397687418148
1
0.970441476244846
1
1
1
1
1
1
1
1
0.9924834870694
1
1
1
0.927309586603412
0.938890356165902
1
0.986069502885607
1
0.970837572790102
0.76288935623932
1
1
0.983398999628752
1
1
1
1
0.961811338089383
1
1
1
1
0.975359341426471
1
1
1
1
1
0.85029472357076
1
1
1
1
1
1
1
1
1
1
1
1
0.991478433031509
1
1
1
1
1
1
1
1
1
0.916988558404841
1
1
0.900849759217999
1
1
1
1
1
0.927916839610361
1
1
1
1
1
1
1
1
1
1
1
1
0.991478433031509
1
1
1
1
1
1
1
0.950172793182776
1
1
1
1
1
1
1
1
1
1
1
1
1
1
1
0.917054174842865
1
1
1
1
1
1
1
0.82627782185813
1
0.953852922036433
1
1
0.907867485379462
1
0.996634617327612
1
1
1
1
0.92796163115717
1
1
1
1
1
1
0.930094881102719
1
1
0.998995129551882
1
1
1
1
1
1
0.982026137586069
1
1
0.995700599747749
1
0.995700599747749
1
1
1
1
1
1
0.541838873530476
1
1
1
1
1
1
1
1
1
1
1
1
1
1
1
1
1
1
0.911086759787806
1
1
1
1
1
1
1
0.989817209819706
1
1
0.998045326789842
1
1
1
1
0.982030941023621
1
1
1
1
1
0.977898061292856
1
0.918573654609365
1
1
1
1
1
0.99523495211536
1
1
1
1
1
0.974843050651725
1
1
1
1
1
1
1
1
0.971725579839944
1
1
0.950141614800293
1
1
0.921600247690366
1
1
1
1
1
1
1
1
0.912320130237049
1
1
1
0.9924834870694
1
1
1
0.977795121625872
0.973788721251071
1
1
1
1
1
1
0.975782470188497
1
0.991079230104905
0.976103983928012
1
1
0.942476463826282
1
1
1
0.993269325759501
1
1
1
1
1
0.942476463826282
1
1
1
1
0.991638096820585
1
1
1
1
0.996930749295003
1
1
1
1
1
1
0.995519918783485
1
1
1
1
0.958637549562765
1
1
1
1
1
1
1
1
1
1
1
1
0.999639134608572
1
1
1
1
0.894250609323185
0.910410188938264
1
1
1
0.999974225200828
1
1
0.998213765947337
1
1
1
1
1
1
1
1
1
1
1
1
1
1
1
1
0.947504194171489
1
0.983644198252062
0.90486384325429
1
1
0.966699064199939
1
1
1
1
1
1
0.99971289541171
1
1
0.889362901798395
1
1
0.957772669196371
1
0.949750558685198
1
0.981035683464086
1
1
1
0.897182905823694
0.909800402213673
1
0.934320360626837
1
1
1
1
1
1
1
0.995519918783485
1
1
1
1
1
1
1
1
0.970837572790102
1
1
1
0.975470593226666
0.999804130141997
1
1
1
1
1
1
1
0.62945562289745
0.989925751692189
0.989925751692189
0.986927661511252
1
1
1
1
1
0.962995605429183
1
0.99523495211536
1
0.974063607597401
1
1
1
1
0.991281313652854
1
1
1
1
1
1
1
0.942538313322956
1
1
1
1
1
0.993265062501751
0.879689418654918
1
1
1
1
1
1
1
1
0.943297551559978
1
1
1
0.950141614800293
0.984854759303711
0.999615550128012
1
1
1
1
1
0.896874577584051
1
1
1
1
1
0.925057929985462
1
1
1
1
1
0.996888474224302
1
1
1
1
1
1
1
1
1
1
1
1
1
1
0.931092163135847
1
1
1
1
1
1
1
1
0.984854759303711
0.694677128044522
1
0.995700599747749
1
0.947450193602694
1
1
1
1
1
0.776795115198233
1
1
1
1
1
1
1
1
1
1
1
1
1
1
1
0.970011345715604
1
0.93464938962451
1
1
1
1
1
1
1
1
1
0.882084126060527
1
1
1
1
1
1
1
1
1
1
1
1
1
1
1
1
1
1
1
0.909636899200768
0.93464938962451
1
1
0.980608484584403
1
1
1
1
0.996783776663744
1
1
0.948009310378719
1
1
1
1
1
1
1
1
1
1
1
1
1
1
1
1
1
1
1
1
1
1
1
1
1
1
1
1
1
1
1
1
1
0.979679860688715
1
1
1
1
1
1
1
0.986857703724253
1
1
1
1
1
0.7477642505878
1
1
1
1
0.812719051774838
1
1
0.930954481069185
1
1
1
0.969653918227715
1
1
1
0.99472319371448
0.894250609323185
1
1
1
1
0.995342214208895
1
1
1
0.912320130237049
1
1
1
0.975919465684293
1
1
1
1
1
1
1
1
1
1
0.989074270743362
0.946847501182955
0.974185616324252
1
1
1
1
1
1
1
1
1
1
1
1
1
1
1
0.980129944568011
1
1
0.844305394517493
1
1
0.964169561647562
1
1
1
1
0.980754292524116
1
1
1
1
1
1
0.90560825752877
1
1
1
1
1
1
1
1
1
1
0.98733210154453
1
1
1
1
1
1
0.919098151594203
0.922961143132494
1
0.99870257003818
1
1
1
0.962547824667285
1
1
0.873813333092584
1
1
1
1
0.922714277251038
1
1
1
1
1
1
1
1
1
1
1
1
1
1
1
1
1
1
1
1
1
1
1
1
1
1
0.987442034318001
1
1
1
0.983480203612077
0.89734536811813
1
0.925449811308052
1
0.984779716601705
0.881939146170411
1
0.993006487280828
1
1
1
1
1
0.976278226824801
1
1
1
1
1
1
1
1
0.936163525656441
1
1
1
1
1
1
1
1
1
1
1
1
1
1
1
1
1
1
0.991646779224063
1
0.970829708130035
1
0.987181993884491
1
1
1
1
0.995519918783485
1
1
1
1
1
1
0.997961400151554
1
0.956281981562943
1
1
1
1
1
1
1
1
1
1
1
0.987410686229094
1
0.983030168038603
1
1
0.999360896086331
1
0.988853450260323
1
1
1
1
1
1
1
0.900318143683021
1
1
1
1
1
1
1
1
1
0.919687160622374
0.92868190673345
1
1
0.940711124015496
1
0.99472319371448
0.994306131190247
1
1
1
1
1
1
1
1
1
0.92868190673345
1
1
1
1
1
1
1
1
0.927309586603412
1
1
1
1
1
1
1
1
1
1
1
1
1
1
0.999891321482163
1
1
1
1
1
1
1
0.989596379554688
0.992896797251975
1
1
1
1
0.981289528166649
1
1
1
1
1
1
1
1
1
1
1
0.973870630331227
1
0.977127613384861
1
1
0.970441476244846
0.993772078660953
1
1
1
1
1
1
1
0.996848889923763
1
1
1
1
1
1
1
1
1
0.983480203612077
1
1
0.936519323560616
1
0.94576788855767
1
1
1
0.999974225200828
1
1
1
0.996371339865052
1
0.92868190673345
1
1
1
1
1
1
1
0.884634285331605
1
1
0.942243562449122
1
0.995108893114118
1
1
1
1
1
1
1
1
1
1
1
0.987937975475285
1
1
0.992000047588528
1
1
1
1
1
1
0.932552575936984
0.987084093519328
1
1
1
1
1
1
0.985007803599251
1
0.883965289691128
1
1
1
1
1
1
1
1
1
0.90458345024378
1
1
1
1
0.998045326789842
1
1
1
0.805976759857815
1
1
1
1
1
1
1
0.68994222957956
1
1
0.995519918783485
1
1
1
0.992785819034005
1
1
1
1
1
0.990567510841427
1
0.855170937795792
0.909507338731532
0.989112532155986
0.986359319717116
1
1
1
0.938585922398888
1
0.985054964791378
1
1
1
1
1
1
1
1
0.9924834870694
1
1
1
1
1
1
1
0.925036231391108
1
0.982616039730289
1
1
1
1
1
1
1
1
1
1
1
1
1
1
0.997502566854914
1
1
1
1
0.910388000473851
0.94576788855767
0.974063607597401
1
1
1
1
1
1
1
1
0.9399215527878
1
1
1
1
1
1
1
1
1
1
1
0.848670350297228
1
1
1
1
0.963296887344567
1
0.93320360291943
1
1
1
0.947338238360957
1
1
0.96968083719932
1
1
1
1
1
1
1
1
1
0.981313502208275
1
1
1
1
1
1
1
0.989925751692189
1
1
1
0.948724855987584
1
1
1
1
1
1
1
0.957727232470559
0.882586438455073
1
1
1
0.907867485379462
1
1
1
1
1
0.99870257003818
1
1
1
1
1
1
0.982616039730289
1
0.803827640008102
1
0.98187479967003
1
0.976278226824801
1
0.907240501875614
1
1
1
1
0.957772669196371
1
0.948724855987584
1
1
1
1
1
1
1
0.947450193602694
0.973780708799284
1
1
0.871863237217507
1
0.993269325759501
1
1
1
1
1
0.939932186254524
0.995327791602751
1
0.993269325759501
1
1
1
1
1
0.933834919670575
1
1
1
1
1
0.947504194171489
0.926793376830397
1
1
1
1
1
1
1
1
1
0.922055301730636
1
1
1
1
1
0.853016083172545
1
0.984779716601705
1
1
1
1
1
1
1
1
1
0.905358458132634
1
1
1
1
1
0.999639134608572
1
1
1
1
1
1
1
1
1
1
1
1
1
1
0.997961400151554
0.905358458132634
1
0.929726925462973
1
1
0.918108408032719
0.934027171281296
1
1
0.949718895386699
1
0.963752447911367
1
1
1
1
0.996080660815857
1
1
1
1
1
1
1
1
1
1
1
1
1
1
0.994134901075373
1
0.997346643883901
1
0.975782470188497
1
1
1
0.986069502885607
0.912689775417019
0.976278226824801
1
0.896488203675981
1
1
1
1
1
1
1
1
0.927916839610361
1
1
1
1
1
1
1
1
1
1
1
1
1
1
1
0.996025573505705
0.997346643883901
1
0.910410188938264
0.997502566854914
1
1
0.912320130237049
1
1
1
1
1
1
0.991079230104905
1
1
1
1
1
1
1
1
1
1
0.985958556569948
1
1
1
1
0.982026137586069
1
1
0.995119976938519
1
1
1
1
0.997502566854914
1
1
0.989112532155986
0.963296887344567
1
1
1
1
1
1
1
0.89190908120793
1
1
1
1
1
1
0.965785918744327
1
1
1
1
0.924051619620818
1
1
1
1
1
1
1
1
1
1
1
1
1
1
1
1
1
1
1
1
1
1
1
1
1
1
1
1
1
1
1
1
1
1
1
1
1
1
1
1
1
1
1
1
1
1
1
0.900849759217999
1
1
1
0.957727232470559
0.862382612082659
1
1
1
1
1
1
1
1
0.995795653763736
1
1
1
1
1
1
1
1
1
1
1
1
1
1
1
1
1
1
1
1
1
0.997144219783319
1
1
0.995108893114118
1
1
1
1
1
0.999891321482163
1
1
0.927916839610361
1
1
1
1
0.980459510262988
1
1
1
1
1
0.969653918227715
0.974063607597401
1
0.998213765947337
1
1
1
1
0.994956307885304
1
1
1
1
1
0.987937975475285
0.997144219783319
1
1
1
0.963296887344567
1
1
0.979350550989399
1
1
1
1
1
1
1
1
1
1
0.912280112246695
1
0.993772078660953
1
1
1
0.953852922036433
1
1
1
1
0.891891596860323
1
0.989925751692189
1
0.995119976938519
1
1
1
1
1
0.99430656692662
1
1
1
1
1
1
1
0.828959383698777
1
1
1
1
0.985576027565852
1
1
1
1
1
1
1
1
1
1
1
0.961272881954405
1
1
0.957727232470559
1
1
1
1
1
1
1
1
1
0.997961400151554
0.987181993884491
1
1
0.873371667144053
1
1
1
1
1
1
1
1
1
1
0.924051619620818
1
1
1
0.891298240633726
0.995663533854961
1
1
1
1
1
1
1
1
0.905233283966467
1
0.9399215527878
1
1
0.945728288818523
1
1
1
1
0.791459902710519
1
0.989817209819706
1
1
1
1
1
0.94576788855767
1
1
1
1
0.923584622573712
0.995795653763736
1
0.985958556569948
1
1
0.897408598371113
1
1
1
1
1
1
1
1
0.78971856570209
1
0.966914641448679
1
1
0.986269509117997
1
1
1
1
1
1
1
1
1
1
1
1
1
1
0.962547824667285
1
1
1
1
1
0.969653918227715
1
0.985576027565852
1
1
0.999379512462945
1
1
1
1
1
0.970850727150222
1
0.933251074464135
1
1
1
1
1
1
0.992792766474758
0.981313502208275
1
1
0.960833305665632
1
1
0.923725968918152
1
1
1
1
1
1
1
1
1
1
1
1
1
1
1
1
1
1
1
1
0.894626339067775
1
0.995058092471645
1
1
1
1
1
1
0.970829708130035
1
1
1
1
1
0.970829708130035
1
1
0.958637549562765
1
0.986359319717116
1
0.861227708662167
1
1
1
1
0.94576788855767
0.977127613384861
1
1
1
1
0.912193184420844
1
1
1
1
1
1
1
1
1
1
1
1
1
1
0.994121311062772
1
1
1
1
1
0.970850727150222
1
1
1
1
1
1
1
1
1
1
0.996930749295003
0.947504194171489
1
0.989925751692189
0.8313515551849
1
0.98483845604914
0.974185616324252
0.986927661511252
1
1
0.975903971998641
1
1
1
1
1
1
1
1
1
1
1
1
1
1
0.996783776663744
1
1
0.874513245774738
1
1
1
1
1
1
1
1
1
1
1
1
1
0.887072420398942
1
0.864955068332691
1
0.978005955643014
1
1
1
1
1
1
1
1
0.995108893114118
1
1
0.962547824667285
1
1
1
1
1
1
1
1
1
1
1
1
1
1
1
1
1
1
1
1
1
1
1
1
1
1
1
1
1
1
1
1
1
1
1
0.949372418449183
1
1
1
1
1
1
1
1
1
1
1
1
1
1
1
1
1
1
1
1
1
0.996930749295003
1
1
1
1
1
1
1
1
1
1
1
1
1
1
0.973788721251071
1
1
1
1
1
0.91926568801275
1
1
1
1
1
1
1
1
1
1
0.987272265794524
1
1
1
0.96815161333813
0.951677933273052
1
1
1
1
0.963527791673788
1
1
1
1
1
1
0.908993290641636
1
1
1
1
0.897408598371113
1
1
1
0.923971915520683
1
1
1
1
1
0.808335088567067
1
1
0.977898061292856
1
1
1
0.972345579274601
1
1
1
1
1
1
1
1
1
1
1
1
1
1
0.875828481202713
0.981313502208275
1
1
1
1
1
1
1
1
1
1
1
1
1
1
0.964981334103871
1
1
0.681771014245239
1
1
1
1
1
1
0.925057929985462
1
1
1
1
1
1
1
1
1
1
0.932552575936984
1
0.987023733571516
1
1
1
1
0.981313502208275
1
1
1
1
1
1
1
1
0.996080660815857
1
1
0.96681850158171
1
0.92943335059829
1
1
1
0.979395691978789
0.922962872763133
1
1
0.994297129664834
0.996025573505705
1
0.995119976938519
1
1
1
1
0.979652585962455
1
0.886904381866718
0.970837572790102
1
1
1
1
0.662583271070451
1
1
1
1
1
0.983644198252062
1
1
1
1
1
1
1
1
0.912856783344129
1
0.987410686229094
0.980129944568011
1
1
1
1
0.922961143132494
1
1
1
0.683131790339709
0.996962009477694
1
1
0.924854364683541
1
1
1
1
1
1
1
1
0.981313502208275
0.885794451021737
1
0.99961766852156
1
0.799368757779406
1
1
1
0.952210881246134
0.910388000473851
0.958637549562765
0.94576788855767
0.987272265794524
1
1
1
1
1
0.980129944568011
1
1
1
1
1
1
1
0.970837572790102
1
1
1
1
1
1
1
1
1
1
0.825963854545179
1
1
1
1
1
1
1
1
1
1
0.99523495211536
1
1
1
1
0.930590960194114
1
1
1
1
1
1
0.99971289541171
0.995519918783485
0.967086502358548
1
1
1
1
1
1
1
1
1
1
1
1
1
1
1
1
1
0.976278226824801
1
1
1
1
1
0.902706360649743
1
1
0.977127613384861
1
1
1
1
1
0.938341119339878
1
1
1
1
0.975903971998641
1
1
1
1
1
1
1
1
1
1
1
1
1
1
1
1
0.996080660815857
1
1
1
1
0.989817209819706
0.928306666274887
1
1
1
1
1
1
1
1
1
1
1
1
1
1
1
1
1
0.970840754585436
1
0.933251074464135
1
1
1
1
1
1
1
1
1
1
1
1
0.910388000473851
0.93464938962451
0.994306131190247
1
1
1
1
0.985498893154455
0.97534059739178
1
1
0.91926568801275
1
1
1
0.994607042945165
1
1
0.99430656692662
0.992785819034005
1
1
1
1
1
0.996783776663744
1
1
1
0.947338238360957
1
1
0.930236289722702
1
0.973788721251071
0.9911700339748
1
1
1
1
1
0.939580045342649
1
1
1
1
1
1
1
1
1
0.90560825752877
1
0.960833305665632
1
1
1
1
1
1
0.993772078660953
1
1
1
0.821005364080141
1
1
1
1
1
1
1
1
1
1
1
1
1
1
1
1
1
1
1
1
0.971982402566231
1
1
1
1
1
0.957727232470559
1
1
1
1
1
1
0.993006487280828
1
1
0.894250609323185
1
1
0.996634617327612
1
1
0.96968083719932
1
1
1
1
1
1
1
0.99870257003818
1
1
1
1
1
0.911086759787806
0.991281313652854
1
1
1
1
1
0.980045701304815
1
1
0.99523495211536
1
1
1
1
1
1
0.968961947185309
0.957772669196371
1
1
1
1
1
1
1
0.976361584619563
1
1
1
1
1
1
1
1
1
1
1
1
0.904566358438189
1
1
1
1
1
1
1
0.986359319717116
1
1
0.763678504664698
1
1
1
1
1
0.933251074464135
1
1
1
1
1
1
1
1
1
0.970850727150222
1
1
1
1
0.976361584619563
1
0.926793376830397
1
1
0.93464938962451
1
1
0.992990677968968
1
1
1
1
1
0.948135970623892
0.969561005409491
1
1
1
1
0.932197305743933
1
0.92868190673345
1
1
1
1
1
1
1
1
1
1
1
1
1
1
1
1
1
1
1
1
0.982393046428675
1
1
0.946847501182955
1
0.996848889923763
1
1
1
1
1
1
1
1
0.970837572790102
1
1
1
1
0.903140611765549
1
1
1
1
1
1
1
1
1
0.964169561647562
1
1
1
0.935017041592782
1
0.93249608154386
1
1
1
1
1
1
1
0.862382612082659
1
1
0.901423744747175
1
1
0.989972804530973
1
1
0.999583185125378
1
0.99523495211536
1
1
0.972345579274601
1
1
0.99430656692662
1
1
0.993772078660953
1
1
1
1
1
1
0.96681850158171
1
0.977744418630516
1
0.998995129551882
1
0.977898061292856
1
0.906600722923744
1
1
1
0.990805838952544
1
1
0.997346643883901
0.93464938962451
1
1
0.986886987447591
0.99465634395069
1
1
0.927916839610361
0.990986967244738
1
1
1
1
0.928306666274887
1
1
1
0.99472319371448
1
1
1
1
1
1
0.991281313652854
1
1
1
1
0.987084093519328
0.892202297604091
1
1
1
1
1
1
1
1
1
1
1
0.960386906038656
1
1
1
1
1
0.991478433031509
1
1
1
1
1
1
1
1
1
1
0.99523495211536
1
1
0.865412127416601
1
1
1
1
1
0.962547824667285
1
1
1
1
1
0.912856783344129
1
1
1
1
1
1
0.944349344969879
1
0.907867485379462
1
1
1
1
1
0.99472319371448
1
1
1
1
1
1
0.963296887344567
1
1
1
1
1
1
1
1
1
1
1
1
1
0.825767564780331
0.989596379554688
1
1
0.996930749295003
1
0.971673450967856
1
1
1
0.991281313652854
1
1
1
1
1
1
1
1
1
1
1
1
1
0.9399215527878
1
1
1
1
1
1
1
1
0.989074270743362
1
1
1
1
1
1
1
1
0.995327791602751
1
1
0.873267591254917
1
1
1
1
0.975903971998641
1
1
1
1
1
1
0.591919501875157
1
0.939580045342649
1
1
1
1
1
1
1
1
1
1
0.929731985126425
0.970837572790102
1
1
1
1
1
1
1
1
1
1
0.995524642783893
1
1
1
1
1
0.982393046428675
1
1
1
1
1
1
0.924051619620818
1
1
1
1
0.99971289541171
1
1
1
0.980520343081319
1
1
1
1
1
1
1
0.992706304921726
1
1
1
1
1
1
1
1
1
1
1
1
0.977898061292856
1
1
0.839009382918186
0.987442034318001
0.988095839297055
1
0.981242657064547
0.997961400151554
0.763848760471426
1
1
1
1
0.997502566854914
1
0.685640036251794
1
1
1
1
1
1
1
1
1
1
1
1
1
1
1
1
1
1
1
1
0.946847501182955
0.949750558685198
0.916285744474368
1
1
1
1
1
1
1
1
1
1
0.975470593226666
1
1
1
1
1
1
1
1
0.987181993884491
1
0.94576788855767
1
1
0.905087932133344
1
1
1
0.988095839297055
1
1
1
1
1
1
0.977127613384861
0.999360896086331
1
1
1
1
0.948724855987584
1
1
0.946847501182955
1
1
1
1
1
1
0.977898061292856
1
0.994956307885304
1
1
1
1
1
0.985958556569948
1
1
0.934048398148251
0.89844013677018
1
1
1
1
1
0.997502566854914
1
1
1
1
1
0.8099322883874
1
1
1
1
0.944055218646041
0.97534059739178
0.867126629297874
1
0.995464424677326
1
1
1
1
1
1
1
1
1
0.922055301730636
1
0.992990677968968
0.966699064199939
1
1
1
1
1
1
1
1
1
0.946847501182955
1
1
0.980045701304815
0.96681850158171
0.851625162815949
1
1
0.951753593851216
0.99430656692662
1
1
1
1
1
1
1
1
1
1
0.999891321482163
0.987937975475285
1
1
1
1
0.873793188163255
1
1
0.9580442968897
0.515207168625321
0.783497218646911
1
1
1
0.895764290805298
1
0.995519918783485
1
1
1
1
1
1
1
1
1
1
1
1
0.989925751692189
1
0.977127613384861
1
1
1
1
1
1
1
0.97897322670921
0.867920300686763
1
0.980608484584403
1
1
1
0.923725968918152
1
1
1
1
1
0.906600722923744
1
1
1
1
1
1
1
1
1
1
1
1
1
1
1
1
1
1
1
1
1
1
1
1
1
1
1
0.961439285054641
1
1
1
1
1
1
1
1
1
1
0.824802137725096
1
1
1
1
1
1
1
0.999360896086331
1
1
1
1
1
1
1
1
1
1
0.988853450260323
0.986857703724253
1
1
1
1
1
1
1
1
1
1
1
1
1
0.996848889923763
0.986343138865116
1
1
1
1
0.93249608154386
1
1
1
1
1
1
1
0.889076823793967
1
1
1
1
1
1
0.986343138865116
1
0.997961400151554
0.995073238145988
1
1
1
1
1
1
0.987272265794524
1
1
0.982393046428675
1
1
1
1
1
1
1
1
1
1
0.922055301730636
1
1
1
0.875185088146207
1
1
1
0.925064251754048
1
0.968956703053911
1
1
1
1
1
1
1
1
1
1
1
1
1
1
1
0.999583185125378
1
1
1
1
1
1
1
1
1
0.999974225200828
1
1
1
1
1
1
1
0.992683827176078
1
1
1
0.948135970623892
0.992990677968968
0.993269325759501
1
1
0.950051769582815
1
1
1
1
1
1
1
0.926793376830397
1
1
1
1
0.94576788855767
1
1
1
1
0.963296887344567
1
1
1
1
0.975359341426471
0.930954481069185
0.923046603212004
0.930236289722702
1
1
1
1
1
1
1
1
0.948724855987584
1
1
1
0.979679860688715
1
1
1
1
1
1
1
1
0.880490179992252
1
1
1
1
1
1
1
1
1
1
1
1
0.996962009477694
1
1
1
1
1
1
1
1
0.934218776368799
0.999974225200828
1
1
0.974957369089562
1
1
1
1
1
1
1
1
1
1
1
1
1
0.865412127416601
1
0.976278226824801
1
1
1
0.930094881102719
1
1
1
1
1
1
0.99430656692662
1
1
1
1
1
1
0.994093297949784
1
1
1
0.98483845604914
1
1
0.825278615705735
1
0.873793188163255
0.994121311062772
1
1
1
0.966699064199939
1
1
1
1
1
0.995700599747749
1
1
1
1
1
1
1
1
1
1
1
0.988095839297055
1
1
1
1
1
1
1
1
1
0.9101340472279
1
1
1
0.991865404924642
0.93464938962451
1
0.905233283966467
1
1
1
0.832204050366944
1
1
1
1
1
1
0.903140611765549
1
1
1
1
1
1
1
1
1
1
0.979395691978789
1
1
1
1
0.999639134608572
1
0.996930749295003
1
1
1
1
0.936519323560616
0.995058092471645
1
0.979679860688715
1
1
0.963527791673788
1
1
1
1
1
1
0.86112767811739
1
1
1
1
0.899967783121021
1
1
1
1
0.951753593851216
1
1
0.991488012280936
1
1
1
1
1
1
1
1
1
1
1
1
1
1
1
1
1
1
1
1
1
1
1
1
1
1
1
1
1
1
1
0.912689775417019
1
0.908993290641636
1
1
1
1
0.846706554154452
0.995795653763736
1
1
0.916988558404841
0.981185159614604
0.764007380655176
1
0.982393046428675
1
1
0.936163525656441
0.938890356165902
1
1
0.997144219783319
0.73438846151587
1
0.812719051774838
1
1
1
1
0.897182905823694
1
1
1
1
0.987181993884491
0.90541688755671
1
