x
1
1
1
1
1
1
1
1
1
1
0.998342694669304
1
1
1
1
1
0.999267838984089
1
0.99840262268442
1
1
1
1
1
1
1
0.996679366057113
1
1
1
1
0.890569215067188
1
1
0.996506109706084
1
1
1
1
1
0.925319620573543
0.990811690695236
0.989887071592717
1
1
1
1
0.990836083232113
1
1
0.999999999674596
0.91851843380057
1
0.946106768557891
1
1
0.999173500009063
0.954836577680442
1
1
1
0.999375592209744
1
0.997495821881659
1
1
1
0.991231040038315
1
1
1
0.962269456690387
1
1
1
1
1
1
1
1
1
1
1
1
1
1
1
1
1
1
1
1
1
0.998553545114653
1
1
0.999606525737747
1
1
1
1
1
1
1
1
1
0.941022516393896
1
1
1
1
1
1
1
1
1
1
1
1
1
0.999871378483203
0.999148290858822
1
0.984075112860093
1
1
1
0.826134103236282
1
0.9893097609193
1
1
1
1
1
1
0.9953497444837
1
1
1
1
1
1
0.999335876374643
0.809249949052056
1
1
0.998186158595018
1
0.999182870727822
1
1
1
0.993249183677685
1
1
1
1
0.994250137744092
1
1
1
1
1
1
1
0.999773532446158
0.996817731426287
1
1
1
1
1
1
1
0.998186158595018
1
1
1
1
1
1
0.999250713272314
1
1
1
1
0.999456391793511
1
1
1
1
1
0.998335552324854
0.996664993300362
1
0.99857519510222
1
0.997704706550995
1
0.944250404362086
1
1
1
0.972108476116967
1
0.999182870727822
0.999237294213443
1
1
1
1
1
1
1
1
0.999267838984089
0.996654419283537
1
1
0.993062683561925
1
1
1
1
1
0.999018098449556
1
1
1
0.999208985451056
0.999999999992752
1
1
0.999674668542113
1
0.995899588449679
1
1
1
1
1
1
1
1
1
1
1
1
1
1
1
1
0.998079135676691
1
1
1
1
1
1
1
1
1
1
0.998937746317858
1
1
1
1
1
1
1
1
1
1
1
1
0.993249183677685
1
0.999550073623387
1
1
1
1
1
1
0.969798418014734
1
0.997877181830051
1
1
1
1
1
1
0.999999999901989
1
0.99900621481801
1
1
1
1
1
1
1
0.998042523641469
1
1
1
1
1
1
1
1
1
1
1
0.999501831399817
1
0.992394873291011
1
0.999295336863168
1
1
0.999104769718857
1
0.999719783786758
1
1
1
1
1
0.995847141165624
1
1
1
1
1
1
1
1
1
1
1
1
1
0.982002261504543
1
1
1
0.995086886631202
1
1
1
0.997633158832237
1
1
1
1
1
0.960736880886989
1
1
1
0.998594208749577
1
1
1
0.881670517737138
1
0.994920877689276
0.998580050826908
0.891608948313181
0.999148290858822
1
1
1
1
1
1
1
1
1
1
1
1
1
1
1
1
1
1
1
0.999081163412257
1
1
1
1
1
0.999237294213443
1
1
1
1
1
0.999620279238333
1
1
1
1
1
1
1
1
1
1
0.990217425031662
1
1
1
1
1
1
1
1
1
1
1
0.919160478276261
1
1
1
0.987978139643658
1
1
0.994542355205314
0.913795492343165
1
0.941188543447762
1
0.999018098449556
1
1
1
1
1
1
1
1
1
1
1
1
0.999018098449556
1
1
1
1
0.999501831399817
1
1
1
1
1
0.795778361213712
1
0.993939060076334
0.819419841320832
1
1
1
1
1
1
0.999219628293653
1
1
0.999702996831998
1
1
0.999608753709077
1
1
0.999159581963421
1
1
1
1
1
1
0.934089597945499
1
1
1
0.999295336863168
0.998851010714063
1
1
1
1
1
1
0.998903629727928
1
1
1
0.987221931885687
1
1
1
1
0.997862189670808
0.999999999901989
1
0.981109276960339
1
1
1
1
1
1
1
1
1
1
0.962269456690387
1
1
1
1
1
1
1
1
1
1
0.929895487184534
1
1
1
1
1
1
1
1
1
1
0.996528265466674
1
1
1
1
1
1
1
1
0.995521432112742
1
1
1
1
0.998116916585578
0.998273360850894
1
1
0.999456391793511
1
1
0.998739473343252
0.999229551850553
0.999999999995332
1
1
1
1
1
1
1
1
1
1
1
1
1
1
1
1
0.986026735574376
1
1
1
0.990921355134512
0.998257401122019
1
1
1
1
1
1
0.987437454747843
0.738383947707046
1
1
1
1
1
1
1
1
1
1
1
0.998427898438375
1
1
1
0.999593802193947
1
1
1
1
1
1
1
1
1
1
1
0.99840262268442
1
1
0.994341523949724
1
1
1
1
1
1
1
1
1
1
1
1
1
1
1
1
0.984075112860093
1
1
1
1
1
1
1
1
1
0.91851843380057
0.959110351300069
1
1
1
1
0.999182870727822
1
1
1
1
1
1
0.999300677968054
1
1
0.99999999987913
1
1
1
0.974118292761822
1
0.976741165677632
0.933710251554548
1
1
1
1
0.999898545563439
1
1
1
1
1
1
1
1
1
1
1
0.998504144536533
1
0.997593763879003
1
0.99840262268442
1
1
1
1
1
1
1
1
1
1
1
1
1
1
1
1
1
1
1
0.999018098449556
1
1
1
0.856381757865298
0.988944281772489
1
0.999999999953599
1
1
1
0.997495821881659
1
1
1
1
1
1
1
1
1
1
0.999347865320449
1
0.996605723084308
0.994919738714691
1
0.999373506710351
1
0.953488687030549
1
1
0.998687854951469
1
0.999182870727822
1
1
0.998600240530174
0.996526305206663
0.93645580876434
1
0.962447606063688
1
1
1
1
1
1
0.997356636882335
0.998335552324854
1
1
1
1
1
1
1
1
1
1
1
1
1
0.983147787520156
1
0.997954966570605
0.995789507119593
1
1
1
1
1
1
1
1
0.997558893392303
1
1
1
0.999124408769084
0.99855189505065
1
0.999062056141947
1
1
0.999020719606157
1
1
0.886630812448917
1
1
1
1
0.999300677968054
1
1
1
1
1
0.999466457635925
1
0.999104769718857
1
0.99870885442714
1
1
1
1
1
1
0.995847141165624
0.912050683309791
1
1
1
1
0.999078209909234
1
1
1
0.989887071592717
0.999999999839026
1
1
1
1
1
0.841976161070491
0.999159581963421
1
1
1
1
1
1
1
1
1
1
0.999104029754276
1
1
0.993249183677685
0.999373506710351
1
1
1
1
1
1
1
1
0.974891822581311
1
1
0.999620279238333
1
0.99968729929009
1
1
1
1
0.990771846102727
1
0.998427898438375
1
1
1
1
1
0.990772628819737
1
1
1
1
0.999821479991448
1
1
1
1
1
1
1
1
1
1
1
1
1
1
1
1
1
1
1
1
1
1
1
1
1
0.999375801353842
0.994146051470816
1
1
0.99968729929009
1
1
0.99711823370078
1
1
0.999845712739399
0.999999999963536
0.855447608030478
1
1
1
1
1
1
1
1
1
1
0.999898545563439
0.994341523949724
1
1
0.995847141165624
1
0.993939060076334
1
1
1
1
0.99857519510222
0.999999999571877
1
1
1
1
1
1
1
1
1
1
1
1
1
1
1
1
0.999508012986102
1
1
1
1
1
0.96625713906171
0.999182870727822
1
1
1
1
1
1
1
1
0.99999999976351
1
1
1
0.99857519510222
1
0.998580050826908
0.999655437267848
1
1
1
1
1
1
1
1
1
1
0.91851843380057
0.996817731426287
0.978855037521196
1
1
1
1
1
1
0.993903087249224
0.998560195641971
1
1
0.978855037521196
1
1
0.970849591171676
0.999104029754276
0.999508012986102
0.999182870727822
1
1
1
1
1
1
1
0.999999999901989
1
1
1
1
1
1
1
1
1
1
1
0.9953497444837
1
1
1
1
1
0.999159581963421
1
0.976741165677632
0.967945737619652
1
0.988121601512159
1
1
1
0.999300677968054
1
1
1
1
0.997371003348967
1
1
1
1
1
1
1
1
0.996554800411434
1
0.650051837009122
1
1
1
1
1
1
1
0.928330854195104
1
1
1
1
0.999267838984089
1
1
1
0.999182870727822
1
0.999375801353842
1
1
1
1
1
1
1
1
1
1
1
1
1
0.998915277258596
1
0.999093811291818
1
1
1
1
1
1
1
1
1
1
1
1
0.990771846102727
1
1
0.9993038929761
0.999132445815971
1
1
1
1
1
1
1
0.999798617407414
1
0.998044152539267
1
1
1
1
1
1
1
1
1
1
1
1
1
1
1
0.999501831399817
1
1
1
0.90865690111132
1
1
1
1
1
0.99968729929009
1
1
0.997633158832237
1
1
0.999550524171976
1
1
1
1
1
1
1
1
1
1
0.683312655343404
1
1
1
1
1
1
1
0.9988490378974
1
1
1
1
1
1
0.982332071875159
1
1
1
0.933485585650887
1
1
1
0.999159071045997
0.9993038929761
0.946106768557891
1
1
1
1
1
1
1
1
1
1
1
1
0.971654872396283
1
0.991622295261393
0.998559689211197
1
1
0.997787702241608
1
1
1
1
1
1
1
1
1
0.976453188959032
1
1
1
1
1
0.993391651967986
1
1
1
1
1
1
1
0.996132471677668
1
1
1
1
1
1
1
1
1
1
1
0.999600009324417
1
1
1
1
1
1
1
1
1
1
1
1
1
1
1
0.675101442093861
1
1
1
0.945863935941278
1
1
1
1
1
1
1
0.999229551850553
1
1
1
1
1
1
0.996018263335208
1
1
1
1
1
1
1
1
0.998722316413422
1
1
1
1
1
1
0.999999999901661
0.953861547652175
1
0.998903629727928
1
1
1
1
1
1
1
1
1
1
0.999373506710351
1
1
0.997495821881659
0.969798418014734
1
1
1
0.988121601512159
1
1
1
1
1
1
0.995789507119593
1
1
1
1
1
0.99840262268442
1
1
1
0.963920761345468
1
1
1
1
1
0.902200163701142
1
0.997986888944372
1
1
1
1
1
1
0.994767862581333
1
1
0.999172361890605
1
1
0.998925097717565
1
1
0.987978139643658
1
1
1
1
1
1
1
1
1
1
1
1
1
0.85737404077637
0.998642256706833
0.998670475700196
0.999821479991448
1
1
0.855612147669688
0.843539992389998
0.999373506710351
1
1
0.999172361890605
0.998600240530174
1
1
1
1
1
1
1
1
1
1
1
1
0.998216353860938
1
1
1
1
0.998594208749577
1
1
1
0.997639283475303
1
1
1
0.999821479991448
1
1
1
1
1
1
1
1
1
1
1
1
1
0.976585256261964
1
0.998642256706833
1
1
1
1
1
1
1
0.998335552324854
1
1
0.998474692049408
1
1
1
1
1
1
1
0.998974252900686
1
0.988916501950662
0.998815881996358
1
1
0.949071528158779
1
1
1
1
0.998249167228292
1
0.999382793251329
0.998504144536533
1
0.999159581963421
1
1
1
1
1
1
0.99870885442714
1
1
1
0.998618419535297
1
1
1
1
1
1
0.998580050826908
1
1
1
0.945863935941278
0.985032812484417
1
1
0.999999998582517
1
1
1
1
1
1
0.989259927962197
0.999999999899104
1
1
1
0.999821479991448
1
1
1
0.999159071045997
1
1
1
1
1
1
1
1
1
1
1
1
1
1
1
1
1
1
1
1
0.998079135676691
1
1
1
0.996605723084308
1
1
1
0.999655437267848
1
1
1
1
1
1
1
1
1
0.999148290858822
0.998876703829016
1
1
1
1
1
0.974118292761822
1
1
0.995847141165624
1
1
0.999672657929686
1
1
1
1
1
1
1
1
1
1
1
0.999555109444994
1
1
1
1
1
1
1
1
0.99693284729891
1
1
0.998903629727928
1
1
0.99900621481801
0.932793830076795
1
1
0.982002261504543
1
0.990454601082041
0.993226588757706
1
1
0.986634946265374
1
1
1
1
0.999821479991448
1
0.998869782136995
1
1
1
1
1
1
1
0.755479803706614
1
0.995520615880557
1
1
1
1
1
0.998412523029542
1
1
1
1
1
1
1
1
1
1
1
1
1
1
0.997639283475303
1
0.970832508536129
1
1
1
1
1
1
0.946106768557891
0.999032082673737
1
0.999018098449556
1
1
1
1
0.999624190574534
1
1
1
1
1
0.902200163701142
1
0.999798617407414
0.998950626789908
1
1
1
1
1
1
1
1
1
0.990454601082041
1
1
1
1
1
1
0.798184893571206
1
0.996528265466674
1
1
0.985600441466062
1
1
1
1
1
1
1
0.994710743516975
0.998335552324854
1
1
1
0.99968729929009
1
1
1
1
1
1
0.985032812484417
1
1
1
1
1
1
1
1
0.995847141165624
1
1
1
1
1
1
1
1
1
1
0.998869782136995
0.998700474487406
1
1
1
1
0.99968729929009
1
1
0.999756776603245
1
1
1
1
0.999702996831998
1
1
1
0.997532417348878
1
0.999335876374643
0.999219628293653
1
1
0.994825920094352
1
1
1
1
1
1
1
1
1
1
1
1
0.546555266918043
1
1
1
1
1
0.908900453206297
0.995789507119593
1
1
1
1
1
0.978855037521196
0.99968729929009
0.997495821881659
1
1
1
1
1
0.995899588449679
1
0.999773532446158
1
1
1
1
1
1
1
0.999466457635925
1
1
0.971802227399912
1
1
0.999634792227781
1
1
1
1
1
1
1
1
1
1
1
0.999777067266148
1
1
1
0.996528265466674
1
1
0.999999999999269
1
1
1
1
1
1
1
0.999104029754276
1
1
1
1
0.998680864694856
1
1
1
0.999898545563439
1
0.998076365808638
1
0.934089597945499
1
1
1
1
1
1
1
0.984969358000757
1
1
0.978159905691884
1
1
1
1
1
1
1
1
1
1
1
1
0.972356553201121
0.99840262268442
1
1
1
1
1
1
1
1
1
1
1
1
1
1
1
1
0.998903629727928
1
0.994250137744092
0.980143009508405
1
0.966006456431374
1
1
1
1
1
0.88685619415856
1
1
1
1
1
1
0.9993038929761
0.990772628819737
1
1
1
1
1
0.998700474487406
1
1
0.998803951023532
0.998680864694856
1
1
1
1
1
0.871968692185699
0.999999999674596
1
1
1
1
1
1
0.998127592530651
1
1
0.95598422934148
1
1
1
0.997371003348967
1
1
1
1
0.946106768557891
0.987978139643658
1
1
0.994767124323728
1
0.971654872396283
1
1
1
1
1
1
1
1
0.990454601082041
1
0.999090827247222
1
0.998618719267621
1
1
0.999999999984744
1
1
1
1
1
0.999999999971551
1
1
1
1
1
0.976726997375307
1
0.999550524171976
1
1
0.998587212399186
1
1
1
1
1
1
1
1
1
1
1
1
1
1
1
1
1
1
1
1
1
1
1
0.859125837067937
1
0.999508012986102
1
1
0.999777067266148
1
1
1
1
0.738199200617348
1
1
1
1
1
0.999083442446755
0.95306634382786
1
1
1
1
1
1
0.900154366703281
1
0.999081163412257
1
0.988348523602344
1
0.999207671934434
0.988862606168722
1
1
1
1
1
0.986096738752479
1
1
1
1
1
1
1
1
1
1
0.998087376886459
1
0.999737696896448
1
1
1
0.999093811291818
1
1
1
1
1
0.989356809849978
1
1
1
1
1
1
1
1
1
1
1
0.999456391793511
1
1
1
1
1
1
1
1
1
1
1
1
1
1
1
1
1
1
1
1
1
1
1
1
1
1
1
1
1
1
1
1
1
1
1
1
1
1
1
1
1
1
1
1
1
1
0.999773532446158
1
1
1
1
1
0.997985673149776
0.933226731934808
1
1
1
0.989356809849978
1
1
0.809249949052056
0.998560195641971
1
1
1
1
1
1
1
1
1
0.949071528158779
1
1
1
1
0.996289053875859
1
1
1
1
1
1
1
1
1
1
1
1
0.914296833943784
0.988944281772489
1
1
1
0.982332071875159
1
1
0.999648991819813
1
1
0.999648991819813
1
0.996603401600974
0.945863935941278
1
1
1
1
1
1
1
1
1
1
1
1
1
1
1
1
1
1
1
1
1
1
1
0.998703005383095
1
1
1
1
1
1
0.992268398152397
1
0.992564586146826
1
1
1
1
1
1
1
0.982706068552405
1
1
1
1
1
1
1
0.983820321033949
1
1
1
1
1
1
0.985675488621425
0.573149883132236
0.998851992821617
1
1
0.998914223895718
0.98840337308635
1
1
1
0.999159581963421
1
1
0.998647433995558
1
1
1
1
1
1
1
1
0.999382793251329
1
1
0.9997831942739
1
1
1
1
1
1
1
0.999614732112863
1
1
1
1
1
1
1
1
1
0.999219628293653
1
0.982641653864316
1
1
1
1
1
1
1
1
0.998974252900686
1
1
1
1
1
1
1
0.999373506710351
1
1
1
1
1
0.999335876374643
1
1
1
0.996817731426287
1
1
1
1
1
1
1
1
1
1
1
1
0.9777532476815
0.993226588757706
1
1
1
1
1
1
1
1
1
1
1
0.999300677968054
1
1
1
1
0.821628361313796
1
1
1
1
0.998116916585578
1
0.996018263335208
1
0.984521407688829
0.997894900309277
1
0.999093811291818
0.998722316413422
1
1
1
1
1
1
0.999150289344574
1
0.992840672849376
1
0.999756776603245
1
1
1
0.999634792227781
1
0.999159071045997
1
0.975773899455601
1
1
1
1
1
1
0.997787702241608
0.999373506710351
1
1
1
1
1
1
0.999871378483203
1
1
0.987966218549341
1
1
1
1
1
1
1
0.982002261504543
1
1
0.973066723266561
1
1
0.982641653864316
1
1
1
1
0.986096738752479
1
1
1
1
1
1
1
1
1
1
1
0.999295336863168
1
1
1
1
1
1
1
1
0.999821479991448
1
1
1
1
0.999208985451056
0.999347865320449
1
0.969390602834554
0.976741165677632
1
1
1
1
0.999183048505982
0.986585025827777
1
0.934801218032607
1
0.999550073623387
0.999550524171976
1
1
1
1
1
0.99840262268442
1
0.999229551850553
0.999148290858822
1
1
1
1
1
1
1
1
1
0.999756776603245
1
1
0.999999999950129
1
1
1
0.999702996831998
1
1
1
1
1
0.994029264686319
1
1
1
0.99840262268442
1
1
1
1
1
1
1
1
1
1
1
1
1
1
1
1
1
0.998822917811763
0.999091956144057
0.985032812484417
0.999634792227781
1
1
1
1
0.999237294213443
0.999634792227781
1
1
1
1
1
1
1
1
1
1
1
0.999550073623387
1
1
1
1
1
1
1
1
1
1
1
1
1
1
1
1
1
1
1
1
1
1
1
1
1
1
0.999999999953599
0.99472744649366
0.993226588757706
1
1
0.998303304485101
1
1
1
1
1
1
1
1
1
1
1
0.997954966570605
0.972919780165772
1
1
1
1
1
1
1
0.998079135676691
1
0.987588855912615
0.974079174399378
1
1
1
1
1
1
1
1
1
0.993799077751493
1
0.925319620573543
1
1
1
1
1
1
1
1
1
1
1
1
1
1
0.994878053928805
0.999132445815971
1
1
0.999555109444994
1
1
1
0.999413649122021
1
1
1
0.999999999674596
1
1
1
1
1
0.999737696896448
1
0.992770519545188
1
1
1
1
1
1
1
1
0.999999999901989
1
1
1
1
0.997361044326471
0.93932097350201
1
1
1
1
1
1
1
1
1
1
0.996909259346929
1
1
1
1
1
1
0.953059744567962
1
1
1
0.999093811291818
0.998634381376014
1
1
1
1
1
1
0.997792302683967
1
1
0.997747084852597
1
1
1
1
0.996939209621127
1
1
1
0.98806273356704
0.999999999740646
1
1
0.99999999976351
1
1
1
1
1
1
1
1
1
0.999773532446158
1
1
1
1
1
1
1
1
1
1
1
0.997829656321755
1
1
1
0.998504144536533
1
1
1
1
1
1
1
1
1
1
0.998937746317858
1
1
0.998303304485101
1
1
1
0.998700474487406
1
1
1
0.999845712739399
1
1
1
1
1
1
1
0.980035023438998
1
1
0.997829656321755
1
0.974575026066752
1
1
1
0.978264534604329
1
1
1
0.999999999971551
0.999999999995332
1
0.997633158832237
1
1
1
1
1
0.991060736885976
1
1
1
1
1
1
1
1
1
1
0.999018098449556
1
1
1
1
1
1
0.986415844632494
1
1
0.988862606168722
1
0.996559155666117
0.990771846102727
1
1
0.998474692049408
1
1
1
1
1
0.999719783786758
1
1
1
1
1
0.996664993300362
1
1
0.999594304748667
1
1
1
1
1
0.988944281772489
1
1
1
1
1
1
1
0.999132445815971
1
1
0.999172361890605
1
1
1
1
1
1
0.947782099505004
1
0.99870885442714
1
1
1
1
1
1
1
1
0.978133601343856
1
1
1
1
1
1
1
0.999773532446158
1
1
1
1
1
1
1
1
0.998869782136995
1
1
1
1
1
0.998718602216072
1
1
1
1
1
0.998044152539267
1
1
1
1
0.857071390944035
0.998186158595018
1
1
0.974079174399378
1
1
1
1
0.984400863413129
1
1
1
1
1
1
1
0.999845712739399
1
1
1
1
0.999646427421384
1
0.998822917811763
0.997495821881659
0.982332071875159
1
1
1
1
1
1
1
0.974118292761822
0.999153351800677
1
1
1
1
1
1
1
1
1
1
0.999501831399817
1
1
1
1
1
1
0.731326060215187
1
0.976585256261964
1
0.990518054330174
1
1
1
0.999999999571877
1
0.999712820725923
0.998598512928099
0.998703005383095
1
1
1
1
0.996195994194506
1
1
1
1
1
1
0.999456391793511
0.998915277258596
1
0.99900621481801
1
1
1
1
0.994512165430566
1
1
1
0.968489678358921
1
1
1
1
1
1
1
1
1
1
1
1
1
1
0.973829403576624
1
1
0.986634946265374
1
1
1
1
1
1
1
1
1
1
1
1
1
1
0.999466457635925
0.998079135676691
1
1
1
1
1
1
1
0.987586188728466
1
1
0.873235554459853
1
0.999032082673737
0.999589922027317
0.999456391793511
1
1
1
1
1
1
0.98887691738701
1
1
0.974891822581311
1
1
0.997235321008915
1
1
1
1
1
0.999845712739399
0.99736092036081
0.93143302842118
0.991754689851503
1
1
1
1
1
1
1
1
1
1
1
0.998634381376014
1
1
1
0.996149913768108
1
1
1
1
0.997593763879003
1
1
1
1
1
1
0.991706954132222
0.999606525737747
1
1
1
1
1
1
1
1
0.988793136943033
1
1
1
1
1
1
1
1
1
1
1
1
0.999999999855871
1
1
1
1
1
1
1
0.997628086647457
1
0.99472744649366
0.999382793251329
0.998553545114653
1
1
1
1
1
0.988853403253292
0.99693284729891
1
1
0.998803951023532
1
1
1
1
1
0.99900621481801
1
1
1
1
1
1
0.999093811291818
1
1
0.974891822581311
1
1
1
1
1
1
1
1
1
1
1
1
1
1
1
0.984878360157288
1
0.999456391793511
1
1
0.99946058543343
1
0.979722715572893
1
1
1
1
1
0.999999999997135
1
1
1
1
1
1
1
1
1
1
1
1
1
1
1
1
1
0.999093811291818
1
1
1
0.999466457635925
1
1
1
1
0.966006456431374
1
0.837798460829754
1
1
1
1
1
0.998553545114653
1
1
1
1
1
0.996603401600974
0.95510085094375
1
1
1
1
1
1
1
1
1
1
0.987349349704483
1
0.987221931885687
1
1
1
0.988793136943033
0.996440676195647
1
1
1
1
0.906870256789903
1
1
1
1
0.999373506710351
1
1
0.978133601343856
0.997704706550995
1
1
1
1
1
1
1
1
1
1
0.999999999901989
1
1
1
1
1
0.999719783786758
0.999999999802236
1
1
1
1
1
1
1
1
1
0.998595373992792
1
0.999608753709077
1
1
1
1
0.79010065925914
1
1
1
0.99638565795043
1
0.96963030558998
1
1
1
1
1
1
1
1
1
0.999606525737747
0.998474692049408
1
1
1
1
1
1
1
0.987221931885687
1
1
1
1
1
1
1
1
1
1
1
1
1
1
0.998851992821617
1
0.999081163412257
1
1
1
1
1
1
0.998622365807493
1
1
1
1
1
0.851612187938647
1
1
0.982641653864316
1
0.964437848877476
1
1
1
1
1
1
1
1
1
1
1
1
0.999300677968054
1
1
1
1
1
1
1
0.990772628819737
1
1
1
0.998427898438375
1
1
1
1
1
0.95598422934148
1
1
1
1
1
1
1
0.93645580876434
1
1
1
1
0.999648991819813
0.982706068552405
1
1
1
0.998739473343252
0.999635705122743
1
0.978855037521196
1
1
1
1
1
1
1
1
1
1
1
1
1
0.594391347345017
1
1
1
1
1
1
1
1
0.957871979305104
1
1
1
1
1
0.860356813108376
1
1
1
0.999999999999269
0.999599679878061
1
1
1
1
1
1
1
1
1
0.999712820725923
1
0.999712820725923
0.989887071592717
1
0.999159071045997
1
0.985287785555023
1
1
1
0.999624190574534
1
1
1
0.998163631371367
1
1
0.853885335072738
1
1
1
1
0.998903629727928
1
1
1
1
0.968633145496682
0.932793830076795
1
1
1
0.995521432112742
1
0.99711823370078
0.742384819176345
1
1
1
1
1
1
1
1
1
0.996018263335208
1
0.985675488621425
1
0.999601233738163
1
1
1
1
0.998273360850894
0.811889424921483
1
1
1
0.999588185597329
1
1
1
1
1
1
0.967945737619652
1
1
1
0.871968692185699
1
1
1
0.917930247844376
1
1
1
0.931920763025588
1
0.996195994194506
1
1
0.999148290858822
1
1
1
1
1
1
1
1
1
1
1
1
0.999821479991448
0.997829656321755
1
1
1
1
1
1
1
1
1
0.999600009324417
1
1
0.991047091871228
1
1
1
1
1
1
0.995601663829212
0.998869782136995
0.986026735574376
0.999018098449556
1
1
1
1
0.995701450370767
0.934801218032607
1
1
1
1
1
1
0.999655437267848
1
1
1
1
1
1
1
1
1
1
0.998163631371367
1
1
1
1
1
1
1
1
0.986404769562681
1
1
1
1
1
1
0.999508012986102
1
1
0.999999999997135
1
1
1
1
1
1
0.765234021098429
0.993249183677685
1
0.997320467352431
0.999798617407414
1
1
1
0.998642256706833
1
1
1
1
1
0.999550524171976
1
1
1
1
0.998925097717565
1
1
1
1
1
1
1
0.997009590664792
1
1
1
1
0.997704706550995
1
1
1
1
1
0.857071390944035
1
1
1
1
1
1
0.999219628293653
1
1
0.995267710359284
1
1
0.95510085094375
0.95032829355108
1
0.996605723084308
1
1
1
1
1
0.998076227611375
0.994630713081566
1
1
1
0.999898545563439
1
1
1
1
1
0.958014200584095
1
0.999634792227781
1
0.946165145908538
0.961371042018893
1
1
1
1
1
1
1
0.998249167228292
1
1
0.997689381806868
1
1
1
1
1
1
1
1
0.990772628819737
0.967596383842948
1
1
1
1
1
1
1
1
1
1
1
1
0.978710980250087
1
1
1
1
1
0.999539024093892
1
1
0.976741165677632
1
1
1
0.999466457635925
0.9777532476815
1
1
1
1
0.914296833943784
1
1
1
1
1
0.998974252900686
1
1
1
1
0.998869782136995
1
1
1
1
1
0.996559155666117
1
1
0.999799676600962
0.998594208749577
1
1
1
1
1
1
0.998303304485101
1
1
0.998634381376014
1
0.992940059303287
1
1
0.999295336863168
1
1
1
1
1
1
1
1
0.99628650425306
1
1
1
1
1
0.998920191919888
1
0.999093811291818
1
1
1
0.999999999995332
1
1
1
1
1
0.999756776603245
1
1
1
1
1
1
1
1
1
1
1
0.999237294213443
0.986242045491114
1
1
1
1
0.85737404077637
1
1
1
1
1
1
1
1
1
0.982002261504543
1
0.993589646131076
1
0.999821479991448
0.974118292761822
1
1
1
1
1
1
0.946830205668639
1
1
1
0.999655437267848
0.978855037521196
1
1
1
1
1
1
1
1
1
1
1
0.999655437267848
1
0.995187689707511
1
1
1
1
1
0.996817731426287
1
1
0.998642256706833
1
1
0.993589646131076
0.998739473343252
1
1
0.703994142455824
1
1
0.999347865320449
1
0.989887071592717
1
1
1
1
1
0.997344433057939
1
1
0.997235321008915
1
1
1
1
1
1
1
0.997639283475303
0.988195180663204
1
1
1
1
1
1
0.999999999512277
1
1
1
0.999466457635925
1
0.972680095782866
1
0.980035023438998
1
1
1
1
1
1
1
0.988862606168722
1
1
0.987229255390997
1
1
1
1
1
1
1
1
1
0.999020719606157
0.995462389621495
1
1
1
1
1
1
0.999702996831998
1
1
1
0.999589922027317
1
1
1
1
1
1
1
1
1
1
0.997558893392303
1
1
1
1
1
1
0.853691187951003
0.9997831942739
1
1
1
1
1
1
1
1
1
1
1
1
0.998667041554704
1
1
1
1
1
1
1
1
1
1
1
0.999909696231572
0.999999999975051
1
0.994417901832441
0.996195994194506
1
1
1
1
1
0.998554414643266
0.999624190574534
1
1
1
1
1
0.998903629727928
1
1
1
1
1
1
1
1
1
0.967945737619652
0.981296147175391
0.996777491242964
1
1
1
1
0.999702996831998
1
0.959110351300069
1
1
1
1
1
0.997829656321755
1
0.99830511408191
1
0.999614732112863
0.996303382647996
1
0.999081163412257
1
1
1
0.998076227611375
0.993249183677685
1
1
1
1
0.999148290858822
1
1
1
1
1
1
1
1
1
1
1
1
1
1
1
0.985840355939912
1
1
1
1
1
1
1
1
1
1
1
0.985626663171769
0.999082110826569
0.959319382455975
1
1
1
1
1
1
0.978710980250087
1
1
1
1
0.998573417208237
1
1
0.995179247014935
0.998647433995558
1
1
1
1
1
1
1
1
0.728812445512498
1
0.973829403576624
1
1
1
1
1
1
1
1
1
1
1
1
1
1
1
1
1
1
0.95306634382786
1
1
1
1
1
1
1
1
1
0.99801594289446
1
1
1
1
0.993062683561925
1
1
1
0.986224098744318
1
1
1
0.973339454504067
1
1
1
0.999413649122021
1
1
1
1
1
1
1
0.995521432112742
1
0.999601233738163
1
1
1
1
1
0.973829403576624
0.993226588757706
1
0.982533010133658
1
1
1
1
1
1
0.987586188728466
0.999588431334842
1
1
1
1
1
1
0.996603401600974
1
1
0.999153351800677
1
1
1
1
1
1
1
0.999083442446755
1
1
1
1
0.999237294213443
1
0.959319382455975
1
1
1
1
1
1
1
0.999601233738163
1
1
1
1
1
1
1
0.90865690111132
1
1
1
1
1
1
1
0.995267710359284
0.999295336863168
1
1
0.993249183677685
1
1
1
1
1
1
0.956826768043116
1
1
1
1
1
1
1
1
0.999777067266148
0.996526305206663
1
0.998974252900686
1
1
1
0.976741165677632
1
1
1
1
1
1
1
0.999999999934841
1
1
1
1
1
1
0.998779504540319
1
0.995267710359284
0.671469045917928
1
1
1
0.999555109444994
0.991231040038315
1
1
1
1
1
1
0.991231040038315
0.933710251554548
1
1
1
1
1
1
0.997877181830051
0.987645686464226
1
1
1
1
1
1
1
0.987282824186158
0.999335876374643
1
1
1
1
1
1
1
1
0.991060736885976
1
1
1
1
1
1
0.988793136943033
1
1
1
1
1
1
1
0.992094824471408
1
1
1
1
1
1
1
1
1
0.99968729929009
1
0.998620865844165
0.998427898438375
1
1
1
1
1
1
0.999672657929686
1
1
1
1
1
1
0.871968692185699
1
1
1
0.998273360850894
0.958982013018644
1
1
1
1
1
1
1
1
1
1
1
1
0.947782099505004
0.995521432112742
1
1
1
1
1
0.846585491557522
1
1
1
1
1
1
1
1
1
0.998594208749577
1
1
0.831507563528726
1
1
1
1
1
1
1
0.9893097609193
1
1
1
1
1
1
1
1
1
1
1
0.760488809295734
1
1
0.99855189505065
1
1
1
0.998273360850894
1
1
1
0.991137290471275
0.99900621481801
1
0.999159581963421
1
1
1
1
1
1
1
1
1
1
1
0.996723942635602
0.982002261504543
1
1
1
1
0.78450484454609
0.999756776603245
1
1
0.999608753709077
1
1
1
1
1
1
1
1
0.997361044326471
1
1
0.995847141165624
1
1
1
1
1
1
1
0.999375592209744
1
1
1
1
1
1
1
0.975773899455601
1
1
1
1
1
1
1
1
1
1
1
1
0.926649744976549
1
1
0.999237294213443
1
1
1
1
0.999648991819813
1
0.998722316413422
1
1
1
1
1
1
0.998739473343252
1
1
0.999999999740646
1
1
1
1
1
1
1
1
1
1
1
0.970254048236105
1
0.999208985451056
0.765234021098429
1
1
0.998215963034744
1
1
1
1
1
1
1
0.945414155156642
0.999550524171976
0.618473337263074
1
1
1
1
1
1
1
1
1
1
1
1
1
1
1
1
1
1
1
1
1
1
0.996018263335208
0.976453188959032
1
1
1
1
0.999090827247222
1
1
1
1
1
1
1
1
1
1
1
0.991058846709881
0.999093811291818
0.997441653438705
1
1
1
1
1
1
1
1
1
1
1
0.999999999992752
1
0.996559155666117
1
1
1
0.958982013018644
0.998869782136995
1
0.999821479991448
1
1
1
1
0.999081163412257
1
1
1
1
1
0.998560195641971
1
1
1
0.945863935941278
1
0.76134698708731
1
1
0.998342694669304
0.999132445815971
1
1
1
1
1
1
1
1
1
1
0.995705103877237
1
1
1
1
1
1
1
0.998580050826908
1
1
1
1
1
1
1
0.996664993300362
1
1
1
1
0.999756776603245
1
1
1
0.996559155666117
1
1
0.999078761969738
0.999606525737747
1
1
0.998722316413422
1
1
1
1
1
1
1
0.996654419283537
1
1
1
1
1
1
1
1
1
1
1
0.997279069507111
1
1
1
1
1
1
1
1
1
1
0.972680095782866
1
1
1
1
1
1
0.997558893392303
1
1
1
0.999082110826569
1
1
0.99711823370078
1
1
0.999081163412257
1
1
1
1
0.819419841320832
1
1
1
1
1
1
1
1
1
1
1
1
1
0.999999999999269
1
0.999655437267848
1
1
1
1
1
0.998335552324854
1
1
1
1
1
1
1
1
1
1
1
1
1
1
1
1
1
1
0.999093811291818
1
1
1
1
0.997558211569664
1
1
1
0.999756776603245
1
0.999999999984744
1
1
1
1
0.999223437420991
1
1
1
0.999588431334842
1
1
1
1
0.990772628819737
0.999132445815971
1
1
1
1
1
1
1
1
1
1
1
1
0.999999999802236
1
1
1
1
0.999614732112863
0.999999999992752
1
1
1
1
1
1
1
1
1
1
1
1
1
0.999373506710351
1
1
0.998958961353126
1
0.999601233738163
1
1
1
0.914976956872059
0.997890387652988
1
1
1
1
1
1
0.983030391573271
1
0.965694885397913
0.995847141165624
1
1
1
1
1
1
1
1
1
1
1
1
1
1
1
1
1
1
1
1
1
1
0.999702996831998
1
0.992564586146826
1
1
1
1
1
0.997894900309277
0.722261340101358
0.998042523641469
1
1
1
1
1
1
1
1
1
1
1
1
1
1
1
0.999182870727822
1
1
1
1
1
0.998335552324854
1
1
0.999737696896448
1
1
0.804962211912534
0.985626663171769
1
1
1
0.996817731426287
1
1
1
1
1
1
1
1
0.953866085680106
0.974118292761822
1
1
0.99857519510222
1
0.988981601358048
0.997792302683967
1
1
1
1
0.999119405248491
1
1
1
1
0.998815881996358
1
0.998869782136995
1
0.99900621481801
1
1
1
0.99271258990606
1
1
1
1
1
1
1
1
1
1
1
1
0.897740952536621
1
1
1
0.917930247844376
1
1
1
0.997802898437195
1
1
1
1
1
1
0.954852053917377
1
1
1
1
1
0.999593802193947
0.99857519510222
1
1
1
1
1
0.976453188959032
1
1
0.998803951023532
1
0.993586165112174
1
0.913251983317972
1
0.942225486565238
0.953690378405371
0.996506109706084
0.995847141165624
1
1
0.952170754561127
1
1
0.998739473343252
1
0.584429138079552
0.941165269148207
1
1
1
1
1
1
0.999777067266148
1
1
1
0.999335876374643
0.981999167020138
1
1
1
1
1
0.714840613780998
1
0.54734796328782
1
1
1
1
0.973829403576624
0.999999998598351
1
1
1
1
1
1
0.999999999995332
0.99968729929009
0.995847141165624
1
1
1
1
1
1
1
0.996303382647996
1
1
1
1
1
1
1
1
1
0.993226588757706
1
1
1
1
1
1
1
0.993391651967986
1
0.999601233738163
1
0.997320467352431
1
0.981296147175391
1
1
1
1
1
1
1
1
1
0.999719783786758
1
0.997633158832237
1
1
1
1
1
0.990850978151003
0.997356636882335
1
1
0.999032082673737
1
1
1
1
1
1
1
1
1
1
1
1
1
1
1
1
0.993589646131076
1
1
1
1
1
1
1
1
0.990454601082041
0.995847141165624
1
1
1
1
0.980035023438998
0.974891822581311
1
1
1
1
1
0.838446328494979
0.972919780165772
1
1
1
0.985626663171769
1
1
1
1
1
1
1
1
0.93143302842118
1
1
1
1
1
1
1
1
0.958982013018644
0.991058846709881
1
1
1
0.998594208749577
1
1
1
1
1
1
1
1
1
1
1
1
1
0.976741165677632
1
1
0.793156885134095
1
1
0.999508012986102
0.999300677968054
1
1
1
1
1
1
1
1
1
1
1
1
1
1
1
1
1
1
0.972680095782866
1
0.999999999950129
1
1
1
1
1
1
1
1
1
1
1
1
1
0.999845712739399
1
1
1
1
0.99946058543343
1
0.997639283475303
1
1
1
1
1
1
1
1
1
1
1
1
1
1
1
1
0.999132445815971
1
1
1
1
1
1
0.998803951023532
1
1
1
1
1
1
1
1
1
0.984969358000757
0.987229255390997
1
1
1
1
1
1
0.945863935941278
1
1
1
1
1
1
1
1
1
0.996303382647996
1
1
1
1
1
1
0.993249183677685
1
1
1
1
1
0.998903629727928
1
1
1
1
0.862522185915452
1
0.998815881996358
1
1
1
1
1
1
0.99955244426259
1
1
1
1
1
1
1
1
1
1
1
1
1
1
1
1
1
1
1
1
1
0.999719783786758
1
0.998559689211197
1
0.999999999999269
1
1
1
0.998876703829016
0.996528265466674
1
1
0.997787702241608
0.999219628293653
1
1
1
1
0.995267710359284
1
0.999159071045997
1
1
0.993653920814769
1
1
1
1
1
0.999501831399817
1
0.643065564381724
1
1
0.9993038929761
1
1
1
1
0.999229551850553
1
1
1
0.99271258990606
1
1
1
1
1
0.999172361890605
1
1
0.999672657929686
0.998594208749577
1
1
1
1
1
1
1
1
1
1
1
1
1
1
1
1
1
1
1
0.998342694669304
1
0.999373506710351
1
1
1
1
0.998937746317858
1
1
1
1
0.99801594289446
1
1
1
1
1
1
1
0.99999999966711
0.998851992821617
0.999672657929686
1
0.990771846102727
1
0.998249167228292
1
1
1
1
1
1
1
1
1
1
1
1
1
1
0.838446328494979
0.999501831399817
1
1
1
0.99711823370078
1
1
0.999335876374643
1
1
1
0.795553724095937
1
1
0.999608753709077
1
1
1
1
1
1
1
1
0.987229255390997
1
1
1
1
1
1
1
1
1
1
0.635765294883215
1
1
1
1
0.999773532446158
1
1
1
0.998869782136995
1
1
1
1
1
1
1
1
1
1
1
1
1
1
1
0.900154366703281
0.999104769718857
1
1
1
1
0.99857519510222
1
1
1
1
0.998647433995558
1
1
0.999501831399817
0.999594304748667
1
1
0.999999999984744
1
1
0.995086886631202
1
1
1
1
1
1
1
0.999153351800677
1
1
1
1
1
0.985626663171769
0.994146051470816
1
1
1
1
1
1
1
1
1
0.999590514788675
1
1
1
1
1
1
1
0.997558211569664
1
1
1
1
0.99855189505065
1
0.999456391793511
1
1
1
1
1
1
1
1
1
1
1
1
1
1
1
1
1
1
0.994335288154273
1
1
1
0.99693284729891
0.999999999992752
1
1
1
1
1
1
1
1
1
1
1
0.99638565795043
1
1
1
1
1
0.991060736885976
1
1
1
0.999466457635925
1
1
0.92327968029581
1
1
1
1
1
0.999821479991448
0.999091956144057
1
1
1
0.999999999152448
1
1
1
1
0.999999999971551
0.999250713272314
1
0.999999999999269
0.999208985451056
1
0.998925097717565
1
0.998700474487406
1
1
1
1
1
0.999081163412257
1
1
1
1
1
1
1
1
1
0.999648991819813
1
0.999999999940006
1
1
1
1
1
1
1
1
0.998553545114653
0.99900621481801
1
1
1
1
1
1
1
0.999777067266148
1
1
1
1
1
1
0.693642627710357
1
0.778921896456898
1
1
0.999659042866168
1
1
0.999375592209744
1
0.825939363484881
1
0.953158369655685
1
1
1
1
1
1
1
1
0.997862189670808
0.864160978068366
1
0.991060736885976
1
0.847403400864166
1
1
1
0.996783937179195
1
1
1
1
1
1
1
0.993126270170423
1
0.999267838984089
1
1
1
1
1
1
1
1
1
1
1
1
1
1
0.998759415437995
1
1
1
0.999999999455472
1
0.974891822581311
0.999646427421384
1
1
0.99968729929009
1
1
1
1
1
1
1
1
1
0.996963235631731
1
1
1
1
1
1
1
1
1
1
1
0.944581537988093
1
1
1
1
0.998851992821617
1
1
1
1
1
1
0.995601663829212
1
0.998851992821617
0.999267838984089
1
1
1
1
0.93143302842118
0.996508240637538
1
1
1
1
1
1
1
1
0.987978139643658
1
1
1
1
1
1
0.999719783786758
1
1
1
1
1
0.999375801353842
0.995789507119593
1
0.998647433995558
1
1
1
1
1
1
1
1
1
0.965694885397913
1
1
1
1
1
1
0.998903629727928
1
0.993126270170423
1
1
0.883435812003325
1
0.999132445815971
1
1
0.999375801353842
0.999018098449556
1
1
1
1
1
1
1
1
1
1
1
0.957871979305104
1
1
1
0.993903087249224
1
0.999871378483203
1
1
1
0.995694462765654
1
1
1
1
1
1
1
1
1
1
1
1
1
1
0.999550073623387
1
1
1
1
0.996735985286739
1
1
0.991060736885976
1
1
1
1
1
1
0.698891063521681
1
0.996506109706084
1
1
1
1
1
0.988966911934101
1
0.999182870727822
1
1
1
1
1
0.998974252900686
1
1
1
0.997331948679081
1
1
0.999018098449556
0.997558893392303
1
0.998186158595018
1
1
0.993126270170423
1
1
1
1
1
1
1
1
0.997862189670808
1
1
1
1
1
1
1
1
1
1
1
1
1
1
1
1
1
1
1
1
1
0.999712820725923
0.953158369655685
0.999456391793511
1
1
1
1
1
1
1
1
0.998803951023532
1
1
0.695804735368633
1
1
1
1
1
1
1
1
1
1
1
1
1
0.990454601082041
1
1
1
1
1
1
1
1
1
1
1
1
1
1
0.940248221638161
1
1
1
1
1
0.883435812003325
1
1
0.974891822581311
1
1
1
1
1
1
1
1
1
1
1
1
1
0.994402428971466
0.999137833935826
1
0.95598422934148
0.998310526510916
1
0.997841232070981
1
1
0.993217698791047
1
0.998618419535297
0.894505149195986
0.997532417348878
1
1
1
1
1
1
1
0.999999999455472
1
1
1
1
0.952880586485077
1
1
1
1
1
1
1
1
1
0.999550524171976
1
1
1
1
1
1
1
1
1
1
1
1
1
1
0.999646427421384
1
0.986662866395494
1
1
1
1
1
1
1
1
1
1
1
1
1
1
1
0.984969358000757
1
1
1
1
0.996777491242964
0.995701450370767
1
1
1
1
1
1
0.998851992821617
1
1
1
1
1
1
1
0.999208985451056
1
1
1
1
1
1
0.997973299375914
1
1
1
0.994878053928805
1
1
1
1
1
1
1
0.99472744649366
0.988862606168722
1
0.877083943899659
1
1
1
1
0.998186158595018
1
1
1
1
1
1
1
1
1
0.999375592209744
1
1
1
1
1
1
1
1
1
1
1
1
1
1
1
1
1
1
1
1
1
1
0.958014200584095
1
1
0.999777067266148
1
1
1
1
1
1
1
1
1
1
0.997009590664792
0.998626297599152
0.989887071592717
1
1
0.997235321008915
1
1
1
1
1
0.996440676195647
1
0.881820588485984
1
1
1
1
0.998876703829016
1
1
1
1
1
1
1
1
1
1
1
1
0.998718602216072
1
1
1
1
1
0.992394873291011
0.78450484454609
0.998412523029542
1
1
0.916560818111317
1
1
1
1
1
1
0.99999999871684
1
1
0.716575834426729
1
1
1
1
1
1
1
1
1
1
1
1
1
1
1
1
1
1
0.997396438600678
1
1
1
1
1
1
1
1
1
1
1
0.95708961522721
1
1
0.999645633811335
1
1
1
1
1
0.999999999999269
1
0.999659042866168
1
1
0.91807590326237
1
1
1
1
1
1
1
0.960736880886989
1
1
1
1
1
1
1
0.788911605009449
1
1
1
1
0.998680864694856
1
0.999219628293653
1
1
1
1
1
1
1
1
1
1
1
1
1
1
1
1
1
1
1
1
1
1
0.999871378483203
1
0.994544368124919
1
1
1
1
1
1
1
1
1
0.999590514788675
0.999614732112863
1
1
1
0.996508240637538
1
1
1
1
1
1
1
1
0.999773532446158
0.851612187938647
1
0.993126270170423
0.999600009324417
1
1
1
1
1
1
1
1
1
1
1
1
0.986634946265374
1
0.957871979305104
0.967945737619652
1
1
1
1
0.999335876374643
1
1
1
1
0.998216353860938
0.999845712739399
1
0.999132445815971
1
0.953861547652175
0.998937746317858
1
1
1
1
1
1
1
0.999999999953599
1
1
1
1
1
0.926215353455921
1
1
1
1
1
1
1
1
0.988862606168722
1
1
1
1
1
1
1
1
1
1
1
1
1
1
1
1
0.998647433995558
1
1
1
1
1
1
1
1
1
1
0.602546553041933
1
1
0.934801218032607
1
0.999159581963421
1
1
1
1
1
1
0.998504144536533
1
1
1
1
0.888704319479632
1
1
0.999456391793511
1
1
1
1
1
0.998561786520151
1
1
1
1
0.992770519545188
0.975773899455601
1
1
1
0.996508240637538
1
1
1
0.999208985451056
1
1
1
0.988121601512159
1
0.999382793251329
1
1
0.979210534097674
1
1
0.976585256261964
0.986404070307503
0.986224098744318
0.976741165677632
0.999646427421384
1
1
1
1
1
1
1
1
1
0.996783937179195
1
1
1
1
0.999093811291818
1
1
1
1
1
1
1
1
1
0.997628086647457
1
1
0.997829656321755
0.999999999999269
1
1
1
1
1
1
1
1
0.998703005383095
1
1
1
1
0.979210534097674
1
1
1
1
1
0.999672657929686
1
1
0.959110351300069
1
1
0.997009590664792
1
1
1
1
0.942225486565238
0.998310526510916
1
1
0.973836156945218
1
1
1
0.809249949052056
1
1
1
1
1
1
1
1
1
1
0.998739473343252
1
0.999093811291818
1
1
1
1
1
1
1
1
1
1
1
1
1
1
0.999590514788675
1
1
1
1
1
1
0.980143009508405
1
0.976726997375307
1
0.791969349048132
0.999018098449556
1
0.998598512928099
1
1
1
1
0.913251983317972
1
1
1
1
0.999137833935826
1
0.953488687030549
0.958014200584095
1
1
1
1
1
1
1
1
1
1
0.999091956144057
1
0.984878360157288
1
0.993903087249224
1
1
1
1
1
1
1
0.999821479991448
1
1
1
1
1
1
1
1
1
0.999601233738163
1
0.997495618749655
1
1
1
1
1
1
1
1
1
1
1
0.79239194093189
1
0.999153351800677
0.996303382647996
1
1
0.999601233738163
0.999702996831998
1
1
1
0.99900621481801
1
1
0.999272349075304
1
1
1
1
1
1
1
1
0.999648991819813
1
0.998013457285281
1
1
1
0.999229551850553
1
1
1
1
1
1
1
1
1
1
0.976741165677632
1
1
1
1
1
1
1
1
0.962928312300969
1
0.983820321033949
1
0.996963235631731
1
0.998573417208237
1
1
1
1
1
1
0.9988490378974
0.96625713906171
0.89440895566875
1
0.993799077751493
0.974744454913399
1
1
1
1
1
1
1
1
1
1
1
1
1
1
1
1
1
1
1
0.999137833935826
1
0.999501831399817
1
1
0.996528265466674
0.999737696896448
1
1
1
0.998903629727928
1
1
0.973829403576624
1
1
1
1
1
1
1
0.999821479991448
1
1
1
1
1
1
0.995998432663809
1
1
1
1
1
0.999093811291818
1
1
0.996608576368424
1
0.969798418014734
1
1
1
0.999561152749252
1
1
1
1
1
1
1
1
1
1
1
0.999719783786758
1
1
1
1
0.99840262268442
1
1
1
1
0.999567876386845
0.999335876374643
1
0.962269456690387
1
1
1
0.999347865320449
0.997558211569664
1
1
1
1
1
0.988121601512159
1
0.996909259346929
1
1
1
1
1
1
1
1
1
1
1
1
1
0.999078761969738
1
1
1
1
1
1
1
1
0.994413133172916
1
1
1
1
0.999550524171976
0.99999999976351
1
0.69084203739044
1
0.993903087249224
0.998779504540319
1
1
1
1
1
0.999456391793511
0.999999999836788
1
1
1
1
1
1
1
0.922950784687197
1
1
0.998958961353126
1
1
0.997997196232132
1
1
1
1
0.997357598765984
1
0.999845712739399
1
1
0.999032082673737
1
0.995847141165624
1
1
1
1
0.995671198389077
0.971631946892354
1
0.97883050640598
0.998634382908009
0.998680864694856
1
0.93932097350201
0.999845712739399
0.999624190574534
1
0.998216353860938
0.985032812484417
1
1
1
1
1
1
1
1
1
0.945863935941278
1
1
1
1
1
1
1
1
1
1
0.998903629727928
1
1
1
1
1
1
0.995847141165624
1
1
1
1
1
1
1
1
0.998076365808638
1
1
1
1
1
1
1
1
1
1
1
0.996963235631731
1
1
1
1
1
1
1
1
1
0.996528265466674
1
0.990771846102727
1
1
1
1
1
0.998851992821617
0.925319620573543
0.971654872396283
1
1
1
1
1
1
0.995694462765654
1
1
1
1
1
1
1
1
1
0.999821479991448
1
1
0.990915597313325
1
1
1
1
1
1
0.986011090233992
0.998822917811763
1
1
0.999307547602654
1
1
1
1
1
1
1
1
1
1
1
1
0.999845712739399
0.999589922027317
1
1
0.999267838984089
0.998958961353126
1
1
1
0.999999999950129
1
1
1
1
1
1
1
1
1
1
0.999300677968054
1
1
1
1
1
1
1
1
1
0.999219628293653
1
1
1
1
1
1
1
1
1
0.998310526510916
1
1
1
1
1
1
1
0.999250713272314
1
1
1
1
1
1
1
0.995793559326892
1
1
1
1
1
1
1
0.998553545114653
1
1
1
1
0.997441653438705
0.999018098449556
1
1
1
1
0.999550073623387
1
1
1
1
1
1
1
1
1
1
0.998215963034744
1
1
1
0.999250713272314
1
1
0.99857519510222
1
1
0.998903629727928
0.99801594289446
1
1
1
1
1
1
1
1
1
1
1
1
0.999375592209744
1
0.990772628819737
0.988121601512159
1
1
1
1
1
1
1
1
0.966006456431374
1
1
1
0.999898545563439
0.999999999992752
1
1
1
1
1
1
1
0.925319620573543
1
1
1
1
1
0.969798418014734
1
0.940248221638161
1
1
0.993249183677685
0.997954966570605
1
1
1
1
1
1
1
1
0.99840262268442
0.995086886631202
0.996530824678425
1
1
1
0.99870885442714
1
1
1
1
1
1
1
1
1
1
1
1
0.997593763879003
1
1
0.996528265466674
0.996679366057113
0.999555109444994
1
0.99840262268442
1
1
0.998342694669304
0.988862606168722
0.996440676195647
0.971631946892354
1
0.731326060215187
1
1
1
1
1
1
1
0.988862606168722
1
0.996963235631731
1
1
1
1
1
1
1
1
1
1
1
1
1
1
1
1
0.995899588449679
1
0.999737696896448
1
1
1
1
1
0.978855037521196
0.999871378483203
1
0.846585491557522
0.997593763879003
1
1
1
1
1
1
0.999999999992752
1
0.996777491242964
1
1
1
1
1
1
0.999648991819813
1
1
1
1
1
1
1
1
1
0.98840337308635
1
1
1
1
1
1
1
1
1
1
1
1
1
1
0.999159581963421
0.841976161070491
1
1
1
1
1
1
1
1
1
1
1
1
1
1
0.997361044326471
0.997456363247855
1
1
1
0.996963235631731
0.990440317708404
1
0.949071528158779
1
1
1
0.999599679878061
1
1
1
0.99570864769124
1
1
1
0.996817731426287
1
1
1
1
1
1
1
1
1
1
1
0.767950289122729
1
1
1
1
0.987586188728466
0.998580050826908
1
1
0.997973299375914
1
1
1
0.999999999975051
1
0.956501594528596
1
1
1
0.972108476116967
1
1
0.991184460454491
1
1
0.986018479383077
1
1
1
0.999083442446755
1
1
0.994732525802454
0.998815881996358
1
1
1
1
1
1
1
1
1
0.996528265466674
1
1
1
1
0.997639283475303
0.895487278711075
1
1
1
0.9953497444837
1
1
1
1
0.999634792227781
1
1
1
1
0.847538777628334
0.975341983520308
1
1
1
1
0.998759415437995
1
1
0.999999999899104
1
1
1
0.989887071592717
1
1
1
1
0.997371003348967
0.989356809849978
0.997558893392303
1
1
0.999032082673737
1
1
1
0.577548369201128
1
1
1
1
1
1
1
1
1
1
0.998587212399186
1
1
1
1
0.932793830076795
1
1
0.945863935941278
1
1
1
0.998215963034744
1
1
1
1
1
1
1
1
0.993799077751493
1
1
1
1
1
1
1
0.999672657929686
1
1
1
1
1
1
1
1
1
0.990454601082041
1
1
1
0.997633158832237
1
1
1
1
0.988944281772489
1
1
1
0.990771846102727
0.940380891895819
1
1
1
1
1
0.943218173176089
1
0.998585174840068
1
1
1
0.9993038929761
1
1
1
1
0.990454601082041
1
0.999550073623387
1
0.995601663829212
1
0.998903629727928
1
0.999132445815971
0.857071390944035
1
1
1
0.997335867674264
1
1
1
1
1
1
1
1
1
1
1
0.999777067266148
1
1
1
1
0.999999999984744
1
1
1
1
1
1
1
1
1
1
0.999737696896448
1
0.999999999992752
0.973673440157029
1
1
1
1
1
1
0.999539024093892
1
0.95032829355108
1
0.998559689211197
1
1
1
1
0.999999999995332
1
1
1
1
0.999737696896448
0.883570645566342
1
0.676259124009643
1
1
1
1
1
1
1
1
1
0.997997196232132
0.855612147669688
1
1
1
1
1
1
0.998186158595018
1
1
1
1
1
1
0.984969358000757
1
0.997633158832237
0.998851992821617
1
1
1
1
1
1
1
1
0.999659042866168
0.976585256261964
1
1
1
1
1
0.973630216620208
1
1
1
1
1
1
1
0.998937746317858
0.953158369655685
0.999756776603245
0.998079135676691
0.999159071045997
1
1
1
1
1
0.975773899455601
1
1
1
1
0.995449043344955
1
1
1
1
1
1
1
1
1
1
1
1
1
0.956826768043116
1
1
1
1
1
1
1
1
0.960699425016831
1
1
1
1
1
1
1
1
1
1
1
1
1
1
1
1
0.976867845962367
1
1
0.999999999794354
1
1
0.626032168411841
1
0.988809751198857
0.957871979305104
0.999550073623387
1
0.997985673149776
1
1
1
1
1
0.985626663171769
1
0.978133601343856
1
1
1
1
1
0.998127592530651
0.998876703829016
1
1
1
1
1
1
1
1
1
1
1
1
1
0.998587212399186
1
1
0.986910972369751
1
0.999645633811335
1
1
1
1
1
1
1
1
1
1
1
1
1
1
0.998335552324854
1
0.993226588757706
1
1
1
1
0.999999999934841
1
0.871968692185699
1
1
1
1
1
1
1
1
0.998974252900686
1
1
1
0.999798617407414
0.871968692185699
1
1
1
1
1
0.65859116651541
1
0.999620279238333
1
1
1
0.944581537988093
1
0.999137833935826
1
1
0.974118292761822
1
1
1
1
1
0.996603401600974
1
1
1
1
1
1
1
1
1
1
1
1
1
1
1
0.999821479991448
0.998647433995558
1
1
1
1
1
1
1
1
1
0.987221931885687
1
0.997235321008915
1
1
1
0.999335876374643
1
1
1
1
0.999508012986102
1
1
1
0.958982013018644
1
1
1
0.999601233738163
1
1
1
0.999655437267848
1
1
0.55694570117212
1
1
1
1
1
1
1
0.998647433995558
1
1
1
0.758136595923315
1
1
0.999137833935826
1
1
0.999973916630231
0.999390579587183
1
1
1
0.997393371830042
0.976726997375307
1
0.999137833935826
1
1
0.974084703121312
1
1
0.999634792227781
1
1
1
0.975773899455601
0.963920761345468
0.999508012986102
1
1
1
1
1
1
0.998801665097876
1
0.995701450370767
0.999999999953599
1
1
1
1
0.986634946265374
1
0.998127592530651
1
1
1
0.999250713272314
1
1
0.992394873291011
1
1
1
1
0.993126270170423
1
1
1
1
1
1
1
1
1
0.999756776603245
1
1
0.998974252900686
1
1
1
1
1
1
1
1
0.983820321033949
1
1
0.991706954132222
0.998310526510916
1
1
0.999871378483203
1
1
1
1
1
1
1
1
1
1
1
1
1
1
0.946830205668639
1
1
1
0.992727373984907
1
1
1
1
1
0.997371003348967
1
0.996684273288358
0.958023077769058
1
1
1
1
0.999999999839026
0.741389346612515
0.952020734393574
1
1
1
1
1
0.947782099505004
1
1
0.996559155666117
1
0.998079135676691
1
1
1
1
0.951578533933442
0.999375592209744
1
1
1
0.780454627897205
1
1
1
1
1
1
1
0.999182870727822
1
1
1
0.986404769562681
0.995701450370767
1
0.999999999975051
1
1
1
1
1
1
0.973807552471869
1
0.933485585650887
1
1
1
1
0.993903087249224
1
1
1
1
0.970459648506805
0.985626663171769
1
1
1
1
1
0.934089597945499
1
1
1
1
0.999250713272314
1
1
1
1
0.999375592209744
1
1
1
1
1
1
1
1
1
1
1
1
1
1
1
1
1
1
1
1
0.999148290858822
0.999719783786758
0.971802227399912
1
1
1
1
0.973049950707389
1
1
1
1
1
1
1
1
0.934089597945499
1
1
1
1
1
1
1
0.982332071875159
1
1
1
1
1
0.991706954132222
1
0.853885335072738
0.993107546000284
1
1
1
1
1
1
1
0.980143009508405
1
1
0.999208985451056
1
1
1
1
1
1
1
1
1
1
1
0.999898545563439
1
0.96963030558998
1
1
1
1
1
0.99306645520069
1
1
1
1
1
1
1
1
0.999999999971551
0.996303382647996
1
0.996939209621127
1
1
1
1
0.967167921606768
1
1
1
1
1
1
0.998937746317858
1
1
1
1
0.999148290858822
1
1
1
1
1
1
0.999300677968054
1
1
1
0.999614732112863
1
0.999999999950129
0.976867845962367
1
1
1
1
1
0.987588855912615
1
1
1
1
1
1
0.998914223895718
1
1
1
1
1
1
1
1
1
1
1
1
1
1
1
1
1
1
1
1
1
1
1
0.999237294213443
1
1
1
0.913795492343165
1
0.998079135676691
0.973829403576624
1
1
1
1
1
1
1
0.999413649122021
1
1
1
1
1
1
1
1
1
1
1
1
1
1
1
0.978855037521196
1
1
0.999999999963536
1
0.999508012986102
1
1
1
1
1
1
1
1
1
1
1
1
0.970849591171676
1
1
1
1
0.998925097717565
1
1
1
1
0.999601233738163
1
1
0.96625713906171
1
1
1
1
1
1
1
1
0.798747550948668
1
1
1
0.999798617407414
1
1
1
1
1
1
1
1
1
1
1
1
1
1
0.990772628819737
1
0.999953411456229
0.998618419535297
1
0.926649744976549
1
0.999018098449556
1
1
1
1
1
1
1
1
1
1
1
1
0.970849591171676
0.941022516393896
1
1
1
1
0.999104769718857
1
1
1
1
1
0.998937746317858
1
1
0.838446328494979
1
0.972680095782866
1
1
1
1
1
1
1
0.999550073623387
1
0.994784209765877
1
1
0.985626663171769
1
1
0.952020734393574
1
1
1
1
1
1
0.967945737619652
1
1
1
1
0.989138540611721
1
1
1
1
1
1
0.986910972369751
1
1
0.987324772615345
0.95708961522721
1
0.999836889893099
1
1
1
1
1
0.997357598765984
1
1
1
1
1
1
1
1
1
1
1
1
1
1
1
1
0.995128005572285
1
0.906870256789903
1
1
0.963920761345468
0.998915277258596
1
1
0.798184893571206
1
1
0.9376229220065
0.995514759544301
1
1
1
1
0.999798617407414
1
1
1
1
1
1
0.999132445815971
1
0.997320467352431
1
1
1
1
1
1
1
0.99359351928193
0.997558211569664
0.953861547652175
0.859623438058528
0.981296147175391
1
1
1
1
0.999250713272314
1
1
1
1
0.9988490378974
1
1
1
1
1
0.99946058543343
0.995708604104742
0.999821479991448
0.999999999999269
1
1
1
1
1
1
1
1
1
1
1
1
1
1
0.999999999992752
1
1
1
1
0.999397914194185
1
1
1
1
1
1
1
1
1
1
1
1
0.986404769562681
1
1
1
1
0.999347865320449
0.999550073623387
1
0.999659042866168
1
1
1
1
0.993886188184224
1
1
1
1
1
1
1
1
0.997593763879003
1
1
1
0.868975982863663
1
1
1
1
1
1
1
1
1
0.99638565795043
1
1
1
1
1
1
1
1
1
1
1
1
1
1
1
0.999550524171976
1
0.735191046793072
1
1
1
1
1
0.998722316413422
1
1
0.998303304485101
0.99870885442714
1
1
1
1
0.999655437267848
1
1
1
1
0.999644706084917
1
0.984075112860093
1
1
1
1
1
1
1
1
1
0.869365777639448
0.999999999997135
1
1
1
1
1
0.980035023438998
1
1
0.987229255390997
1
1
1
0.998585174840068
1
0.999375592209744
1
1
0.999347865320449
0.99294148064613
0.999737696896448
1
1
1
1
1
1
1
1
0.998920191919888
1
1
1
1
1
1
1
1
1
0.986634946265374
0.981336545120694
1
1
0.995847141165624
0.992475469455746
1
0.966743062440645
0.999701175185147
1
1
1
1
1
0.999999999999269
1
1
0.988862606168722
1
1
0.933710251554548
0.999909696231572
1
1
0.909459005171167
1
1
1
1
1
1
0.851612187938647
1
1
0.999999999997135
1
0.999375592209744
1
1
1
1
1
0.999172361890605
1
1
1
1
1
0.999137833935826
1
1
1
1
1
0.998718322442572
1
1
0.991706954132222
0.955768832930614
0.986395184351797
0.954088052795787
0.998974252900686
1
1
1
1
1
1
1
1
1
0.999335876374643
0.998163631371367
0.999999999836788
1
1
1
0.996010433226235
0.992770519545188
1
0.999295336863168
1
1
1
0.996149913768108
0.999159581963421
1
0.998647433995558
0.999798617407414
0.999634792227781
0.998920191919888
0.991663976289896
1
0.996603401600974
1
1
1
1
1
1
1
1
1
1
1
1
0.990772628819737
1
1
0.999999999997135
1
0.99855189505065
1
0.999777067266148
1
0.996559155666117
1
1
0.995789507119593
0.93225192184566
1
1
0.999608753709077
0.954088052795787
1
1
1
1
0.952834262383646
1
1
1
1
1
1
1
1
1
1
1
0.945414155156642
1
1
0.99999999987913
1
1
1
1
1
1
1
1
1
1
1
1
1
1
0.970254048236105
1
1
0.973829403576624
1
1
1
1
1
0.974084703121312
1
1
1
0.986224098744318
1
0.998937746317858
1
1
1
1
1
1
1
1
1
1
1
1
1
1
0.908216287457462
1
1
1
0.996554800411434
1
0.991535141659621
1
1
0.998974252900686
1
1
1
0.936110882087018
1
1
1
1
1
1
1
0.998851992821617
0.999773532446158
0.996817731426287
1
0.996506109706084
1
1
1
1
0.996528265466674
1
1
1
0.999645633811335
1
0.998974252900686
0.998186158595018
1
1
1
1
0.999550073623387
1
0.997877181830051
1
1
1
0.986634946265374
0.985600441466062
1
1
1
0.997792302683967
1
0.999712820725923
1
1
1
1
1
0.998013457285281
1
1
1
1
1
1
1
1
1
1
1
0.997356636882335
0.999999999992752
1
1
1
1
0.9777532476815
0.999295336863168
1
1
1
1
1
1
0.99968729929009
1
1
0.999382793251329
1
0.640776128435744
1
1
1
1
1
1
1
1
0.989576347123074
1
1
1
0.997792302683967
1
1
1
1
1
1
1
1
1
1
1
1
1
1
1
1
0.997792302683967
1
1
1
1
0.998869782136995
1
0.96963030558998
1
1
0.988121601512159
0.999550524171976
1
1
0.89440895566875
1
1
0.997532417348878
1
1
1
1
1
0.998044152539267
0.999373506710351
0.998087376886459
1
1
1
1
0.998144316500149
0.999773532446158
1
0.889406245845425
0.998127592530651
1
1
1
1
1
1
1
1
1
1
0.998914223895718
1
1
1
1
1
1
1
1
1
1
1
1
1
1
1
0.999373506710351
1
1
1
1
1
1
1
1
0.979210534097674
1
1
1
1
1
1
0.956389116336221
0.999173500009063
1
1
1
1
1
0.999104029754276
1
1
1
1
1
1
0.954124802776872
0.999898545563439
1
1
1
1
1
1
0.997704706550995
1
1
1
1
0.999648991819813
1
0.995398630365775
1
1
1
1
1
1
1
1
1
0.999645633811335
1
1
1
0.999737696896448
1
1
0.993217698791047
1
1
1
1
1
1
1
1
0.999347865320449
1
1
1
1
0.990772628819737
1
1
1
1
0.976741165677632
1
1
1
1
0.996289053875859
1
1
1
1
0.902200163701142
1
1
1
1
1
1
1
0.99427175801929
0.997792302683967
1
0.960736880886989
1
1
1
1
1
0.998186158595018
1
0.999150289344574
1
1
1
0.999845712739399
1
1
0.999999999839026
1
1
1
1
0.976741165677632
1
1
0.999999999999269
1
1
1
0.976867845962367
0.999903342767291
1
1
1
1
1
1
0.91851843380057
1
1
1
1
1
1
1
0.999020719606157
1
1
1
0.999267838984089
1
1
1
1
1
1
1
1
1
1
1
1
1
1
1
1
1
1
1
1
1
0.965694885397913
1
1
1
0.954124802776872
0.970994439269273
0.999999999065159
0.999898545563439
1
1
1
1
0.999375592209744
1
1
1
1
1
1
1
1
1
1
1
1
0.978133601343856
1
1
1
0.998759415437995
1
1
1
1
0.999148290858822
1
1
1
1
1
1
1
1
1
1
0.975920001534834
1
0.994630713081566
1
1
0.999999999953599
1
1
1
1
0.996735985286739
1
0.997160955585933
1
1
0.952806893387794
1
1
1
1
0.998186158595018
1
1
1
1
1
1
1
1
1
1
1
1
1
1
1
1
1
1
1
1
1
1
1
1
1
1
0.999756776603245
1
1
1
0.999999999975051
1
1
1
0.970849591171676
1
0.713239478119931
1
1
0.634239371853571
1
1
1
1
1
0.634285682699402
1
1
1
1
0.994878053928805
1
0.998634381376014
1
1
1
0.952806893387794
1
1
1
0.996440676195647
1
1
0.998687854951469
1
1
1
1
1
0.999601233738163
1
0.974891822581311
0.999999999971551
0.931920763025588
1
1
1
1
1
0.553951120700072
1
1
1
1
1
1
1
0.999590514788675
1
1
0.999999999997135
0.997495821881659
0.999821479991448
1
1
1
0.994878053928805
1
1
1
1
1
1
1
1
1
1
1
1
1
1
1
1
1
1
1
1
1
1
1
1
1
1
1
1
1
1
0.998647433995558
1
1
1
1
1
1
1
1
1
1
0.99711823370078
1
1
1
1
1
1
0.926649744976549
1
1
1
1
0.998779504540319
1
1
1
1
1
1
1
1
0.999999999950129
1
0.988121601512159
1
1
1
1
1
1
1
1
1
1
1
1
1
1
1
1
1
1
1
1
1
0.998273360850894
0.998920191919888
1
1
1
1
1
1
1
1
1
1
1
1
1
1
1
0.994878053928805
1
1
1
1
1
1
1
1
1
1
1
1
0.997240522629998
1
1
1
1
1
1
1
1
1
1
1
1
1
1
0.989576347123074
1
1
1
1
1
1
1
0.945414155156642
1
1
1
0.995847141165624
1
1
1
1
1
1
1
1
0.9777532476815
0.999555109444994
0.999624190574534
0.996440676195647
1
1
0.976741165677632
1
1
1
1
1
1
1
1
1
1
1
1
1
0.970849591171676
1
0.999756776603245
1
1
1
1
1
1
1
0.999898545563439
1
0.999999999963536
1
1
0.994305214121996
1
1
0.976453188959032
0.996554800411434
1
1
1
1
1
1
0.970994439269273
1
1
0.997371003348967
1
1
0.999335876374643
0.9993038929761
1
1
1
1
1
1
1
1
0.999588431334842
1
1
1
1
1
1
1
1
1
1
1
1
0.996735985286739
0.999132445815971
1
1
1
1
0.995894444751652
1
1
1
1
1
1
0.997862189670808
1
1
0.947782099505004
0.987324772615345
1
1
1
1
1
0.851612187938647
1
0.999208985451056
1
1
1
0.999777067266148
0.997371003348967
1
1
1
0.999655437267848
0.996521166085464
1
1
1
1
1
1
1
0.998869782136995
1
0.990772628819737
1
0.999702996831998
0.999655437267848
0.909324337363063
0.999148290858822
1
1
1
1
1
0.997792302683967
0.997633158832237
0.997704706550995
1
1
1
0.999601233738163
1
0.865455922138425
1
1
1
1
1
1
0.999104029754276
0.993903087249224
0.985032812484417
1
1
1
1
1
1
1
1
1
1
0.998186158595018
1
1
1
0.829055933151021
1
1
1
1
1
1
1
1
1
1
1
1
0.95708961522721
1
1
1
1
1
0.954088052795787
1
1
1
1
1
1
1
1
1
1
0.997894900309277
1
0.987586188728466
1
1
0.999124408769084
0.999624190574534
1
1
1
1
1
1
1
1
1
1
1
1
1
1
1
1
1
1
1
1
1
1
1
1
1
1
1
1
1
1
1
1
0.913251983317972
0.914296833943784
1
1
1
1
1
1
1
0.999183048505982
1
1
1
1
1
0.999871378483203
1
0.998718322442572
1
1
1
1
1
1
0.998186158595018
1
1
1
1
1
1
1
1
1
0.98177668313932
1
1
1
1
1
1
1
0.897740952536621
0.998822917811763
1
1
1
1
1
1
1
1
1
1
1
1
0.999081163412257
1
1
0.999590514788675
1
1
1
1
1
1
0.996909259346929
0.995671198389077
1
1
0.853885335072738
1
1
1
0.88685619415856
1
1
0.931881712459483
1
1
1
1
1
1
1
1
1
1
0.999655437267848
1
0.999821479991448
1
1
1
0.999347865320449
1
1
1
1
1
1
1
1
1
1
1
1
1
1
1
1
1
1
1
1
1
1
1
1
1
1
1
1
1
1
1
1
1
0.925745214163836
1
1
1
1
1
1
1
0.85737404077637
1
1
1
1
1
1
1
1
1
1
1
0.998966287392931
1
1
1
1
1
1
1
0.987221931885687
1
1
1
0.999659042866168
1
0.999987482911109
1
1
1
1
1
1
1
0.997393371830042
1
1
0.997495618749655
1
1
0.946106768557891
1
1
1
1
1
1
1
0.99968729929009
1
1
1
1
1
1
1
1
0.998869782136995
1
1
1
1
1
1
1
1
1
1
1
1
1
1
1
1
1
1
1
1
1
1
1
1
1
0.999999999899104
1
0.881930377144274
1
1
1
1
1
1
1
0.995998432663809
1
1
1
0.99855189505065
0.998044152539267
0.997393371830042
0.999999999901989
1
1
1
1
1
1
0.997331948679081
1
1
1
1
1
1
0.998626297599152
1
0.999594304748667
1
1
1
1
1
0.940248221638161
1
0.999871378483203
1
0.999645633811335
1
1
0.889069685219797
1
0.99271258990606
1
1
0.998618419535297
1
1
1
1
1
1
1
1
1
1
1
0.999093811291818
1
1
0.983423339083417
0.993369314326747
1
0.997877181830051
1
1
1
1
1
0.995861595464119
1
1
0.998335552324854
1
1
1
1
0.998700474487406
1
1
1
1
1
1
0.881996186306624
0.93645580876434
1
0.974592917602196
1
1
1
1
1
1
0.969390602834554
1
1
0.999132445815971
1
1
1
1
1
0.973673440157029
1
1
0.999590514788675
0.999590514788675
1
1
1
0.998600240530174
1
0.998647433995558
1
1
1
1
1
1
1
1
1
1
1
1
0.997973299375914
0.997628086647457
1
1
1
1
1
1
1
0.976726997375307
1
1
0.985626663171769
1
0.998680864694856
1
1
0.974744454913399
1
0.99271258990606
1
0.881670517737138
1
1
1
0.824666633218479
1
1
1
1
1
1
0.954088052795787
1
1
1
1
1
0.996303382647996
1
1
1
0.999634871427208
1
1
1
1
1
1
1
1
0.996777491242964
0.999756776603245
1
1
1
1
1
1
1
1
1
1
1
1
1
1
1
1
1
0.999081163412257
1
1
1
1
1
1
1
0.999132445815971
1
1
1
1
1
1
1
1
1
1
0.999159581963421
1
1
1
1
1
1
1
1
0.995708604104742
1
1
1
0.884621908104857
0.999999999950129
0.998722316413422
1
1
0.991184460454491
1
0.999466457635925
0.93143302842118
1
1
1
0.997558211569664
1
1
1
1
1
1
1
1
1
0.999237294213443
1
0.974118292761822
0.986096738752479
1
1
1
0.96963030558998
1
1
0.998703005383095
1
0.999999999995332
1
1
1
1
1
1
1
1
1
1
1
1
1
1
1
1
1
1
1
1
1
1
1
1
1
1
0.999646427421384
1
1
1
1
1
1
1
1
0.999148290858822
0.998580050826908
1
1
1
1
0.999999999901989
1
1
1
1
0.882349962655043
1
1
0.700337158727612
1
1
1
1
0.908900453206297
0.999090827247222
1
1
0.999655437267848
1
1
0.984969358000757
1
1
1
1
1
1
1
1
0.998594208749577
1
0.999845712739399
0.999020719606157
1
1
0.985744183696232
0.9993038929761
1
1
1
1
1
1
1
0.99638565795043
1
1
1
0.998216353860938
1
1
1
0.969798418014734
0.96963030558998
1
1
1
1
1
1
1
1
1
1
1
1
0.90865690111132
1
1
1
0.999135859518627
1
1
1
1
1
1
1
0.999373506710351
1
0.994878053928805
1
1
1
0.970953225919371
0.999821479991448
0.999237294213443
1
1
1
1
1
1
0.999237294213443
1
1
1
1
0.99870885442714
1
1
1
0.999032082673737
1
1
1
1
0.999845712739399
1
1
1
0.996909942713276
1
1
1
1
1
0.853885335072738
0.999300677968054
1
1
0.999078209909234
1
1
0.987229255390997
1
1
1
1
1
1
1
1
1
1
0.998412523029542
1
1
0.969798418014734
1
1
1
1
1
0.998079135676691
1
1
0.999375801353842
1
1
1
1
1
1
1
0.992000033174509
1
1
1
1
1
1
0.988473534131558
1
1
1
1
1
1
1
1
0.999250713272314
1
1
1
1
1
1
1
0.999413649122021
1
1
1
1
1
1
0.998680864694856
1
0.999508012986102
0.997361044326471
1
1
1
1
1
1
1
1
1
1
1
0.962911226655317
1
1
0.990454601082041
1
1
1
1
1
0.999219628293653
0.998869782136995
1
1
0.999148290858822
1
1
1
1
1
1
1
1
1
1
0.959319382455975
1
1
1
1
1
1
1
0.999712820725923
1
1
1
1
1
0.996526305206663
1
1
1
0.998427898438375
0.991184460454491
1
1
0.998215963034744
0.932774713210059
1
0.999777067266148
0.993249183677685
1
1
1
0.988793136943033
1
1
1
1
1
0.996777491242964
0.857071390944035
0.987221931885687
1
1
1
0.999999999999269
1
1
1
1
1
1
1
1
1
0.998759415437995
1
1
1
1
1
1
1
1
1
1
1
1
1
1
0.991137290471275
1
0.999956659011889
1
0.998163631371367
1
1
1
1
1
0.715073577375041
1
1
1
1
1
1
1
0.91581101874165
1
1
0.999798617407414
1
1
1
1
0.999173500009063
1
1
1
1
1
1
1
1
1
1
1
0.542060970335461
1
0.847538777628334
0.996723942635602
1
1
1
1
1
1
1
1
1
1
0.998076365808638
1
0.999606525737747
1
1
0.999798617407414
1
0.996506109706084
1
1
1
1
1
1
1
0.999999999997135
0.84587133192236
1
0.994878053928805
1
1
1
1
1
1
1
1
1
1
1
1
1
1
1
1
1
1
1
0.999999999999269
1
1
1
1
1
1
1
1
1
1
1
1
1
1
1
1
0.99271258990606
0.988121601512159
1
1
1
0.980801523393183
1
1
1
0.999020719606157
1
0.975244582083663
1
1
1
1
0.981435559555158
1
1
1
1
1
1
0.999018098449556
0.998937746317858
1
0.99968729929009
0.999150289344574
0.992000033174509
1
1
1
1
0.999184299095619
1
1
1
1
1
1
1
1
0.999375592209744
1
1
1
0.998903629727928
1
1
1
1
1
1
1
0.952806893387794
1
1
1
1
0.996735985286739
1
1
1
1
1
1
1
1
1
1
0.996303382647996
1
1
0.866232855834023
1
1
0.91581101874165
1
1
1
1
0.974891822581311
1
1
1
1
1
1
0.99870885442714
1
0.999756776603245
1
1
1
1
1
1
1
1
0.971257998526402
1
1
1
1
1
1
1
0.998560195641971
1
1
1
0.997829656321755
1
1
1
1
1
1
1
1
1
0.846585491557522
1
1
1
1
1
1
1
1
1
1
1
1
1
1
0.999082110826569
1
1
0.988793136943033
0.998642256706833
0.994544368124919
1
1
1
1
1
1
0.991060736885976
1
1
1
0.987586188728466
0.995128005572285
0.999593802193947
0.996939209621127
1
0.998273360850894
0.993653920814769
1
1
1
1
1
1
1
0.996303382647996
1
1
1
1
1
1
1
1
0.997639283475303
1
1
1
1
1
1
1
1
1
1
1
1
1
1
1
1
1
1
0.999456391793511
1
0.985626663171769
1
0.999375592209744
1
1
1
1
1
1
1
1
1
1
1
0.999456391793511
1
0.997558893392303
1
1
1
1
1
1
1
1
0.99946058543343
1
1
0.991706954132222
1
0.976585256261964
1
1
0.998779504540319
1
0.99472744649366
1
0.993249183677685
1
1
1
1
1
0.995671198389077
1
1
1
1
1
1
1
1
0.999456391793511
1
0.914296833943784
1
1
1
0.998127592530651
0.999267838984089
0.998869782136995
1
1
1
1
1
1
1
1
1
0.994919738714691
1
0.999798617407414
1
1
1
1
1
1
1
1
1
0.997986888944372
1
1
1
1
1
1
1
1
1
1
0.994341523949724
1
1
1
1
0.998620865844165
1
1
0.998303304485101
0.988944281772489
0.999237294213443
1
1
1
1
0.987221931885687
1
1
1
1
1
0.990772628819737
1
1
1
1
1
0.952834262383646
1
0.999375801353842
1
1
0.985626663171769
0.999413649122021
1
1
1
1
1
1
1
1
1
1
1
0.991535141659621
1
1
1
1
1
0.990454601082041
1
1
0.99638565795043
0.591373214485823
0.999172361890605
1
1
0.999601233738163
1
1
1
1
0.989887071592717
1
0.996654419283537
1
1
1
1
1
0.866232855834023
1
1
1
1
1
1
0.998822917811763
1
1
1
1
1
1
1
1
1
1
1
1
1
1
0.999999999992752
1
1
1
0.998851992821617
1
1
0.985840355939912
0.98620720920252
1
0.904861704401935
1
1
1
0.99857519510222
0.990454601082041
0.999588431334842
0.814119027088151
1
1
1
1
1
1
1
1
1
1
1
1
1
1
0.998618719267621
1
1
1
0.994146051470816
1
1
0.999999999975051
1
1
1
1
0.985832538485467
1
1
1
1
1
1
0.984969358000757
1
0.999456391793511
1
1
1
1
1
0.762276481728773
1
0.955768832930614
0.997495618749655
1
1
1
0.91807590326237
1
1
1
1
1
0.996654419283537
1
1
1
1
1
1
1
0.962447606063688
1
1
1
1
0.998700474487406
1
0.999999999975051
1
1
1
1
1
1
1
1
1
1
0.999124408769084
1
1
1
1
1
1
1
1
0.996508240637538
0.998700474487406
0.997755076262401
1
1
1
1
1
0.999646427421384
1
1
0.996817731426287
1
1
1
1
0.998958961353126
1
1
1
1
1
1
1
1
1
1
1
1
1
1
1
1
0.987229255390997
1
0.998561786520151
1
0.910597910802441
1
1
1
1
1
1
1
1
1
1
0.999702996831998
1
1
1
1
1
1
1
1
1
1
1
1
1
1
1
1
1
1
0.998303304485101
0.997371003348967
0.825245918924685
1
1
0.996723942635602
0.999730674679534
1
1
1
1
1
1
1
1
1
1
1
0.979210534097674
1
1
1
1
1
0.999173500009063
0.998642256706833
1
1
1
1
0.998782152680621
0.997994263838044
0.944250404362086
1
0.982002261504543
1
1
0.999999999953599
1
1
1
0.998273360850894
0.934801218032607
1
1
0.996939209621127
0.999672657929686
1
1
1
1
1
1
0.897740952536621
0.998587212399186
1
1
1
1
1
1
1
0.996817731426287
1
1
1
1
1
1
1
1
1
1
1
1
1
1
1
1
1
1
0.998127592530651
1
1
1
0.988522645640736
1
0.994878053928805
1
1
1
1
1
1
1
1
1
0.994328005955085
1
0.999300677968054
1
1
1
0.996664993300362
1
1
1
1
1
1
1
1
1
1
1
0.999702996831998
1
1
1
1
1
1
1
1
0.793821421304319
1
1
1
0.998722316413422
1
1
1
1
1
1
0.999083442446755
1
1
0.993559954995455
1
1
1
1
1
1
1
1
1
1
1
0.999082110826569
1
1
1
0.945414155156642
1
0.990440317708404
1
0.96963030558998
0.999999999755665
0.999375592209744
1
0.995449043344955
1
1
1
1
1
1
0.999335876374643
1
1
1
1
1
1
1
1
1
1
1
1
1
1
1
1
1
1
1
1
0.871819793284357
1
1
1
0.99638565795043
1
1
1
1
1
0.884621908104857
0.999237294213443
1
1
1
1
1
1
1
1
1
1
0.990772628819737
1
1
1
1
1
1
1
0.999773532446158
1
1
1
1
0.999032082673737
1
1
0.952806893387794
1
1
1
0.999871378483203
0.985032812484417
1
1
1
0.851612187938647
1
1
1
1
1
1
0.91581101874165
1
1
1
1
1
1
1
1
1
1
1
1
1
1
1
1
1
1
1
1
1
1
1
1
1
1
1
1
1
0.999335876374643
1
1
1
1
1
1
1
1
1
1
1
1
1
1
1
1
1
1
1
1
1
1
0.996777491242964
1
1
1
0.997973299375914
0.989337963919074
1
1
1
0.989356809849978
1
0.999777067266148
1
1
0.999295336863168
1
1
1
1
1
0.997954966570605
1
1
1
1
1
1
0.997639283475303
1
1
1
1
1
1
1
1
0.998598512928099
1
1
0.999032082673737
1
1
0.999646427421384
1
1
0.976741165677632
1
1
1
1
1
1
1
1
1
1
1
1
1
0.999550524171976
1
1
1
1
1
1
1
0.997633158832237
1
1
0.999672657929686
1
1
0.987097618053803
0.998642256706833
1
1
1
0.998335552324854
1
1
0.929383715732976
1
1
1
0.970254048236105
1
1
1
1
0.994878053928805
1
0.854372093995109
1
1
1
1
1
0.99801594289446
0.991060736885976
0.999608753709077
1
1
0.993217698791047
1
1
1
0.990771846102727
1
1
1
1
1
1
1
1
1
1
1
1
1
0.699759739141431
1
0.999594304748667
1
1
1
1
1
1
1
1
0.997279069507111
1
1
1
1
1
1
1
1
0.997877181830051
1
1
1
1
1
1
0.999104029754276
1
1
0.999335876374643
0.998718322442572
1
1
1
1
0.999756776603245
1
1
1
1
1
1
1
1
0.998427898438375
1
1
1
0.992867810713934
0.9993038929761
0.998594208749577
1
1
0.993369314326747
1
1
1
1
0.998303304485101
1
0.996664993300362
1
1
0.999999999917769
1
1
0.999550524171976
1
0.974744454913399
1
1
0.822017720448563
1
1
1
1
0.997558211569664
1
1
1
1
0.951578533933442
0.998958961353126
1
0.976726997375307
1
1
1
1
0.999756776603245
1
1
0.999601233738163
1
1
1
1
1
0.967596383842948
1
1
0.98840337308635
1
0.998319506960998
1
1
1
1
1
1
1
1
1
1
1
1
0.999508012986102
1
1
1
0.999871378483203
1
0.998595373992792
1
0.99638565795043
1
1
1
0.976741165677632
1
0.999148290858822
1
1
1
1
0.998560195641971
1
1
1
1
1
1
1
0.999295336863168
1
0.999590514788675
1
1
1
1
1
1
0.999608753709077
1
1
0.869365777639448
0.999550524171976
1
1
1
1
1
0.999845712739399
1
0.943218173176089
1
1
1
1
1
1
1
0.999091956144057
1
1
1
1
1
1
0.999018098449556
1
1
0.971257998526402
1
1
0.999375592209744
1
1
1
0.999508012986102
0.996506109706084
1
1
1
1
1
1
1
0.999508012986102
1
1
1
1
0.993589646131076
1
1
1
1
1
1
1
1
1
1
1
1
1
0.997398615054235
0.999999999999269
1
1
1
1
1
1
1
1
1
1
1
1
0.999124408769084
1
1
1
0.999413649122021
0.997495821881659
1
0.987586188728466
0.978879069091029
1
0.982641653864316
0.979210534097674
1
1
1
1
1
1
1
1
1
1
1
1
1
1
1
1
1
1
1
1
1
0.993203738669878
1
1
1
1
1
1
0.996817731426287
1
1
1
1
0.945863935941278
1
0.93036099304488
1
0.733383825715104
1
0.99857519510222
1
1
1
1
1
1
1
1
0.998670475700196
1
1
0.998163631371367
1
1
1
0.988853403253292
1
1
1
1
1
1
1
1
1
1
1
1
1
1
1
1
1
1
1
1
1
1
0.999799676600962
1
1
1
1
1
1
1
0.997009590664792
0.979880449202429
1
1
1
1
0.746709979764762
1
0.999132445815971
1
1
1
0.998937746317858
1
0.99306645520069
1
1
1
1
1
1
1
1
1
1
1
1
0.999590514788675
1
1
1
1
1
1
1
0.992394873291011
1
1
0.999999999975051
1
1
1
1
1
1
1
1
0.991058846709881
1
1
1
1
1
1
1
1
1
1
1
1
0.998680864694856
1
1
1
1
1
1
1
1
1
1
1
0.991184460454491
1
1
1
1
0.993217698791047
1
1
1
1
1
1
0.999590514788675
1
1
1
1
1
0.997322092271825
1
1
1
1
1
1
1
1
0.998585174840068
0.996166040754803
1
1
1
1
1
1
1
1
0.914296833943784
0.998803951023532
1
1
1
1
1
1
1
1
1
1
1
1
1
1
0.943218173176089
0.996528265466674
1
0.924420390342721
1
1
1
1
1
1
0.93143302842118
1
1
1
1
1
1
1
1
1
1
0.997899284399114
0.998600240530174
1
1
1
1
1
0.998803951023532
1
1
1
1
1
1
1
1
1
1
1
0.998186158595018
1
1
1
1
1
0.998958961353126
0.881996186306624
1
1
1
0.999555109444994
1
0.999373506710351
1
1
1
1
0.999219628293653
1
0.817503494412056
0.997997196232132
1
1
1
1
0.95665942848529
1
1
1
1
1
0.998667041554704
1
1
1
1
1
1
1
1
1
1
1
1
1
0.9988490378974
1
1
0.993226588757706
1
1
1
0.711232229750266
1
1
0.999871378483203
0.973829403576624
1
0.934801218032607
1
1
0.615384955307691
1
1
1
0.998958961353126
0.758136595923315
1
1
1
0.669663481802491
1
1
1
0.894505149195986
1
1
0.997558211569664
1
1
1
1
1
1
0.998594208749577
1
1
1
1
1
0.999250713272314
1
1
1
1
1
1
1
1
1
1
1
1
1
1
1
1
1
1
0.998554414643266
1
1
1
1
1
1
1
1
1
0.997829656321755
1
0.999020719606157
1
1
1
1
1
0.999373506710351
0.982706068552405
1
1
0.996528265466674
1
1
1
1
1
1
1
1
1
1
1
1
1
0.998680864694856
1
1
1
1
1
1
1
1
1
1
1
0.986026735574376
1
1
1
0.994878053928805
1
1
1
0.999229551850553
0.95306634382786
1
1
1
1
0.999606525737747
1
1
1
1
1
1
1
1
1
1
1
0.997633158832237
1
0.998700474487406
1
1
0.9867098740135
0.996963235631731
1
1
1
0.999267838984089
1
1
1
0.996684273288358
1
1
1
1
1
0.998303304485101
1
0.998559689211197
1
1
1
0.997558211569664
0.997862189670808
1
1
1
1
0.997396438600678
1
1
1
1
1
1
1
0.996559155666117
1
1
1
1
1
1
1
1
0.999672657929686
0.996777491242964
1
1
1
0.970849591171676
0.998127592530651
1
0.999183048505982
0.974118292761822
1
1
1
1
1
0.998618719267621
1
1
1
1
1
1
0.941022516393896
1
1
1
1
1
1
0.999413649122021
1
1
1
1
1
1
0.940380891895819
1
1
0.995514759544301
0.990771846102727
1
1
0.997986888944372
1
1
1
1
1
0.998779504540319
0.999137833935826
1
1
1
1
1
1
1
1
0.966006456431374
0.999588431334842
1
1
1
1
1
1
0.999148290858822
0.994767862581333
1
1
0.999590514788675
1
1
1
0.999219628293653
1
1
1
0.89198142991888
1
1
1
1
1
1
1
1
1
0.998937746317858
1
0.996723942635602
1
1
0.998822917811763
1
1
1
0.952440630786353
0.976129354773364
1
1
1
1
1
0.998649917545952
1
1
1
0.999588185597329
1
0.992915904903444
0.999999999971551
1
0.902200163701142
1
1
1
0.967596383842948
1
1
1
1
0.999773532446158
0.992394873291011
1
0.999382793251329
1
1
0.998634381376014
1
1
1
1
1
0.989337963919074
1
1
1
1
1
1
1
1
1
0.991295482174836
1
1
1
1
0.99638565795043
1
1
1
1
1
1
1
0.991231040038315
1
1
1
1
1
1
1
1
1
1
0.999674668542113
1
1
0.999081163412257
1
1
1
1
0.914296833943784
1
1
1
1
1
1
1
1
1
1
1
0.999999999917769
0.999456391793511
1
1
1
1
0.998079135676691
0.998915277258596
1
1
1
1
1
1
1
1
1
1
1
1
1
0.999645633811335
1
1
1
1
0.986096738752479
1
1
1
1
1
1
1
1
1
0.982002261504543
1
1
0.993226588757706
1
1
1
1
1
0.995128005572285
1
0.881996186306624
1
1
0.980143009508405
1
1
1
1
0.996684273288358
1
0.917692337233133
1
1
1
1
1
1
0.975773899455601
0.940380891895819
1
1
1
0.934089597945499
1
0.996521166085464
1
0.999614732112863
1
1
1
1
1
0.994146051470816
1
1
1
1
1
0.962447606063688
1
1
1
1
0.999601233738163
0.988966911934101
1
0.99999999976351
1
1
0.999550073623387
1
1
1
1
1
1
1
1
1
0.973829403576624
1
0.959319382455975
1
1
1
0.997558211569664
1
1
1
1
1
1
1
1
0.974891822581311
0.996559155666117
1
1
0.999999999971551
0.998869782136995
1
1
0.998427898438375
1
1
1
1
1
1
1
0.999272349075304
1
0.999300677968054
1
1
1
1
0.998680864694856
1
0.993126270170423
0.998634381376014
1
1
1
0.987978139643658
0.997160955585933
1
1
0.877083943899659
1
1
1
1
1
1
1
1
0.762152980199258
1
1
1
1
0.997558211569664
0.998667041554704
1
1
1
1
1
0.996664993300362
1
1
1
1
1
1
1
1
1
1
1
1
1
0.99840262268442
1
1
1
1
1
0.995449043344955
0.991706954132222
1
1
1
1
1
0.995671198389077
1
1
1
1
1
1
0.999898545563439
1
1
1
1
1
1
1
0.994878053928805
1
1
1
1
0.995128005572285
1
1
1
1
1
1
1
1
0.991622295261393
1
0.999898545563439
1
0.999413649122021
1
1
0.974079174399378
1
1
1
1
1
1
1
1
1
0.941188543447762
1
1
1
1
1
1
0.998310526510916
1
1
0.971422886371257
0.987221931885687
1
1
1
1
0.997973299375914
1
1
1
1
1
1
1
1
0.998920191919888
1
1
0.990217425031662
1
1
1
1
0.955768832930614
1
1
1
1
1
1
0.735919664456635
1
0.994029264686319
1
0.685652178242781
1
1
1
1
1
1
1
1
1
0.998335552324854
1
1
1
1
1
1
1
1
1
1
0.999999999995332
1
1
0.998144316500149
1
1
0.999999999901661
0.998680864694856
1
1
1
1
1
0.993226588757706
1
1
1
1
1
1
0.999871378483203
1
0.978855037521196
1
1
1
1
1
1
0.99736092036081
1
1
1
1
0.910572017601984
1
1
1
1
0.999606525737747
1
1
1
1
1
0.945863935941278
0.993653920814769
1
1
1
0.980035023438998
0.990771846102727
0.87873162197219
1
1
1
1
0.999999999999269
1
0.972594094087971
1
1
1
0.902200163701142
1
1
1
1
1
1
1
1
1
1
1
1
0.998815881996358
1
1
0.997240522629998
1
0.986404070307503
0.993203738669878
1
1
1
1
1
1
0.998920191919888
1
0.96625713906171
1
1
1
1
1
1
1
1
1
1
0.999645633811335
1
0.997704706550995
1
0.997558211569664
0.997558211569664
1
1
1
0.988944281772489
1
0.996654419283537
1
1
1
0.917930247844376
1
0.998642256706833
1
1
1
1
0.998303304485101
1
1
1
1
1
1
1
1
1
0.998186158595018
1
0.999601233738163
1
1
1
1
1
0.982641653864316
1
1
0.862327903854144
1
1
1
1
1
1
0.999999999997135
1
1
0.999599679878061
0.996303382647996
1
0.946472884854026
1
1
0.936110882087018
1
0.998342694669304
0.99271258990606
1
1
0.999466457635925
1
1
1
1
1
1
1
0.99736092036081
1
1
1
0.999456391793511
0.99840262268442
1
1
1
1
1
1
1
1
1
0.99900621481801
1
1
1
0.99900621481801
0.989138540611721
1
0.999999999858213
0.998186158595018
0.999091956144057
1
1
1
1
1
1
1
1
1
1
0.99857519510222
0.988862606168722
1
1
1
1
1
1
1
0.931920763025588
0.975153651869314
1
1
1
1
1
1
0.999137833935826
0.996506109706084
1
1
1
1
1
1
1
1
1
1
1
0.986018479383077
1
0.99840262268442
1
1
1
1
1
1
1
0.996303382647996
0.853885335072738
1
1
1
1
1
0.900154366703281
1
1
1
1
0.998560195641971
0.997495618749655
1
1
0.999645633811335
0.998937746317858
1
1
1
1
1
1
1
1
1
1
1
1
0.999020719606157
1
1
1
1
1
0.997894900309277
1
1
1
0.838446328494979
1
1
1
1
1
1
1
1
1
1
1
1
1
1
1
1
1
1
1
0.999159581963421
0.997792302683967
1
1
1
1
1
1
1
1
1
0.98840337308635
0.975773899455601
1
1
1
1
1
1
1
1
1
1
0.999645633811335
1
1
0.999466457635925
0.929383715732976
1
1
1
1
0.998310526510916
1
1
1
1
1
1
1
1
1
1
1
1
1
1
0.940380891895819
1
0.999335876374643
1
1
1
1
1
1
1
1
1
1
0.954852053917377
1
1
1
1
1
1
1
1
1
1
1
1
0.999845712739399
1
0.997593763879003
1
1
1
1
1
0.956501594528596
1
1
1
1
1
1
1
1
1
1
1
1
1
1
1
0.995449043344955
1
1
1
0.998915277258596
1
1
1
1
1
0.999456391793511
1
1
1
1
1
1
1
1
1
1
1
0.997994263838044
0.999300677968054
1
1
1
1
1
1
1
1
1
1
1
1
1
1
1
0.994512165430566
1
1
1
1
1
1
1
1
1
1
1
0.998249167228292
0.882395508810627
0.999999999899104
1
1
1
1
1
1
1
1
0.998427898438375
1
1
1
0.980984738948934
1
1
1
1
1
1
1
1
0.994402428971466
1
0.995793559326892
1
1
1
1
1
1
1
1
1
1
0.999159581963421
1
0.767950289122729
1
1
1
1
1
1
0.999020719606157
1
1
1
0.95598422934148
1
1
0.98840337308635
1
0.999999999999269
1
1
1
1
1
1
0.998163631371367
0.954852053917377
0.995789507119593
1
1
0.998013457285281
1
1
0.994417901832441
1
1
1
1
1
1
0.999335876374643
1
0.999777067266148
1
0.998801665097876
1
1
0.999335876374643
1
1
1
1
1
1
0.985744183696232
1
0.973673440157029
0.998779504540319
1
1
1
0.998335552324854
1
1
1
1
1
0.998587212399186
1
0.910667765644755
1
1
1
1
1
1
1
0.998600240530174
1
0.971257998526402
1
1
1
1
1
1
1
0.99271258990606
1
0.994630713081566
1
1
1
0.999999999901989
0.945863935941278
1
1
1
1
1
0.984521407688829
1
1
1
1
1
1
0.996554800411434
1
1
1
0.910572017601984
1
1
1
1
1
1
1
1
0.997322092271825
1
1
0.997954966570605
1
0.999773532446158
1
1
1
0.998076365808638
0.994413133172916
1
1
1
1
1
0.973836156945218
1
1
1
1
1
0.999871378483203
0.993391651967986
1
1
1
1
0.990158276763782
1
1
0.8925720647888
1
0.997973299375914
1
1
1
1
1
0.998272388895677
1
1
1
0.999777067266148
1
1
1
1
1
1
1
1
1
1
1
1
0.999999999836788
0.847538777628334
1
1
1
1
1
1
1
1
1
1
0.661634011028498
1
0.993559954995455
0.990772628819737
1
0.999599679878061
1
0.993203738669878
1
1
1
0.991231040038315
0.974118292761822
0.673534371508066
0.868975982863663
0.955768832930614
1
1
1
0.999172361890605
1
0.976637086625042
0.999648991819813
0.976635946536537
0.997628086647457
0.984473999634581
1
1
0.995861595464119
1
0.996148302061026
1
1
1
0.990454601082041
0.998718322442572
1
1
