x
1
1
1
0.994189894107742
1
1
1
1
1
1
0.901552503363689
1
1
0.964928069754449
1
1
0.998567184843408
1
1
1
1
1
1
1
1
1
0.868112254683992
1
1
1
0.94413789150375
0.963779962093765
0.975107707759369
0.968292544085845
0.996174104477007
1
1
0.99273986962802
1
0.947866197527472
1
0.97925691413269
0.987324159359388
1
1
1
1
0.683750115372429
1
1
0.966024245902303
0.878898330841851
1
0.976139561279614
1
1
0.985313604826092
0.926655321036775
1
1
1
0.970536661389925
1
0.929142461369793
1
0.864172913238121
1
0.978308809556251
1
1
1
0.927419738682441
0.955053957628753
1
1
1
1
1
1
0.956448795844891
1
1
1
0.995594146027221
1
1
1
1
1
1
1
1
1
0.982287663942186
0.996613708887681
1
1
1
0.894477389056585
1
1
0.998212893983869
1
1
1
1
0.905544914730596
1
1
1
1
0.963952977392315
1
1
1
1
1
1
0.923443519956939
1
1
1
1
0.98426463570235
1
1
0.592408844953935
0.904694633657112
1
0.921263283342233
1
1
1
1
1
1
1
1
1
1
1
1
1
0.995859544106788
0.753879287280371
1
1
0.936354999231819
1
0.99273986962802
1
1
1
1
1
1
1
1
1
1
1
1
1
1
1
1
1
0.907151594034817
1
1
1
0.961616541115657
1
1
1
0.982664272333316
1
1
1
1
1
0.98156179511473
0.994115525372189
1
1
1
1
0.998418288926642
1
1
1
0.936374477434265
1
0.961616541115657
0.97744946636785
1
0.971271282984628
1
0.961704434991311
1
0.822467566542231
1
0.992886784841158
0.946781517258351
0.979505849248384
1
0.992886784841158
1
1
1
1
1
1
1
1
1
0.993066478283933
0.940240943057864
1
1
0.914512020551175
1
1
1
1
1
0.993989256908506
1
1
1
0.998831124508019
1
1
1
1
1
0.922918944676334
1
0.909758559265099
1
1
1
1
1
1
1
0.933659465161806
1
1
1
1
1
1
1
1
1
1
1
1
1
0.802171443380166
1
1
1
1
1
0.97404253195046
1
1
1
1
1
1
0.974257336138363
0.95265919805077
1
1
1
0.94413789150375
0.993906733339218
1
1
1
1
1
1
0.963037652243388
1
0.936354999231819
1
0.937743477425558
1
1
0.99049676766892
1
0.983103864870152
1
1
1
1
1
1
1
1
1
1
1
1
1
1
1
1
1
1
1
1
1
0.998114761117475
1
0.991109531915287
1
0.974712989874969
0.921063185498154
1
0.994800758201415
1
1
1
1
1
1
1
1
1
1
1
1
1
1
1
1
1
1
1
1
1
0.978601839465288
1
1
1
0.979202693409951
1
1
1
1
1
1
1
1
1
1
1
1
1
0.982653853241178
0.903907178894144
1
1
0.926883981787537
1
1
0.996180662737374
0.90257147396684
0.979766914086126
1
1
1
1
1
1
1
0.789102814250249
1
1
1
1
1
1
1
1
1
0.916284144284511
1
0.982653853241178
1
1
1
1
1
0.993066478283933
1
1
0.91300769511154
1
1
1
0.581965054562553
1
1
0.96372105299922
1
1
0.942319037559237
1
1
1
0.965178638947022
1
1
1
1
1
1
1
1
1
1
1
0.880361527597148
1
1
1
0.986467568923799
1
1
0.933659465161806
0.946064287315318
1
0.965845798381005
1
0.983651663576553
1
1
1
1
1
1
1
1
1
0.943353832397823
1
1
0.975875272759202
1
1
1
1
0.993066478283933
1
1
1
1
1
0.885167523912832
1
0.869624017819732
0.822467566542231
1
1
1
1
1
1
0.973249230632766
1
1
1
1
1
1
1
0.992504303950018
0.99579664114481
1
1
1
1
0.922099711404895
1
0.891515148404823
1
1
1
0.995095856851139
0.988106466218776
1
1
1
1
0.909380008910051
1
0.975675137008866
1
1
1
1
1
0.908989035425342
0.939353285698651
1
0.883209609098858
0.98426463570235
1
0.810201568126087
1
1
1
1
1
0.999089048603867
1
1
1
1
0.969607818878552
1
1
1
1
1
1
1
1
1
0.997442904315941
0.720057542465724
1
1
1
1
1
1
1
0.958256534176255
1
1
0.962071050947494
1
1
0.899688638626887
1
1
1
1
1
1
1
1
1
1
0.961616541115657
0.971429932336125
1
1
0.993294145880843
1
0.981455857588358
0.988605225797942
1
0.996183032908127
1
1
1
1
1
1
0.726995970131112
1
1
1
1
1
1
1
1
1
0.972937605001265
1
1
1
0.925208710191343
0.937791719357827
0.995363339888108
1
1
1
1
1
0.849143039897374
0.967725963924035
1
1
1
1
1
0.944585645293827
1
1
1
1
1
1
1
1
1
1
1
1
1
1
1
1
1
0.910152330985041
1
1
1
0.955951528886691
1
1
0.928389426630327
1
1
1
1
1
0.981512312309029
1
1
1
1
1
0.993989256908506
1
1
1
1
0.979846007732516
1
1
1
1
1
1
1
0.975655832046
1
0.869624017819732
0.961688061799876
1
1
1
1
0.998567184843408
0.992598355604402
1
1
1
1
1
1
1
1
0.720057542465724
1
1
1
0.977689231464205
1
1
0.962321057925711
1
1
1
1
1
1
1
1
1
1
1
1
1
0.904396671867616
1
0.997005886817463
1
1
0.979090129046577
1
0.987634530460303
1
1
0.986726527478765
0.887380141421546
1
1
1
1
1
1
1
1
1
1
1
1
1
1
1
0.991432961871718
1
0.976007783042839
0.924244826957648
0.726752411438536
0.996187693557869
1
0.991883353775445
1
1
1
1
1
1
1
1
0.999721735628481
1
0.987740719800289
1
1
1
0.97762673360644
0.988106466218776
0.907151594034817
1
1
0.993066478283933
1
0.977342677551612
1
1
0.947866197527472
1
0.994136456009264
1
1
0.996091506783578
0.921087115614232
0.961608815688976
1
0.969430384549471
1
0.970552480550217
1
1
1
1
0.970619744021587
0.968292544085845
0.991788145456943
1
1
1
1
1
1
1
1
1
1
1
1
1
1
0.996174104477007
1
1
1
1
1
0.978779474910496
1
1
1
0.974079439698093
1
1
1
0.993066478283933
0.986564811723339
1
0.909731387118337
1
1
0.987349407255954
1
1
1
1
0.992473326460822
0.992886784841158
1
0.994136456009264
1
1
1
1
1
0.991956558134952
1
0.997005886817463
1
0.90533394379077
1
1
1
1
1
1
1
0.959751128164914
1
1
1
1
0.99954725077409
0.974712989874969
1
1
0.988861448618419
0.982228349225467
1
1
0.999721735628481
1
1
0.733605335435314
0.996214862971307
1
1
1
0.891515148404823
1
1
1
1
1
1
0.994136456009264
1
1
1
0.997005886817463
1
1
1
1
1
1
1
1
1
1
0.926831874304727
1
1
1
1
1
1
1
0.99921806241703
1
0.925012404443648
1
1
1
1
1
0.980630753992491
1
1
1
1
1
1
0.961704434991311
1
1
1
1
1
1
1
1
1
1
1
1
0.998355421901827
0.718701843972244
1
1
1
1
1
1
1
1
1
0.944921903263275
0.874757232862119
1
1
1
1
1
1
1
1
1
1
0.879360758291813
1
1
1
1
1
1
1
1
1
1
1
0.890879007740525
1
1
1
1
0.94246049293998
1
0.978751425385375
1
1
1
0.945367738337363
1
1
1
1
1
1
1
1
1
1
1
1
0.910271520520334
0.925208710191343
1
1
1
1
1
1
1
1
0.989259741266629
0.992886784841158
1
1
1
1
1
0.968946672985552
1
1
0.96887089851612
1
1
1
1
1
0.998773869758296
1
1
1
1
0.953849070853305
1
1
0.902053250624615
1
1
1
0.875076297287625
0.943504279252118
1
0.985313604826092
1
1
1
1
1
0.98466904573495
1
1
1
1
1
1
0.945251924463207
0.998418288926642
0.987634530460303
0.997957208039863
1
0.982664272333316
1
1
1
1
1
0.94413789150375
1
1
1
1
1
1
1
1
1
1
1
0.930839367713301
1
0.922828651827294
1
1
1
0.995363339888108
1
0.985313604826092
1
1
0.974038746664692
1
0.952606120410171
1
0.993890745639901
1
1
1
1
0.918126267530102
1
1
1
1
1
1
1
1
1
1
0.794839744354729
1
1
1
1
1
1
0.839645056479374
0.939917372433595
1
1
1
1
0.998212893983869
1
0.995859544106788
1
1
1
0.968946672985552
1
0.996091506783578
1
1
1
1
1
1
1
1
1
1
1
0.952606120410171
0.824603653752723
0.995629633807937
1
1
1
1
1
1
1
1
1
1
1
1
0.998355421901827
1
0.950450748804363
0.995363339888108
0.955053957628753
1
1
1
1
1
1
1
1
1
0.971429932336125
1
1
1
1
0.973699592668833
1
1
1
1
0.996092748697622
0.960958892476082
1
0.985019232148295
1
1
1
1
1
1
0.948459648556697
1
0.995558953632499
1
1
1
1
1
1
0.99753161585682
1
0.856717208783225
0.982287663942186
1
1
1
1
1
0.992886784841158
1
1
1
1
0.870237266766363
1
1
1
1
1
1
1
0.996944029695129
1
1
1
1
1
1
1
1
1
1
0.770765000082789
1
1
1
0.992473326460822
0.996416975753217
0.916688711067274
1
1
1
1
1
1
1
1
0.989290283624226
1
1
1
0.959995776600647
0.901552503363689
0.859566635942364
1
1
0.995957337418628
0.967255735011101
1
1
1
1
1
1
1
1
1
0.95739222845104
1
1
1
1
1
0.935020834109788
1
1
0.971271282984628
1
1
1
1
0.979202693409951
1
1
1
1
1
1
1
1
1
1
1
1
1
1
1
1
1
1
1
1
1
1
1
1
1
1
1
1
1
0.816261653763354
1
0.902046021086703
0.714925606947595
1
1
1
1
1
1
0.996214862971307
1
1
1
1
1
1
0.918063546189379
0.993549696415033
1
1
1
1
1
1
1
0.997904850861398
1
1
1
1
1
1
0.977689231464205
1
1
0.99810097297232
1
1
1
1
1
1
0.832812320115117
1
1
1
0.999721735628481
0.987740719800289
1
0.979516048688506
1
1
1
1
0.978751425385375
1
1
1
1
1
1
0.889918282152736
0.954370731502179
1
1
0.976139561279614
1
0.950776078136618
1
1
1
0.970279971943585
1
1
1
1
1
0.958548101163066
1
0.997904850861398
0.986924523724559
1
1
1
1
1
0.878898330841851
1
1
0.944585645293827
1
1
1
1
1
0.985011643898275
1
1
1
1
1
1
1
1
1
1
1
1
1
1
0.99617996222272
0.996183032908127
1
1
1
0.96178081492464
0.850705753185666
0.993906733339218
1
1
0.991419261454771
0.994836212895556
1
1
1
1
1
1
1
0.987349407255954
1
1
1
1
0.949148687807673
1
1
1
1
0.979766914086126
0.99810097297232
1
0.977048643077311
0.940895374365043
1
1
1
1
1
1
1
1
1
1
1
1
1
1
1
1
1
0.971393796589318
1
0.999705718628576
1
1
1
1
1
0.917548038099327
1
0.968946672985552
1
1
1
1
1
1
1
1
1
1
1
1
0.970374481862138
0.984646578346944
1
1
0.978897506729172
1
0.962837045375365
1
1
0.945633497467105
1
1
1
1
0.99509296529245
1
1
1
1
1
1
0.935464059212896
1
1
1
0.975159626777873
1
0.915288148157563
1
1
1
1
0.991956558134952
1
1
1
0.952122236548231
1
1
1
0.729663018429793
0.957206274420612
1
1
1
1
1
0.800433947916215
1
1
0.950776078136618
1
1
1
1
1
0.99954725077409
1
1
1
1
0.986467568923799
1
0.994015580749808
1
1
1
1
1
1
1
1
0.928389426630327
1
1
1
1
0.975458352445659
1
0.916284144284511
1
0.976930338690615
0.929142461369793
1
1
0.99273986962802
1
1
1
1
1
1
1
0.937791719357827
1
0.970536661389925
0.986273429497284
1
1
1
1
1
0.970279971943585
1
1
1
1
1
1
1
0.955951528886691
1
1
1
1
1
1
1
1
1
1
1
1
1
1
1
1
0.967141263721436
1
0.888174529251791
1
1
0.975159626777873
1
1
1
0.901183541285329
0.890911466042884
1
1
0.935225902390281
0.996555526761471
1
1
1
0.996555526761471
1
1
1
1
1
1
0.99579664114481
1
1
1
1
1
1
1
0.691886632626888
1
1
1
1
1
1
0.784384110973215
0.994115525372189
1
1
1
1
1
1
0.993989256908506
0.916881506757518
0.848308357018352
1
1
1
0.972467460880416
1
0.935464059212896
1
1
1
1
1
1
1
1
1
0.99579664114481
1
0.998831995551627
0.971271282984628
1
1
0.995929209871456
1
1
1
1
1
1
0.842707737016217
1
1
0.976930338690615
1
1
0.99414115757529
1
1
1
1
1
1
0.986238768874271
1
1
1
1
0.974712989874969
1
0.900126522413712
1
0.999172937058858
1
1
0.989512389437995
0.989945584467378
1
1
1
0.962088388540405
1
1
0.919194312316354
0.970729374251601
1
1
1
1
1
1
1
1
1
1
1
1
1
1
1
1
0.994015580749808
0.998567184843408
1
1
0.999721735628481
1
1
1
1
1
1
1
0.966208362412244
1
1
0.991419261454771
1
1
1
1
1
1
1
1
1
1
1
1
1
1
1
1
1
1
0.994800758201415
0.981512312309029
1
1
1
1
1
1
1
1
1
0.997442904315941
1
1
1
1
1
0.750652441868245
1
1
1
1
1
0.835666078104517
1
1
1
1
1
1
0.981119681825042
1
1
1
0.978386889240018
1
1
1
1
0.946818941432678
0.998831124508019
1
1
1
1
1
0.992504303950018
1
0.986273429497284
1
1
1
1
1
1
1
1
1
1
1
1
1
1
1
1
0.883209609098858
1
1
1
1
0.964928069754449
1
1
0.996214862971307
1
1
1
1
1
1
1
1
1
1
1
1
0.982287663942186
1
1
1
1
0.980231026920575
0.952606120410171
1
1
1
1
1
0.994115525372189
1
1
1
0.931406202502841
1
0.888998443943402
0.730317460020619
1
1
1
1
1
1
1
1
0.988832201242172
0.948537045042594
1
1
1
0.957206274420612
0.982290703332961
1
1
0.992835441207791
1
1
1
1
1
1
1
1
1
1
1
1
0.974257336138363
0.957388551906502
0.915228987685702
1
1
0.969430384549471
1
1
1
1
1
0.935473193028793
1
1
0.942319037559237
1
0.689015457368905
0.983103864870152
1
1
1
1
1
1
1
0.961704434991311
0.874107945964118
1
1
0.996718666419627
0.904797796544183
1
1
1
1
0.9655384874868
0.959687362513402
1
1
1
1
1
1
0.918482019255158
1
1
0.967141263721436
1
1
1
1
1
0.994800758201415
1
1
0.974079439698093
0.986238768874271
1
1
0.976139561279614
1
0.982434566600943
0.914791979517318
1
1
1
1
1
1
1
1
1
1
1
0.997108461238966
1
1
0.978591045419883
1
1
1
1
1
1
1
1
1
1
1
0.945251924463207
1
0.974647402443583
1
0.992963889776867
0.996235933783316
1
0.99601946677515
0.994631684229771
1
1
0.96993641123342
1
1
1
1
1
0.979846007732516
0.975099904948009
1
1
1
1
1
1
1
1
1
1
0.883410615293049
1
0.984646578346944
1
1
1
1
1
1
1
0.756540792837536
1
0.969358541162212
1
1
0.901552503363689
0.99753161585682
0.994884760610854
1
0.946115078305086
1
1
1
1
0.819228979744742
1
0.971271282984628
1
0.911526005152352
0.959053681256504
0.991207070417775
1
1
1
1
1
1
0.988832201242172
1
1
1
1
1
1
1
1
0.953849070853305
1
0.959438304381213
1
1
1
1
1
1
1
1
1
1
1
1
1
1
0.869927851413286
1
0.993795642598735
1
0.996091506783578
1
1
1
0.9558468561765
0.993549696415033
0.952493029577019
1
1
1
1
0.994863525336516
1
1
1
1
1
1
1
1
0.978144163780039
1
1
1
1
1
1
1
1
1
1
1
1
0.981976995638023
1
1
1
1
1
1
1
1
1
1
1
1
1
1
1
1
1
1
0.993906733339218
1
1
1
1
1
1
1
1
1
1
0.988832201242172
1
1
1
0.954799068711453
1
1
1
1
1
1
0.976930338690615
1
1
0.864270615696964
1
1
1
1
0.897786496412464
1
1
1
1
1
1
1
1
1
1
1
1
0.977048643077311
0.948295960682502
0.983957255193856
1
1
0.944921705456074
0.847778694437742
1
1
1
1
0.995957337418628
1
0.937250855375235
0.966208362412244
1
0.938291949536176
1
1
1
1
1
1
1
1
1
1
1
1
1
1
1
1
1
1
1
0.758692692243232
1
0.996613708887681
1
1
1
1
1
1
1
1
0.840292077315127
1
1
1
0.963779962093765
1
1
1
1
1
1
0.957206274420612
1
1
1
1
0.820295399505483
1
1
1
1
1
1
0.94413789150375
1
0.972202743616624
1
1
0.899632160826647
0.987324159359388
1
1
1
0.996091506783578
1
1
1
1
1
1
1
1
0.897786496412464
1
1
1
1
1
0.907151594034817
1
1
1
1
0.912434777269172
1
1
1
1
1
1
1
1
1
1
1
1
0.972202743616624
1
0.983362680472862
1
0.988634651054123
1
1
1
1
1
1
0.996214862971307
1
1
1
1
1
1
1
0.998418288926642
1
1
1
1
1
0.995771952661054
1
1
0.920687913332496
0.90533394379077
1
1
0.981455857588358
1
1
1
1
1
1
1
1
0.981119681825042
0.94413789150375
1
1
1
1
1
1
1
1
1
1
1
1
0.993906733339218
1
1
1
1
0.585949742125694
1
0.982290703332961
1
0.995320840549201
0.973699592668833
1
1
1
0.8916060364923
1
1
0.996101011975004
0.955053957628753
1
1
1
1
1
1
0.998418288926642
1
0.952887915003216
1
1
1
1
1
1
1
0.995859544106788
0.995174736209608
0.953393736362407
1
1
1
1
0.994836212895556
1
0.981976995638023
0.993294145880843
1
1
1
1
1
1
1
1
1
0.897757857522064
1
0.833105717237112
1
1
1
1
1
0.9746863858849
0.975590393450004
1
0.983667988971142
1
1
0.981119681825042
1
1
1
1
0.996555526761471
1
1
1
1
1
1
1
1
1
1
1
0.974647402443583
1
1
1
1
1
1
1
1
1
1
1
1
1
0.992886784841158
0.937791719357827
1
0.951459911933182
0.974712989874969
1
1
1
1
0.992473326460822
0.816866121783704
1
1
1
1
1
1
1
1
1
1
0.987634530460303
1
1
0.982287663942186
1
1
1
1
0.972937605001265
1
1
0.992942422658825
1
1
1
1
0.947596973497415
1
1
1
1
1
1
1
1
1
0.912434777269172
1
1
1
0.991207070417775
1
1
1
1
1
1
1
1
1
1
1
1
1
0.996149895516891
1
1
1
0.99602991079805
0.994001028850845
0.994800758201415
1
1
1
1
0.949143920996656
0.994002930139229
1
1
1
1
1
1
1
1
1
1
1
1
0.993890745639901
0.96887089851612
1
1
1
1
1
1
0.977559850694243
1
1
1
0.989379434866183
1
1
1
1
1
1
1
1
1
1
1
1
1
0.981428036431284
0.989315741003514
0.962071050947494
0.954799068711453
1
1
0.957388551906502
1
0.997442904315941
0.994863525336516
0.955053957628753
1
1
1
1
1
1
0.996187693557869
0.946735431777197
0.731166225180374
1
1
1
1
1
1
1
0.937250855375235
1
0.992835441207791
1
1
1
1
1
1
0.974257336138363
1
1
1
0.896479268945313
1
1
1
1
0.986238768874271
1
1
1
1
1
0.989337441178734
1
1
1
1
1
0.981455857588358
1
1
1
1
1
1
1
0.998355421901827
1
1
0.982653853241178
0.959126239850021
1
1
1
0.993549696415033
1
1
1
0.971802147591195
1
0.874312307875916
1
1
1
1
1
1
0.981119681825042
1
1
0.919207568967743
1
0.90533394379077
0.968952001352512
1
1
1
1
1
1
1
1
1
0.952606120410171
0.946735431777197
0.901552503363689
1
1
1
1
1
1
1
1
1
0.991956558134952
0.947866197527472
1
1
1
1
1
0.920687913332496
1
1
1
1
1
1
1
1
1
1
1
1
0.85511404795039
1
0.943504279252118
1
0.905859765045529
1
1
1
1
1
1
0.998317436481649
1
1
0.992473326460822
0.915813102078949
0.96030930177906
1
1
1
1
1
1
1
1
1
0.903907178894144
1
1
1
0.919676260049871
1
1
1
1
1
1
1
1
1
1
1
1
1
0.936374477434265
0.980579682031094
1
1
1
1
0.986467568923799
1
1
1
1
1
1
1
1
0.871862561695129
0.94413789150375
1
1
0.938659748154001
1
0.723479085950908
1
1
1
1
0.938095034127319
1
1
1
0.991956558134952
1
1
1
1
1
1
1
0.986924523724559
1
1
1
1
1
1
1
1
1
1
0.975159626777873
1
0.970279971943585
0.99753161585682
1
1
1
0.985579007259449
1
1
0.99049676766892
1
0.918482019255158
0.994001028850845
0.899279516075079
1
0.973699592668833
1
1
1
1
0.974712989874969
1
1
1
1
1
1
1
1
1
1
1
1
1
1
1
0.983103864870152
0.874757232862119
0.935811873508046
1
1
1
1
1
0.955168862623118
1
1
0.920840074111753
1
1
1
1
1
0.980231026920575
0.963952977392315
1
1
1
1
1
1
0.969430384549471
1
1
1
1
1
1
0.902121116935546
0.997904850861398
1
1
1
0.994499406004586
1
1
1
1
1
1
1
1
0.99579664114481
1
1
1
1
1
0.993365120099556
1
1
1
1
1
0.973699592668833
1
1
1
0.999721735628481
0.902541256914004
0.967255735011101
1
1
0.987903468535517
1
1
0.994002930139229
1
0.730571615350674
1
1
0.851614972580722
1
1
0.879410566634009
1
1
1
1
1
1
1
0.967255735011101
0.99602991079805
0.980419342773189
0.970619744021587
1
1
1
1
1
1
1
0.976446561345475
0.996174104477007
1
1
1
1
1
1
1
1
1
1
1
1
1
1
1
1
1
1
1
0.938095034127319
1
0.965845798381005
1
1
1
1
1
1
0.996832379563558
0.995957337418628
1
1
1
0.99285664566968
0.91903007148067
0.926222034737858
1
1
1
1
1
0.995859544106788
0.959438304381213
1
0.935389498573126
1
1
1
1
0.916688711067274
1
1
1
0.907842516071172
1
1
1
1
0.977689231464205
1
1
0.97195985846869
1
1
1
1
1
1
0.98429256992497
1
1
0.989315741003514
0.991419261454771
1
1
1
1
1
1
1
1
1
1
1
1
1
0.988605225797942
0.915004473760465
1
0.785871690770766
1
1
1
1
1
0.988832201242172
1
1
1
1
0.995363339888108
1
0.997957208039863
1
1
1
1
1
1
0.735227477536359
1
1
0.980579682031094
1
1
0.922828651827294
1
1
1
1
1
1
1
0.982932436884314
0.991268091904855
1
1
1
1
1
1
1
1
1
0.926280266274399
0.984646578346944
0.944921903263275
1
1
1
0.938732522417892
1
1
1
1
0.995929209871456
1
1
1
1
1
1
0.986467568923799
1
1
1
1
1
1
1
1
1
0.910271520520334
1
1
1
1
1
0.936504090440096
1
1
1
1
1
1
0.963037652243388
0.953265241206549
1
1
1
1
1
1
0.953849070853305
1
1
0.995320840549201
1
1
1
1
1
1
0.866215365136816
0.90838485362339
1
1
0.975875272759202
1
1
1
1
1
0.94147530959701
1
1
1
1
1
1
0.995320840549201
1
1
0.953393736362407
1
1
1
1
1
1
0.996495521049114
1
1
1
1
1
1
1
1
0.833105717237112
1
1
1
1
0.989650303281024
1
0.762273694011223
1
1
1
1
1
0.995320840549201
1
1
1
1
0.950776078136618
1
0.995771952661054
1
1
1
1
0.979505849248384
1
1
1
1
1
1
0.982653853241178
0.838879639280557
1
0.995174736209608
1
1
1
1
0.997683534293794
1
0.900789245085032
1
1
1
1
1
0.974257336138363
1
1
1
1
1
0.956448795844891
0.978091130733312
1
1
1
1
0.935464059212896
0.964044199559532
1
1
1
1
1
1
0.97585677698747
1
1
1
0.903907178894144
0.897786496412464
1
1
1
1
0.847778694437742
1
1
1
1
0.995558953632499
1
1
0.97195985846869
0.972983295970417
1
1
1
1
1
1
1
1
0.967463111409857
1
0.983103864870152
1
1
1
1
1
1
1
1
1
1
1
1
1
1
1
1
0.996718666419627
1
1
1
1
1
1
0.47539011317144
1
1
1
0.964249126855308
1
1
1
1
0.919676260049871
1
1
1
1
1
1
1
0.989224451007012
1
1
1
0.945324366597839
0.911669003304195
1
1
0.980231026920575
1
1
1
1
1
1
1
1
1
1
0.943353832397823
1
1
1
0.975159626777873
1
0.96993641123342
1
1
1
0.955313652076753
1
0.998317436481649
0.974079439698093
1
1
1
1
1
0.904769429477051
1
1
0.980630753992491
1
0.885667529008237
1
1
1
1
1
1
1
1
0.978601839465288
1
1
1
0.99753161585682
0.986726527478765
1
1
1
1
1
0.961616541115657
1
1
1
1
0.944585645293827
1
1
1
1
1
0.962321057925711
1
1
1
1
1
1
1
1
1
1
0.996832379563558
1
0.995267277941325
0.957851933153073
1
1
1
0.995363339888108
0.998212893983869
1
0.98426463570235
1
1
1
1
1
1
1
1
1
0.977617416164271
1
1
1
0.489422895713154
0.94365708779685
1
1
0.998773869758296
1
1
1
1
0.987180808774534
1
0.95265919805077
1
1
1
0.913221971271534
1
1
1
0.99601946677515
1
1
1
1
1
1
1
1
1
1
0.995558953632499
1
0.994136456009264
1
1
0.994015580749808
1
1
1
1
1
1
1
1
1
0.9558468561765
1
1
1
1
1
0.992598355604402
1
0.970536661389925
1
1
0.958256534176255
1
0.95743756480672
0.986783948106233
1
1
1
0.976010479828354
0.931187352241815
0.978308809556251
0.835249604763558
1
1
1
1
1
1
1
1
0.924797897293652
0.913529038111393
0.874108323412955
0.977753042556108
1
1
1
1
1
0.996092748697622
0.968946672985552
1
1
0.998831124508019
1
1
1
1
1
1
1
1
0.952606120410171
1
1
1
0.894662565549493
0.995135804944087
1
1
0.945817374559379
0.969504215581245
1
1
0.969430384549471
1
0.894662565549493
1
0.971271282984628
0.975675137008866
1
1
1
1
1
1
1
1
1
1
1
1
1
1
1
1
1
1
1
0.987634530460303
1
1
1
1
1
1
0.969481402825671
1
1
1
1
1
1
0.987324159359388
0.99602991079805
1
1
1
1
1
1
0.949079901761943
1
1
1
1
1
1
1
1
1
1
1
1
1
1
1
1
1
1
0.955168862623118
1
0.944209553180556
1
1
1
1
1
1
1
1
1
0.99509296529245
0.931743193755674
1
1
0.970729374251601
1
1
0.995174736209608
0.981512312309029
1
1
1
0.983954484679365
1
0.864932757340985
1
1
0.98429256992497
1
1
1
1
0.996214862971307
1
1
1
1
1
0.979766914086126
1
1
1
1
0.952122236548231
1
1
1
1
1
1
1
0.972011145045499
1
1
1
1
0.926831874304727
1
1
1
1
1
0.880361527597148
1
0.920840074111753
1
1
1
0.968848241758284
0.976007783042839
1
1
0.976139561279614
0.94246049293998
1
0.927419738682441
1
1
1
1
1
1
1
1
0.920840074111753
0.937577178348318
1
1
1
1
1
1
0.742021651676614
1
1
0.938095034127319
1
1
1
0.864270615696964
0.850675162602187
1
1
1
1
1
1
1
0.916713898472018
0.962321057925711
1
0.991677227291388
0.931088691348722
1
1
1
1
1
1
1
0.983702417902458
0.978144163780039
1
1
1
0.996416975753217
1
1
1
1
1
1
1
1
1
1
1
1
1
1
1
1
1
0.982287663942186
1
1
1
0.995174736209608
0.984176825608241
1
1
1
1
1
1
1
1
1
1
0.986555327828814
1
1
1
1
0.994631684229771
0.995957337418628
1
1
1
0.957388551906502
1
1
1
1
1
1
0.994800758201415
1
1
1
1
0.929142461369793
1
1
0.987349407255954
1
1
1
1
1
1
1
1
1
1
1
1
1
0.977048643077311
1
1
1
1
1
1
1
0.996091506783578
1
1
1
1
1
1
0.950776078136618
1
1
1
1
1
1
1
1
1
1
1
1
1
1
0.996495521049114
0.83807838967811
1
1
1
1
0.899150870753653
1
1
1
1
1
1
1
1
1
0.978779474910496
1
1
1
1
0.98377193094772
1
1
1
1
1
1
0.945817374559379
0.917906594004588
1
1
0.992473326460822
0.983406190301705
1
1
0.887693332557088
0.988106466218776
1
1
1
1
1
1
1
0.995859544106788
1
1
1
1
1
1
1
0.927358552127765
1
1
1
1
1
0.961835281892713
0.99416819143465
1
1
0.861723753885044
1
1
0.922099711404895
1
0.985579007259449
1
1
1
1
1
0.888998443943402
1
1
0.972011145045499
1
1
1
1
1
1
1
0.959053681256504
0.987324159359388
1
1
1
1
1
1
1
1
1
1
1
1
0.979846007732516
1
0.984176825608241
1
1
0.971271282984628
1
1
1
1
0.962071050947494
1
1
0.962837045375365
1
0.942182359423922
1
1
1
0.911669003304195
1
1
0.995267277941325
1
0.931853739392602
1
1
1
0.953849070853305
1
1
1
0.997005886817463
1
0.963037652243388
1
1
1
1
1
1
1
1
1
1
1
0.898305169848361
0.966861127565911
1
1
1
1
1
0.923180808128688
0.921246356329436
1
1
1
1
0.835666078104517
1
1
1
0.937791719357827
1
1
1
1
1
1
1
1
1
1
1
1
1
1
1
0.996183032908127
0.931406202502841
1
0.975590393450004
0.96827407159895
1
1
1
1
1
0.989650303281024
1
1
1
1
1
1
0.982287663942186
1
1
1
1
0.96896390161759
1
1
1
1
0.959438304381213
0.996187693557869
0.937250855375235
1
1
1
1
1
0.955951528886691
0.970388739499472
1
1
1
1
1
0.956928195370001
1
0.970729374251601
1
1
0.968848241758284
1
1
1
1
1
0.98156179511473
1
1
0.995267277941325
1
1
1
1
1
1
1
1
1
1
1
1
1
1
1
1
1
0.995095856851139
0.916881506757518
1
1
1
0.977753042556108
1
1
1
1
1
1
1
0.975099904948009
0.992598355604402
0.978091130733312
1
0.927441626869292
1
1
1
1
0.714130033416046
1
1
1
1
1
1
1
0.919194312316354
0.989650303281024
1
1
1
1
1
1
1
1
0.634571707266641
1
1
1
1
1
1
1
1
0.988573045805582
0.91300769511154
1
1
1
1
1
1
1
0.677196873044101
1
1
0.977342677551612
1
1
1
1
1
1
1
1
1
1
1
1
1
1
0.95265919805077
1
1
1
1
1
1
1
0.983362680472862
1
1
1
0.993906733339218
0.977617416164271
1
1
1
1
0.959117874693038
0.966024245902303
0.910271520520334
0.942760989598795
0.99273986962802
1
1
0.999721735628481
0.936374477434265
1
0.93425336707366
1
1
0.606783528171347
1
1
1
1
1
0.983406190301705
0.972937605001265
1
0.982287663942186
1
1
1
1
1
0.931498761155532
1
1
1
1
1
1
1
1
0.988208269821623
1
0.994800758201415
1
1
1
1
0.998212893983869
1
0.981006476375832
1
1
1
1
1
1
1
0.995771952661054
0.956928195370001
1
1
1
1
1
1
0.958155769453952
1
1
1
0.855154941015462
1
1
1
0.940240943057864
0.992113936506219
1
1
1
1
1
1
1
1
0.974038746664692
1
1
1
1
1
1
0.984646578346944
1
1
1
0.931187352241815
1
0.99509296529245
1
1
1
0.975875272759202
1
1
1
1
1
1
1
0.958480891705185
1
1
0.97762673360644
1
1
1
0.995174736209608
1
0.931853739392602
0.466949825230992
1
1
1
0.996214862971307
0.907151594034817
1
1
0.857153826078299
1
1
1
0.92276935909854
0.970458280193966
1
1
1
1
1
1
1
0.939323087788858
1
1
1
1
1
1
0.921063185498154
0.7101148965257
0.992886784841158
1
1
1
1
1
1
1
1
0.962837045375365
1
1
1
1
1
1
0.913529038111393
1
1
1
1
1
0.912434777269172
1
1
1
1
1
1
1
1
1
1
1
1
1
0.913529038111393
0.922099711404895
1
1
1
1
0.90724998639158
1
1
1
1
1
1
1
1
0.91903007148067
1
0.982664272333316
1
0.954370731502179
0.972825230734209
1
0.866215365136816
1
1
0.975675137008866
1
1
1
1
1
1
1
0.969430384549471
0.913529038111393
1
1
0.842619362878329
1
1
0.878395389983984
1
1
0.994836212895556
1
1
1
1
0.992598355604402
1
0.987449244773803
0.985579007259449
1
0.888495285536182
1
1
1
1
1
1
1
1
0.923378571039375
1
1
1
1
1
1
1
1
0.957388551906502
1
0.794839744354729
1
1
0.987634530460303
1
1
1
0.986564811723339
1
1
1
0.82588910294842
0.987180808774534
1
1
1
1
1
1
1
1
1
0.695019282074924
1
1
1
0.894109457626782
0.978751425385375
1
1
1
1
0.848277037404436
1
1
0.913972174803917
1
1
1
1
1
0.99954725077409
1
1
1
0.909380008910051
1
1
1
1
1
0.935464059212896
1
1
1
1
1
1
1
1
0.97744946636785
1
1
1
0.996187693557869
1
1
1
0.993294145880843
1
1
1
1
1
1
1
1
0.866824281086337
1
1
0.99273986962802
1
1
1
1
0.996235933783316
1
0.989224451007012
1
1
1
1
1
1
1
1
1
0.850675162602187
1
1
1
1
1
1
1
1
1
1
0.994136456009264
0.958168934735762
1
0.992598355604402
0.843211278909806
1
0.936354999231819
0.987634530460303
1
1
1
1
1
1
1
0.962321057925711
0.970536661389925
0.590679713622497
1
1
1
1
1
0.916284144284511
1
1
1
0.99810097297232
1
1
1
1
1
1
1
1
1
1
1
1
0.97022674032534
0.955032283373471
1
1
1
1
0.994499406004586
1
1
1
1
1
1
1
1
1
1
1
0.967544788714619
0.994631684229771
0.935225902390281
1
1
1
1
0.96993641123342
1
1
1
1
1
0.992963889776867
0.997442391606602
1
1
1
1
0.964056080270376
0.917548038099327
1
0.987740719800289
1
0.900496254670082
1
1
1
0.975107707759369
1
1
1
1
0.977247177078191
0.948056444279118
1
1
0.909380008910051
0.97550201078065
1
0.694909267199035
1
1
0.995929209871456
1
1
1
1
1
1
1
1
1
1
1
0.988861448618419
1
1
1
1
1
1
1
0.995480817804099
1
1
1
1
1
1
1
0.976930338690615
1
1
0.991207070417775
1
1
0.986564811723339
0.996235933783316
1
1
1
1
0.997957208039863
1
1
1
0.956855291071425
1
1
1
1
1
1
1
1
0.983651663576553
1
1
1
1
1
1
1
1
1
1
1
1
1
1
1
1
1
1
1
1
1
0.979846007732516
1
1
1
1
1
1
0.949352745857615
0.984646578346944
1
1
0.993795642598735
1
1
0.943504279252118
1
1
0.972202743616624
1
1
0.986924523724559
1
0.856880779410703
1
1
1
1
1
1
1
1
1
1
1
1
0.915440449782056
0.995267277941325
1
0.994136456009264
1
1
1
1
1
1
1
1
1
1
1
1
1
1
1
1
1
1
1
1
1
1
1
1
1
1
1
1
1
0.980419342773189
1
1
1
1
1
0.979846007732516
1
0.954799068711453
1
1
0.996098178935328
1
0.896159151883387
1
1
1
1
1
1
0.983662814578882
0.989224451007012
1
1
1
1
1
1
1
1
1
1
1
1
0.959463845291325
1
1
1
1
1
0.981428036431284
1
1
1
1
1
1
1
1
1
0.991419261454771
1
1
1
0.997005886817463
1
1
0.989650303281024
0.998212893983869
0.996098178935328
1
1
1
1
0.996944029695129
1
1
1
1
1
0.914885239745006
0.742998187608081
1
0.977689231464205
1
1
1
1
1
1
1
1
1
1
1
0.994631684229771
1
1
1
1
1
0.975515615656103
1
1
1
1
1
1
1
0.873128130267722
1
1
0.982287663942186
1
1
1
1
0.971429932336125
1
1
1
1
1
1
1
1
1
1
1
1
1
0.928561541370004
1
0.996098178935328
0.747301742171124
1
1
1
1
0.955951528886691
0.885438783192327
1
1
1
1
0.850534244118311
0.972202743616624
1
1
1
0.918482019255158
1
1
1
0.946735431777197
1
1
1
1
0.95739222845104
1
0.976007783042839
1
0.974257336138363
0.998831124508019
0.919192082521085
0.952122236548231
1
1
0.926222034737858
0.907151594034817
1
1
1
1
1
0.970729374251601
1
0.997442904315941
1
0.98156179511473
1
0.918063546189379
1
0.983702417902458
1
1
1
1
0.995095856851139
1
1
1
1
1
1
1
0.785832829384548
1
1
1
0.954560083918487
1
1
1
0.967786713368631
1
1
1
1
1
0.906717705278174
1
1
1
1
1
1
1
0.975875272759202
0.901043146583232
1
1
1
1
1
1
1
0.982287663942186
0.639501922153332
0.938732522417892
1
0.870476385523619
1
0.926222034737858
0.665162545901129
0.97550201078065
1
1
1
0.597710158993645
0.919553967166855
1
0.99509296529245
1
1
0.741779061415307
1
1
1
1
0.996183032908127
1
1
1
1
0.959631175792388
1
0.64720889705977
1
1
1
0.842611818033904
1
0.455182133569424
0.602358429373355
0.725088663753338
0.562217600269601
1
1
0.70220844807228
0.982664272333316
0.69628050138558
1
1
1
1
1
1
0.999089048603867
1
1
0.962837045375365
1
1
1
1
1
1
0.969358541162212
1
0.955951528886691
1
1
1
0.956448795844891
1
1
0.975875272759202
0.954799068711453
1
0.982932436884314
1
1
1
1
1
0.909939376733849
1
0.996495521049114
1
1
1
1
1
1
1
1
1
1
1
1
1
1
1
0.99414115757529
1
1
1
1
0.989650303281024
1
0.891896306456671
0.99414115757529
1
0.988605225797942
1
1
1
0.927358552127765
1
1
1
0.970141411550569
1
1
1
1
1
1
1
1
0.957074963204189
1
0.825995231158657
1
1
1
1
1
1
1
1
1
1
1
0.97022674032534
1
0.979505849248384
1
1
1
1
1
0.883410615293049
0.915073589862178
1
1
1
0.975099904948009
1
0.959126239850021
1
1
1
0.956521648470514
1
1
0.938659748154001
1
1
1
1
1
1
1
1
0.873832111333994
1
1
1
1
1
1
1
1
1
1
1
1
1
1
1
0.98429256992497
1
1
0.982287663942186
1
1
1
1
1
0.947866197527472
0.99753161585682
1
1
0.909380008910051
1
1
1
1
1
1
1
1
1
1
1
1
0.896479268945313
1
1
0.979505849248384
1
1
0.861878839561808
1
1
1
1
1
1
1
1
1
1
1
1
1
1
1
1
1
1
0.949148687807673
0.90533394379077
1
1
0.996092748697622
0.954799068711453
1
1
1
1
1
1
1
1
1
0.874147061546227
0.976007783042839
1
0.997904850861398
1
1
1
1
1
1
0.99810097297232
1
0.911669003304195
1
1
1
1
1
1
1
0.977342677551612
0.968423265858069
1
1
1
1
1
1
0.952122236548231
1
1
0.91625883371687
1
1
1
1
1
1
1
1
0.989290283624226
1
1
1
1
1
1
1
1
1
1
0.985313604826092
1
1
1
1
0.914405954523041
1
0.956821438913758
1
1
1
1
1
1
0.996098178935328
1
1
1
1
1
1
1
1
1
1
1
1
1
1
0.901183541285329
0.96111341308979
0.756155664034317
1
1
1
0.873128130267722
1
1
0.96993641123342
0.998212893983869
0.988605225797942
1
1
1
0.996180662737374
0.996555526761471
1
0.994115525372189
0.93425336707366
0.975099904948009
1
1
1
1
0.972963846067108
1
1
1
0.733901976394532
0.894064151784368
1
1
1
1
1
0.995558953632499
1
0.609578381691956
0.947596973497415
1
0.990254218763225
1
1
1
1
0.986555327828814
1
1
1
0.98426463570235
1
1
1
1
1
0.979516048688506
1
1
1
0.995095856851139
1
1
1
1
1
1
1
1
1
1
1
1
1
1
1
1
1
1
0.959053681256504
0.918126267530102
1
0.994499406004586
1
1
1
1
1
1
0.983702417902458
1
1
0.956821438913758
1
1
1
1
1
1
1
0.681581975293986
0.972202743616624
1
1
0.997957208039863
0.887615242886183
0.902053250624615
1
1
1
0.987740719800289
1
1
1
1
1
1
1
1
1
1
0.867818781315197
0.994189894107742
1
1
1
0.919877184542523
1
1
0.994001028850845
1
1
0.993989256908506
1
1
1
1
1
1
0.979766914086126
1
1
1
1
1
1
1
1
1
1
1
0.99601946677515
0.983103864870152
1
1
1
0.532734946377546
1
1
1
1
1
1
1
1
0.99602991079805
1
1
1
1
1
1
1
1
1
1
1
1
1
1
1
0.786418343502374
0.998567184843408
1
1
1
0.896159151883387
0.982287663942186
1
1
1
1
0.998831995551627
1
1
0.998567184843408
1
1
1
0.972467460880416
0.936374477434265
1
0.95715489358015
1
1
0.972830042280272
1
1
1
0.940895374365043
0.996174104477007
1
1
1
1
1
0.975159626777873
1
1
1
1
1
1
1
1
1
1
1
1
0.986726527478765
1
1
1
1
0.903907178894144
0.98429256992497
1
1
0.993795642598735
1
0.947866197527472
1
0.992473326460822
1
1
1
1
1
0.990364359384321
1
1
1
1
1
1
1
1
1
1
1
1
0.907374979072539
1
1
1
1
0.987740719800289
1
1
1
1
1
1
1
1
1
1
1
0.983024371606318
1
1
1
1
1
0.991883353775445
1
1
0.946735431777197
0.99601946677515
1
1
0.901183541285329
1
1
0.972526583394685
1
1
1
1
1
1
1
1
1
1
1
1
0.991883353775445
0.991207070417775
1
0.99416819143465
0.994189894107742
0.927358552127765
0.959053681256504
0.714925606947595
0.957388551906502
1
0.851614972580722
1
1
1
0.975675137008866
1
1
1
1
1
1
1
1
1
0.994836212895556
1
0.986751517446542
1
1
1
0.989650303281024
1
1
1
1
0.976007783042839
0.922099711404895
1
1
1
1
1
1
1
1
1
1
1
1
1
1
1
1
0.784384110973215
1
1
1
1
1
0.99810097297232
1
0.864441430957371
1
0.878713666504575
0.995480817804099
1
1
0.996985627468329
1
1
1
1
1
1
0.986564811723339
0.987740719800289
1
1
1
1
1
1
1
1
1
0.853761680403108
1
0.992504303950018
1
1
0.955860531605396
0.994001028850845
1
1
1
0.949143920996656
1
1
1
1
1
1
1
1
1
1
0.981512312309029
1
1
1
0.91300769511154
1
0.979505849248384
1
1
1
1
0.995095856851139
1
0.976930338690615
1
1
1
1
1
1
0.916452572255896
1
1
1
1
1
1
1
1
1
1
1
0.885667529008237
1
1
0.902053250624615
1
0.975655832046
0.93425336707366
1
1
1
1
1
1
1
0.993989256908506
0.996985627468329
1
1
1
1
0.906899840796907
0.92276935909854
1
1
1
1
1
1
0.923443519956939
0.868195916212773
1
1
1
0.944921903263275
1
1
1
1
0.970386798954729
1
1
1
1
1
0.977373925107366
1
0.975875272759202
1
1
1
1
1
1
1
1
1
0.938095034127319
1
1
1
1
1
1
0.970536661389925
0.986273429497284
0.991109531915287
1
1
0.835666078104517
1
0.957438697267022
1
1
1
1
1
1
1
1
1
1
1
1
1
1
1
0.97762673360644
1
1
1
0.987324159359388
1
1
1
1
1
0.920687913332496
0.942319037559237
1
1
0.968909212617569
1
1
1
1
1
1
1
1
1
1
0.993549696415033
1
1
1
1
0.921087115614232
1
0.986238768874271
0.98466904573495
1
1
1
1
1
1
0.801542135896069
1
1
1
0.934984506229401
1
1
1
0.845450720303887
1
0.995771952661054
1
1
1
1
1
0.995363339888108
0.955168862623118
1
1
1
1
1
0.993365120099556
0.974079439698093
1
0.922099711404895
1
1
1
1
1
1
1
1
1
1
1
0.910479223268656
0.995320840549201
1
1
0.981455857588358
1
1
1
1
1
1
1
1
1
0.99602991079805
1
1
1
1
1
0.894477389056585
0.957388551906502
0.992473326460822
0.910476205240425
0.994189894107742
1
0.848569187777211
1
1
1
0.972202743616624
1
1
1
1
1
1
1
1
1
1
1
0.996180662737374
1
1
1
1
1
1
1
0.981428036431284
1
1
1
1
1
1
0.977747492655917
1
1
1
1
1
1
1
0.945817374559379
1
1
1
1
1
0.835666078104517
1
1
0.989337441178734
1
1
1
1
1
1
1
1
1
1
0.975875272759202
1
1
0.924633384681896
0.999721735628481
1
0.905859765045529
0.927358552127765
1
1
1
1
1
1
0.993101623945765
0.826817560285773
1
1
1
0.963781752833109
1
1
1
1
1
1
1
1
1
1
1
1
1
0.956821438913758
1
1
1
1
1
0.982653853241178
1
1
1
1
1
1
1
1
1
1
1
1
1
1
1
1
0.803374662081359
1
1
1
1
1
0.973699592668833
1
1
1
1
1
1
1
1
1
0.955843171765746
1
1
1
1
0.916284144284511
1
0.982653853241178
1
1
1
1
1
0.983954484679365
1
1
1
0.98156179511473
1
1
1
0.998212893983869
1
1
1
1
1
1
0.926831874304727
1
0.98156179511473
1
0.955168862623118
1
0.896685543431017
1
1
0.982287663942186
1
1
0.985011643898275
0.964928069754449
1
1
1
0.99921806241703
1
1
0.936504090440096
1
1
1
1
1
1
1
1
0.982932436884314
0.985313604826092
1
1
1
0.995558953632499
1
1
1
1
1
1
1
0.971271282984628
1
1
1
1
1
1
0.92276935909854
1
1
1
1
1
1
1
0.994002930139229
1
1
0.908156761073905
1
1
1
1
1
1
0.922828651827294
1
0.986467568923799
1
1
1
1
1
1
1
1
0.916452572255896
1
1
1
1
1
1
0.988605225797942
0.977342677551612
1
1
1
0.977247177078191
1
1
1
1
1
1
0.898538167956053
0.992942422658825
0.983726984372652
1
1
1
1
0.989060567503387
0.751098900784913
0.957206274420612
1
1
0.600084095293693
1
1
1
1
1
1
0.816212568113163
0.923443519956939
1
0.765596926337431
1
1
1
0.955313652076753
1
1
1
1
1
1
1
1
0.96178081492464
1
1
1
1
1
0.953849070853305
1
1
1
1
1
0.902118560969107
1
0.974257336138363
1
1
1
0.976010479828354
1
1
0.981512312309029
1
1
1
1
1
0.995320840549201
0.991419261454771
1
1
1
1
1
1
1
1
1
1
1
1
1
1
1
0.994189894107742
1
1
1
1
1
1
1
1
0.982287663942186
1
0.971271282984628
1
1
1
1
1
1
1
1
1
1
1
1
1
1
1
1
1
1
1
1
1
1
1
1
0.907374979072539
1
1
1
1
1
1
1
1
1
1
1
1
1
1
0.948537045042594
0.684069914635617
1
1
1
1
1
1
1
0.993906733339218
0.720464540650794
1
0.988208269821623
1
1
1
0.943504279252118
0.906801209941141
1
1
1
1
1
1
1
1
0.964928069754449
1
1
1
1
1
1
1
1
1
1
1
1
0.968292544085845
1
1
0.989224451007012
1
1
1
1
1
1
1
1
1
1
1
1
1
1
1
0.998355421901827
0.959687362513402
1
1
1
1
1
1
0.99414115757529
1
0.988208269821623
1
1
1
1
1
1
1
1
1
1
1
0.983406190301705
1
1
0.924568852256116
1
0.971271282984628
1
0.989259741266629
1
1
0.878395389983984
1
0.955032283373471
1
1
1
0.482129207000843
1
1
0.949143920996656
1
0.995629633807937
1
1
1
1
1
1
0.976930338690615
1
1
1
1
1
1
1
1
1
1
1
1
1
1
1
1
1
1
1
0.979505849248384
0.99049676766892
1
1
0.90533394379077
1
1
1
0.993066478283933
1
1
1
0.978091130733312
1
0.987323860103161
1
1
0.978779474910496
0.573840019917881
1
1
0.876936919745422
1
0.985313604826092
1
0.976930338690615
0.902118560969107
1
1
0.973490237682793
1
1
1
1
0.97744946636785
1
1
1
1
0.987323860103161
1
1
1
1
0.909044842022636
0.897757857522064
0.824633258989026
0.77030711547435
1
0.931743193755674
1
1
0.906899840796907
0.995267277941325
1
0.873832111333994
1
1
1
0.913972174803917
1
1
0.996101011975004
1
1
1
1
0.975515615656103
1
1
1
1
0.97762673360644
1
1
1
0.900496254670082
0.872032110311272
1
1
1
1
0.957438697267022
1
0.924545320936104
0.980344951926971
1
1
0.963037652243388
1
1
1
0.867818781315197
1
1
1
0.911669003304195
1
1
1
1
1
1
1
1
0.994508130523554
0.89133558655678
1
0.916881506757518
1
0.985313604826092
1
1
1
0.977373925107366
1
1
1
1
1
1
1
1
1
1
1
1
0.971429932336125
1
0.989512389437995
1
0.851528293986527
0.993989256908506
1
1
1
1
1
1
0.945367738337363
1
0.99509296529245
1
1
0.994800758201415
1
1
0.975515615656103
1
1
0.988658220487629
1
1
1
1
1
1
1
1
1
0.958173299394184
0.733605335435314
0.992835441207791
1
1
1
1
1
1
1
1
1
1
1
1
1
1
1
1
1
1
1
1
1
1
1
1
1
1
1
1
1
1
1
0.824427596746475
1
1
0.982287663942186
1
1
0.993066478283933
1
1
1
1
0.991419261454771
1
1
0.994001028850845
1
1
1
1
1
1
1
1
0.995320840549201
1
0.987634530460303
1
1
1
1
1
1
1
1
1
1
1
1
1
1
0.995095856851139
1
1
0.952122236548231
1
1
1
1
0.946064287315318
1
1
0.956521648470514
1
0.995929209871456
0.994499406004586
0.981512312309029
1
1
1
1
1
1
1
0.976930338690615
0.89395474184628
1
1
1
0.985716561919055
1
1
0.916713898472018
1
1
1
1
1
1
1
1
1
1
1
1
1
1
1
0.99753161585682
1
0.992473326460822
0.986726527478765
1
0.987324159359388
1
1
1
0.993294145880843
0.970536661389925
1
1
0.931743193755674
1
1
1
1
1
1
1
1
1
1
1
1
1
1
0.856285435308305
1
1
1
1
1
1
1
0.981512312309029
0.912211657044633
1
0.970458280193966
1
1
1
1
1
1
1
1
1
1
1
1
1
1
1
1
1
1
1
1
1
1
1
1
1
0.957206274420612
0.994002930139229
1
0.978584703468659
1
1
1
0.929142461369793
0.922099711404895
1
1
1
1
1
0.978601839465288
1
0.927358552127765
1
1
1
1
1
1
1
1
0.986555327828814
1
1
1
1
0.992598355604402
1
1
1
1
1
1
1
1
0.919194312316354
1
1
1
1
0.991432961871718
1
1
0.780765560210668
1
0.999172937058858
0.988605225797942
1
1
1
1
1
0.99921806241703
0.842800422149665
1
1
1
1
1
1
1
0.943058734810754
1
1
1
1
1
0.988106466218776
1
1
1
1
1
1
1
1
1
1
1
1
1
1
1
1
1
0.948295960682502
1
0.901272198165798
0.989259741266629
0.96993641123342
1
0.963781752833109
1
1
1
0.994115525372189
0.993549696415033
1
1
1
1
1
1
1
1
1
0.972011145045499
1
1
1
1
1
1
1
1
1
1
0.982653853241178
1
1
1
1
1
1
1
1
1
1
1
1
1
0.918126267530102
0.9558468561765
1
1
1
0.992473326460822
1
1
1
1
1
0.942319037559237
1
1
1
1
1
1
1
1
1
1
1
0.97307430568244
1
1
0.992598355604402
1
1
0.925867507396665
1
1
0.989650303281024
1
0.977753042556108
1
1
1
1
1
1
0.94246049293998
0.951294149699409
0.996101011975004
1
1
1
1
1
1
1
1
1
1
0.969481402825671
0.955313652076753
1
1
1
1
1
0.934293701124883
1
0.893200898261116
1
0.990254218763225
1
1
1
1
1
1
1
1
1
1
1
1
1
1
1
1
1
0.978386889240018
1
1
1
0.96896390161759
1
1
1
1
1
1
1
1
1
1
0.996149895516891
1
1
1
1
1
1
1
1
1
0.975675137008866
1
1
0.919877184542523
1
1
1
1
1
1
0.902046021086703
1
1
1
1
1
1
1
0.957206274420612
1
1
1
1
1
1
1
0.899632160826647
1
1
1
1
1
1
1
0.975655832046
1
1
1
1
1
0.993989256908506
1
1
1
0.943504279252118
0.99273986962802
1
1
1
1
1
1
1
1
1
1
0.984646578346944
1
1
1
0.957206274420612
1
1
0.974647402443583
1
1
0.996718666419627
0.945811284280541
0.935020834109788
1
1
1
1
0.927419738682441
1
1
1
1
1
1
0.975099904948009
1
0.977753042556108
1
1
0.966861127565911
1
1
1
1
1
1
0.968388496183658
1
1
1
1
0.985579007259449
1
1
1
1
1
0.979516048688506
1
0.908989035425342
1
0.902046021086703
0.874334889153547
1
1
0.980349897102026
1
1
1
1
1
1
1
1
1
1
1
1
1
1
1
0.900142060232098
0.89395474184628
1
1
1
0.97550201078065
1
1
1
1
1
1
1
1
0.896159151883387
1
1
1
0.949079901761943
1
1
0.989290283624226
1
0.986273429497284
1
0.9558468561765
1
0.943058734810754
1
1
1
1
0.874107945964118
0.736097286485571
1
1
0.993066478283933
1
1
0.75699369071178
1
0.962071050947494
1
0.972819408573864
1
1
1
1
0.901552503363689
1
0.995174736209608
1
1
1
1
1
1
1
0.953393736362407
1
0.899632160826647
0.946818941432678
1
1
1
1
1
0.91688365870734
0.959995776600647
1
1
0.90257147396684
0.922918944676334
1
1
1
1
1
1
0.987740719800289
1
0.916284144284511
1
1
1
1
1
0.865578101002296
0.994508130523554
1
1
1
1
1
0.942760989598795
1
1
1
0.989033947442642
1
1
1
0.870332056827239
1
1
1
1
1
1
1
1
1
1
0.986555327828814
0.819228979744742
1
1
1
1
0.731701893570656
0.977753042556108
1
1
1
1
1
0.994015580749808
1
1
0.942319037559237
0.980419342773189
1
0.981119681825042
0.98156179511473
0.896159151883387
0.85983917325362
1
0.97307430568244
1
1
0.99509296529245
1
1
1
1
0.971010895106968
1
1
1
0.946735431777197
1
1
1
1
0.925012404443648
1
1
1
0.975675137008866
0.911955398938032
1
0.864932757340985
1
1
1
1
1
0.991956558134952
1
1
0.961704434991311
1
0.898305169848361
1
0.98377193094772
1
1
0.957438697267022
1
1
0.981739170518511
1
1
0.887380141421546
1
1
0.983726984372652
1
1
1
0.993294145880843
1
1
1
0.949148687807673
1
1
1
1
0.935389498573126
1
1
1
1
1
1
1
1
1
0.922828651827294
0.81324478464938
1
1
1
0.90274886268684
1
1
1
1
1
1
1
1
1
0.81448537498062
0.983662814578882
1
1
1
1
1
1
1
0.89133558655678
1
1
1
0.989060567503387
1
1
1
1
0.943353832397823
1
0.900142060232098
1
1
0.996091506783578
1
1
1
1
1
1
1
1
1
1
1
1
1
1
0.993337413245623
0.937566087229061
1
1
1
0.901183541285329
1
1
0.952122236548231
1
1
0.993549696415033
0.949148687807673
1
1
1
1
0.995320840549201
1
1
1
0.891896306456671
0.942319037559237
1
1
1
1
1
1
1
1
1
1
1
1
1
1
1
1
1
1
1
1
1
1
1
1
1
1
1
1
1
0.998355421901827
0.986783948106233
1
1
1
1
1
0.970552480550217
1
0.995629633807937
1
1
1
0.994836212895556
1
1
1
1
0.989033947442642
1
1
1
0.968423265858069
1
0.993989256908506
1
1
0.90605843769377
1
1
1
1
1
1
0.956448795844891
1
1
1
1
1
1
1
1
1
1
1
1
1
0.959995776600647
1
1
1
1
1
0.936960781070876
1
1
1
1
1
0.837151659986038
0.986924523724559
0.873033670600709
1
1
1
1
1
1
1
1
0.958776481826748
1
0.995095856851139
1
1
1
1
1
1
1
1
1
1
0.850675162602187
1
0.795207667644233
1
1
1
1
1
1
0.92276935909854
1
1
0.968946672985552
0.91300769511154
1
1
1
1
1
1
0.957388551906502
1
1
1
1
1
1
0.978584703468659
1
1
1
1
0.887380141421546
0.838937459317172
0.916688711067274
1
1
1
1
1
1
1
1
1
1
0.972983295970417
0.736466863588014
1
0.953393736362407
0.942760989598795
1
1
1
1
1
0.878713666504575
1
0.97022674032534
1
1
1
1
1
1
0.983662814578882
1
1
1
1
0.888174529251791
1
1
0.923443519956939
1
1
1
1
1
1
1
1
1
1
0.975515615656103
1
0.977559850694243
1
1
1
1
1
1
0.939373082314451
1
1
1
1
1
1
1
1
1
1
1
1
1
1
1
1
0.979846007732516
1
1
0.813537515221712
1
0.997957208039863
0.879410566634009
1
0.861330270246237
0.931743193755674
0.998831124508019
1
0.946818941432678
1
1
1
1
1
0.993101623945765
1
0.968388496183658
1
1
0.946518677220715
1
0.997957208039863
1
0.996235933783316
1
1
1
1
1
0.984031387610538
1
1
1
1
1
1
1
0.99509296529245
1
1
1
1
1
1
1
1
1
1
1
1
1
1
1
1
1
1
0.978584703468659
0.944921903263275
1
1
1
1
1
1
0.945324366597839
1
0.972342599239145
0.823600222071034
1
1
0.995095856851139
1
1
1
1
0.995957337418628
1
1
1
1
0.878898330841851
1
1
0.994189894107742
1
1
0.543007688270085
0.937743477425558
1
1
1
1
0.948459648556697
1
0.997957208039863
1
1
1
1
1
1
1
1
0.918126267530102
1
1
1
0.979766914086126
1
1
1
1
1
1
1
0.949148687807673
1
1
1
1
0.975875272759202
1
1
1
1
1
1
1
1
0.998114761117475
0.984176825608241
1
0.92276935909854
1
1
1
0.994001028850845
1
1
1
1
0.971429932336125
1
1
0.938623256424668
0.972825230734209
1
1
0.998418288926642
0.998831124508019
1
1
1
0.993066478283933
1
1
0.737095397626252
1
1
1
1
1
1
1
0.996718666419627
1
1
1
1
1
1
0.994800758201415
1
1
1
0.949148687807673
1
1
1
0.873033670600709
0.948295960682502
1
1
1
1
1
1
1
1
1
1
1
1
0.98377193094772
1
1
1
1
0.989290283624226
1
1
0.997442904315941
1
0.903907178894144
0.987324159359388
1
0.980344951926971
1
1
0.989315741003514
1
1
1
1
1
0.968292544085845
1
1
0.988208269821623
1
1
1
1
0.989945584467378
1
1
1
1
1
1
0.974712989874969
0.972937605001265
1
1
1
1
0.99416819143465
1
1
1
1
1
1
0.980419342773189
1
1
1
1
0.964928069754449
0.972011145045499
1
1
1
1
1
1
1
1
1
1
1
1
0.929142461369793
1
1
1
1
0.945324366597839
1
1
1
0.89395474184628
1
1
1
1
0.939353285698651
1
1
0.907151594034817
0.972526583394685
0.950493465861012
1
1
1
0.978601839465288
1
0.789102814250249
0.982287663942186
1
1
1
1
0.926655321036775
1
1
0.972011145045499
1
0.937250855375235
1
1
1
1
1
0.996718666419627
1
0.987449244773803
0.964928069754449
1
1
1
1
1
1
1
1
0.994499406004586
0.99601946677515
1
1
0.991883353775445
0.919207568967743
1
0.982228349225467
1
1
1
1
1
1
0.847124111967751
1
0.926280266274399
0.959995776600647
1
1
1
1
0.943353832397823
1
1
0.990254218763225
0.708292487705489
0.975875272759202
1
1
1
1
1
0.946518677220715
1
1
1
1
0.946818941432678
1
1
0.977048643077311
1
0.973249230632766
0.953393736362407
1
0.93425336707366
1
1
1
1
1
1
1
1
1
0.993294145880843
1
1
1
1
1
1
1
0.993101623945765
1
0.985928367055909
1
1
1
1
0.933822539281172
1
1
1
1
1
1
1
1
0.948674755134638
1
1
1
1
1
0.98156179511473
1
0.941004206892673
1
1
1
1
1
0.962837045375365
1
0.822467566542231
0.912897451446586
1
1
1
1
0.97550201078065
1
0.979766914086126
0.9558468561765
1
1
0.992473326460822
1
1
1
1
1
1
1
1
1
1
1
1
1
0.975515615656103
0.945251924463207
1
1
1
1
1
1
1
1
1
1
1
1
1
0.988208269821623
0.975875272759202
1
1
1
1
1
1
0.641037013690489
0.996180662737374
1
1
1
1
1
1
1
0.979202693409951
1
0.94246049293998
0.974257336138363
1
1
1
1
1
1
0.993066478283933
1
1
1
1
1
0.950969928559294
0.983667988971142
1
1
1
1
1
1
0.993101623945765
1
1
1
1
1
0.899632160826647
1
1
1
1
1
1
1
1
1
1
1
1
1
1
1
0.972202743616624
0.981455857588358
1
1
1
1
1
1
1
1
1
1
0.946064287315318
1
0.918063546189379
0.94147530959701
1
1
1
1
1
1
1
0.998418288926642
1
1
0.972202743616624
1
1
1
1
0.94531592238829
0.988208269821623
1
1
1
1
1
1
0.980579682031094
1
1
0.961688061799876
1
0.944921903263275
1
1
1
0.983362680472862
1
1
1
1
1
1
1
1
0.984176825608241
1
1
0.691886632626888
1
0.931187352241815
1
1
1
1
1
1
1
1
1
1
1
1
1
1
1
1
0.861723753885044
1
1
1
1
1
1
1
1
0.903907178894144
1
1
1
0.945251924463207
1
0.898305169848361
1
1
0.948056444279118
1
1
1
0.968848241758284
1
0.942760989598795
1
0.995095856851139
1
1
1
1
1
0.980103759876091
1
1
1
1
1
1
0.97585677698747
0.927441626869292
1
1
1
1
0.994002930139229
1
1
1
1
1
1
1
1
0.675253315352717
1
0.972467460880416
1
1
1
1
1
1
1
0.996495521049114
1
1
1
1
1
1
1
1
1
1
1
1
1
1
0.973699592668833
1
1
1
1
0.840292077315127
1
1
1
1
1
0.954370731502179
0.991109531915287
1
1
0.708727148654258
0.910271520520334
1
1
1
1
1
1
1
0.961704434991311
1
1
1
1
1
1
1
1
1
1
1
1
1
1
1
0.997442904315941
0.909939376733849
1
0.633486572017952
1
1
0.978091130733312
0.961616541115657
1
1
0.906424866741877
1
1
0.9646920855779
0.906899840796907
1
1
1
1
1
1
1
1
1
0.979846007732516
1
0.959438304381213
1
1
1
1
1
1
1
1
1
0.983667988971142
0.929142461369793
0.954560083918487
1
0.983702417902458
1
1
1
1
0.957206274420612
1
0.909787047757903
1
1
1
1
1
1
1
1
1
0.911526005152352
1
1
1
1
1
1
1
0.802768470124338
1
1
1
1
1
1
1
1
0.988658220487629
1
1
1
1
0.997005886817463
1
0.968292544085845
1
1
1
1
1
1
1
1
1
1
0.989945584467378
1
1
1
1
1
0.993890745639901
1
1
1
1
0.968848241758284
1
0.959344705534643
1
1
1
1
0.993294145880843
1
1
1
1
1
1
1
0.91300769511154
1
1
1
1
1
1
1
1
1
0.907374979072539
1
1
1
1
1
1
1
1
1
1
1
1
1
1
1
0.96993641123342
0.974257336138363
0.833935716543612
1
1
1
1
0.973249230632766
0.9558468561765
1
1
0.923527591638434
0.966208362412244
1
1
1
1
1
0.989281683234498
1
1
1
0.938291949536176
1
0.979505849248384
1
1
0.998567184843408
1
1
1
1
1
1
0.720464540650794
1
1
1
1
1
1
1
1
1
0.986995360321054
1
1
0.96030930177906
0.995480817804099
1
0.975099904948009
1
1
0.94147530959701
0.832812320115117
1
1
1
1
1
1
1
1
1
0.997493852077856
1
1
1
1
1
1
1
1
1
0.986726527478765
0.696675632411312
1
1
1
0.858675502635952
1
0.821705630418569
0.98429256992497
1
1
1
1
0.950493465861012
0.998038554426318
0.995038975416333
1
0.99049676766892
1
0.986555327828814
0.900496254670082
0.99579664114481
1
1
1
1
1
0.986995360321054
0.908156761073905
0.972202743616624
1
1
1
1
1
1
0.975159626777873
1
1
1
0.584316167378499
1
0.937743477425558
1
1
1
1
1
1
1
1
0.906801209941141
0.995859544106788
1
0.96993641123342
1
1
1
0.967761196896742
0.849862877173333
0.977689231464205
0.987323860103161
0.873128130267722
1
1
0.944075376482845
1
1
1
1
1
0.993795642598735
0.964044199559532
1
1
1
0.939353285698651
0.988549327996728
1
1
1
1
1
1
0.977373925107366
0.996091506783578
0.895380018820314
0.969358541162212
1
1
1
0.883209609098858
1
0.918063546189379
1
1
1
1
1
1
1
1
1
1
1
1
1
1
1
0.998773869758296
0.923177081539663
0.957438697267022
1
1
1
0.923443519956939
1
1
1
0.961688061799876
1
1
1
0.976446561345475
0.977373925107366
1
1
1
1
1
1
1
1
1
0.909345032938401
1
1
1
1
1
0.961688061799876
1
1
0.870734406705285
1
1
1
0.987903468535517
1
1
1
1
1
1
1
1
1
1
0.866824281086337
1
1
0.922099711404895
1
1
1
1
1
0.979505849248384
1
1
1
1
1
1
1
1
1
1
1
1
1
1
0.902046021086703
0.987634530460303
1
0.955053957628753
1
1
0.961608815688976
1
1
1
0.946735431777197
1
0.893194153892134
1
1
0.994508130523554
1
0.870608902824613
1
0.980103759876091
1
0.996092748697622
1
1
1
0.955168862623118
1
0.993365120099556
0.998418288926642
0.980344951926971
1
0.989259741266629
1
0.948295960682502
1
1
0.99049676766892
1
1
1
0.974257336138363
1
0.996214862971307
0.93425336707366
1
1
0.954560083918487
1
1
0.952122236548231
0.929142461369793
1
0.99273986962802
1
1
1
1
1
1
0.959053681256504
1
0.998567184843408
1
1
1
1
1
0.9558468561765
1
1
1
1
1
1
0.991109531915287
1
1
0.909380008910051
1
0.921237567651752
0.988658220487629
1
1
0.96993641123342
1
0.953393736362407
0.973249230632766
1
1
1
0.970388739499472
1
1
1
1
1
0.995267277941325
1
1
1
1
0.632317914067066
1
1
1
1
1
0.981799901306061
1
1
1
0.902046021086703
1
1
0.988106466218776
1
1
1
1
1
1
1
0.873832111333994
1
1
1
1
1
0.90533394379077
1
1
1
1
0.996613708887681
1
0.969607818878552
1
1
0.977342677551612
0.968848241758284
1
1
0.899688638626887
1
1
0.936354999231819
0.994631684229771
1
1
1
1
0.955168862623118
0.992473326460822
1
0.982290703332961
1
1
1
0.977518188973245
1
1
0.756540792837536
0.966208362412244
1
1
0.987634530460303
1
1
1
1
1
1
1
0.896159151883387
1
1
1
1
1
1
1
1
1
1
0.977420442645208
1
1
1
1
0.992598355604402
1
1
1
1
1
1
1
1
0.978091130733312
1
0.970458280193966
1
1
1
1
0.925962228177242
0.996718666419627
0.989281683234498
1
1
1
1
0.992473326460822
1
1
1
1
1
1
0.977689231464205
1
1
1
1
1
1
1
0.938623256424668
1
0.994189894107742
1
0.926831874304727
0.986273429497284
0.953849070853305
0.854044417375706
1
1
1
1
1
1
1
1
1
1
1
1
1
1
1
1
0.899688638626887
1
1
1
0.959438304381213
1
1
1
1
0.937743477425558
1
1
1
1
0.980231026920575
1
1
1
1
0.982653853241178
1
1
1
1
0.973939258561534
1
1
1
1
0.861330270246237
1
1
1
1
1
1
1
0.976139561279614
0.921087115614232
1
1
1
0.945811284280541
1
1
1
0.937791719357827
1
0.994001028850845
1
1
1
1
1
1
1
1
1
1
1
0.982653853241178
1
1
1
1
1
1
1
1
1
1
1
1
1
0.986555327828814
0.888998443943402
1
1
1
0.959751128164914
1
1
1
0.945811284280541
1
1
1
0.993890745639901
1
1
1
1
1
1
1
1
0.964490094444295
0.97022674032534
1
1
1
1
1
1
0.926971136499066
1
0.966208362412244
1
1
0.969607818878552
1
1
1
0.9788970731482
0.978591045419883
0.821810838330376
1
1
1
1
1
0.983651663576553
1
0.931743193755674
1
1
1
1
1
1
1
1
1
1
0.963037652243388
1
1
1
0.983954484679365
1
1
1
0.998831995551627
1
1
1
1
1
1
1
1
1
1
1
0.798985720262463
1
1
1
0.925208710191343
0.988208269821623
1
1
1
1
0.919676260049871
1
0.906899840796907
1
1
0.967761196896742
1
0.948459648556697
1
1
0.936504090440096
1
1
1
1
1
1
1
1
1
1
1
1
1
1
1
1
1
0.964056080270376
1
1
1
1
1
1
1
1
1
1
1
1
1
1
1
0.862549534542218
1
1
0.529787723559383
1
1
0.475365354104094
1
1
1
0.936354999231819
1
1
1
1
1
1
0.991207070417775
1
1
1
1
1
0.977689231464205
1
1
1
0.949079901761943
1
1
0.987634530460303
0.99273986962802
1
1
0.972825230734209
1
0.995771952661054
1
0.982434566600943
0.99049676766892
0.957851933153073
1
0.897786496412464
1
1
1
1
1
1
1
1
1
1
1
1
1
1
1
0.954799068711453
1
1
1
1
0.968946672985552
1
1
1
1
1
1
1
1
1
1
1
1
1
1
1
0.996101011975004
1
1
1
1
1
1
1
1
1
1
0.90533394379077
1
1
1
0.976007783042839
0.994189894107742
1
1
1
1
1
1
0.998567184843408
1
1
0.983957255193856
1
1
1
1
1
1
0.996820538672834
1
1
1
1
0.996180662737374
0.942319037559237
0.851817435943244
1
1
0.993294145880843
0.94413789150375
1
1
1
1
1
1
1
1
1
1
1
1
1
1
1
1
1
0.969504215581245
1
0.986273429497284
1
1
1
1
1
1
0.950776078136618
0.99579664114481
0.97744946636785
0.995095856851139
1
0.998831124508019
1
1
0.89395474184628
1
1
1
0.975515615656103
1
1
0.99921806241703
1
0.955860531605396
1
0.964056080270376
1
1
1
1
1
1
1
1
1
1
1
1
1
0.86178897734544
1
1
1
1
1
1
1
1
1
1
1
0.993511913423877
1
1
1
1
1
1
1
0.957851933153073
1
1
1
1
1
1
1
1
1
1
1
1
0.977247177078191
1
1
0.914791979517318
1
0.988658220487629
1
0.957388551906502
1
1
1
1
0.997442904315941
0.912897451446586
1
1
1
1
1
1
0.979505849248384
1
1
1
1
1
1
1
1
1
1
1
0.977343607573051
1
1
0.903217829720465
1
1
0.953265241206549
0.976930338690615
1
1
1
1
1
1
1
0.958776481826748
1
0.937250855375235
1
1
1
1
1
1
1
1
1
1
1
1
1
1
1
1
1
1
1
1
1
1
1
1
1
0.931187352241815
1
1
1
1
1
0.983024371606318
1
1
1
1
1
1
0.899430694697808
1
1
0.900496254670082
0.739764305646868
1
0.921087115614232
1
1
0.950450748804363
1
1
0.994001028850845
1
1
1
1
0.976924461936744
1
1
0.987634530460303
0.998831124508019
0.922828651827294
1
0.90838485362339
1
1
1
1
1
0.986273429497284
1
0.983662814578882
1
1
0.998831124508019
0.871667082559205
0.992504303950018
1
1
1
1
1
0.907151594034817
0.99273986962802
0.926831874304727
1
1
1
0.99414115757529
1
0.926883981787537
1
1
1
1
1
1
0.993066478283933
0.986467568923799
0.992598355604402
1
1
1
0.977048643077311
1
1
1
1
1
1
1
1
1
1
0.806136813980489
1
1
1
1
0.935389498573126
1
1
1
1
1
1
1
0.988573045805582
1
1
1
1
1
0.970279971943585
1
1
1
1
1
1
1
1
1
1
1
1
0.989060567503387
1
1
1
1
1
1
1
1
0.981119681825042
1
1
0.993101623945765
1
1
1
1
1
0.943353832397823
1
1
1
1
1
1
1
1
1
0.981006476375832
1
1
1
1
1
1
0.968292544085845
1
0.835666078104517
1
1
1
1
1
1
1
1
0.993795642598735
1
1
0.985839485824671
1
0.994001028850845
1
1
0.972202743616624
0.915401202214562
0.826123296928503
1
1
1
1
0.925012404443648
1
1
1
1
1
0.980349897102026
1
1
1
0.891861928066509
1
0.81448537498062
1
1
1
1
0.995095856851139
0.913221971271534
0.986273429497284
1
1
1
1
1
1
1
1
1
1
1
1
0.983954484679365
1
1
1
1
0.992942422658825
0.86178897734544
1
1
0.890465894878013
0.996174104477007
0.902053250624615
1
0.96993641123342
1
1
1
1
0.935473193028793
1
1
1
0.910730417538712
0.950776078136618
1
1
1
1
0.920840074111753
1
1
0.898305169848361
0.99753161585682
1
1
1
1
1
1
1
1
1
1
1
0.986564811723339
1
1
1
1
1
1
1
1
1
1
1
1
1
1
1
1
1
1
1
1
1
0.902121116935546
1
1
1
1
1
0.888495285536182
1
1
1
1
1
1
0.937934755069441
1
0.983362680472862
0.996214862971307
1
1
1
1
1
1
1
1
0.905544914730596
1
1
0.952122236548231
1
1
1
1
1
1
1
1
1
1
0.938623256424668
1
1
1
1
1
1
1
1
0.972830042280272
1
1
1
1
1
0.975590393450004
1
1
1
0.996092748697622
1
1
1
1
0.808995659544031
1
1
1
1
0.986467568923799
0.989281683234498
1
1
1
1
1
1
1
1
1
1
1
1
1
1
1
1
1
1
0.971393796589318
1
1
1
1
1
1
1
0.9558468561765
0.786418343502374
1
0.850675162602187
1
1
1
1
1
1
1
0.851817435943244
0.94147530959701
1
1
0.984646578346944
0.973699592668833
1
0.966861127565911
1
1
1
1
1
1
0.981976995638023
1
1
1
1
1
1
1
1
1
1
1
1
1
1
0.925867507396665
1
1
1
0.974257336138363
1
1
1
0.935225902390281
0.94413789150375
1
1
0.975107707759369
1
1
1
1
1
0.928389426630327
1
1
1
1
1
0.991956558134952
1
1
0.782735506577825
0.851258751661651
1
0.925012404443648
1
1
1
1
1
0.956682423055026
1
1
0.971429932336125
1
1
1
1
0.929142461369793
1
1
1
1
1
1
0.826817560285773
0.972825230734209
1
0.918248362104288
1
1
1
1
0.993294145880843
1
0.909044842022636
1
1
1
1
0.987180808774534
1
1
1
0.870608902824613
1
1
1
1
1
1
1
0.99617996222272
1
1
1
1
1
1
1
1
1
1
0.986564811723339
1
1
1
0.937791719357827
0.937743477425558
1
0.977747492655917
1
0.981455857588358
0.847124111967751
1
1
0.94413789150375
1
1
1
1
0.975875272759202
1
1
0.841577573161904
1
0.983406190301705
1
0.899150870753653
1
1
1
0.786418343502374
1
1
1
1
1
1
1
1
1
1
1
1
0.974647402443583
1
1
1
1
1
1
0.901272198165798
1
1
0.919676260049871
1
1
0.918126267530102
1
1
1
1
1
1
1
1
1
1
1
1
1
1
1
1
1
1
0.973249230632766
1
1
1
1
1
1
1
0.985904503480774
1
1
1
1
1
1
1
1
1
1
0.993337413245623
1
1
1
1
1
1
1
1
1
1
1
1
0.95328574371988
0.950969928559294
0.997904850861398
1
1
0.952493029577019
1
0.99509296529245
1
1
1
1
0.944585645293827
1
1
1
1
1
1
1
1
1
0.998418288926642
1
0.978751425385375
0.989379434866183
1
1
1
0.967761196896742
1
1
0.996180662737374
1
1
1
1
1
1
1
1
1
1
1
1
1
1
0.996183032908127
1
1
1
1
1
0.927419738682441
1
1
1
1
1
1
0.888998443943402
1
1
1
1
1
1
1
0.981428036431284
0.927441626869292
0.989650303281024
1
1
1
1
1
0.966861127565911
1
1
0.986564811723339
1
0.90724998639158
0.926831874304727
1
1
1
1
1
1
0.823600222071034
0.994002930139229
1
1
0.998355421901827
1
1
0.978091130733312
1
1
1
1
1
1
1
1
0.975099904948009
1
1
1
1
1
1
0.995174736209608
1
1
1
1
1
1
1
1
1
1
0.977373925107366
0.957206274420612
1
1
1
0.969430384549471
0.977747492655917
1
1
1
1
1
1
0.970117552990349
1
0.998418288926642
0.983667988971142
1
1
0.931088691348722
1
1
1
1
1
1
1
1
1
0.873832111333994
1
0.994189894107742
1
0.946818941432678
0.99921806241703
1
1
1
1
0.996098178935328
1
1
1
1
1
1
0.994002930139229
1
1
1
1
0.993792957768028
1
1
1
0.993337413245623
1
1
1
1
1
1
1
1
0.90533394379077
1
0.946781517258351
1
1
0.883209609098858
0.887693332557088
0.992473326460822
1
1
0.993294145880843
1
1
0.989033947442642
1
1
1
1
1
1
1
1
1
1
0.949148687807673
1
1
1
1
1
0.967255735011101
1
1
0.903907178894144
1
1
1
1
1
1
1
1
1
0.954799068711453
1
1
0.902046021086703
1
1
0.997904850861398
1
1
1
0.953393736362407
1
1
1
0.979090129046577
0.829791922899477
1
1
1
1
1
1
1
1
1
0.99273986962802
1
1
1
1
1
1
0.973249230632766
1
1
0.907151594034817
1
1
1
0.944921903263275
1
1
1
1
1
1
1
0.560752370995405
0.997442391606602
0.997442391606602
0.989315741003514
1
1
1
1
0.993101623945765
0.993365120099556
1
0.992886784841158
1
0.987449244773803
1
1
1
1
0.988658220487629
1
1
1
1
1
0.927419738682441
0.896159151883387
0.947596973497415
1
1
1
1
1
1
0.956521648470514
1
1
1
1
0.946735431777197
1
1
1
0.967255735011101
0.917906594004588
1
1
0.955053957628753
0.926655321036775
1
1
1
1
1
1
0.896159151883387
1
1
1
1
1
0.896159151883387
0.902772539899642
0.97585677698747
0.918126267530102
1
1
0.99601946677515
1
1
1
1
1
1
1
1
1
1
1
1
1
1
0.953478622874291
1
1
1
1
1
1
1
1
0.97195985846869
0.924797897293652
1
0.99509296529245
1
0.950776078136618
1
1
1
1
1
0.532734946377546
1
1
1
1
1
1
1
0.955032283373471
1
1
1
1
1
1
1
0.976007783042839
1
0.923850802838838
1
1
1
1
1
1
1
1
1
0.738690597725972
1
0.840607366600091
0.920687913332496
1
1
1
1
1
1
1
1
1
1
0.968292544085845
1
1
1
1
1
0.903586742005264
0.989259741266629
1
1
0.938993281744867
1
1
1
1
0.995480817804099
0.881342637159174
1
1
1
1
1
1
1
1
1
1
0.983702417902458
1
1
1
1
1
1
1
1
1
1
0.998773869758296
1
1
1
0.951315079881696
1
1
1
1
1
1
1
1
1
0.955843171765746
1
1
0.991788145456943
0.925962228177242
1
1
1
0.953393736362407
1
1
1
0.955053957628753
1
0.967569190817591
1
1
1
1
0.834834730404631
1
1
0.94365708779685
1
1
1
0.992504303950018
1
1
1
0.994002930139229
1
1
1
1
1
0.996101011975004
1
1
1
0.916688711067274
1
1
1
0.938095034127319
0.97714713444152
1
1
1
1
1
1
1
1
0.863312551685075
1
0.935225902390281
0.978584703468659
1
1
1
1
0.983957255193856
1
1
1
1
1
1
1
1
1
1
0.971271282984628
1
0.984031387610538
0.826026176327875
1
1
1
1
1
1
1
1
1
1
1
1
1
1
0.959053681256504
1
1
1
1
1
1
1
1
1
1
0.98411832701374
1
1
1
1
1
1
0.981530687807709
0.958643783477992
1
1
1
0.949079901761943
1
0.955860531605396
1
1
0.926465703206575
1
1
1
1
0.847098972451442
1
1
1
1
1
1
1
1
1
0.934984506229401
1
1
1
1
0.992886784841158
1
0.9646920855779
1
1
0.904396671867616
1
1
1
1
1
1
1
1
1
1
0.989033947442642
1
1
1
1
0.955053957628753
1
1
0.986726527478765
1
1
1
1
1
0.96993641123342
1
1
1
1
1
1
0.982664272333316
1
1
1
0.99921806241703
1
1
1
1
1
1
1
1
1
1
1
1
1
1
0.945367738337363
1
0.992598355604402
1
0.982287663942186
1
0.968848241758284
1
1
1
1
0.99414115757529
1
1
1
1
1
1
0.998212893983869
1
1
1
1
1
1
1
1
1
1
0.975675137008866
1
1
0.985579007259449
1
0.974031985409397
1
1
0.995480817804099
1
0.962837045375365
1
1
1
1
1
1
1
0.915228987685702
1
1
1
1
1
1
1
1
0.995135804944087
0.916688711067274
1
1
1
0.770765000082789
0.976930338690615
0.997005886817463
0.996180662737374
1
1
0.988208269821623
1
1
1
1
1
1
1
1
1
1
1
1
1
1
0.995771952661054
0.937743477425558
1
0.916284144284511
0.994115525372189
1
1
1
1
1
1
1
1
1
1
0.925208710191343
1
1
1
1
0.914791979517318
1
1
1
0.980630753992491
0.993549696415033
0.753752347607875
1
1
1
0.989337441178734
1
1
1
1
1
1
1
1
1
1
1
0.978098059771695
1
0.970729374251601
0.925962228177242
1
0.987449244773803
0.993795642598735
1
1
1
1
1
0.976007783042839
1
0.995320840549201
1
1
1
1
1
1
1
1
1
0.989438452516732
1
1
0.988634651054123
0.780994434983548
0.967463111409857
1
1
0.993795642598735
1
1
1
0.919877184542523
0.972937605001265
1
0.956682423055026
1
1
1
1
1
0.83807838967811
1
0.970374481862138
1
1
0.932749652604687
1
0.987323860103161
1
1
1
1
1
1
0.946781517258351
1
1
1
1
0.987740719800289
1
1
0.989037425510365
0.576326414516868
1
1
0.99810097297232
1
1
0.918484631431751
0.988208269821623
1
0.951459911933182
1
1
1
0.975099904948009
0.989060567503387
1
1
1
1
1
1
1
1
1
1
1
0.862549534542218
1
1
1
1
0.99579664114481
1
1
1
0.840292077315127
1
1
0.925962228177242
1
1
1
1
0.855571947897048
1
1
1
1
1
1
0.970279971943585
1
0.992473326460822
1
1
1
0.985579007259449
1
0.859755192343357
0.908989035425342
0.982228349225467
0.903586742005264
1
1
1
0.950969928559294
1
0.972467460880416
1
1
1
0.919194312316354
1
1
1
1
1
1
0.975655832046
0.9646920855779
1
1
1
1
0.937791719357827
1
0.985716561919055
1
1
1
1
1
1
1
1
1
1
1
1
1
1
0.995320840549201
1
1
1
1
0.918482019255158
0.935225902390281
0.97714713444152
1
1
1
1
1
1
1
0.968946672985552
1
1
1
1
1
0.992504303950018
1
0.936504090440096
1
1
1
1
1
1
1
1
1
0.954370731502179
1
1
1
1
1
0.931187352241815
0.975655832046
1
0.948459648556697
1
1
1
0.961616541115657
1
1
1
1
1
0.975099904948009
1
1
1
1
1
1
1
1
1
1
1
0.937791719357827
1
1
1
1
1
1
1
1
1
0.881342637159174
1
1
0.887380141421546
1
1
1
1
1
0.99601946677515
1
1
1
1
1
1
1
1
0.774776627023232
1
0.983702417902458
1
0.993365120099556
0.987323860103161
1
1
1
1
0.97714713444152
0.959438304381213
0.850534244118311
0.938291949536176
0.9746863858849
1
1
1
1
1
1
0.957438697267022
0.965845798381005
1
1
0.956682423055026
1
0.998212893983869
1
1
1
1
1
0.904797796544183
0.996214862971307
1
0.993795642598735
1
1
1
1
1
0.921087115614232
1
0.870317476549011
1
1
0.989060567503387
0.954799068711453
0.896479268945313
1
1
1
1
1
1
1
1
1
0.920840074111753
1
1
1
1
1
0.856750979065469
1
0.959438304381213
1
1
1
1
1
1
1
1
1
0.949352745857615
1
0.994222157752075
1
1
1
0.976930338690615
1
1
1
1
1
1
1
1
1
1
1
1
1
0.976010479828354
0.994002930139229
0.975590393450004
1
0.995929209871456
1
1
1
0.934984506229401
1
1
0.984646578346944
1
0.954370731502179
1
1
1
1
0.993890745639901
1
1
0.891127466206357
1
1
1
1
1
1
1
1
1
1
0.975099904948009
1
1
1
1
0.970552480550217
1
0.84444287859716
1
0.978144163780039
0.800867089232822
0.993365120099556
1
0.953478622874291
1
1
0.904694633657112
1
1
1
0.997957208039863
1
0.972983295970417
1
1
1
1
1
1
1
1
1
1
1
1
0.994836212895556
1
1
0.990254218763225
0.984031387610538
1
1
0.991956558134952
1
1
0.945633497467105
1
1
1
1
1
0.894064151784368
0.996495521049114
0.98466904573495
1
1
1
1
1
1
1
1
1
0.977247177078191
1
1
1
1
0.994884760610854
1
1
0.993066478283933
1
1
1
1
1
0.989650303281024
1
0.972526583394685
0.977518188973245
1
1
1
0.998831124508019
1
1
1
1
1
1
1
1
1
1
0.901183541285329
1
1
1
1
1
1
1
1
1
1
1
0.979846007732516
1
0.990254218763225
0.986995360321054
1
1
0.937250855375235
1
1
1
1
1
1
0.982653853241178
1
0.921237567651752
1
1
1
1
1
1
1
1
1
1
1
1
1
1
1
1
1
1
1
1
1
1
0.97744946636785
1
1
1
1
1
1
0.953849070853305
0.910152330985041
1
1
1
0.988832201242172
1
1
1
1
1
1
1
1
1
1
0.90533394379077
1
1
1
1
1
1
1
1
1
1
1
1
1
1
1
0.986273429497284
1
1
0.999705718628576
1
0.999705718628576
1
1
1
0.985313604826092
1
1
0.954799068711453
1
1
1
1
0.984031387610538
1
1
1
1
1
1
1
1
0.962071050947494
1
1
1
1
1
1
1
1
1
1
0.981428036431284
0.999089048603867
1
1
1
0.984646578346944
1
1
0.944003318929375
1
1
1
0.950450748804363
1
1
1
1
0.946818941432678
1
0.856717208783225
1
0.998317436481649
1
1
1
0.956855291071425
0.986995360321054
1
1
1
0.906801209941141
1
0.989060567503387
1
0.996098178935328
1
1
1
1
1
0.997005886817463
1
1
1
1
1
1
1
0.753218585507081
1
1
1
1
0.974079439698093
1
1
1
1
1
0.9655384874868
1
1
1
1
1
0.866824281086337
1
1
0.972983295970417
1
1
1
1
1
1
0.997005886817463
1
0.961704434991311
1
0.975099904948009
1
1
0.970619744021587
0.919877184542523
1
1
1
1
1
1
0.993066478283933
1
0.94246049293998
0.996944029695129
1
1
1
0.848308357018352
0.996180662737374
0.982287663942186
1
1
0.857950446968833
1
0.714130033416046
1
1
0.936374477434265
1
0.923850802838838
1
1
1
1
1
0.985313604826092
1
0.934293701124883
1
0.991109531915287
0.733901976394532
1
1
1
1
1
1
1
1
1
0.905714607230185
0.971271282984628
1
1
1
0.987349407255954
0.896479268945313
1
1
1
1
0.993066478283933
1
1
1
1
0.976930338690615
0.978098059771695
1
1
0.968423265858069
1
0.959053681256504
1
1
1
1
1
1
1
1
0.91903007148067
1
1
1
0.984646578346944
1
1
1
1
1
0.982653853241178
1
0.977048643077311
1
1
1
0.973249230632766
1
0.987417605432186
0.974257336138363
1
0.898305169848361
1
0.936504090440096
1
1
1
1
1
1
0.994002930139229
0.998831995551627
1
1
1
0.972202743616624
1
0.902541256914004
1
1
1
1
1
0.902772539899642
0.982653853241178
1
1
1
1
1
1
1
0.961688061799876
1
1
1
1
1
0.703461603533988
1
0.99753161585682
1
1
1
1
1
1
0.995095856851139
1
1
0.983362680472862
1
1
0.982287663942186
1
1
0.918482019255158
0.994115525372189
0.90533394379077
1
0.938732522417892
1
1
1
1
0.937791719357827
0.952606120410171
1
1
1
1
1
1
1
1
1
1
1
1
1
1
1
1
1
1
0.935225902390281
0.996832379563558
1
0.992504303950018
1
1
1
0.979202693409951
1
1
1
1
1
1
0.992598355604402
1
1
1
1
0.920840074111753
1
0.986726527478765
0.758818020472707
1
0.983362680472862
0.938095034127319
0.989379434866183
1
1
0.974038746664692
1
1
1
1
1
1
1
1
1
1
1
1
1
1
0.995174736209608
1
1
1
1
1
1
1
1
1
0.959053681256504
1
1
1
1
0.989259741266629
1
1
1
0.563360056007634
1
1
1
1
1
1
1
1
1
1
1
1
1
0.987634530460303
1
1
0.936354999231819
0.961835281892713
1
1
1
1
1
1
1
1
1
1
1
1
1
1
1
1
1
1
1
1
1
1
1
1
1
1
1
1
1
1
0.97744946636785
0.893200898261116
1
1
1
1
0.844853922582774
1
0.985904503480774
1
1
1
1
1
0.906801209941141
1
1
1
1
1
1
1
1
1
1
1
1
1
1
1
1
1
1
1
1
0.988861448618419
1
1
0.967761196896742
1
0.99595118138325
1
1
1
0.988573045805582
1
1
0.969481402825671
1
1
1
1
1
1
1
1
1
1
1
0.96993641123342
0.975875272759202
1
1
1
1
1
1
1
1
1
1
1
0.883209609098858
1
1
1
1
0.889918282152736
1
1
1
0.935464059212896
1
1
1
1
1
0.826123296928503
1
1
0.922099711404895
0.915401202214562
1
1
1
1
0.845450720303887
1
1
0.99509296529245
0.945817374559379
1
1
1
1
1
1
1
1
1
0.989650303281024
1
1
1
1
1
1
1
1
1
1
1
1
1
1
0.957851933153073
0.989037425510365
1
1
1
1
1
1
1
1
0.918776707151625
1
1
1
1
1
1
1
1
1
1
0.918484631431751
0.995480817804099
0.983702417902458
1
1
1
0.986555327828814
1
1
1
1
1
1
1
1
1
0.995135804944087
1
1
0.936354999231819
1
0.919877184542523
1
1
1
0.991432961871718
1
1
1
0.995174736209608
0.995363339888108
1
1
1
1
1
1
1
1
0.589980212754991
0.988106466218776
1
1
1
1
0.621370946250726
1
1
1
1
1
0.971271282984628
1
1
1
1
1
0.995859544106788
1
1
0.981530687807709
1
0.986238768874271
1
1
0.936374477434265
1
1
0.982664272333316
1
1
1
0.76902783711295
0.986273429497284
1
1
0.953849070853305
1
0.962321057925711
1
1
0.843952284870263
1
1
1
0.992504303950018
1
1
0.915440449782056
1
1
1
1
1
0.945817374559379
0.919676260049871
1
0.93425336707366
0.988658220487629
1
1
1
1
1
0.982287663942186
1
1
1
1
1
0.944921903263275
1
1
1
1
1
1
1
1
1
1
1
1
0.857830981277141
1
1
1
1
1
1
1
1
1
1
0.99273986962802
1
1
1
1
0.943353832397823
1
0.954370731502179
1
1
0.977076978142999
1
1
1
0.96887089851612
1
1
0.962071050947494
1
1
1
1
1
1
1
0.975655832046
1
1
1
1
1
0.982287663942186
0.985313604826092
1
1
1
1
1
0.856880779410703
1
1
1
1
0.983726984372652
1
1
1
0.977559850694243
1
1
1
1
1
1
1
1
1
1
1
1
1
1
1
1
1
1
1
1
1
0.997957208039863
1
0.94147530959701
1
1
0.989060567503387
0.976010479828354
1
1
1
0.997005886817463
1
1
1
0.946735431777197
1
1
1
1
1
0.987180808774534
1
0.96993641123342
1
0.975099904948009
1
0.929142461369793
0.875076297287625
1
1
1
1
0.954799068711453
1
1
1
1
1
1
0.959458436176574
0.90533394379077
0.996214862971307
1
1
1
1
0.910271520520334
0.983103864870152
1
1
0.913529038111393
1
1
1
0.966861127565911
0.921063185498154
1
1
0.994884760610854
1
1
1
1
1
0.99601946677515
1
1
1
0.92276935909854
1
1
0.819228979744742
1
0.970279971943585
1
1
1
1
0.998212893983869
1
0.912434777269172
1
1
1
1
0.955032283373471
1
1
0.993396955057197
0.998355421901827
0.902046021086703
1
0.957438697267022
1
1
1
1
1
0.995174736209608
0.995859544106788
1
1
1
0.934954079561974
1
1
1
1
0.949143920996656
1
1
1
1
1
1
1
0.973249230632766
0.977420442645208
1
1
1
1
1
1
0.976007783042839
1
0.995480817804099
1
1
1
0.995038975416333
1
1
1
1
1
1
0.981428036431284
1
0.902053250624615
0.967544788714619
1
1
0.995629633807937
1
1
0.948459648556697
1
1
1
1
1
1
1
1
1
1
1
1
1
1
0.992963889776867
1
0.868112254683992
1
1
1
0.946781517258351
1
1
0.997005886817463
1
0.998355421901827
0.988861448618419
1
0.996214862971307
1
1
0.944921903263275
1
1
1
1
1
0.880358053233076
1
0.957851933153073
1
1
1
1
1
1
1
0.873128130267722
1
1
1
1
1
1
1
1
1
1
1
1
0.97550201078065
1
1
0.88894512912757
1
1
1
1
1
0.937791719357827
1
1
1
1
0.998831995551627
1
1
1
1
0.970386798954729
1
1
1
1
0.914885239745006
1
0.891896306456671
0.988034646235737
0.736097286485571
0.923850802838838
1
0.908989035425342
0.993795642598735
1
1
1
1
0.899632160826647
0.952606120410171
0.982287663942186
1
1
1
1
0.899632160826647
1
1
1
1
1
1
1
1
1
1
1
1
0.989379434866183
1
1
1
1
1
1
1
1
1
1
1
1
0.980419342773189
1
0.99509296529245
1
1
1
1
1
1
1
1
0.987349407255954
1
1
1
1
0.980344951926971
1
0.91300769511154
1
1
1
1
1
1
0.972467460880416
0.996820538672834
1
1
1
0.946115078305086
1
0.912211657044633
1
1
1
1
1
1
1
0.856285435308305
1
1
0.878395389983984
1
1
0.963037652243388
0.906424866741877
1
0.933659465161806
1
0.993906733339218
0.845450720303887
1
0.980349897102026
1
1
1
1
1
1
1
1
1
1
1
1
0.953849070853305
1
0.974031985409397
1
0.993549696415033
1
0.936354999231819
1
0.918482019255158
1
1
1
0.993795642598735
1
1
1
0.972011145045499
1
1
1
0.994631684229771
1
1
0.952459120057278
0.988861448618419
1
1
1
1
1
1
0.998212893983869
1
0.994222157752075
1
0.958168934735762
1
1
0.996718666419627
0.986273429497284
0.981428036431284
0.991207070417775
1
1
1
1
0.918063546189379
1
1
0.774774382880925
1
0.87827126606778
0.968423265858069
1
1
1
1
1
0.85515331770952
1
1
1
1
0.958643783477992
1
1
1
1
1
1
0.903586742005264
1
1
1
1
0.998114761117475
1
1
0.952887915003216
1
1
1
1
1
0.955053957628753
1
1
0.995771952661054
1
1
0.975031199559468
0.986467568923799
1
1
1
1
1
0.945633497467105
1
0.890911466042884
1
1
1
1
1
0.993906733339218
0.922004761616126
1
1
1
1
1
0.955951528886691
1
1
1
1
0.912897451446586
1
1
1
1
1
1
1
1
0.9483953114907
1
1
1
0.992886784841158
1
0.962321057925711
1
1
1
0.992835441207791
0.981006476375832
1
1
1
1
1
0.970117552990349
1
1
1
1
1
1
0.97744946636785
1
1
0.679729358243228
1
1
1
1
1
0.995038975416333
1
1
1
1
1
0.94147530959701
1
0.99954725077409
0.996832379563558
1
1
0.8375098207802
1
1
1
1
0.978751425385375
1
1
1
1
1
1
1
1
0.973445299004903
1
0.782474478307261
1
1
1
1
1
1
1
1
0.909044842022636
1
1
1
1
1
1
1
1
1
1
1
0.994631684229771
1
1
1
1
1
0.981006476375832
0.974712989874969
1
1
1
1
1
0.967255735011101
1
1
1
1
0.938291949536176
1
1
1
0.948295960682502
1
1
1
1
1
1
1
0.994015580749808
1
1
1
0.905714607230185
1
1
1
1
1
1
1
1
0.935389498573126
0.927419738682441
0.92276935909854
0.970374481862138
0.989290283624226
0.959995776600647
1
0.994863525336516
1
0.590679713622497
1
1
1
1
0.996092748697622
1
0.798985720262463
1
1
1
0.919192082521085
1
1
1
1
1
1
1
1
0.690318784149994
1
0.985928367055909
0.668931058924535
0.955951528886691
1
1
0.918484631431751
0.980419342773189
0.902118560969107
0.91903007148067
1
1
1
1
1
1
0.990254218763225
1
1
1
0.962321057925711
1
1
1
1
1
1
0.86123364270913
1
0.99810097297232
1
0.93425336707366
1
0.952459120057278
0.982664272333316
1
1
1
0.980231026920575
0.956855291071425
0.900142060232098
1
1
1
0.924244826957648
0.994115525372189
1
1
1
1
1
0.93425336707366
1
1
0.938291949536176
1
1
1
1
1
1
0.98429256992497
1
0.998567184843408
1
1
1
1
1
1
1
1
0.922004761616126
0.923850802838838
1
1
1
1
1
0.995320840549201
1
1
1
0.991432961871718
1
0.7101148965257
1
1
0.957851933153073
1
0.964056080270376
0.979846007732516
1
1
0.988605225797942
1
1
1
1
1
1
1
0.925012404443648
1
0.982664272333316
1
0.994222157752075
0.986564811723339
1
1
1
1
1
1
1
1
1
0.982664272333316
1
1
0.971393796589318
0.98429256992497
1
1
1
0.931743193755674
0.992473326460822
1
1
1
1
1
1
1
1
1
1
0.975675137008866
0.989033947442642
1
1
1
1
1
1
1
0.963781752833109
0.667103860914687
1
1
1
1
0.904797796544183
1
0.99921806241703
0.903586742005264
1
1
1
1
1
1
1
1
1
1
1
1
1
1
1
1
1
1
1
1
1
0.993365120099556
0.883112877044253
1
0.980349897102026
1
1
1
0.977076978142999
1
1
1
0.976010479828354
0.952459120057278
0.952122236548231
0.859755192343357
1
0.982287663942186
1
1
1
1
1
1
1
1
1
1
1
1
1
0.955168862623118
1
0.998831124508019
1
1
1
0.904396671867616
1
1
1
1
1
1
1
1
1
1
1
1
1
1
1
0.848569187777211
1
1
1
1
1
1
1
1
0.907151594034817
1
1
1
1
1
1
1
1
1
1
0.979505849248384
1
1
1
1
1
1
1
1
1
1
0.969358541162212
1
1
1
1
1
1
1
1
0.90533394379077
1
1
1
1
1
1
1
1
1
1
1
1
1
1
0.950450748804363
1
1
0.963037652243388
1
1
1
1
1
1
0.962071050947494
1
1
0.970279971943585
1
1
1
1
1
1
1
1
1
1
0.987180808774534
1
1
1
0.910271520520334
1
1
1
0.94147530959701
1
1
1
1
1
1
1
1
1
1
1
1
1
1
1
1
1
0.933659465161806
1
1
1
0.957206274420612
0.758636322104838
1
1
1
1
0.998831124508019
1
1
1
1
1
1
0.970141411550569
0.994189894107742
1
1
1
0.949148687807673
1
0.994136456009264
1
1
0.97307430568244
1
1
1
1
1
1
1
0.90838485362339
1
1
1
0.918484631431751
0.967463111409857
1
1
1
1
0.952606120410171
1
1
1
1
0.980630753992491
0.896685543431017
0.944092907027017
0.902541256914004
1
1
1
1
1
1
1
1
0.961704434991311
1
1
1
1
1
1
1
1
1
1
1
1
0.95328574371988
1
0.916284144284511
1
1
1
0.916688711067274
1
1
1
1
1
1
0.995320840549201
1
0.859755192343357
1
1
1
1
1
1
0.954370731502179
0.994001028850845
1
1
0.963781752833109
1
1
0.989033947442642
1
0.99602991079805
1
1
1
1
1
1
0.952606120410171
0.982228349225467
0.938732522417892
1
0.97714713444152
0.977559850694243
1
1
0.927348521400549
1
1
1
1
1
1
0.993066478283933
1
1
1
0.994631684229771
1
1
0.99753161585682
1
1
1
0.94413789150375
1
1
0.829202840420745
1
0.851817435943244
0.995267277941325
1
1
1
1
1
0.959438304381213
1
1
1
0.996092748697622
1
0.917548038099327
1
1
1
1
1
1
1
0.994631684229771
1
1
1
1
1
1
1
1
1
1
1
1
1
1
1
0.984176825608241
0.907151594034817
1
0.931743193755674
1
1
1
1
1
1
1
1
1
1
0.948537045042594
1
1
1
0.927283728694163
1
1
1
1
1
1
0.972202743616624
1
1
1
1
0.980344951926971
1
1
1
1
1
1
1
0.99753161585682
1
0.925962228177242
1
1
0.969504215581245
1
1
1
1
1
1
0.975031199559468
1
1
1
1
1
1
1
0.680492796432187
1
0.936354999231819
1
1
0.992963889776867
1
1
0.889918282152736
1
0.753752347607875
1
1
1
1
1
1
1
1
1
1
1
1
1
1
0.863633559506134
0.991677227291388
1
1
1
1
1
1
1
1
1
1
0.814177981629807
1
1
0.980579682031094
1
1
1
0.899430694697808
0.974712989874969
1
1
0.912211657044633
0.978584703468659
1
0.926883981787537
1
1
1
0.921087115614232
0.926831874304727
1
0.718186502913711
0.995174736209608
0.790302478295056
0.93425336707366
1
1
1
0.94365708779685
1
0.919207568967743
1
1
1
0.986924523724559
0.983651663576553
1
1
